"","age1.A","age2_no_comorbid.A","age2_comorbid.A","age3_no_comorbid.A","age3_comorbid.A"
"1",4.91400491400491,4.24628450106157,3.99361022364217,2.27272727272727,4.02144772117963
"2",3.80835380835381,3.92781316348195,8.78594249201278,6.81818181818182,4.02144772117963
"3",3.68550368550369,4.03397027600849,4.79233226837061,2.27272727272727,6.70241286863271
"4",0,0,0,0,0
"5",4.66830466830467,4.98938428874735,4.79233226837061,4.54545454545455,6.70241286863271
"6",0,0,0,0,0
"7",6.14250614250614,4.98938428874735,1.59744408945687,6.81818181818182,2.68096514745308
"8",5.40540540540541,3.71549893842887,3.99361022364217,4.54545454545455,5.36193029490617
"9",4.66830466830467,3.92781316348195,6.38977635782748,13.6363636363636,5.36193029490617
"10",4.17690417690418,3.71549893842887,3.99361022364217,2.27272727272727,6.70241286863271
"11",4.91400491400491,4.24628450106157,4.79233226837061,9.09090909090909,5.36193029490617
"12",4.79115479115479,4.14012738853503,7.98722044728434,9.09090909090909,4.02144772117963
"13",4.2997542997543,4.14012738853503,4.79233226837061,2.27272727272727,5.36193029490617
"14",3.93120393120393,4.03397027600849,4.79233226837061,2.27272727272727,4.02144772117963
"15",0,0.106157112526539,0,0,0
"16",5.65110565110565,3.71549893842887,3.99361022364217,4.54545454545455,6.70241286863271
"17",5.65110565110565,4.88322717622081,4.79233226837061,2.27272727272727,4.02144772117963
"18",0,0.106157112526539,0,0,0
"19",0,0,0,0,0
"20",4.42260442260442,3.71549893842887,3.99361022364217,4.54545454545455,4.02144772117963
"21",4.2997542997543,3.92781316348195,4.79233226837061,2.27272727272727,5.36193029490617
"22",4.42260442260442,4.56475583864119,4.79233226837061,6.81818181818182,6.70241286863271
"23",4.66830466830467,3.82165605095541,7.18849840255591,6.81818181818182,2.68096514745308
"24",5.15970515970516,4.03397027600849,3.99361022364217,2.27272727272727,6.70241286863271
"25",5.40540540540541,4.77707006369427,3.19488817891374,4.54545454545455,4.02144772117963
"26",4.79115479115479,3.60934182590234,6.38977635782748,6.81818181818182,5.36193029490617
"27",5.52825552825553,4.14012738853503,5.59105431309904,4.54545454545455,5.36193029490617
"28",5.28255528255528,3.5031847133758,7.18849840255591,6.81818181818182,4.02144772117963
"29",4.54545454545455,3.92781316348195,6.38977635782748,4.54545454545455,4.02144772117963
"30",5.15970515970516,5.20169851380042,3.99361022364217,4.54545454545455,4.02144772117963
"31",5.52825552825553,4.24628450106157,6.38977635782748,6.81818181818182,5.36193029490617
"32",4.42260442260442,3.71549893842887,6.38977635782748,4.54545454545455,5.36193029490617
"33",5.65110565110565,5.20169851380042,6.38977635782748,4.54545454545455,5.36193029490617
"34",4.91400491400491,4.56475583864119,3.99361022364217,6.81818181818182,1.34048257372654
"35",5.03685503685504,3.39702760084926,4.79233226837061,11.3636363636364,6.70241286863271
"36",4.2997542997543,4.88322717622081,5.59105431309904,4.54545454545455,4.02144772117963
"37",4.91400491400491,4.14012738853503,8.78594249201278,6.81818181818182,2.68096514745308
"38",4.42260442260442,4.77707006369427,3.99361022364217,4.54545454545455,4.02144772117963
"39",4.42260442260442,3.92781316348195,4.79233226837061,6.81818181818182,5.36193029490617
"40",4.54545454545455,3.82165605095541,5.59105431309904,4.54545454545455,2.68096514745308
"41",0.122850122850123,0.106157112526539,0,0,0
"42",5.40540540540541,4.77707006369427,3.99361022364217,9.09090909090909,6.70241286863271
"43",0,0,0,0,0
"44",5.65110565110565,3.71549893842887,7.98722044728434,6.81818181818182,2.68096514745308
"45",0,0,0,0,0
"46",4.91400491400491,4.67091295116773,3.99361022364217,9.09090909090909,6.70241286863271
"47",0,0.106157112526539,0,0,0
"48",0,0,0,0,0
"49",5.15970515970516,4.67091295116773,3.99361022364217,11.3636363636364,5.36193029490617
"50",4.42260442260442,3.92781316348195,6.38977635782748,4.54545454545455,4.02144772117963
"51",4.2997542997543,4.77707006369427,4.79233226837061,6.81818181818182,4.02144772117963
"52",4.79115479115479,4.45859872611465,4.79233226837061,6.81818181818182,5.36193029490617
"53",5.03685503685504,4.24628450106157,4.79233226837061,4.54545454545455,2.68096514745308
"54",5.52825552825553,4.56475583864119,3.99361022364217,6.81818181818182,2.68096514745308
"55",3.93120393120393,4.45859872611465,4.79233226837061,6.81818181818182,8.04289544235925
"56",3.80835380835381,3.39702760084926,3.99361022364217,6.81818181818182,5.36193029490617
"57",5.03685503685504,4.98938428874735,4.79233226837061,6.81818181818182,5.36193029490617
"58",5.28255528255528,5.09554140127389,2.3961661341853,13.6363636363636,9.38337801608579
"59",4.66830466830467,3.39702760084926,4.79233226837061,4.54545454545455,5.36193029490617
"60",4.2997542997543,4.67091295116773,3.19488817891374,11.3636363636364,4.02144772117963
"61",0,0,0,0,0
"62",4.66830466830467,3.07855626326964,5.59105431309904,2.27272727272727,4.02144772117963
"63",0,0.106157112526539,0,0,0
"64",4.54545454545455,3.60934182590234,3.19488817891374,2.27272727272727,2.68096514745308
"65",4.66830466830467,4.35244161358811,7.18849840255591,4.54545454545455,6.70241286863271
"66",4.79115479115479,4.67091295116773,7.18849840255591,9.09090909090909,8.04289544235925
"67",5.03685503685504,4.45859872611465,3.19488817891374,2.27272727272727,2.68096514745308
"68",4.54545454545455,3.60934182590234,5.59105431309904,6.81818181818182,2.68096514745308
"69",3.93120393120393,4.14012738853503,3.99361022364217,9.09090909090909,6.70241286863271
"70",4.54545454545455,4.24628450106157,3.99361022364217,6.81818181818182,5.36193029490617
"71",5.65110565110565,3.29087048832272,4.79233226837061,6.81818181818182,4.02144772117963
"72",5.28255528255528,4.14012738853503,3.99361022364217,2.27272727272727,5.36193029490617
"73",5.28255528255528,4.56475583864119,3.99361022364217,2.27272727272727,8.04289544235925
"74",4.79115479115479,4.67091295116773,3.19488817891374,6.81818181818182,5.36193029490617
"75",5.40540540540541,4.35244161358811,8.78594249201278,4.54545454545455,5.36193029490617
"76",0,0,0,0,0
"77",4.91400491400491,3.5031847133758,3.99361022364217,4.54545454545455,2.68096514745308
"78",4.91400491400491,3.92781316348195,4.79233226837061,6.81818181818182,5.36193029490617
"79",3.68550368550369,3.5031847133758,4.79233226837061,6.81818181818182,8.04289544235925
"80",4.66830466830467,3.29087048832272,4.79233226837061,4.54545454545455,5.36193029490617
"81",0,0.106157112526539,0,0,0
"82",4.79115479115479,4.14012738853503,3.99361022364217,9.09090909090909,2.68096514745308
"83",4.54545454545455,3.92781316348195,5.59105431309904,2.27272727272727,8.04289544235925
"84",0,0,0,0,0
"85",5.65110565110565,3.82165605095541,3.99361022364217,2.27272727272727,4.02144772117963
"86",5.15970515970516,4.77707006369427,4.79233226837061,4.54545454545455,2.68096514745308
"87",5.40540540540541,3.5031847133758,3.19488817891374,4.54545454545455,8.04289544235925
"88",5.77395577395577,4.45859872611465,3.19488817891374,9.09090909090909,6.70241286863271
"89",4.42260442260442,3.07855626326964,5.59105431309904,6.81818181818182,6.70241286863271
"90",0.122850122850123,0,0,0,0
"91",4.54545454545455,4.35244161358811,7.98722044728434,11.3636363636364,5.36193029490617
"92",0,0,0,0,0
"93",5.03685503685504,3.82165605095541,5.59105431309904,6.81818181818182,4.02144772117963
"94",4.79115479115479,2.9723991507431,5.59105431309904,2.27272727272727,4.02144772117963
"95",5.15970515970516,4.77707006369427,3.99361022364217,4.54545454545455,2.68096514745308
"96",5.15970515970516,3.60934182590234,5.59105431309904,6.81818181818182,8.04289544235925
"97",0,0,0,0,0
"98",4.54545454545455,4.24628450106157,6.38977635782748,6.81818181818182,5.36193029490617
"99",4.54545454545455,4.67091295116773,7.98722044728434,6.81818181818182,9.38337801608579
"100",5.65110565110565,4.14012738853503,4.79233226837061,4.54545454545455,6.70241286863271
"101",4.54545454545455,3.60934182590234,5.59105431309904,6.81818181818182,1.34048257372654
"102",0,0.106157112526539,0,0,0
"103",5.77395577395577,5.4140127388535,5.59105431309904,11.3636363636364,6.70241286863271
"104",0,0,0,0,0
"105",4.79115479115479,4.77707006369427,6.38977635782748,4.54545454545455,5.36193029490617
"106",0,0.106157112526539,0,0,0
"107",0,0,0,0,0
"108",0,0,0,0,0
"109",0,0,0,0,0
"110",4.54545454545455,4.88322717622081,6.38977635782748,9.09090909090909,5.36193029490617
"111",4.2997542997543,4.14012738853503,3.99361022364217,6.81818181818182,5.36193029490617
"112",0,0,0,0,0
"113",4.66830466830467,3.82165605095541,4.79233226837061,6.81818181818182,6.70241286863271
"114",4.91400491400491,3.92781316348195,5.59105431309904,9.09090909090909,6.70241286863271
"115",0,0.106157112526539,0,0,0
"116",4.66830466830467,4.35244161358811,3.99361022364217,4.54545454545455,6.70241286863271
"117",4.05405405405405,4.24628450106157,7.98722044728434,4.54545454545455,4.02144772117963
"118",5.8968058968059,4.45859872611465,3.99361022364217,4.54545454545455,6.70241286863271
"119",4.54545454545455,4.45859872611465,6.38977635782748,4.54545454545455,8.04289544235925
"120",4.17690417690418,3.82165605095541,5.59105431309904,9.09090909090909,5.36193029490617
"121",0,0,0,0,0
"122",3.93120393120393,3.29087048832272,3.99361022364217,4.54545454545455,6.70241286863271
"123",0.122850122850123,0,0,0,0
"124",5.03685503685504,4.14012738853503,5.59105431309904,9.09090909090909,4.02144772117963
"125",4.91400491400491,3.92781316348195,7.18849840255591,2.27272727272727,2.68096514745308
"126",4.79115479115479,3.39702760084926,3.99361022364217,6.81818181818182,5.36193029490617
"127",6.38820638820639,4.14012738853503,7.18849840255591,2.27272727272727,6.70241286863271
"128",5.65110565110565,2.86624203821656,4.79233226837061,4.54545454545455,5.36193029490617
"129",4.91400491400491,4.35244161358811,3.99361022364217,4.54545454545455,4.02144772117963
"130",0,0,0,0,0
"131",5.40540540540541,3.92781316348195,6.38977635782748,6.81818181818182,4.02144772117963
"132",5.15970515970516,3.92781316348195,7.98722044728434,2.27272727272727,2.68096514745308
"133",4.54545454545455,5.30785562632696,4.79233226837061,4.54545454545455,8.04289544235925
"134",4.42260442260442,3.39702760084926,3.99361022364217,4.54545454545455,8.04289544235925
"135",4.05405405405405,4.14012738853503,5.59105431309904,6.81818181818182,4.02144772117963
"136",4.91400491400491,4.45859872611465,6.38977635782748,4.54545454545455,4.02144772117963
"137",0,0,0,0,0
"138",0,0.106157112526539,0,0,0
"139",4.54545454545455,4.24628450106157,6.38977635782748,4.54545454545455,4.02144772117963
"140",3.80835380835381,4.35244161358811,3.99361022364217,6.81818181818182,6.70241286863271
"141",4.17690417690418,3.5031847133758,3.19488817891374,6.81818181818182,4.02144772117963
"142",4.17690417690418,3.82165605095541,6.38977635782748,2.27272727272727,5.36193029490617
"143",3.43980343980344,3.18471337579618,6.38977635782748,2.27272727272727,8.04289544235925
"144",5.40540540540541,4.14012738853503,6.38977635782748,9.09090909090909,4.02144772117963
"145",0,0.106157112526539,0,0,0
"146",5.15970515970516,4.56475583864119,3.99361022364217,2.27272727272727,5.36193029490617
"147",0,0.106157112526539,0,0,0
"148",4.79115479115479,4.03397027600849,7.18849840255591,2.27272727272727,6.70241286863271
"149",4.17690417690418,3.82165605095541,6.38977635782748,6.81818181818182,4.02144772117963
"150",0,0,0,0,0
"151",4.54545454545455,4.03397027600849,5.59105431309904,6.81818181818182,5.36193029490617
"152",4.79115479115479,4.35244161358811,3.99361022364217,9.09090909090909,1.34048257372654
"153",4.42260442260442,4.35244161358811,6.38977635782748,9.09090909090909,4.02144772117963
"154",4.91400491400491,4.14012738853503,4.79233226837061,4.54545454545455,1.34048257372654
"155",5.03685503685504,4.03397027600849,5.59105431309904,4.54545454545455,2.68096514745308
"156",0.122850122850123,0,0,0,0
"157",5.8968058968059,3.60934182590234,5.59105431309904,6.81818181818182,2.68096514745308
"158",4.91400491400491,3.92781316348195,5.59105431309904,4.54545454545455,4.02144772117963
"159",5.40540540540541,3.92781316348195,5.59105431309904,4.54545454545455,5.36193029490617
"160",4.54545454545455,3.29087048832272,3.19488817891374,6.81818181818182,6.70241286863271
"161",4.42260442260442,4.98938428874735,5.59105431309904,4.54545454545455,9.38337801608579
"162",5.65110565110565,4.88322717622081,6.38977635782748,6.81818181818182,5.36193029490617
"163",4.66830466830467,4.24628450106157,5.59105431309904,9.09090909090909,2.68096514745308
"164",3.68550368550369,4.24628450106157,4.79233226837061,9.09090909090909,4.02144772117963
"165",5.52825552825553,4.24628450106157,3.19488817891374,4.54545454545455,8.04289544235925
"166",5.15970515970516,3.92781316348195,9.58466453674121,6.81818181818182,5.36193029490617
"167",0,0,0,0,0
"168",0,0.106157112526539,0,0,0
"169",0,0,0,0,0
"170",4.54545454545455,4.56475583864119,6.38977635782748,6.81818181818182,6.70241286863271
"171",0,0,0,0,0
"172",4.2997542997543,3.82165605095541,4.79233226837061,4.54545454545455,1.34048257372654
"173",5.03685503685504,3.29087048832272,5.59105431309904,4.54545454545455,8.04289544235925
"174",4.42260442260442,3.5031847133758,5.59105431309904,4.54545454545455,5.36193029490617
"175",4.17690417690418,4.67091295116773,7.18849840255591,6.81818181818182,4.02144772117963
"176",4.91400491400491,4.24628450106157,6.38977635782748,4.54545454545455,5.36193029490617
"177",5.40540540540541,3.82165605095541,7.18849840255591,4.54545454545455,2.68096514745308
"178",5.65110565110565,3.71549893842887,2.3961661341853,4.54545454545455,2.68096514745308
"179",4.42260442260442,3.60934182590234,5.59105431309904,6.81818181818182,5.36193029490617
"180",3.80835380835381,4.35244161358811,3.19488817891374,4.54545454545455,6.70241286863271
"181",4.66830466830467,4.77707006369427,5.59105431309904,9.09090909090909,5.36193029490617
"182",3.80835380835381,3.92781316348195,2.3961661341853,2.27272727272727,4.02144772117963
"183",4.17690417690418,3.82165605095541,5.59105431309904,2.27272727272727,5.36193029490617
"184",4.91400491400491,4.88322717622081,4.79233226837061,4.54545454545455,4.02144772117963
"185",5.03685503685504,3.60934182590234,5.59105431309904,6.81818181818182,5.36193029490617
"186",4.91400491400491,4.67091295116773,5.59105431309904,4.54545454545455,2.68096514745308
"187",5.15970515970516,3.71549893842887,5.59105431309904,6.81818181818182,6.70241286863271
"188",0,0,0.798722044728434,0,0
"189",5.15970515970516,4.14012738853503,6.38977635782748,11.3636363636364,5.36193029490617
"190",0,0,0,0,0
"191",5.77395577395577,3.60934182590234,3.19488817891374,6.81818181818182,5.36193029490617
"192",0,0,0,0,0
"193",0,0,0,0,0
"194",5.40540540540541,4.24628450106157,4.79233226837061,9.09090909090909,5.36193029490617
"195",0,0,0,0,0
"196",4.17690417690418,4.03397027600849,5.59105431309904,9.09090909090909,6.70241286863271
"197",5.15970515970516,3.92781316348195,3.19488817891374,2.27272727272727,10.7238605898123
"198",3.80835380835381,4.45859872611465,4.79233226837061,6.81818181818182,4.02144772117963
"199",3.80835380835381,3.92781316348195,5.59105431309904,9.09090909090909,4.02144772117963
"200",5.03685503685504,3.92781316348195,5.59105431309904,4.54545454545455,6.70241286863271
"201",5.03685503685504,3.5031847133758,7.18849840255591,4.54545454545455,4.02144772117963
"202",5.40540540540541,3.92781316348195,4.79233226837061,6.81818181818182,4.02144772117963
"203",6.51105651105651,3.18471337579618,4.79233226837061,9.09090909090909,4.02144772117963
"204",5.65110565110565,3.39702760084926,7.98722044728434,6.81818181818182,10.7238605898123
"205",5.65110565110565,3.71549893842887,3.99361022364217,4.54545454545455,8.04289544235925
"206",4.54545454545455,3.92781316348195,6.38977635782748,6.81818181818182,2.68096514745308
"207",6.14250614250614,4.03397027600849,6.38977635782748,4.54545454545455,2.68096514745308
"208",5.03685503685504,3.39702760084926,3.99361022364217,2.27272727272727,5.36193029490617
"209",4.54545454545455,3.60934182590234,3.99361022364217,9.09090909090909,6.70241286863271
"210",0,0,0,0,0
"211",4.66830466830467,4.03397027600849,5.59105431309904,4.54545454545455,4.02144772117963
"212",5.40540540540541,4.77707006369427,4.79233226837061,4.54545454545455,6.70241286863271
"213",4.05405405405405,3.82165605095541,4.79233226837061,6.81818181818182,5.36193029490617
"214",0,0.106157112526539,0,0,0
"215",3.93120393120393,3.5031847133758,3.99361022364217,2.27272727272727,5.36193029490617
"216",5.8968058968059,4.03397027600849,3.99361022364217,4.54545454545455,5.36193029490617
"217",5.03685503685504,3.18471337579618,5.59105431309904,9.09090909090909,5.36193029490617
"218",3.80835380835381,5.20169851380042,3.99361022364217,6.81818181818182,2.68096514745308
"219",4.79115479115479,3.5031847133758,3.99361022364217,4.54545454545455,6.70241286863271
"220",5.77395577395577,2.9723991507431,3.99361022364217,4.54545454545455,4.02144772117963
"221",0,0,0,0,0
"222",0,0.212314225053079,0,0,0
"223",3.43980343980344,4.56475583864119,4.79233226837061,9.09090909090909,4.02144772117963
"224",5.15970515970516,4.35244161358811,3.99361022364217,4.54545454545455,5.36193029490617
"225",0,0,0,0,0
"226",4.42260442260442,4.14012738853503,7.98722044728434,2.27272727272727,4.02144772117963
"227",0,0,0,0,0
"228",0,0.106157112526539,0,0,0
"229",4.91400491400491,4.14012738853503,7.18849840255591,4.54545454545455,5.36193029490617
"230",5.52825552825553,3.92781316348195,4.79233226837061,9.09090909090909,9.38337801608579
"231",5.15970515970516,4.56475583864119,4.79233226837061,4.54545454545455,2.68096514745308
"232",5.52825552825553,4.14012738853503,3.19488817891374,6.81818181818182,5.36193029490617
"233",4.54545454545455,5.09554140127389,3.19488817891374,6.81818181818182,4.02144772117963
"234",4.17690417690418,5.09554140127389,4.79233226837061,4.54545454545455,8.04289544235925
"235",5.40540540540541,3.60934182590234,7.18849840255591,9.09090909090909,2.68096514745308
"236",4.66830466830467,4.03397027600849,6.38977635782748,2.27272727272727,4.02144772117963
"237",6.01965601965602,4.35244161358811,4.79233226837061,4.54545454545455,4.02144772117963
"238",4.79115479115479,3.92781316348195,4.79233226837061,6.81818181818182,8.04289544235925
"239",4.66830466830467,3.60934182590234,7.18849840255591,6.81818181818182,4.02144772117963
"240",6.26535626535627,4.77707006369427,5.59105431309904,2.27272727272727,2.68096514745308
"241",4.54545454545455,3.39702760084926,6.38977635782748,9.09090909090909,4.02144772117963
"242",5.40540540540541,3.82165605095541,5.59105431309904,6.81818181818182,2.68096514745308
"243",0,0.106157112526539,0,0,0
"244",5.52825552825553,3.71549893842887,4.79233226837061,4.54545454545455,4.02144772117963
"245",4.79115479115479,2.9723991507431,7.98722044728434,6.81818181818182,4.02144772117963
"246",0,0,0,0,0
"247",0,0,0,0,0
"248",5.03685503685504,3.18471337579618,4.79233226837061,4.54545454545455,6.70241286863271
"249",5.40540540540541,4.03397027600849,4.79233226837061,2.27272727272727,2.68096514745308
"250",7.37100737100737,4.24628450106157,3.19488817891374,4.54545454545455,6.70241286863271
"251",4.91400491400491,3.60934182590234,6.38977635782748,6.81818181818182,10.7238605898123
"252",5.28255528255528,4.56475583864119,3.19488817891374,4.54545454545455,2.68096514745308
"253",5.8968058968059,4.77707006369427,4.79233226837061,4.54545454545455,5.36193029490617
"254",0,0,0,0,0
"255",5.28255528255528,3.71549893842887,3.99361022364217,4.54545454545455,4.02144772117963
"256",4.42260442260442,4.03397027600849,5.59105431309904,4.54545454545455,4.02144772117963
"257",5.52825552825553,4.77707006369427,6.38977635782748,6.81818181818182,8.04289544235925
"258",5.40540540540541,3.5031847133758,5.59105431309904,6.81818181818182,5.36193029490617
"259",5.03685503685504,3.82165605095541,3.99361022364217,4.54545454545455,6.70241286863271
"260",5.40540540540541,4.67091295116773,5.59105431309904,9.09090909090909,2.68096514745308
"261",4.91400491400491,4.14012738853503,4.79233226837061,6.81818181818182,4.02144772117963
"262",0,0,0,0,0
"263",0,0,0,0,0
"264",0,0,0,0,0
"265",0,0.106157112526539,0,0,0
"266",5.03685503685504,4.14012738853503,4.79233226837061,4.54545454545455,8.04289544235925
"267",4.91400491400491,4.56475583864119,4.79233226837061,6.81818181818182,5.36193029490617
"268",0,0.106157112526539,0,0,0
"269",0,0,0,0,0
"270",4.17690417690418,3.5031847133758,5.59105431309904,6.81818181818182,2.68096514745308
"271",3.56265356265356,2.9723991507431,7.18849840255591,6.81818181818182,2.68096514745308
"272",4.79115479115479,5.30785562632696,5.59105431309904,11.3636363636364,4.02144772117963
"273",4.66830466830467,3.71549893842887,4.79233226837061,4.54545454545455,6.70241286863271
"274",6.26535626535627,4.14012738853503,5.59105431309904,6.81818181818182,6.70241286863271
"275",4.42260442260442,3.71549893842887,7.18849840255591,4.54545454545455,8.04289544235925
"276",4.42260442260442,4.45859872611465,5.59105431309904,6.81818181818182,5.36193029490617
"277",6.01965601965602,3.60934182590234,3.99361022364217,2.27272727272727,5.36193029490617
"278",4.54545454545455,3.92781316348195,4.79233226837061,11.3636363636364,6.70241286863271
"279",4.79115479115479,4.56475583864119,7.18849840255591,6.81818181818182,5.36193029490617
"280",7.12530712530713,5.62632696390658,5.59105431309904,9.09090909090909,5.36193029490617
"281",4.79115479115479,4.24628450106157,5.59105431309904,9.09090909090909,8.04289544235925
"282",5.8968058968059,3.60934182590234,4.79233226837061,6.81818181818182,5.36193029490617
"283",4.42260442260442,3.5031847133758,4.79233226837061,6.81818181818182,9.38337801608579
"284",4.2997542997543,4.45859872611465,4.79233226837061,6.81818181818182,5.36193029490617
"285",3.93120393120393,3.18471337579618,7.18849840255591,6.81818181818182,4.02144772117963
"286",5.52825552825553,4.35244161358811,5.59105431309904,6.81818181818182,4.02144772117963
"287",5.03685503685504,4.35244161358811,5.59105431309904,6.81818181818182,5.36193029490617
"288",4.54545454545455,3.92781316348195,3.19488817891374,4.54545454545455,8.04289544235925
"289",4.54545454545455,3.92781316348195,7.18849840255591,4.54545454545455,6.70241286863271
"290",5.52825552825553,2.86624203821656,3.99361022364217,2.27272727272727,5.36193029490617
"291",0,0.106157112526539,0,0,0
"292",4.66830466830467,4.67091295116773,5.59105431309904,6.81818181818182,6.70241286863271
"293",4.91400491400491,3.92781316348195,7.18849840255591,4.54545454545455,2.68096514745308
"294",0,0,0,0,0
"295",5.15970515970516,3.39702760084926,4.79233226837061,6.81818181818182,6.70241286863271
"296",0,0,0,0,0
"297",0,0.106157112526539,0,0,0
"298",5.65110565110565,4.77707006369427,5.59105431309904,4.54545454545455,5.36193029490617
"299",4.17690417690418,4.35244161358811,6.38977635782748,6.81818181818182,1.34048257372654
"300",4.05405405405405,5.52016985138004,4.79233226837061,4.54545454545455,6.70241286863271
"301",4.66830466830467,4.03397027600849,5.59105431309904,6.81818181818182,4.02144772117963
"302",5.40540540540541,4.77707006369427,4.79233226837061,2.27272727272727,8.04289544235925
"303",3.93120393120393,3.18471337579618,3.99361022364217,4.54545454545455,6.70241286863271
"304",4.91400491400491,4.14012738853503,4.79233226837061,9.09090909090909,5.36193029490617
"305",3.68550368550369,3.39702760084926,4.79233226837061,2.27272727272727,6.70241286863271
"306",6.01965601965602,5.09554140127389,5.59105431309904,9.09090909090909,5.36193029490617
"307",5.40540540540541,4.98938428874735,3.19488817891374,4.54545454545455,4.02144772117963
"308",0,0.106157112526539,0,0,0
"309",4.42260442260442,4.35244161358811,5.59105431309904,9.09090909090909,6.70241286863271
"310",4.42260442260442,4.03397027600849,7.18849840255591,4.54545454545455,6.70241286863271
"311",4.91400491400491,3.60934182590234,3.99361022364217,4.54545454545455,4.02144772117963
"312",3.68550368550369,4.14012738853503,6.38977635782748,9.09090909090909,8.04289544235925
"313",4.42260442260442,4.98938428874735,4.79233226837061,4.54545454545455,4.02144772117963
"314",5.15970515970516,3.60934182590234,6.38977635782748,4.54545454545455,4.02144772117963
"315",5.15970515970516,3.92781316348195,6.38977635782748,2.27272727272727,6.70241286863271
"316",5.40540540540541,4.03397027600849,6.38977635782748,9.09090909090909,6.70241286863271
"317",5.40540540540541,3.39702760084926,4.79233226837061,4.54545454545455,4.02144772117963
"318",4.54545454545455,4.24628450106157,3.99361022364217,6.81818181818182,5.36193029490617
"319",4.42260442260442,4.45859872611465,6.38977635782748,6.81818181818182,5.36193029490617
"320",5.28255528255528,4.03397027600849,4.79233226837061,4.54545454545455,4.02144772117963
"321",3.80835380835381,3.92781316348195,4.79233226837061,4.54545454545455,1.34048257372654
"322",5.77395577395577,3.92781316348195,4.79233226837061,4.54545454545455,6.70241286863271
"323",4.66830466830467,4.67091295116773,7.18849840255591,11.3636363636364,4.02144772117963
"324",0.122850122850123,0,0,0,0
"325",4.05405405405405,3.18471337579618,4.79233226837061,2.27272727272727,6.70241286863271
"326",5.28255528255528,4.56475583864119,4.79233226837061,11.3636363636364,5.36193029490617
"327",5.15970515970516,3.18471337579618,3.99361022364217,6.81818181818182,5.36193029490617
"328",4.42260442260442,3.5031847133758,5.59105431309904,6.81818181818182,1.34048257372654
"329",4.79115479115479,4.67091295116773,3.19488817891374,6.81818181818182,6.70241286863271
"330",5.8968058968059,3.60934182590234,5.59105431309904,4.54545454545455,5.36193029490617
"331",5.77395577395577,3.92781316348195,5.59105431309904,6.81818181818182,5.36193029490617
"332",0,0,0,0,0
"333",4.17690417690418,3.60934182590234,3.19488817891374,11.3636363636364,4.02144772117963
"334",3.56265356265356,4.45859872611465,4.79233226837061,6.81818181818182,4.02144772117963
"335",4.91400491400491,4.35244161358811,5.59105431309904,4.54545454545455,6.70241286863271
"336",4.91400491400491,3.71549893842887,3.99361022364217,4.54545454545455,6.70241286863271
"337",5.28255528255528,3.82165605095541,3.19488817891374,2.27272727272727,2.68096514745308
"338",5.15970515970516,3.5031847133758,6.38977635782748,4.54545454545455,6.70241286863271
"339",4.05405405405405,3.18471337579618,3.99361022364217,2.27272727272727,5.36193029490617
"340",4.79115479115479,4.14012738853503,4.79233226837061,6.81818181818182,5.36193029490617
"341",3.56265356265356,3.18471337579618,5.59105431309904,2.27272727272727,5.36193029490617
"342",4.91400491400491,3.07855626326964,7.98722044728434,6.81818181818182,5.36193029490617
"343",0,0,0,0,0
"344",4.54545454545455,4.24628450106157,3.19488817891374,2.27272727272727,5.36193029490617
"345",5.40540540540541,4.14012738853503,5.59105431309904,2.27272727272727,2.68096514745308
"346",0,0,0,0,0
"347",4.42260442260442,3.71549893842887,4.79233226837061,2.27272727272727,4.02144772117963
"348",4.66830466830467,4.35244161358811,3.19488817891374,4.54545454545455,5.36193029490617
"349",0,0,0,0,0
"350",3.80835380835381,3.07855626326964,4.79233226837061,6.81818181818182,2.68096514745308
"351",4.91400491400491,4.56475583864119,6.38977635782748,6.81818181818182,8.04289544235925
"352",6.26535626535627,4.35244161358811,6.38977635782748,11.3636363636364,4.02144772117963
"353",5.65110565110565,4.03397027600849,6.38977635782748,9.09090909090909,2.68096514745308
"354",5.52825552825553,5.20169851380042,7.98722044728434,6.81818181818182,5.36193029490617
"355",5.15970515970516,3.18471337579618,4.79233226837061,6.81818181818182,9.38337801608579
"356",4.91400491400491,3.39702760084926,8.78594249201278,6.81818181818182,5.36193029490617
"357",5.28255528255528,3.92781316348195,4.79233226837061,6.81818181818182,5.36193029490617
"358",4.91400491400491,3.07855626326964,7.18849840255591,2.27272727272727,6.70241286863271
"359",4.79115479115479,4.35244161358811,5.59105431309904,2.27272727272727,4.02144772117963
"360",3.68550368550369,3.60934182590234,2.3961661341853,6.81818181818182,4.02144772117963
"361",5.03685503685504,4.67091295116773,5.59105431309904,2.27272727272727,8.04289544235925
"362",4.79115479115479,4.35244161358811,5.59105431309904,2.27272727272727,5.36193029490617
"363",4.42260442260442,3.82165605095541,4.79233226837061,6.81818181818182,5.36193029490617
"364",5.15970515970516,4.14012738853503,6.38977635782748,2.27272727272727,4.02144772117963
"365",0,0,0,0,0
"366",0,0.106157112526539,0,0,0
"367",4.17690417690418,5.30785562632696,3.99361022364217,6.81818181818182,6.70241286863271
"368",4.66830466830467,4.56475583864119,4.79233226837061,4.54545454545455,4.02144772117963
"369",4.54545454545455,3.92781316348195,4.79233226837061,4.54545454545455,6.70241286863271
"370",4.54545454545455,3.29087048832272,6.38977635782748,9.09090909090909,6.70241286863271
"371",0,0,0,0,0
"372",0,0,0,0,0
"373",0,0.106157112526539,0,0,0
"374",4.2997542997543,5.09554140127389,4.79233226837061,6.81818181818182,5.36193029490617
"375",0,0,0,0,0
"376",5.03685503685504,4.03397027600849,9.58466453674121,6.81818181818182,2.68096514745308
"377",6.14250614250614,4.35244161358811,7.18849840255591,2.27272727272727,4.02144772117963
"378",5.52825552825553,3.18471337579618,6.38977635782748,11.3636363636364,5.36193029490617
"379",6.01965601965602,3.92781316348195,5.59105431309904,6.81818181818182,5.36193029490617
"380",4.79115479115479,4.14012738853503,5.59105431309904,4.54545454545455,5.36193029490617
"381",0,0,0,0,0
"382",5.52825552825553,6.05095541401274,5.59105431309904,4.54545454545455,4.02144772117963
"383",4.91400491400491,4.03397027600849,7.98722044728434,6.81818181818182,6.70241286863271
"384",4.91400491400491,3.82165605095541,4.79233226837061,4.54545454545455,1.34048257372654
"385",4.54545454545455,3.29087048832272,6.38977635782748,6.81818181818182,5.36193029490617
"386",0,0,0,0,0
"387",5.03685503685504,4.56475583864119,4.79233226837061,6.81818181818182,5.36193029490617
"388",4.42260442260442,4.14012738853503,3.19488817891374,4.54545454545455,2.68096514745308
"389",4.42260442260442,4.56475583864119,3.99361022364217,4.54545454545455,4.02144772117963
"390",4.2997542997543,5.09554140127389,5.59105431309904,6.81818181818182,4.02144772117963
"391",5.40540540540541,4.03397027600849,4.79233226837061,9.09090909090909,2.68096514745308
"392",4.05405405405405,4.88322717622081,5.59105431309904,6.81818181818182,2.68096514745308
"393",0,0,0,0,0
"394",4.42260442260442,3.5031847133758,7.18849840255591,4.54545454545455,4.02144772117963
"395",6.26535626535627,3.39702760084926,3.19488817891374,6.81818181818182,4.02144772117963
"396",0,0,0,0,0
"397",5.77395577395577,3.71549893842887,3.99361022364217,4.54545454545455,6.70241286863271
"398",5.03685503685504,4.24628450106157,6.38977635782748,6.81818181818182,2.68096514745308
"399",0,0,0,0,0
"400",5.28255528255528,4.35244161358811,3.99361022364217,4.54545454545455,8.04289544235925
"401",6.01965601965602,3.71549893842887,3.99361022364217,4.54545454545455,2.68096514745308
"402",4.66830466830467,3.92781316348195,7.18849840255591,6.81818181818182,5.36193029490617
"403",4.54545454545455,3.29087048832272,2.3961661341853,6.81818181818182,4.02144772117963
"404",4.2997542997543,4.14012738853503,5.59105431309904,9.09090909090909,4.02144772117963
"405",5.52825552825553,3.71549893842887,4.79233226837061,4.54545454545455,6.70241286863271
"406",4.79115479115479,4.56475583864119,3.99361022364217,4.54545454545455,6.70241286863271
"407",3.56265356265356,4.24628450106157,5.59105431309904,2.27272727272727,6.70241286863271
"408",4.66830466830467,4.14012738853503,5.59105431309904,4.54545454545455,2.68096514745308
"409",4.54545454545455,4.56475583864119,6.38977635782748,6.81818181818182,6.70241286863271
"410",5.28255528255528,4.98938428874735,4.79233226837061,4.54545454545455,4.02144772117963
"411",4.42260442260442,4.24628450106157,3.99361022364217,6.81818181818182,4.02144772117963
"412",4.54545454545455,4.03397027600849,4.79233226837061,4.54545454545455,8.04289544235925
"413",5.03685503685504,4.45859872611465,5.59105431309904,6.81818181818182,4.02144772117963
"414",0,0.106157112526539,0,0,0
"415",7.12530712530713,3.39702760084926,7.18849840255591,2.27272727272727,5.36193029490617
"416",4.66830466830467,3.92781316348195,7.18849840255591,6.81818181818182,5.36193029490617
"417",5.52825552825553,4.35244161358811,3.99361022364217,6.81818181818182,2.68096514745308
"418",4.79115479115479,3.5031847133758,4.79233226837061,2.27272727272727,8.04289544235925
"419",6.51105651105651,4.88322717622081,6.38977635782748,4.54545454545455,8.04289544235925
"420",0,0,0,0,0
"421",0.122850122850123,0.106157112526539,0,0,0
"422",5.15970515970516,4.14012738853503,5.59105431309904,2.27272727272727,4.02144772117963
"423",0,0,0,0,0
"424",5.28255528255528,4.03397027600849,7.98722044728434,11.3636363636364,2.68096514745308
"425",3.31695331695332,4.77707006369427,6.38977635782748,4.54545454545455,4.02144772117963
"426",5.28255528255528,3.60934182590234,3.19488817891374,9.09090909090909,6.70241286863271
"427",4.42260442260442,4.56475583864119,3.99361022364217,4.54545454545455,4.02144772117963
"428",4.91400491400491,4.45859872611465,5.59105431309904,9.09090909090909,4.02144772117963
"429",3.93120393120393,3.92781316348195,3.19488817891374,9.09090909090909,8.04289544235925
"430",4.42260442260442,4.67091295116773,7.98722044728434,4.54545454545455,5.36193029490617
"431",4.2997542997543,3.82165605095541,2.3961661341853,6.81818181818182,4.02144772117963
"432",4.91400491400491,3.07855626326964,4.79233226837061,4.54545454545455,4.02144772117963
"433",4.42260442260442,3.5031847133758,6.38977635782748,4.54545454545455,5.36193029490617
"434",4.91400491400491,4.98938428874735,3.99361022364217,2.27272727272727,5.36193029490617
"435",5.40540540540541,4.67091295116773,3.19488817891374,11.3636363636364,4.02144772117963
"436",5.40540540540541,4.56475583864119,5.59105431309904,2.27272727272727,10.7238605898123
"437",4.66830466830467,3.60934182590234,4.79233226837061,6.81818181818182,5.36193029490617
"438",4.17690417690418,4.14012738853503,6.38977635782748,2.27272727272727,5.36193029490617
"439",5.28255528255528,4.77707006369427,7.98722044728434,6.81818181818182,4.02144772117963
"440",4.66830466830467,3.92781316348195,5.59105431309904,4.54545454545455,4.02144772117963
"441",0,0.106157112526539,0,0,0
"442",4.17690417690418,4.03397027600849,3.19488817891374,4.54545454545455,4.02144772117963
"443",4.17690417690418,5.30785562632696,2.3961661341853,2.27272727272727,4.02144772117963
"444",4.42260442260442,4.35244161358811,6.38977635782748,6.81818181818182,4.02144772117963
"445",0,0,0,0,0
"446",5.28255528255528,4.24628450106157,4.79233226837061,2.27272727272727,6.70241286863271
"447",0,0,0,0,0
"448",0,0,0,0,0
"449",4.05405405405405,4.88322717622081,7.18849840255591,6.81818181818182,10.7238605898123
"450",0,0.106157112526539,0,0,0
"451",5.8968058968059,4.03397027600849,7.98722044728434,4.54545454545455,6.70241286863271
"452",4.2997542997543,4.45859872611465,4.79233226837061,6.81818181818182,2.68096514745308
"453",3.93120393120393,4.03397027600849,5.59105431309904,9.09090909090909,5.36193029490617
"454",4.79115479115479,4.35244161358811,6.38977635782748,4.54545454545455,5.36193029490617
"455",4.17690417690418,4.35244161358811,4.79233226837061,9.09090909090909,4.02144772117963
"456",0,0,0,0,0
"457",5.15970515970516,3.71549893842887,4.79233226837061,6.81818181818182,5.36193029490617
"458",4.17690417690418,3.82165605095541,4.79233226837061,6.81818181818182,5.36193029490617
"459",4.79115479115479,4.24628450106157,3.19488817891374,4.54545454545455,5.36193029490617
"460",5.03685503685504,4.35244161358811,3.99361022364217,4.54545454545455,6.70241286863271
"461",4.91400491400491,4.35244161358811,6.38977635782748,4.54545454545455,4.02144772117963
"462",4.79115479115479,4.24628450106157,2.3961661341853,2.27272727272727,5.36193029490617
"463",0,0,0,0,0
"464",4.66830466830467,4.77707006369427,4.79233226837061,4.54545454545455,5.36193029490617
"465",5.15970515970516,4.67091295116773,4.79233226837061,9.09090909090909,5.36193029490617
"466",0,0,0,0,0
"467",4.54545454545455,4.14012738853503,6.38977635782748,4.54545454545455,6.70241286863271
"468",3.93120393120393,4.14012738853503,3.19488817891374,9.09090909090909,4.02144772117963
"469",4.42260442260442,3.5031847133758,3.99361022364217,9.09090909090909,4.02144772117963
"470",0,0,0,0,0
"471",4.42260442260442,4.24628450106157,4.79233226837061,6.81818181818182,4.02144772117963
"472",6.14250614250614,4.03397027600849,6.38977635782748,2.27272727272727,4.02144772117963
"473",5.65110565110565,3.71549893842887,5.59105431309904,6.81818181818182,4.02144772117963
"474",4.2997542997543,3.39702760084926,3.19488817891374,9.09090909090909,2.68096514745308
"475",4.05405405405405,3.07855626326964,3.19488817891374,6.81818181818182,5.36193029490617
"476",0,0,0,0,0
"477",0,0,0,0,0
"478",3.93120393120393,4.03397027600849,4.79233226837061,6.81818181818182,2.68096514745308
"479",4.66830466830467,4.24628450106157,3.99361022364217,9.09090909090909,8.04289544235925
"480",4.79115479115479,4.14012738853503,5.59105431309904,2.27272727272727,9.38337801608579
"481",4.05405405405405,4.03397027600849,5.59105431309904,6.81818181818182,4.02144772117963
"482",5.65110565110565,3.5031847133758,5.59105431309904,6.81818181818182,6.70241286863271
"483",4.54545454545455,4.03397027600849,2.3961661341853,4.54545454545455,6.70241286863271
"484",6.26535626535627,3.5031847133758,4.79233226837061,6.81818181818182,1.34048257372654
"485",4.42260442260442,3.71549893842887,4.79233226837061,4.54545454545455,2.68096514745308
"486",4.54545454545455,3.92781316348195,3.99361022364217,4.54545454545455,5.36193029490617
"487",5.77395577395577,4.24628450106157,4.79233226837061,4.54545454545455,10.7238605898123
"488",5.03685503685504,3.5031847133758,6.38977635782748,9.09090909090909,4.02144772117963
"489",4.54545454545455,4.77707006369427,7.18849840255591,4.54545454545455,4.02144772117963
"490",3.68550368550369,3.82165605095541,7.18849840255591,9.09090909090909,5.36193029490617
"491",4.79115479115479,4.98938428874735,3.99361022364217,2.27272727272727,4.02144772117963
"492",3.80835380835381,3.82165605095541,3.19488817891374,2.27272727272727,6.70241286863271
"493",4.54545454545455,4.14012738853503,4.79233226837061,2.27272727272727,5.36193029490617
"494",5.28255528255528,4.88322717622081,10.3833865814696,4.54545454545455,4.02144772117963
"495",5.52825552825553,4.56475583864119,4.79233226837061,4.54545454545455,8.04289544235925
"496",3.68550368550369,4.67091295116773,5.59105431309904,11.3636363636364,5.36193029490617
"497",0,0,0,0,0
"498",0,0,0,0,0
"499",5.65110565110565,4.77707006369427,4.79233226837061,4.54545454545455,10.7238605898123
"500",5.03685503685504,4.03397027600849,6.38977635782748,6.81818181818182,5.36193029490617
