"","age1_orange.P","age1_green.P","age2_no_comorbid_orange.P","age2_no_comorbid_green.P","age2_comorbid_green.P","age3_no_comorbid_green.P","age3_comorbid_green.P"
"1",103.991219293212,12.4836508285884,98.7065510064381,16.026144668553,13.0459903283669,3.85071729860459,6.5287161471796
"2",33.8029891944689,4.02697818706901,31.740487904526,5.12899327197613,4.17522729292204,1.22384914881472,2.0749806023086
"3",69.2994035022309,8.16258922119967,64.9492316715889,10.3225822286446,8.40303832916977,2.44544487285552,4.14614062534141
"4",68.7771200781082,7.71755743260353,63.4514017927448,9.53740293002775,7.76386766475601,2.21111398740173,3.74884326045838
"5",95.8009527578973,11.9806410685515,93.1158221057896,15.8010729790981,12.8627720219967,3.90237221482946,6.61629470968814
"6",71.6856465206148,7.79263380243688,65.5909446820894,9.51758061698834,7.74773142553277,2.18620822222011,3.70661666767319
"7",78.6763700503473,9.44495323540892,73.8574788357135,12.0367806633662,9.79847164534101,2.87610069947787,4.87629800411477
"8",71.2584164502496,8.3892505562474,66.5021452159573,10.6019119094965,8.6304250394601,2.51121454337555,4.25765011217765
"9",44.558409349832,4.94086476223541,40.1306321017471,5.98967806924887,4.87586277158621,1.36655941580739,2.31693937316435
"10",95.2671313358683,11.2875522376948,90.2261487687763,14.4304236128573,11.7470028369944,3.45234779767089,5.85329876605111
"11",46.6479393719865,5.80863092253039,45.0126848791633,7.62745708875586,6.20908730502102,1.8717063850855,3.1733930983495
"12",92.5043505688243,11.3405814801698,88.5993213929005,14.7376097163769,11.9970659069596,3.58266410744636,6.07424414580678
"13",43.3415594012673,5.11066142493121,40.0168208020816,6.40334203203436,5.21260352672758,1.50518989579214,2.55198105059304
"14",20.7180308649784,2.40460180236647,18.5712301986225,2.94314730906338,2.3958520357265,0.677718294152486,1.14904056235853
"15",65.7687346844281,7.80562045947503,61.4755791146114,9.89488557461545,8.05487434292493,2.35167029434956,3.98715008996539
"16",74.7353981144793,8.79219368998662,69.3797487239384,11.0579868424643,9.00169019945724,2.60891213982052,4.42329194615024
"17",56.3120520803209,6.6460740420247,52.6783173828187,8.39347470683845,6.8326595142794,1.98670640355332,3.36837040238813
"18",59.0248057120765,7.09862373030528,55.2831889092727,9.04142587770075,7.36012041539749,2.16073933897102,3.66343533380086
"19",99.9677449042079,11.8165986177363,93.4227850908582,14.9433982253878,12.1645868518762,3.5450351083543,6.01044588825525
"20",98.0378203485234,11.9058122845854,93.9462371566065,15.411636131607,12.5457532098647,3.73287028892759,6.32891189895449
"21",83.9162994427786,10.0920056152126,78.5505071112828,12.8318455374064,10.4456896052229,3.05689426070918,5.18282526929329
"22",34.1549074808901,4.10374484115379,32.0546270677893,5.22835683213194,4.2561136240762,1.24841577017591,2.11663219216189
"23",68.6499543037809,7.98681360214325,63.2193395211358,9.97684516745099,8.12159307519418,2.33768488401962,3.96343846245145
"24",45.4900912988657,5.26316238007174,42.1946853709738,6.60433254147773,5.37621868786095,1.55308165384413,2.6331793494721
"25",27.6397713815059,3.35653050545496,25.9325403098801,4.28480500544731,3.48802071964892,1.02435103459099,1.73674061773835
"26",28.2820348208943,2.72691647821893,24.5752339404421,3.13715024771414,2.55377900529135,0.687220162776318,1.16515054870713
"27",110.537704775626,13.5217791222665,105.669642116809,17.4842232646761,14.232930772025,4.23467370747686,7.17969678585848
"28",37.0412539185301,4.48689458848901,34.9561077904869,5.7452284353892,4.67686996170825,1.37508117488268,2.33138762832382
"29",56.4390785213988,6.66617102084462,52.7664668444641,8.43230382677685,6.8642681346714,1.99679842501131,3.38548096604189
"30",58.8791367742677,6.86921411528599,54.4948636393478,8.6058877988593,7.00557316266049,2.01981501107046,3.42450454149673
"31",90.3250478193218,11.1394712119324,86.031795157413,14.4478843663494,11.7612166623339,3.50582274416946,5.94396310716004
"32",17.1164452621388,1.96820233615324,15.5150979371588,2.41453141258448,1.9655353241585,0.556048310884678,0.942754636181748
"33",146.181483658906,17.6844045222023,138.908422636641,22.6665723560658,18.4515920609846,5.46707318884709,9.26917408836347
"34",61.192494671833,7.43777596095804,58.644935569021,9.66308018206534,7.86617450451613,2.35028784330009,3.9848062070497
"35",29.6707891224165,3.4809387231247,27.5955692828187,4.3815694884943,3.5667912871228,1.03287781366355,1.75119738407501
"36",25.4588161173529,3.09896321888646,23.6361004790165,3.92172738595159,3.19245948453276,0.929917522557315,1.57663289051763
"37",17.7479763782414,2.03086554659715,15.9824876484041,2.48544114624565,2.02325898250946,0.571987021032598,0.969777994750724
"38",64.0104760453589,7.54206093961042,60.24457550314,9.59350943507771,7.8095408405184,2.28617759193342,3.87611018995985
"39",9.47289198750139,1.08957950954402,8.59206210880827,1.33925724904176,1.09021461365423,0.30931200990259,0.524424453152998
"40",90.242301321499,11.0055352610853,86.3317652232063,14.237061799734,11.5895977719552,3.44969352272558,5.84879856353018
"41",67.1462718778429,8.06819766750567,63.0220853894864,10.265278916395,8.35639089943211,2.44628902417458,4.14757184553235
"42",53.8016729846556,6.14410775749523,48.6790043891791,7.55140283969673,6.14717578368029,1.74857924736231,2.96463663302793
"43",84.32117263526,10.0722834148676,80.1330384185858,12.9601805636295,10.5501599906789,3.12210135256879,5.29338092958254
"44",49.6212495701385,5.8880481889462,46.303389959472,7.46501928849488,6.07685575370324,1.77455384791162,3.00867538759561
"45",94.0597060334036,11.3202648685728,88.6505254358158,14.4626898863106,11.7732690101826,3.46316616911932,5.87164082309777
"46",124.154446491859,15.0323420875429,118.170404349095,19.3702254140903,15.768219907959,4.67094530738075,7.91937545296825
"47",59.479296215684,6.80315258603798,55.1829533904761,8.54220859622876,6.95373547625385,2.01098606729882,3.40953546864754
"48",36.8352006621196,4.33421814792586,34.2918275927611,5.46935225151568,4.45229455064866,1.29314715892906,2.19247222854791
"49",53.3498477199589,6.37459253308718,50.128375626515,8.10700787315752,6.5994628460294,1.92976688344648,3.27183203420699
"50",0.886416107077885,0.106124301019305,0.821983181880265,0.133785453829765,0.108907274509013,0.0315660412946192,0.053518788194967
"51",59.7533545802418,7.27583422544497,56.9182272178412,9.4057424997099,7.65669025333992,2.27406008474212,3.85556550731277
"52",64.68220097905,7.68937916349432,61.5122678649686,9.84606982798141,8.01513616686132,2.3565713417748,3.99545959310001
"53",88.4457256108127,10.6733401063692,84.2329261263882,13.7366647088407,11.1822524157793,3.30860949070409,5.6095970001483
"54",37.5916991181321,4.49079909934612,34.8517118329651,5.66401491082595,4.61075856199876,1.33963241959472,2.27128587504014
"55",68.0067190300579,8.22489828605643,64.1623284694495,10.5531423224662,8.59072443935484,2.53619225986737,4.29999869513877
"56",63.1558580089114,7.53725616933948,58.9148354316057,9.53293098095162,7.76022730048858,2.25663666618749,3.82602489312698
"57",65.9166337602006,7.79047725858872,60.8499487315405,9.76769510133376,7.95133567416768,2.2982156936817,3.89652024428761
"58",127.296380617968,15.2224024557583,119.42068230102,19.3483300818617,15.7503961394609,4.62358291332818,7.83907466668823
"59",46.4294487581839,5.61053488100983,43.9304603137148,7.19188264485933,5.85451044952138,1.72612872856838,2.92657279889093
"60",23.5352131363155,2.79970364892961,21.63154984818,3.50955700307776,2.85693456947552,0.826433101753213,1.40117975888158
"61",25.6489766711416,2.98136817760393,23.4759937188656,3.6957848978161,3.00853230953561,0.859874666487189,1.45787841181691
"62",83.2955320384798,10.0037075680327,78.1957787041346,12.7452595827887,10.3752048099164,3.04485316108808,5.16241013220843
"63",58.2182816572347,6.38682656441257,53.5601977883639,7.84645283155788,6.38735952217846,1.81169706996595,3.07165003226045
"64",63.2884486997834,7.17485249756231,58.9341223213096,8.96111395843384,7.29474296226215,2.0973290764334,3.55592611595299
"65",25.3735369850112,2.80498486933968,22.6495001816914,3.37510477686583,2.74748451276724,0.765404629758433,1.29770875863589
"66",56.599266700157,6.36567210485605,52.5078659293471,7.93274420594352,6.45760451615168,1.85263665793712,3.1410612427752
"67",95.1271827484218,11.5426816843337,90.7768705215341,14.8871425480349,12.1187922432638,3.59713664057489,6.09878166788379
"68",99.4873250755778,12.1407801704368,94.8965322094218,15.7206807185986,12.7973291675458,3.8096870354362,6.45915120098956
"69",83.1311942373451,10.2340410599165,79.6973829707096,13.3158896355463,10.8397229022783,3.25078362323822,5.51155587030843
"70",54.4090187940385,6.59952958526419,50.6179342284068,8.37615226918791,6.81855828415037,1.99151903484894,3.37652999999388
"71",53.8668283782242,6.53840583318043,50.9115305933717,8.40369913637218,6.84098265197528,2.01930281539873,3.42363613701694
"72",37.5322383860819,4.49113238030443,34.9879662149205,5.68569889538821,4.62841028415217,1.34774271451027,2.28503651141969
"73",45.2068634494199,5.26806744536783,42.1591751410711,6.64757105363397,5.41141674847186,1.57186137940623,2.66501952053875
"74",60.6984796324974,7.51949510473126,58.0690164072082,9.8066224932853,7.98302429232327,2.39446930964412,4.05971387498753
"75",13.2854925426508,1.57463799792362,12.2513069333557,1.97417733072865,1.60706763203655,0.463856507959764,0.786447624859064
"76",60.5944951789617,7.46094239886028,57.7551122668127,9.6479271308599,7.85383925086903,2.33387675082674,3.95698194571988
"77",91.1274849403395,11.2222036723561,87.212003212147,14.5966632938806,11.8823292873463,3.5567731280629,6.03034716712482
"78",77.3420302162463,9.10586375529423,71.927930080413,11.4580255287395,9.32733937710134,2.70648874222846,4.58872864023279
"79",29.2282642575595,3.2289648940908,26.1760002048551,3.90179131454868,3.17623064097201,0.888058776128975,1.50566328861867
"80",97.2981964006532,11.5635594494156,91.6526294542881,14.7454488914746,12.0034473420846,3.52163700002553,5.9707754591342
"81",87.1806173848973,10.6209292794301,83.0016005417331,13.7044138277672,11.1559987726687,3.31076624472525,5.61325367855689
"82",114.035633296444,13.6184522750433,106.618363459155,17.2814918039057,14.0678983995384,4.11882177921844,6.98327510749308
"83",49.415018189508,5.40255544704758,46.3960369554337,6.74072997272139,5.48725222746891,1.57748973123339,2.67456213522752
"84",86.1006029657629,10.5542749747664,81.6968737149525,13.6324591877092,11.0974245143121,3.29503977590697,5.586590165515
"85",75.5738195010179,9.18985845077995,72.2060211284844,11.8749741687264,9.66675400471093,2.87374892984998,4.87231068560929
"86",3.33237649666215,0.420422042860283,3.11388556151751,0.540947305546914,0.440355023761201,0.130373996415718,0.221043184832112
"87",51.7239349320528,6.06316875472797,47.9649756005357,7.61634238416509,6.20003944406677,1.79467901068294,3.04279668629426
"88",33.0437199998953,3.93402403026513,30.638734169615,4.96225487289514,4.03949486402127,1.17186823671865,1.98684932861844
"89",5.62632267192338,0.643791999049442,5.10258371952707,0.790500152084155,0.643502074388417,0.182284477340235,0.30905504567231
"90",25.6433811280434,2.58929726455718,22.5278862897433,3.02596666179206,2.46327065056155,0.670567976073398,1.1369175230699
"91",77.9588075846335,9.42606724008924,74.5285206150315,12.2306881671566,9.95632092671007,2.96950369721032,5.03465854117933
"92",76.300728915483,9.18804284868015,72.7145537569996,11.8272576454922,9.6279106450951,2.84529468684167,4.82406780996337
"93",123.884849124029,15.3197717853126,119.927869582181,20.1057660516918,16.366982507619,4.93668217185477,8.36992022773557
"94",16.2848722367785,1.86783916654746,14.8360834757689,2.30139126747629,1.87343424374532,0.532260849234526,0.902424076202173
"95",49.0327120403296,6.13850024894227,46.4835418609546,7.96910348464203,6.48720257657466,1.93778115362051,3.28541986500204
"96",59.2732060372156,7.15981108406849,56.2915104421042,9.22906663087246,7.51286828468943,2.22771667558722,3.77699236360924
"97",65.8066659735281,7.88517786488735,62.320336353698,10.1002056582734,8.22201396889355,2.42035888955525,4.10360848092778
"98",30.983406823836,3.6974975151044,29.0491487426223,4.69975573049129,3.82580895616067,1.11802022505952,1.89555247248728
"99",33.3467990766713,3.78781034259213,30.9961785969439,4.74930668330037,3.86614562255661,1.1163192732548,1.89266858601836
"100",53.8709579426093,6.28844747239552,49.6909181899203,7.85815903412357,6.39688888863636,1.84184829356377,3.12277006136039
"101",119.966626125901,14.5282430864776,114.174819480084,18.7515871514769,15.2646210101749,4.52817887711053,7.67732145982833
"102",41.4228379136227,4.92208535149908,38.9990929825467,6.27190620201798,5.1056089498872,1.49469911379577,2.53419440657193
"103",49.5579469166317,5.71723723765285,45.8174303010035,7.14895092105484,5.8195621281929,1.67719222682955,2.8436031845792
"104",14.2655830375912,1.36286320499167,12.2751239975493,1.55475135092064,1.2656363402813,0.33853469553069,0.573970188331578
"105",104.393308867736,13.0439999333115,101.303496518446,17.1495448185136,13.9604877196223,4.22272921093507,7.15944543490355
"106",79.1125593851356,9.31640758122224,73.4794490073539,11.7121581096502,9.53421453399358,2.76173282813229,4.68239247678794
"107",29.7002385044919,3.26001785171374,26.9294229932518,3.97140751925847,3.23290130956541,0.910562965209492,1.543818118287
"108",50.6733131511948,5.8902445209399,47.5291702788529,7.43398614722654,6.05159340463435,1.75801434382308,2.98063341020913
"109",85.6286022661484,10.3531529744486,81.3973750370403,13.3852275635851,10.896167041358,3.23774165967562,5.48944381390458
"110",13.4788417928509,1.55342580163272,11.9411546337499,1.87762633955845,1.52847085638959,0.427710882136706,0.72516435925905
"111",70.105747055954,8.05945621347229,64.7588660598607,10.0796852106798,8.20530941727636,2.36614403421894,4.01168965801666
"112",84.5259788170886,10.3324210313948,80.7025276832915,13.344893902215,10.8633336577199,3.23133438627178,5.47858057308807
"113",146.802319538688,17.5993249183461,139.030061105139,22.5222764518871,18.3341288151903,5.39558148571826,9.14796315533142
"114",73.2922631054475,8.74595016120866,68.9252552555098,11.1518471650441,9.07809665190844,2.6615255077003,4.51249551987368
"115",159.368329279313,19.939264297747,155.124543294773,26.3000713344646,21.4094208782507,6.4942305333407,11.0106726769822
"116",30.6762557277609,3.77334852611124,28.4700660870929,4.80014686037501,3.90753177450553,1.14366989486275,1.93904032174456
"117",66.9280806168859,8.00358189849186,63.1289247938436,10.2374168169065,8.33370991857407,2.44813530045374,4.15070212304201
"118",73.5756849736298,8.80176276601292,69.4834595716251,11.2778540174,9.18067180090037,2.70703965173614,4.58966268226173
"119",51.0204260955183,5.7838799289158,47.3332842893294,7.20737682129756,5.86712339419021,1.68312998064535,2.85367037627598
"120",136.777065968124,16.7511364303213,130.525646124331,21.6201274044312,17.5997396036072,5.25295892707181,8.90615308998992
"121",15.7144595088361,1.81427916514484,14.4131929906825,2.24859019991437,1.8304518402424,0.522841599040645,0.886454165646153
"122",79.8065138695115,9.20717908486434,74.0075853093184,11.5379699703679,9.3924176871916,2.71209304129396,4.59823047455748
"123",71.5419698352689,8.72029535563517,68.4527783236888,11.3198913680701,9.21489206295432,2.74482147362623,4.65372004392084
"124",80.3873867768839,9.55757209113333,74.9727223298839,12.0966098044779,9.84717521144753,2.87092133350672,4.86751662453639
"125",9.33119887084751,1.0877834184082,8.45891186864056,1.34027237193462,1.09104096857095,0.310273742742871,0.526055027468546
"126",1.52657889318176,0.185286321500039,1.38723739048596,0.230539476298647,0.187669326609824,0.0538046681739114,0.0912233692221313
"127",118.978813031921,14.6203698143227,113.538018023012,18.9210953496651,15.4026081780108,4.58773658522639,7.7782988467702
"128",20.6606252125526,2.46579692710246,18.9907291730334,3.09124796824303,2.51641252031227,0.727011038815247,1.23261417035494
"129",60.7189192385321,7.443272182091,57.4872538470415,9.58522254788696,7.8027949479548,2.31328958576559,3.92207734313893
"130",64.0908991468169,7.24815363776189,58.9401158224288,8.97736393885333,7.30797116478827,2.08543396816016,3.53575850056246
"131",45.0965338561877,5.25524955315834,42.6265462843497,6.69454305369223,5.44965403330473,1.5944360166691,2.70329379189807
"132",26.2660515352006,3.15045664013616,24.5276763972474,3.99332976209054,3.25074698448463,0.947564470400417,1.60655248845162
"133",75.0474928796534,9.03344631322306,70.8574895348591,11.5833181992037,9.42933315045709,2.78347885397182,4.71926187514314
"134",20.1343171352956,2.45855680012185,18.4929541207155,3.08750046349619,2.51336188575893,0.726616048029052,1.23194448143108
"135",72.7213662330414,8.64977244676958,68.2511613256454,11.0032154267786,8.95710384546605,2.62488773667362,4.45037784445119
"136",1.64275506664068,0.17228810858788,1.46341665296792,0.204950507528819,0.166838774659351,0.0460293500048506,0.0780406706900426
"137",44.4638785532808,4.92462036778952,40.0278171407575,5.97991904801662,4.86791849682497,1.36770117599853,2.31887517567024
"138",77.558668638704,8.53020285514694,71.2254973941239,10.4843037337573,8.53468678456704,2.42342454715996,4.10880616404848
"139",27.1399537059757,3.19637129938003,25.3622572815727,4.04093736276023,3.28950167631717,0.957856690398505,1.62400247963019
"140",35.5722423179404,3.99692087494131,32.3652756256934,4.90300786063013,3.99126517653375,1.13053685613011,1.91677385152969
"141",111.139666137552,13.715814662343,107.593493731734,17.9772908061096,14.6343095508772,4.40888945776027,7.47507167156629
"142",22.9670907526699,2.60636977039698,21.0557456690304,3.22769749485862,2.6274884678563,0.75003657382335,1.27165291834595
"143",51.180336433447,5.46247127203597,45.0084067680818,6.48299322826537,5.277443122099,1.45723861208499,2.47068182867136
"144",106.019328759246,12.5886340014636,99.2160982868102,15.9798046941933,13.0082675403966,3.80156693243531,6.44538393544715
"145",86.0314447193099,9.93449136699564,79.7003155283698,12.4093771831499,10.1017816861532,2.90955762476936,4.93302270017714
"146",84.5377045496496,10.4830909810695,81.3847426278111,13.6839437554894,11.1393352287859,3.3430530930041,5.66799456222967
"147",73.9831108246466,9.04006674037323,70.3644860854792,11.6511100894708,9.4845187464353,2.80875286190863,4.76211280678144
"148",45.962686282802,5.37991668896372,42.324000122734,6.71007222885423,5.46229546848212,1.56952378504666,2.66105623555638
"149",78.379960203301,9.74820318396363,75.547843669022,12.7634022382827,10.3899737336346,3.1253462500368,5.29888250574421
"150",28.1894170365429,3.24486983708398,25.8195858676027,4.01832583844678,3.27109489579673,0.933763567950908,1.58315368566222
"151",67.2968901528073,7.93373844648841,63.4833326373809,10.0822715311546,8.20741479649258,2.39707817148797,4.06413708165915
"152",18.3883386293718,2.16586843398785,16.691825782063,2.67831504578196,2.18026686431665,0.622096542894528,1.05473641136209
"153",85.3832606378571,10.1384295993379,80.694378982735,12.9604288351909,10.5503620947067,3.10446133907243,5.26347308851825
"154",95.5020588986873,11.659749939289,91.6918600513824,15.1309971120323,12.3173006399639,3.66980994001727,6.22199594375655
"155",125.156728493638,15.1647013767657,118.584100132427,19.5706421502771,15.9313679922932,4.72147063863583,8.00503885550529
"156",30.5605598952232,3.54326846066223,28.0952944979463,4.40938474824691,3.58943413836484,1.02934158090076,1.74520186216357
"157",52.3648400349956,6.41191053175455,49.6393155841157,8.26070778895494,6.72458137306344,1.99634918319646,3.3847192969649
"158",61.3992225252317,7.20799155002926,56.7845294618673,9.0492795853336,7.36651368064868,2.12858656810136,3.60892177228093
"159",88.1907326839404,10.7600222349261,84.4885315096817,14.0044805740875,11.4002663711037,3.40956865361029,5.78076867180289
"160",7.73124317251654,0.909727971376505,7.02527770322365,1.12524030359568,0.915995357673463,0.261303796171981,0.443028708964315
"161",71.5256652085018,8.88608760472233,68.3631063365183,11.5744589045813,9.42212129293617,2.82133517977249,4.78344555479609
"162",17.3102838071885,2.03927946638522,15.6551064037692,2.51391117193952,2.04643484217704,0.582047886749621,0.986835735261855
"163",45.8054167068801,5.41390488645022,42.454312892229,6.82017331356035,5.55192261936123,1.61144123176198,2.73212536112372
"164",35.4837238809216,3.94803213620027,31.7001648285348,4.76214397625136,3.87659574659734,1.0827527458053,1.83575806447899
"165",28.7896951933126,3.41079594363125,26.9300703671078,4.3236629840127,3.51965283223921,1.02661642269115,1.74058148029
"166",82.2068544422874,9.37652456964906,75.8335062764526,11.6516344157232,9.48494557118689,2.71954079030764,4.61085779447613
"167",56.4039204718266,6.68187937655405,53.0600045532722,8.50348142772361,6.92220984883612,2.02925613488881,3.44051153778876
"168",32.9588063271287,3.82031149134019,30.0100623573476,4.72479324053269,3.84619059632441,1.09716394447323,1.86019159676597
"169",57.4803230577403,7.04942298716412,55.0746591798484,9.14675312819116,7.44586145415822,2.22360033295754,3.77001329178711
"170",80.9945023823595,9.75719886712941,76.6779794076287,12.4919986654702,10.1690392257274,3.00088881349552,5.08787057924468
"171",66.2702502337243,7.60777218121242,60.5116300654203,9.389878157701,7.64377597753034,2.17724456515064,3.69141919455087
"172",78.8339448524361,9.43232462730893,74.419552830291,12.0669406627467,9.82302321830872,2.88749505189984,4.89561661072108
"173",79.9801049713729,9.72372561225535,75.6123673494899,12.5250727430231,10.1959629871684,3.0210622998379,5.12207380836153
"174",54.1853193503462,6.640147347003,51.5734255335069,8.60421244038192,7.00420934678684,2.08806969875919,3.54022726198716
"175",89.0970013274811,11.0093634976431,85.6167056362425,14.387895357164,11.712382956547,3.519203627556,5.96664978671993
"176",82.158458281867,10.3424923523192,80.2194556697329,13.6834417389967,11.1389265651651,3.393583894976,5.7536672401184
"177",68.7251867524172,8.08508623265097,63.3456042339751,10.136819675424,8.25181939767934,2.38176952599329,4.03818196907046
"178",31.8176583636091,3.83171053549361,29.9856680917788,4.89361010966244,3.98361499174081,1.16927978437008,1.98246072531836
"179",47.6661917521849,5.88846444161434,45.3866771521458,7.63571724338782,6.21581143609984,1.85580213211003,3.14642816035018
"180",53.6714344770842,6.21419516235398,49.3756820883811,7.73508998376094,6.29670524035677,1.80734833175232,3.06427694428917
"181",11.925066064793,1.09131461214988,9.93211688649563,1.20519450280728,0.981081610867822,0.256511139960192,0.434902978205235
"182",78.5413602736787,9.44821973109994,73.7384119435036,12.0735915407682,9.82843732707527,2.88646031149246,4.89386225539404
"183",73.4750130632797,8.97436727534322,70.5253720952889,11.6612610062974,9.49278204153731,2.83589951140069,4.80813871705663
"184",77.3181278646087,9.45742644136531,73.1623723968172,12.1811502203015,9.91599484773571,2.93697142378866,4.97950155033258
"185",114.78330655114,14.4696219260428,112.194659968026,19.1763811098434,15.6104220738127,4.75377299327543,8.05980602950788
"186",113.053030053374,13.3894155219388,106.650497075251,17.0472727798076,13.877233758335,4.06968458184653,6.89996522285799
"187",24.080019769947,2.55726066662351,21.2336644078094,3.02504337780057,2.46251905657108,0.67657167675799,1.14709652468514
"188",39.2318827166415,4.38584159067135,34.9658677277913,5.30700351325945,4.32013549974046,1.21003742899397,2.05156345915796
"189",71.6689387711946,8.46317294932416,66.6367239450527,10.7147181367419,8.72225429596934,2.54400419878822,4.31324348249093
"190",51.7239140210556,5.81042360641985,48.0700503687845,7.21867608104479,5.87632149120161,1.68140372155911,2.85074358246157
"191",64.1903103411429,7.26312601061994,58.6958831958818,8.96406594495466,7.29714600980705,2.07947898855468,3.52566210332225
"192",106.023103028814,12.8769073586012,100.536016539236,16.5792622705639,13.4962525115384,4.00162883747379,6.78457980171693
"193",63.5473945117512,7.78557155316549,59.9064979957265,10.0117024927852,8.14996847917237,2.41192841922895,4.08931500169271
"194",111.972356503941,13.3558818007017,104.897946568519,16.9941467832661,13.8339868482764,4.05338713900031,6.87233364930507
"195",27.7119789103713,3.02614503891792,24.7829488917997,3.6415048125081,2.96434592019515,0.825968732537294,1.40039244198368
"196",65.4744665405122,7.49344120528702,60.0752190312974,9.27313934495627,7.54874542255219,2.15505995562577,3.65380619749278
"197",56.952405205081,6.96431517391888,54.5174733023777,9.02789146433335,7.34910280451585,2.18815499480104,3.70991733209448
"198",66.5841262616665,7.89310448551235,62.5178064776194,10.0329354036572,8.1672530073984,2.38900368245719,4.05044715252969
"199",69.1204142641778,8.7118212406046,67.047805696356,11.5067524898883,9.36700527785444,2.84258366507842,4.81947139579206
"200",75.0650383814675,8.8585586304758,70.2073244708682,11.2099731048704,9.12541373686459,2.66069606828174,4.51108924304131
"201",70.2257449828927,8.38689030808856,65.7157250013949,10.6878396042173,8.70037398210668,2.55429228279969,4.3306864612922
"202",50.6873076230904,5.48590333568649,44.8260504613509,6.53577968965312,5.32041363553037,1.47183795528643,2.49543435146289
"203",41.6717143315975,4.80382253427218,38.7463110241543,6.01782719777226,4.89877740676909,1.41260489312151,2.39500738697419
"204",38.0494665232638,4.10037853789075,33.9941822771154,4.91891715905249,4.00421604885158,1.11323185371655,1.88743400652851
"205",73.0748687626128,8.80458106303779,69.393040610851,11.305474924046,9.20315644012065,2.7167725383958,4.60616434918924
"206",114.470624198732,13.9227289561268,108.463375163535,17.8980150232582,14.5697755585951,4.31312945004405,7.31271493121105
"207",31.8930636175044,3.75789712431232,29.4844517409086,4.71214064217405,3.83589082184781,1.10700677451738,1.87687966770447
"208",79.4530022738156,9.99460935873779,76.9871008364152,13.1646156449339,10.7165791856029,3.2430582979618,5.49845793245341
"209",113.258765777763,13.789828336644,108.829773569377,17.9460472576456,14.6088759210483,4.36531962410073,7.40120099904351
"210",63.0915313073338,7.23053112419373,59.8117843699006,9.20373259417096,7.49224525871394,2.19159014936496,3.71574148051422
"211",93.2654617704225,11.4877263027531,89.7823163962595,15.0352205657195,12.2393342966715,3.68021419057254,6.23963587765254
"212",23.0934281055523,2.84983470131718,21.7991645844734,3.67524601766921,2.99181275300511,0.886988644869959,1.50384892971134
"213",57.5949935073305,6.98705316286733,54.4122627232162,8.97148472343238,7.30318522349632,2.15455960046808,3.65295786806633
"214",117.889201999674,13.8353856026449,109.284145698321,17.466852195512,14.2187899536938,4.13212620682736,7.0058321597573
"215",33.8417458135696,3.88800962919175,31.186302955424,4.83060331775087,3.93232467738888,1.12585957437691,1.90884373292085
"216",42.6408984956792,5.10451904435651,39.9044950510685,6.48913225842893,5.28244056407868,1.5449107723469,2.61932599129723
"217",50.4377735758594,6.15288198178354,47.0285109833958,7.84460264165653,6.38585338579582,1.87399854891807,3.17727935793836
"218",63.0530341688557,6.82236616531023,57.1969500167754,8.30489255225651,6.76054972394352,1.90246833285039,3.22554858251453
"219",53.7304837647245,6.51204834162783,50.7323005193863,8.34420215991262,6.79254948258165,2.00138854658228,3.39326330852359
"220",48.6012653848233,5.66400215240185,45.9716081025977,7.2108961617639,5.86998829293134,1.71728062577459,2.91157124279055
"221",65.0864895272959,8.02573238957317,62.6532365179608,10.4762820887283,8.52815681085036,2.56187974810079,4.34355066382544
"222",69.3344812247727,8.10233868611443,66.0256777801863,10.3561361307091,8.43035268897777,2.47609623974615,4.19810862466052
"223",57.6096125567919,6.87848038576314,54.2132517218407,8.77050478372448,7.13957866659497,2.09478344889396,3.55161012017023
"224",76.4081745151763,9.2511054698009,72.0291195552098,11.8615805261771,9.65585098749919,2.84324373702312,4.82059051777102
"225",37.40767739143,4.42110880492399,34.3078023161155,5.52095827787271,4.49430413777415,1.29426278308165,2.19436371858843
"226",75.997077268296,9.07206459291097,71.5506866760793,11.5745162054016,9.42216793833733,2.76741644317783,4.6920287877515
"227",77.3865418002442,9.35644031406408,73.1975466959116,12.0452626225489,9.8053763351308,2.90301541315414,4.92193067775678
"228",141.85953475349,18.0214236722352,139.024278359553,23.951971322048,19.497963650978,5.97532555698196,10.1308928761558
"229",28.8910182417467,3.15150766454666,25.7298637399679,3.77966834965889,3.07681714809683,0.854908301803716,1.44945816623993
"230",101.150441769469,12.4665506095797,97.5524727872403,16.2909679092777,13.2615681550167,3.97911263894573,6.74640461057619
"231",48.6028324986925,5.710434091828,44.8617277980227,7.16279001029123,5.83082775870262,1.6839752998412,2.85510357654893
"232",102.982517496538,12.2403195039102,96.7229778263395,15.5923239641012,12.6928410943139,3.72189709145042,6.31030734141366
"233",75.862520652157,9.41277892341793,73.1721865548038,12.3186205593551,10.0279017817377,3.01297335187729,5.10835936477378
"234",46.5936596233389,5.31180524258949,42.3162712118414,6.53148217616102,5.31691526954068,1.5098076888126,2.55981030875954
"235",50.7783588234878,5.73323341891491,45.530082853503,6.97347075019038,5.67671351055809,1.59673437835035,2.70719055965764
"236",47.4854173450395,5.69159080552239,44.5647454221622,7.26820612269588,5.91664113499041,1.73578840227811,2.94295033658971
"237",23.7843571189053,2.61896954859557,21.2258018788107,3.14950301571087,2.56383470459689,0.714346558142844,1.21114211903309
"238",99.7992813899046,12.4296139376773,96.7561524069219,16.3139497675182,13.2802764037274,4.003395406995,6.78757494004154
"239",67.7124906103799,8.00201877588328,62.9440058544874,10.0833643123204,8.20830436867692,2.38054055330873,4.03609830174617
"240",47.9232473047015,5.51982318826273,43.8480546699026,6.85748238233094,5.5822938508962,1.5978406583596,2.70906620712788
"241",42.1577899347337,5.04069677241242,39.4884144220661,6.41167506068724,5.21938698048142,1.52944408719086,2.59310292964632
"242",54.6070144714667,6.44522779309751,50.8294900658875,8.13046508896701,6.61855805681839,1.92229501130649,3.25916381462418
"243",63.7650723931363,7.91224057895163,60.8492724239973,10.2782400876189,8.36694186586399,2.4993154620006,4.23747576057374
"244",74.5094193561086,9.18861447392472,71.1283016917062,11.9150867263521,9.69940740012539,2.89855685207975,4.91437139011702
"245",125.214028811554,14.8285299618158,117.518126642765,18.8410961128222,15.3374852621934,4.48591308728407,7.60566173434982
"246",25.0692934589036,2.86276181471414,22.8808147691636,3.53327833402105,2.87624478166083,0.81924272037522,1.38898879409071
"247",81.9249990210696,9.87249454315153,77.2495395634839,12.6446302023719,10.2932880451038,3.03402334766196,5.14404867580868
"248",24.1050187667828,2.94937492801091,22.4085852450978,3.74560742649736,3.04909005069876,0.891016617177995,1.51067817366996
"249",62.474801581756,7.36639821995996,58.2764181206137,9.32351437728182,7.58975292610977,2.21052107031148,3.74783799648264
"250",71.0344536028749,8.73334296126716,67.2441255532684,11.2606865433187,9.1666967179681,2.71694350465359,4.60645421470813
"251",59.328062476821,6.71569238941734,54.1828791016206,8.27187312944838,6.73367045388125,1.91353453997936,3.24431083369227
"252",75.903479594537,8.75843602619937,70.6711640986765,11.0024886652473,8.95651222944706,2.59572019039741,4.40092559553743
"253",71.5087806597071,8.28378316053533,67.2931354877485,10.5078392182602,8.55384570953304,2.49704022777045,4.23361820435627
"254",41.1652351592314,5.04119143759202,38.9016612484673,6.47960013637285,5.27468099527882,1.55794438658877,2.64142389180733
"255",82.8068304451726,9.95071005966076,77.9980638562499,12.7363089619175,10.3679186087911,3.05456172369226,5.17887055880551
"256",49.5613432520591,6.03329384620149,46.8627749616766,7.75752788696707,6.31497068561948,1.86599199081073,3.16370460260184
"257",93.9469318543394,11.0113907580295,88.0215181929469,13.9463715429211,11.3529630505444,3.30928596038079,5.61074392373653
"258",70.4262888930479,8.29784732310179,65.4618365826762,10.4906071526911,8.53981804627386,2.48509646820302,4.21336810290784
"259",41.0976104038702,4.54407398877392,37.5944320988609,5.57934481122762,4.54183335738425,1.28705760534099,2.18214766723723
"260",83.2298446130636,9.97583359426009,79.1013596270171,12.7910627139418,10.412490583781,3.07033938161471,5.20562086064676
"261",71.222897017911,8.44288596935716,66.9228434991997,10.7441008678608,8.74617313820658,2.55994012849106,4.34026212694166
"262",52.0219972264348,6.27500161786892,48.0360704794905,7.9069442338086,6.43660219813288,1.86791861801631,3.16697111145491
"263",65.9082760333134,7.90780368879973,62.2956730127158,10.132525951547,8.24832411660391,2.43112683942727,4.12186505048349
"264",16.0842627085908,2.00152909775684,15.036210259228,2.56237602899896,2.08588737861294,0.613823632461699,1.04071006776461
"265",102.158257987261,11.9058051465767,93.9549772418072,14.869935932881,12.1047852977679,3.49305887252072,5.92232254295558
"266",41.5011651584836,4.45975395154469,37.6568395998761,5.41077713194123,4.40461181351783,1.2351149935851,2.09408133003292
"267",65.9131485503833,8.01290663862146,62.9965341768135,10.3694838366432,8.44121831175374,2.50861796702057,4.25324773499396
"268",27.1314523763141,3.09743973621036,24.7405525537089,3.82306033681348,3.11214014414205,0.887216732706712,1.50423564227092
"269",129.216872090738,15.6792740084992,123.31933324908,20.3323657704698,16.5514446974175,4.92169319227535,8.34450709417592
"270",8.98512413171823,1.07493101518142,8.30719504835785,1.35151483493674,1.10019283052068,0.318209972588394,0.539510544433959
"271",5.30879957538206,0.643480379877293,4.90407637260511,0.811752202308973,0.66080218289391,0.191933470331997,0.32541447469925
"272",17.7966438946301,2.03826531708436,16.2448471751404,2.51459927705739,2.04699499016636,0.582703973397497,0.987948100351211
"273",73.4631949675154,8.81160693193842,69.6747132582474,11.314478443396,9.21048570294657,2.71962450434952,4.61099972782896
"274",108.423301872216,13.1823811761798,104.169619878164,17.132611710947,13.9467034213951,4.16815729569484,7.06692123315533
"275",95.5374680604965,11.5347707558629,90.7309539278812,14.855264303468,12.0928419427451,3.5826982935942,6.07430210686654
"276",102.845448430271,12.296425710292,96.9912741269887,15.7055176448588,12.7849857551126,3.76061134159402,6.37594559279351
"277",19.185300614008,2.11629658975839,17.1566938379662,2.55030444289681,2.07606057380152,0.579176885994533,0.981968083981657
"278",41.3184945391046,4.67895422757025,37.326870816364,5.7102586397446,4.64840300192473,1.31080425934371,2.22240903970548
"279",76.2266602296279,9.33679971520134,71.9867292011465,12.0037807905335,9.77160828982311,2.88956569035894,4.89912728410856
"280",88.0844244222858,10.5845783938226,83.5450005972763,13.5414739602543,11.0233585164099,3.24742827067262,5.50586702254949
"281",70.7522327228434,7.8022563302594,63.0084869689482,9.3986996996468,7.65095710270339,2.13943109567045,3.62730817584127
"282",29.6003895698084,2.74144591109751,26.1220988472703,3.17245194620696,2.58251614866782,0.697584275070659,1.18272243000617
"283",57.0409020311516,6.9821421414433,54.2335216861419,9.0074418326177,7.33245590015433,2.17725538479679,3.69143753876911
"284",42.8511447995123,5.26952579280489,40.8683680553953,6.85533985333508,5.58054973756537,1.66774310299816,2.82758262462869
"285",68.3487003006329,8.20782420347517,64.8179011292371,10.5443327865563,8.58355308762583,2.53644060996099,4.30041976143385
"286",45.7454146449798,5.22747716275329,41.9465561118667,6.47820211051825,5.27354294042188,1.50670402570513,2.55454818903643
"287",72.965327294301,8.21232906257676,66.5555967932809,10.1008923100906,8.22257293383189,2.33645351494588,3.96135073215825
"288",74.459721943913,9.14354021569229,71.7690586040128,11.9334597811575,9.71436387906972,2.91301749026757,4.93888874486275
"289",57.2870813640454,6.73655267376457,52.8234399081497,8.43149468548704,6.86360945788672,1.97800150869983,3.35361164884109
"290",59.9399495929274,6.95079602763803,55.9362198649298,8.73996287620921,7.11471620352012,2.05897206641565,3.49089354896835
"291",50.3531459776646,6.01804849852612,47.0476672828203,7.63601232593262,6.21605164633787,1.81392724138936,3.07543118653741
"292",92.1380495966821,11.6376448009339,90.4696814210981,15.4942737294524,12.6130238681888,3.85367670505192,6.53373368629258
"293",57.8417153619987,7.30695769243923,56.17054688803,9.66906939433477,7.87104998810608,2.39141660889326,4.05453815962356
"294",39.8639340600506,4.25870894065668,35.3587197630119,5.08419138114817,4.13875657295027,1.14734151275124,1.94526538298278
"295",70.159674205295,8.4522598674041,66.1941557180105,10.8231584284037,8.81052948788129,2.59909536051688,4.40664804305817
"296",9.52446102936671,1.14200339423078,8.64970031543402,1.41672592300852,1.15327753940614,0.329751559618705,0.559078780626253
"297",77.3669934782773,9.03896667015798,72.6232041370102,11.4424019968185,9.31462113135028,2.71064963701508,4.59578324821194
"298",29.5557593756795,3.22497618004941,26.7895799185657,3.91556470043963,3.1874427860536,0.894431162701062,1.51646738039771
"299",89.4496298907942,10.4846102821489,83.6351019288525,13.2284454374107,10.7685394588025,3.12903890971738,5.30514324238447
"300",72.340351277882,8.92036514773781,69.3206644952872,11.6152876362513,9.45535768568706,2.83133362322595,4.80039746119674
"301",85.8464776863448,10.552227540676,82.0119039031346,13.6771708560407,11.1338217891827,3.31962288442944,5.62826970860083
"302",80.7970337441912,9.53701732375367,75.9517815480658,12.1335494186,9.87724569056387,2.89236071824106,4.90386612683597
"303",116.30824837855,14.0181934212019,109.662834853945,17.9373253907209,14.6017759357494,4.30301235207351,7.29556185147009
"304",59.5552982443863,7.18654825012079,56.3699405884033,9.21254190554223,7.49941642765857,2.21139237082542,3.74931524689945
"305",47.8631542900838,5.56394407256114,44.811763612329,7.01756680012727,5.71260964483703,1.6577584806526,2.81065415128827
"306",70.1737697320405,8.08407422912238,64.3368399705629,10.0462499759115,8.17809165789417,2.34655333187758,3.97847451268334
"307",16.1658495882819,1.63156909402709,13.9213577945013,1.88177913275197,1.53185141365765,0.41312297043741,0.700431218059792
"308",50.9346558488168,5.62489061023818,46.5968004841428,6.90177954828153,5.61835370250226,1.59190385421245,2.6990006255511
"309",57.8321784126911,6.71073024544468,54.5693066802658,8.52076018746317,6.93627552321449,2.02550747971109,3.43415586332834
"310",104.078543633629,11.8774762118815,94.1917516216611,14.6061747435953,11.8900720279462,3.38500002791156,5.73911368368642
"311",50.626535080289,5.91723674180548,46.7681592402248,7.40173657950352,6.02534083064916,1.73550969227185,2.94247779644272
"312",52.9565366103053,5.79793812021018,48.4101039306206,7.10382658285094,5.78282892180065,1.63675391159424,2.77504185920297
"313",67.5421506798447,7.86303444243027,62.4717983182914,9.83684689327681,8.00762829023575,2.30991930673223,3.91636318823239
"314",55.5368514795584,6.45810027920977,51.2331273144009,8.07038041478462,6.56964647549438,1.89339639982694,3.21016753243386
"315",25.7550175768331,3.19552318411806,24.1054445120797,4.09774235409798,3.33574345080018,0.983491328832222,1.66746484388372
"316",41.943646116199,4.86989602057081,38.5561256448381,6.06684663947137,4.93868139962169,1.41665225865028,2.40186951125707
"317",87.9091983972052,10.6202958881197,83.398489293245,13.6349814340102,11.0994777343178,3.27511757758712,5.55281298381816
"318",78.8890325833911,9.42562911350536,74.9348117317396,12.0930350541749,9.84426520664957,2.90544405696858,4.92604833295127
"319",51.1361438524174,5.9431780595588,47.7399746451898,7.4947910988147,6.10109132361249,1.77195625113828,3.00427128033899
"320",52.2664911272939,6.07392886223207,49.0844833500524,7.69120848326993,6.26098375881272,1.82329782748618,3.09131858932884
"321",94.8402923676519,11.1871040797075,87.998010253138,14.1071306932463,11.4838281065958,3.34021607879949,5.66318453360094
"322",64.1778551988089,7.68050421458622,61.1532747348861,9.88348193280533,8.04559127429926,2.38434637441098,4.04255089843315
"323",60.714264546038,7.24305815289541,56.7393475627708,9.16971915782071,7.46455681767981,2.17612043987511,3.68951329124281
"324",57.1755088222971,6.90404422516513,53.8980607770527,8.85680109932898,7.20982768293881,2.12602327706901,3.60457582884882
"325",25.680887503219,2.98265686155485,23.6656138701798,3.7210165986966,3.02907202962818,0.87089166578706,1.47655723335715
"326",116.290396567728,13.7604891665411,109.445964181459,17.5108076144799,14.2545716081461,4.18996259470212,7.10389112647224
"327",111.871436598084,13.3620793046335,105.250836298502,17.0440106883151,13.8745782716323,4.0707535474485,6.90177760544676
"328",0.347097449269982,0.0373687383266721,0.30864969891089,0.0445684342738095,0.0362806760148304,0.0100355923989634,0.0170148907491516
"329",42.7181227484132,4.74381977968766,38.2318875207861,5.72659564481768,4.66170204636654,1.30267399073607,2.20862453883888
"330",15.6857373657333,1.89625177837239,14.4734533651779,2.38851974561897,1.94436067718787,0.564176631948582,0.956535835076457
"331",43.5931731439071,5.06887940242186,39.6324546058908,6.26280488628198,5.09820007647922,1.45398144962067,2.46515945776596
"332",48.026020893882,5.68642119332308,44.7147940682962,7.19838950075352,5.8598073179086,1.70668999825121,2.89361531521683
"333",43.181806237187,5.19362518400019,40.3154651677211,6.59070424869521,5.36512465498466,1.56765324684099,2.65788482305314
"334",32.793267641836,3.76693528664089,29.8296913728179,4.63160310706016,3.77032970743778,1.06921813591447,1.81281074861862
"335",38.4013890745281,4.30304347031448,34.901972549983,5.27183560902298,4.29150727080414,1.21370597569389,2.05778331333554
"336",69.8669204951787,8.55980347277555,66.3934509143216,11.0359239915037,8.98373006330468,2.66940070716526,4.52584756260292
"337",55.1224557695644,6.77215044533495,52.6835746766268,8.7876754049835,7.15355631146901,2.13553611198928,3.62070440805454
"338",13.6311918926404,1.5881406723372,12.9013357047375,2.02107969273755,1.64524822841834,0.481107587018207,0.815696045262687
"339",45.8371931968543,5.44869896152972,43.091279977814,6.93715429940629,5.64715031395103,1.65291890891153,2.80244887738181
"340",152.133092675068,19.0069678474484,147.243328975161,24.9488748896517,20.309487231368,6.13268343846474,10.3976860115789
"341",113.111493146709,13.5934367542125,107.03268037951,17.3960243969661,14.1611329941493,4.17874325950485,7.08486925361501
"342",63.1487744968763,7.24422320841177,57.9138774692249,9.01248122398482,7.33655818753511,2.10325440587757,3.56597224269242
"343",35.6929200181019,4.29362295155222,32.8793032113777,5.39174795043821,4.38912121843213,1.26964110593414,2.15261878415197
"344",25.2837826116332,2.89173445084127,22.7473323661238,3.53193288515201,2.87514952679474,0.811410755666352,1.37571005392522
"345",50.1982529991577,5.64694067370312,45.5378925453795,6.91717357209084,5.63088511850308,1.59305964458782,2.70096021559662
"346",101.490595113489,12.8471429843247,99.1387807853505,17.072512898492,13.8977803308921,4.24581160144951,7.19858057882122
"347",66.4021940301108,7.94595701931398,62.9774595092743,10.1996078593472,8.30293175546335,2.45050855115666,4.15472586173378
"348",43.0091283482182,5.23906400850615,40.7325846938708,6.74494614856073,5.49068438101304,1.62950275354022,2.76274785032047
"349",52.4318410724066,6.37224767634958,49.6947976884549,8.18875749811272,6.66601065516069,1.97180624835631,3.34310786653138
"350",18.7098339187868,1.62059611235547,16.3021666629878,1.83748773145251,1.49579625473247,0.39833917223524,0.67536596019884
"351",48.4611492640655,5.35832287138705,43.889654404282,6.53724267786518,5.32160457261848,1.50253243148705,2.54747544065759
"352",89.9080513989092,10.9388481374369,85.7594832677621,14.1668467087565,11.532439583461,3.43335520398477,5.82109768675599
"353",89.9207019931144,10.9351669675134,85.4638219779269,14.1136033647559,11.4890971473826,3.41388649786294,5.78808938046761
"354",71.8162364156396,8.88775591838584,69.0038043261687,11.5785275575225,9.4254333563187,2.82882556185737,4.79614515714909
"355",65.920117691058,7.80361018876356,62.3502895894717,9.99170159487717,8.13368686397023,2.39248831147615,4.05635518263911
"356",131.353576164832,15.7851372950101,124.612954922955,20.290644705488,16.5174819058979,4.88463338588295,8.28167387697428
"357",72.6443273387282,8.9407948910916,69.9866247253895,11.6738820047949,9.50305609232979,2.84653014780255,4.82616247786523
"358",70.7414265010495,8.86414675427324,68.393980278096,11.6434641130237,9.47829458355375,2.8632664674167,4.85453814702922
"359",88.8866520461797,10.320674338212,82.3274905710901,12.9492343481234,10.5412492872891,3.04887143062518,5.16922292555995
"360",12.3008113364676,1.40299415886762,11.2179359881385,1.73467564187944,1.41210266816194,0.402571754461442,0.682542110973262
"361",30.6120418613635,3.64064048477754,28.2778041525665,4.58233963830031,3.73022706576853,1.08264499141758,1.83557537181254
"362",69.5186519317604,8.56610802874004,66.4010454537241,11.1019568162694,9.03748370219066,2.69497288450785,4.56920402691558
"363",27.0946619790448,3.10599373372614,24.7197501232566,3.8357881758415,3.12250116785017,0.890043524373617,1.50902833905164
"364",54.0711357319622,6.37703074785853,50.6225041048801,8.08406173317242,6.58078367355777,1.91839298274538,3.25254810256376
"365",65.931617856347,8.13940739105137,62.5921197846326,10.5073595955568,8.55345527544675,2.5398555090491,4.30620956761507
"366",64.7568229982441,7.66947791295615,60.4840216128947,9.71204919843959,7.90603744892481,2.30221896931285,3.90330761615314
"367",86.3532072308349,9.77994947069815,79.2357292082892,12.1165162878896,9.86337996907531,2.82042593847614,4.78190397750729
"368",55.7864479866494,6.6300957733677,52.4755088197682,8.44443920062187,6.87414686552575,2.01264260770671,3.41234405761183
"369",74.8528599602259,9.07499194310921,71.5733997892798,11.7287543651289,9.54772461972784,2.83724141621678,4.81041385567663
"370",47.4512996136618,5.54576343198533,44.1952517389291,6.97159573539375,5.67518716561312,1.64202810314751,2.78398401124555
"371",59.3227367958081,7.28195584674093,56.6154354695108,9.42173655645026,7.66971012267603,2.28638246556817,3.87645754389512
"372",126.534230510914,15.0242275763034,117.77831607841,19.0370428203497,15.4969945455642,4.52753881814932,7.67623626895317
"373",113.084232005792,13.2421839743743,104.547221494705,16.6231970075927,13.5320173299779,3.91711223231396,6.6412857393323
"374",54.3855879560764,5.83822309842104,49.3341905517356,7.07108312662424,5.75617430073704,1.61235057987525,2.73366711951577
"375",67.326761153356,8.07487161554097,63.3289190776846,10.3253164568734,8.40526411183714,2.47132856682588,4.19002525193661
"376",22.8301005212954,2.81034025457444,22.050442874162,3.67843226779923,2.99440650148546,0.900027536729911,1.52595577818298
"377",85.2713573795615,10.5569442080104,82.3929358508242,13.8359844569822,11.2631030820167,3.38951496443844,5.74676855334336
"378",54.6682296381159,5.60846554853101,49.3299368389116,6.70371010872254,5.45711642140483,1.51153327132979,2.56273595548186
"379",27.7890354705029,3.0433249742521,24.7451247063434,3.64680994710252,2.96866453431233,0.824267114889117,1.39750742660746
"380",69.8007144157402,8.54473019016718,66.3659749972677,11.043014501882,8.98950205224726,2.67268850284088,4.53142187072566
"381",60.4006679180424,7.34508871577888,56.9591509775536,9.41798389472375,7.66665529011323,2.26246705211437,3.83591004744845
"382",89.2243641761196,11.0539236051291,86.2952057639114,14.4781314998343,11.785839166315,3.54960927118833,6.01820117342384
"383",37.2153794969624,4.47360506919,34.3198087685808,5.62823557616248,4.58163260166153,1.32798887134205,2.25154476822993
"384",101.805346228413,11.7809763215107,93.5899063389035,14.680894497666,11.950897211364,3.43856355978709,5.82992821727539
"385",97.3284588914356,11.2431982053453,89.5534390142416,13.9921907347503,11.3902618985094,3.28003424462534,5.56114896929661
"386",41.2802926868482,4.63808446689183,37.4837386728772,5.67940584917269,4.62328746629663,1.30815878480745,2.21792375787808
"387",65.7292454570792,8.02992181332858,62.4873563849114,10.3637100575781,8.4365182003172,2.50065107192951,4.23974022649867
"388",63.6291717471149,7.31444183002665,59.9440066832098,9.25451212940689,7.53358204552499,2.19309708441422,3.7182964203932
"389",58.3834314259333,7.13937937944817,55.2222093649761,9.18572278735531,7.47758447969365,2.21289057737546,3.75185538800476
"390",64.5614984510826,7.57710258305723,60.3358823579404,9.58368179480044,7.80154070682065,2.27384287368634,3.85519723584094
"391",37.8264245603382,4.53605294702349,35.3472349657156,5.76413903621669,4.69226402688121,1.37248907485193,2.32699284054441
"392",0.672682937878498,0.0726403568278959,0.602612867404703,0.0872613148672909,0.071034568409524,0.0197489321601439,0.0334834167987895
"393",52.1940356729384,5.84865064756513,47.9934324756916,7.23363599888979,5.88849952575423,1.68091645680939,2.84991744722683
"394",30.7139626415395,3.63413197422813,28.5971646169076,4.60124287143913,3.74561513331716,1.0915862690475,1.85073490161235
"395",48.8289105025053,5.66968384662171,45.600086080888,7.14588469386367,5.81706608369137,1.6863050161519,2.85905350465753
"396",88.8236191670107,10.392760541134,82.6040334019302,13.0788519754711,10.6467637667684,3.08836653141224,5.23618507371257
"397",31.7918876974924,3.58865894486427,29.4485490381452,4.46586364987167,3.63541046140399,1.04235727794785,1.7672693848843
"398",51.5069177859943,6.11697483933893,48.3007974419987,7.7734826784338,6.32795859128682,1.84831491222815,3.13373391936864
"399",8.3230695449379,0.91688944897914,7.420094725438,1.10159544824608,0.896747400002661,0.249578434862127,0.423148891834424
"400",33.9755693072651,3.40328301547367,30.2556375795648,4.01585964190485,3.26908730277299,0.896615359157675,1.52017058620824
"401",7.11299868864754,0.874423170090557,6.71282359482033,1.12630762160207,0.916864201720231,0.271505347927756,0.460324976259337
"402",11.210432855274,1.2099896987688,9.99493945216346,1.44670398060444,1.17768100371701,0.326329896939732,0.553277507084183
"403",52.7766082304247,6.558996477802,50.1127618889101,8.47242871488143,6.89693156764079,2.04658796686082,3.46989687108676
"404",5.57576468403535,0.663201732977016,5.14893191485988,0.834550664788006,0.67936113934628,0.196717534246006,0.333525637608004
"405",138.32312643927,16.7930991365111,131.326137595498,21.6182346472747,17.5981988155969,5.21209460078309,8.83686948223679
"406",21.971364855437,2.5893494228712,20.5378525576833,3.26859184034412,2.66077827315399,0.772565878248596,1.30985032993967
"407",66.362313815943,7.5216503191609,60.5350726342118,9.25603333545805,7.53482037450812,2.13940743084699,3.62726805320875
"408",50.5645696476359,5.81881541523915,47.4057626452702,7.34352128749603,5.977951009067,1.73548347334882,2.9424333434505
"409",71.0162757413103,8.70573983669704,67.3678934073515,11.2170167008964,9.13114753545009,2.70909162791694,4.59314171460464
"410",32.014011937977,3.77475126760276,29.4450421381795,4.71902566722053,3.84149553664507,1.10615041843006,1.8754277548837
"411",71.383283414118,8.37197199955765,67.1954640616054,10.631867659349,8.65481034428149,2.5249242235812,4.28089425179903
"412",76.4524545492041,9.1268355772088,71.4795456683703,11.5662426399415,9.41543289025147,2.74708597483737,4.65755940279246
"413",80.2111882154511,8.6953687575538,72.6066367071375,10.5339404832659,8.57509329326977,2.40626809887371,4.07971818581769
"414",56.1935407102825,6.36947342174475,51.3160268750953,7.85619457689117,6.39528973359411,1.821708315383,3.08862364380845
"415",28.8406319527728,2.93523535505054,26.142023693194,3.51310431734278,2.85982224012559,0.792716834855625,1.34401536091431
"416",76.5154211636292,9.43604549484232,73.6812180398117,12.3166033274401,10.0262596657705,3.01474088353635,5.11135613435936
"417",0.995438511934945,0.12089175724064,0.919880612289502,0.15228704279435,0.123968385941826,0.0359402931872818,0.0609351334493453
"418",121.841990209354,15.0612684922749,117.158316621455,19.6584169306269,16.0028205443074,4.80249379946194,8.14240994181502
"419",89.8514854367666,11.2722852177351,87.3013808038728,14.8887571756051,12.1201066214938,3.67963313977226,6.23865073243206
"420",48.8891823212054,5.90330930802227,46.3252216249922,7.59780696948702,6.18495079700764,1.8320840769268,3.10621527588044
"421",65.6653448197257,7.80536347300174,61.3938095682436,9.88966255446286,8.05062257359396,2.34832390016207,3.98147643072933
"422",87.1388472251105,10.7360688941292,83.7931601922513,13.9739973867242,11.3754517088288,3.41061270820758,5.78253881891559
"423",54.6396409095975,6.44970313940094,50.7228216666224,8.09818323301526,6.59227919878747,1.90444683854765,3.22890304899214
"424",63.6360330913088,7.77681225725521,61.1624960684395,10.1149411297147,8.23400929415011,2.46121173094725,4.17287261656056
"425",87.7835620673046,10.6104039055211,83.7898245532936,13.6939411824602,11.147473576359,3.31082564706275,5.61335439252003
"426",25.4891104177424,3.05549216776079,23.292216138706,3.81480961915728,3.10542369517875,0.893574508979239,1.51501496295116
"427",123.271513993488,15.0084172511124,118.081078132931,19.4663731571151,15.8464884217868,4.72603808094098,8.01278274632267
"428",91.87416295724,11.4136443533012,89.0806107047558,15.0103479973513,12.2190869263224,3.68711977408758,6.25134398061212
"429",60.8469942678416,7.61349480459963,58.8445575316135,10.0073709887975,8.14644244341642,2.45898146117007,4.16909129552926
"430",71.3556552527832,8.29979471315576,66.7857937939784,10.4872187549587,8.53705974070763,2.48702304813536,4.21663453161132
"431",55.5000208698168,5.89285301424032,50.5781243899381,7.15749531758344,5.82651764474282,1.63481593655691,2.77175611061694
"432",51.650354334516,6.31295907936951,49.2560108824304,8.16647176371617,6.64786908203685,1.97640999733803,3.35091331366857
"433",6.30021030807886,0.681668345241127,5.47871746676859,0.799579648633596,0.650893186013824,0.177707069420286,0.301294258608029
"434",24.5244433201516,2.986783252748,22.8936311610005,3.80431060206484,3.09687703106969,0.906882726430491,1.53757844072079
"435",103.509371964094,12.033076925981,97.1868657517126,15.2062254471493,12.3785398308394,3.60002829219622,6.10368433176903
"436",24.612267379441,2.91179989972208,22.6239099029742,3.63204534026065,2.95664549155159,0.8495439395076,1.44036313380152
"437",63.2565142900691,7.76976515314032,60.8592248854857,10.1636642965378,8.27367210615429,2.48878388544323,4.21961995122875
"438",55.7882486969321,6.49266303732427,51.7211183612366,8.13154041207684,6.61943341737335,1.91150288675566,3.24086625799936
"439",116.69653690118,14.5184347736909,112.875420751182,19.0239170678766,15.4863096027188,4.67000262990027,7.9177771861491
"440",32.1174219456334,3.6992144620811,29.3755031298999,4.56285629894295,3.71436676610961,1.05627411424414,1.79086474824119
"441",102.000536757362,12.3389839553154,96.6464639047079,15.8886992896162,12.9341037130036,3.83115110635607,6.4955425575946
"442",54.4287552371756,6.58803653626692,50.8789349475496,8.37289810901273,6.81590925389072,1.99159085733376,3.37665177175224
"443",119.174067075215,15.0126196737346,116.360685728805,19.934090668291,16.2272311552018,4.94990029366476,8.39233095244069
"444",33.8780344394785,3.79748534056349,31.3504599080852,4.71856516918792,3.8411206708864,1.09963174019658,1.86437563224239
"445",48.0582368509714,5.81350314217564,45.3723147878596,7.47104474536039,6.08176074199688,1.79775521071491,3.0480122436212
"446",74.0158842800995,8.96983627076212,69.8792250544602,11.5052412255116,9.36577504183387,2.76828690692443,4.69350461946733
"447",118.3718864016,14.5950355279926,113.200628013424,19.0195303570502,15.4827386261553,4.63341408631586,7.85574297361737
"448",13.4808642757865,1.59391456261724,12.317125370795,1.98427947717606,1.61529122589364,0.4635325032441,0.785898289591146
"449",51.7628841476811,6.00869694977553,47.8225660879011,7.50532057305387,6.10966278118561,1.75831455026473,2.9811423965852
"450",2.1908664632524,0.262029855488335,2.01921254542053,0.329416579991601,0.268159660695376,0.0775730615729046,0.131521599848606
"451",67.4551220855796,8.09195795894616,63.7370383454316,10.3596538288963,8.4332162508311,2.48296159408859,4.20974852088655
"452",59.8855810860916,7.24938046146998,56.7504282226892,9.32558956228644,7.59144221845425,2.24197061297319,3.80115926654091
"453",58.5979837616776,7.05474362815296,55.5442335143705,9.04732534404018,7.36492284183243,2.17364769348691,3.68532086213916
"454",53.3527508890997,6.30120966143891,49.8679614387661,7.97924079650295,6.4954547966331,1.89216803909788,3.20808490265233
"455",109.083964674557,13.4941618113507,106.296535034546,17.7097221367321,14.4164968239197,4.35089152446169,7.37673881192822
"456",28.5339994014751,3.30497312542116,25.9980301155936,4.08363020661847,3.32425553880775,0.946890332474158,1.60540951824027
"457",115.644293911249,14.0186097550796,110.304716046996,18.0985555679843,14.7330244285542,4.37889676886168,7.42422043084275
"458",57.6103609711785,6.9806721258814,54.9647291560458,9.02344797827387,7.34548561040239,2.1828776177044,3.70096977910791
"459",111.668996260172,13.258014806353,105.159353666492,16.8726268010045,13.7350642099204,4.02473300207064,6.82375186260157
"460",129.043449528127,15.9039368778385,125.088052246157,20.8764725026622,16.9943716341568,5.12117763615833,8.68272390130482
"461",77.1866967993486,9.3658327546359,73.6410570430416,12.0771961691666,9.83137165396395,2.91522917446046,4.94263855488068
"462",37.9794527272911,4.50306519822527,35.349945008544,5.6993309649742,4.63950739151346,1.35093538752113,2.29044954338809
"463",67.4200660963109,7.58349749112464,62.1805537767952,9.39090850884571,7.64461472891732,2.1820602674988,3.69958399898659
"464",45.9434340856879,4.82075486103327,41.9443183265195,5.84269401407557,4.75621125203031,1.33309322292111,2.26019896431625
"465",12.7884706752908,1.39849495436659,11.7636785532915,1.72128274378105,1.40120025696609,0.397665011971265,0.674222952114892
"466",67.2143660655313,7.48348686257588,60.4075051720764,9.0643912630608,7.37881525445523,2.06881884808014,3.50758831969952
"467",110.406197929079,13.7854528333627,106.670026036483,18.0833045527887,14.7206094278878,4.44588930951791,7.53780323840991
"468",72.2000747537139,8.81985735990486,68.8541069639095,11.4106603406258,9.28878201980719,2.76705544316832,4.69141672864446
"469",75.3780946571061,9.0304950867337,70.7940819278191,11.5069735534092,9.36718523333443,2.75014531612798,4.66274637688972
"470",136.379790377544,16.5716941813585,130.606721080179,21.4674314767342,17.4754383672764,5.20000935420074,8.81637949598578
"471",79.7872166895068,9.51389066009436,75.2243190610308,12.1541387759204,9.89400633774537,2.91000065912778,4.93377384479391
"472",57.2363548588095,6.55870164847779,52.7084881503045,8.15584462068852,6.63921811775163,1.90501416797399,3.2298649302468
"473",94.5522283375692,11.7150349608756,91.1037195004123,15.3332917738868,12.4819774388207,3.76480894840835,6.38306244434687
"474",54.8302007279002,6.31691040909986,50.4492371809688,7.83781642731726,6.38032910728296,1.82528935000692,3.09469512523901
"475",66.2731951324661,7.92625946763959,62.6093426437217,10.1293561108599,8.24574372613563,2.42190647207357,4.10623233674292
"476",86.2296930375442,10.640686449077,82.6651676267226,13.819762988557,11.2498980895145,3.36588253338297,5.70670084069022
"477",93.0619884541066,11.4313000602739,89.2226484244241,14.8437867994824,12.0834987470429,3.61194475149892,6.12388814685954
"478",90.0228512586087,10.8373806090778,85.3027993994239,13.9163819890676,11.3285502277715,3.34614321890338,5.67323373023162
"479",80.2921740097076,9.43821085993938,75.6376849846301,11.9892740011738,9.75979912189179,2.85513696880215,4.84075495165091
"480",79.6847068848095,9.24883950715245,73.4169374505972,11.5488537281687,9.40127754724788,2.7096447697291,4.59407954140433
"481",64.0756635026668,7.95572999863028,61.7592676729529,10.4187266310483,8.48130412358421,2.54986119338192,4.32317375059753
"482",78.3854830548549,9.66420319202165,75.493041392492,12.5963559180532,10.2539906433047,3.07294933928285,5.21004592523865
"483",38.4586539731701,4.18729668210582,35.6395917260062,5.17574774396073,4.21328750028533,1.19974107696646,2.03410646231132
"484",120.529785293089,14.2650944063633,112.285314024113,17.9975121330317,14.6507706050428,4.27238828190246,7.24364013249827
"485",74.3019684964888,8.97474175238366,70.6989003840975,11.5762214515691,9.42355608411217,2.7961587144609,4.74076000224507
"486",24.1391378609939,2.81805721837133,22.7688536770904,3.58437484849478,2.91783960358613,0.853399049319826,1.44689929725589
"487",59.4525764772951,7.23337489414994,56.6734305006336,9.33959764618612,7.60284541809169,2.25725439353436,3.82707222176508
"488",93.9014056932881,11.5671181627104,90.156492969102,15.0842591894495,12.2792539045453,3.68418272900819,6.24636435418207
"489",81.5450416666056,9.7558382600122,76.8031173725896,12.4547556225489,10.1387217421529,2.97723067764206,5.04775928527496
"490",64.4348903823851,7.88099344221417,61.074097175467,10.1592943277187,8.270114758325,2.44941114180021,4.15286525405217
"491",107.990576223491,13.2616994692749,103.451851549315,17.245157286337,14.0383204957698,4.19957411420219,7.12018702089734
"492",89.7664592845789,10.6096995903044,84.4640288865893,13.5046614133683,10.9933914756418,3.21848904980134,5.45680188898137
"493",64.1036874100364,7.8006443125863,60.5075078989038,10.0179360518579,8.15504287186355,2.41164299945794,4.0888310854446
"494",55.6038465816363,6.63115230148327,52.871395126101,8.5134865278389,6.9303544426881,2.04542403848802,3.46792348343651
"495",66.7521030039715,7.98692473076031,62.7063926201442,10.1841586525224,8.29035541804816,2.43105125028923,4.12173689253583
"496",61.9547326905717,7.4658441338984,57.9410319275498,9.49199765157302,7.72690576057832,2.26489865283812,3.84003271594827
"497",94.8487444747268,11.6706899070134,90.9312221918464,15.1802123549127,12.357364023635,3.71135227783056,6.29242908923091
"498",48.523509938257,5.55227354941466,44.174523738466,6.84205844632568,5.56973808504536,1.58422043827225,2.68597374307068
"499",47.9339122622687,5.2567204892266,42.9869371566867,6.34816845455882,5.16768979525854,1.44516026454885,2.45020353943964
"500",103.676041513873,12.9021404718833,100.334792727949,16.9326292514753,13.7839088575079,4.15725477034428,7.0484364969928
