"","age1_orange.I","age1_green.I","age2_no_comorbid_orange.I","age2_no_comorbid_green.I","age2_comorbid_green.I","age3_no_comorbid_green.I","age3_comorbid_green.I"
"1",172.140081628692,21.720739148755,167.374206715819,28.4367197134267,24.7111112443376,7.29192198529825,14.3072263320634
"2",132.15932450399,16.3949711395067,125.634980144005,21.0409677417886,17.1113333649399,5.10446189320035,8.59505503711463
"3",119.031892376622,14.5049795576594,112.064471344694,18.4038210620625,13.7520121479157,4.10722890944297,5.93630509145532
"4",112.551147067141,13.1279664094526,105.439923102194,16.4337462546569,12.6261120200067,3.60400651224488,5.51974358647975
"5",189.153225195942,24.8388851303962,189.625651621537,33.6364646499497,28.5573734710908,8.70092283690952,16.2300542199353
"6",123.445498680532,14.0349687960434,114.174605401131,17.2712518501834,13.8744614796722,3.94522728746337,6.51126927295901
"7",155.507828412141,19.5043839190536,149.399763667999,25.3458317386074,22.4725860243069,6.56167329471304,13.5145614213924
"8",145.272283739646,17.8446916313698,137.991656004659,22.8762162303698,17.9499074609016,5.27157404867125,8.33734440700947
"9",102.570117245962,11.7726828248527,93.6994058826328,14.440160863074,12.4561113062797,3.45366419869851,6.65863087490882
"10",159.550706277051,19.912029219716,154.595402394163,25.9010040694311,19.68572139934,5.85961699377809,8.78196984547799
"11",156.183860038857,20.1844556212642,153.00038006691,26.8114588337837,20.8519720869997,6.42889553575412,9.94925682115349
"12",163.305964506859,20.9335076468327,160.391353538577,27.7785657144849,23.8145756113909,7.14755248182288,13.577499465377
"13",116.640224959832,14.2572979892845,109.624973977174,18.1308905352608,15.0436712824123,4.32679723521795,7.66210184187472
"14",119.383203883606,14.399713291038,109.099829473902,17.9348970858216,15.2955441465443,4.28011874936582,8.06797856575615
"15",151.061711131545,18.7636292759199,144.179527959979,24.2184135650933,20.2731147711835,5.93189514449727,10.6900892976852
"16",136.888561122833,16.8407207761875,129.978324255471,21.6019929727673,18.2723458279448,5.26753563090596,9.73793732084338
"17",116.612111847595,14.2003735088364,109.714331676502,18.009576784718,13.6365209593228,4.04837605044747,5.98226671213536
"18",142.531637772888,17.8599762593063,136.004269884007,23.1262937972195,19.0299963865866,5.62317448071049,9.75866397381332
"19",163.628393743477,20.3940184100108,156.295289357439,26.2608530374983,20.9907442685822,6.17904372741903,10.125497450061
"20",174.943373775982,22.2833368778472,169.998741244438,29.179991676744,23.7637744340344,7.26741630626614,12.2411989768348
"21",154.496489538908,19.3933312272891,147.590675455665,25.1056806743583,19.3419818760933,5.70503403675156,8.75902699833827
"22",129.954675088451,16.2328581035772,124.447005178568,21.0422937566511,17.7190469358717,5.17976977767859,9.47392777038792
"23",143.777620693377,17.5341319117348,134.854553499318,22.2405715436043,18.601480772956,5.36468887968791,9.64519909240452
"24",136.281565060843,16.5041132835652,127.658887346102,20.8161040022122,16.9498590582908,4.99825092324406,8.42065622145121
"25",119.206319098855,14.9508339646977,113.801904165542,19.3807811646298,15.5886611450926,4.58882388444469,7.62685758957854
"26",79.3647861005995,7.91603267767302,69.2684984744114,9.11851115135169,7.0823571664897,1.92233780899781,2.98117859163111
"27",166.38717257517,21.3597539166779,163.363437076342,28.2911394741421,24.7361343033489,7.34820361422428,14.6585745186671
"28",116.708545338992,14.5671275393328,111.914888080715,18.8895776886804,15.789525599005,4.64108228534538,8.33686406432475
"29",116.771063083869,14.2784984637977,110.219700226769,18.1682475159832,14.2503216959405,4.21214798692295,6.6357937516845
"30",138.946189476307,16.9275562684813,131.374421213529,21.5881856030023,18.2309630517866,5.22327752484889,9.6194317371149
"31",153.381153753044,19.6814839842575,149.515808035247,26.0610983098941,20.8926397384358,6.24547871917713,10.3301587239
"32",87.6073494691044,10.3388189664881,80.5494471216047,12.8317962350111,10.7760664242888,3.01842705890867,5.48865367326389
"33",193.087552933384,24.7856669576568,188.234780434297,32.5602150474057,27.0245098090512,8.14649558941694,14.3524329484111
"34",168.55604059392,21.4611897883379,164.419549537903,28.2754983469532,21.961025963338,6.70859216185413,10.3756555301604
"35",122.972522635184,14.9870640722004,116.331835847944,19.1449692948582,15.0493207492195,4.37356714629707,6.96783456320458
"36",111.300956572489,13.9276681989966,105.194025552241,17.9241881591608,15.9069286264281,4.56861860151046,9.46644427237366
"37",109.419376480582,12.9753558488194,99.9379037989778,16.0574764211024,13.2403632387881,3.73915528423424,6.52361584084692
"38",151.815584329322,18.6944327916559,144.683324019135,23.9792420039934,18.2085372081607,5.45607799130537,8.1104499310351
"39",102.666135588894,12.2201783046027,94.7930910741153,15.2507024550447,13.3256978791151,3.72838705637111,7.42438085873616
"40",136.66184026527,17.2821337670998,132.903312948997,22.6729001891603,16.3234527181546,4.9430497377127,6.79492434458853
"41",121.026780070053,15.0472426899353,115.467894605535,19.4212792749134,15.7702500326823,4.63164917357529,7.83429526752394
"42",134.217710817991,16.0695282923258,123.897866454275,20.0929387416476,16.468675411814,4.6824079701997,8.0820814047282
"43",188.916865482016,23.8002169124748,182.361002671696,30.9910924119322,24.7405590180453,7.52993913441286,12.2038892832615
"44",145.570068704292,18.0457826013413,138.013713075901,23.1613353943868,19.1760411962327,5.66865157268169,9.92323435385451
"45",159.097603144861,20.1117721039291,153.452092872698,26.2046749727245,21.4125427075066,6.34216010812874,10.8697245507566
"46",164.761130323655,20.949124178651,160.425973310581,27.5126679934767,22.6515770727985,6.79871918544701,11.7890474859534
"47",149.938694980317,18.0954104241515,139.528239255954,22.6356335841011,16.7948858667467,5.07816245608877,7.16935877088625
"48",88.1660354668517,10.6290488459584,82.1267382824438,13.3680424452457,7.03405783570132,2.13346332634938,2.07430614611408
"49",128.129415915532,15.8053208558959,121.89161850885,20.3180975901385,16.1816586465023,4.77264926977841,7.75671907398323
"50",99.6065178107568,12.2548904101161,93.3383275943461,15.5606216615929,13.1809496430606,3.83902874211834,7.06552676797287
"51",157.273008100943,19.9879862707778,152.868870685744,26.2742115445805,21.3080542675268,6.39624769443027,10.7797986363188
"52",117.468613614698,14.4479935892569,113.45184656552,18.6999520938528,14.6161843084383,4.32940632399306,6.81329339837766
"53",139.785230849994,17.5413343534644,135.103982576782,22.8382046023073,16.9667770558327,5.11331640853506,7.35491583543602
"54",123.832693364744,15.2933802643592,116.17476478855,19.4919094835113,15.6597226479392,4.58913572364177,7.58065882795767
"55",170.16948264086,21.6025465296506,164.302196774014,28.2735979168169,24.4882425257111,7.24133875379784,14.0756848425053
"56",132.669362655369,16.3895062419974,126.256381506922,21.105496509799,18.2060286613876,5.23014077921224,10.1172206737756
"57",125.870298816042,15.4413729810895,118.174439847929,19.6460844918943,15.7167520245964,4.54987381190574,7.48602650815177
"58",188.360819381456,23.9507565709204,182.055662672798,31.2917772289924,27.0637047490509,7.97797419757883,15.4892665899395
"59",136.731694405224,17.1636491420406,132.293759909014,22.4681578408917,19.7363653303718,5.76333519798761,11.625913523234
"60",125.802522425558,15.5635037823579,117.960486686989,19.8528007187763,16.1788678160731,4.67270213116139,7.98056486577831
"61",101.685500247131,12.1946461094661,94.5499660201192,15.3165112790041,12.7178466258624,3.61186420197861,6.40557280853602
"62",145.067451259514,18.1749222617906,139.099778532258,23.5924961361939,19.7580342444042,5.80785106080056,10.4791432347963
"63",108.722921682961,12.4004570603431,99.9395902633356,15.1522901550666,10.8194958915665,3.18059582512121,4.26353810358721
"64",124.677529849581,14.7728075127677,117.595146657516,18.6256893658069,13.678977096222,3.99387223554232,5.64904337716035
"65",82.7003544790599,9.41608125169911,74.6441428724041,11.4277604672665,9.52775485077728,2.64043084984154,4.71741100370105
"66",133.638930425138,15.7587827428052,125.218572589915,19.7149869378843,14.5735638571923,4.2830458328755,6.08384106257247
"67",174.453927271063,22.21769007625,170.311307398182,29.2672141950978,23.8971146156676,7.15197208452738,12.2282582261523
"68",178.678902231461,22.8623813689126,173.911037725403,30.1186289969442,22.8392967862706,6.92571386644508,10.3038143530219
"69",183.962097260313,23.7595731010792,180.304741022062,31.5660514298775,25.1113349097411,7.67802322539379,12.4395813402094
"70",121.861243238689,15.2836754266332,115.845452808609,19.7624257696209,16.7640872450372,4.84676196665308,9.02112903474766
"71",148.751252587774,18.8284555576821,143.608831111157,24.6271409014219,20.8263161736286,6.15190265468359,11.3406841191096
"72",114.895449970189,14.1979294616642,108.486679008175,18.1714592266262,14.377950539629,4.21435836333533,6.77876140938589
"73",126.391239183042,15.3307383083298,117.856485719589,19.2701695759438,13.8080129743046,4.1849481853557,5.61723503979604
"74",183.510413048457,23.8850728503095,180.975439826915,31.9966845080506,27.861183931884,8.35152801769262,16.5466473167493
"75",107.699522812366,13.1526802313091,100.517390882998,16.6405191616359,13.8580211479245,4.01185504414698,7.12537839263035
"76",135.557509018074,17.2414913593507,131.978141719078,22.7510690352575,20.0359344767202,5.89238557304005,11.9939511940871
"77",168.514224285133,21.7263692499442,165.568858625733,28.9399820713954,24.1643192216036,7.24616082159108,13.0269839093237
"78",134.473145370928,16.5107386947787,127.335054582684,21.106982666136,17.0397431852267,4.95667848618245,8.29253131954352
"79",103.426071584933,11.8568154187534,93.6793294294896,14.4467721623331,12.6622346652619,3.52436962668907,7.02965136340651
"80",151.921466495403,18.9613442938151,145.107431376119,24.4151694178944,19.1855545794997,5.75711134816786,9.07274492505945
"81",152.013501366761,19.3322282741554,147.844528136307,25.3930304232489,19.1126223987954,5.74288031167104,8.46603001635117
"82",173.752317904317,21.9883745290223,167.428783059028,28.6627476457184,24.2706096790068,7.10760017570385,13.1656000599553
"83",128.989506349224,14.7930345276523,118.96450159886,18.0168193143925,11.9210622322577,3.68801763417643,4.36410853880156
"84",153.76111999281,19.6749811916247,149.661480001186,25.9595504504389,22.1179394953169,6.560068829278,12.313419460957
"85",152.128869424495,19.2767717093069,148.542805559415,25.4013824310473,21.3343724050038,6.35739155974328,11.5455921840205
"86",130.494369384212,16.9625615354876,124.762171061289,22.2633649309459,18.133895549443,5.35571775120488,9.15513025604799
"87",122.606579010418,14.9609935779069,115.266520200207,18.9827456658694,14.7129760071175,4.31543471294982,6.66085492972392
"88",124.369473606266,15.3444443288365,117.689571921685,19.6702229596241,16.4371471401224,4.73663234313423,8.52525788345124
"89",107.792719057283,12.7507824601689,99.2337757689019,15.853135248091,13.7316089670805,3.8529211423024,7.50031290585206
"90",82.7469940439506,8.63302376167821,73.1860586529233,10.1277279448451,8.39085183486034,2.28515533026251,4.01443201551663
"91",175.901764943326,22.3638164731503,169.961089252644,29.2120946558181,20.3236908169089,6.31503181634564,8.17389255800899
"92",142.853735478548,17.8788052240415,138.215262651353,23.2700384798917,18.2675553198783,5.4840145083264,8.66805216965309
"93",187.256676451609,24.3374918523525,185.138272056235,32.4493595690244,25.6606411049394,7.93875248370145,12.6718295119357
"94",87.5928806779116,10.3041329856585,80.311303020033,12.7437254058094,8.92652650409964,2.57791742247985,3.40757160412431
"95",125.695909270636,16.161127213168,120.736035083146,21.200977789419,15.2656430076177,4.65020801804875,6.38178832800851
"96",159.638314995632,20.2148842427654,154.188775132451,26.3932290328671,20.9233534307147,6.33667970515521,10.1603784349742
"97",157.763629933979,19.7856900630628,151.740546241526,25.6782816667467,21.00490683104,6.2726910841992,10.7194276542603
"98",125.814422708963,15.5690446509171,120.056616393663,20.0791101129329,16.5739635565551,4.8505676459434,8.48221125939919
"99",138.255728219899,16.4512779198149,128.370609566576,20.4836606131295,14.7840692972256,4.47115060734953,6.0514822510189
"100",130.593328729159,15.8895853185095,122.964265617285,20.2158239149069,16.9632312536282,4.85257671187496,8.8131232464097
"101",170.86834334734,21.7728046223864,166.523707881281,28.6658056645162,23.4307489599337,7.03205471999533,12.0366770762036
"102",124.986080522292,15.3508001964919,118.810398223298,19.6645562897248,14.8803382094287,4.44266577480164,6.57666876200983
"103",164.949748494984,20.1017262885608,155.73045730503,25.5877431818947,21.9936265830266,6.34487937983775,12.1170187355006
"104",70.4754275525877,6.9366358635089,60.9230924246626,7.93209599751545,5.50024980556742,1.49099989456911,1.949184994894
"105",159.887811914984,20.7958168264331,159.100150653954,27.9993278425097,22.510737536952,6.84049358319946,11.3835416895356
"106",146.306403813965,18.0038658529363,139.061276717024,23.1074592808555,20.541145973602,5.87795617146761,12.2250060574444
"107",113.035994087676,12.9246003383059,103.61252906611,15.8526237754169,12.4352124831812,3.53429545049519,5.57858690233755
"108",122.81458525815,14.8375582644912,116.014156438135,18.7983187388005,14.6409906275665,4.34612271910823,6.73133183716783
"109",175.160436740439,22.3077549102792,169.832889181982,29.2585085827392,23.3058113171091,7.08303502979954,11.4655642477615
"110",57.581251441933,6.73102180278801,50.4684765187512,8.03515692161024,5.0248198575176,1.46829914239021,1.66967163013891
"111",156.662788747159,19.082619901936,147.671448537623,24.1991295817494,20.5235598748855,5.98391267070116,11.025332000677
"112",154.853872261066,19.7330949764513,151.305525411547,26.0893564137214,21.5648205137709,6.40446139023981,11.272765505586
"113",199.075338016996,25.4676637481917,194.117046148045,33.400826612288,25.3684428956808,7.6648242169599,11.4324826777677
"114",143.383326681186,17.8180623692117,136.53074157285,22.9179329850052,17.8634769415383,5.3466906049596,8.30769401302121
"115",197.219719451485,25.9903075160951,197.793715054178,35.2225756608702,28.3513834076779,8.75829639566549,14.5374641195526
"116",119.765193866668,15.1773351201696,113.280664653094,19.6421098847853,16.4824196591598,4.79040980579162,8.71036700937426
"117",151.854959529962,18.9856200683362,146.315170066473,24.6936347659771,20.2414105377611,5.96426044717843,10.2921167738346
"118",175.439353855319,22.152707927086,169.877247721642,28.9624968578938,23.4433325441579,6.97521430462563,11.7211613914479
"119",115.683587023362,13.6165401381016,108.086145495896,17.0255831003708,11.4412318845648,3.37365832824978,4.20239567164955
"120",200.039929668379,25.9480948475792,196.917331336108,34.4928842508154,28.4294035476727,8.56146259259151,14.9474313506691
"121",87.6045980264172,10.3854415531259,81.1099151017921,12.9619800202272,8.93668741271102,2.59022123240147,3.35774342729458
"122",156.716826702461,19.088027435326,149.002115272626,24.4039805936317,20.4345324420231,5.88997654383688,10.6309134154702
"123",147.861865353732,18.7548872463418,143.644565141175,24.5847496501027,18.9392626569332,5.76115043901291,8.77430664312364
"124",148.146421668405,18.4815425245938,141.037295485461,23.8109103421136,20.103965950218,5.87446355417035,10.7801281135736
"125",101.056785375729,12.1130905183671,92.6723603003087,15.0905757978527,10.6383692545696,3.05482307224955,4.09322314689702
"126",87.7809932243183,10.8951720664579,80.8948613187909,13.7241132127409,11.0891637207613,3.16414212314671,5.31636295569036
"127",189.692888728136,24.5362393956158,186.744927001688,32.6879218142509,28.8525310563088,8.57286409413515,17.5918415107938
"128",126.615199079386,15.6685441473514,118.871859609452,20.006858953134,17.7520736608474,5.05569863507546,10.4562535804405
"129",162.422635100072,20.7517650254535,157.155394205361,27.2912495129353,22.2519734421977,6.62092653991403,11.3114691800259
"130",129.716440884349,15.3401552762237,120.663485027618,19.1432339695886,14.2895051932487,4.14869772719477,6.01258819159327
"131",144.145806766187,17.6128190228933,136.476707866083,22.3499600363249,17.5727045848532,5.36124769089908,8.36828185884053
"132",116.549291630228,14.3915131185576,110.603757130127,18.4969893771814,14.3831998242529,4.19730540445847,6.56303229478445
"133",187.843221634376,23.9250477974798,182.345550064842,31.4395234417012,26.6470425673521,7.90462862640177,14.6690261910219
"134",93.4195058608366,11.6483732630977,86.9530316159188,14.8057160742743,12.5761744891269,3.60627019055863,6.72058171543588
"135",168.437280078096,21.1439381170865,162.561439782279,27.557270868846,22.5194444988291,6.60127315472592,11.349521068328
"136",83.7399889804524,9.05200896991406,75.272235703921,10.8339364129577,8.29360967315575,2.29679652752888,3.48769959023301
"137",119.358817026845,13.7943794262006,109.253893894895,16.9712755796077,13.6665785436269,3.82677815342248,6.38389078323737
"138",133.62015193529,15.4656252691048,124.469415762679,19.1800957014404,13.0983794915169,3.79666431304089,4.8398524014254
"139",122.642548363489,15.0306951397542,116.630212573567,19.2812147699756,14.9258870912811,4.36936600919881,6.76869089905747
"140",101.857800891787,11.8471982720651,93.1872906397505,14.5598156324364,11.5142973082992,3.31705203734404,5.29137806852671
"141",173.021764589418,22.3702292344147,169.741063314999,29.5487139350656,22.2007260199868,6.94276024736723,10.0637616127416
"142",112.853701110133,13.3162017100359,103.968549596724,16.502933619257,13.2700692999137,3.87147761784947,6.35439163762106
"143",111.74050966035,12.5405287176113,99.6269417368544,15.0375152051938,12.1879254700892,3.37605471618967,5.68284267396285
"144",177.498298995698,22.3346314808393,170.586736108809,28.974833691956,24.7442042701051,7.27407006142073,13.6704006810902
"145",147.244017517264,17.8495376333663,138.503509385214,22.5847110139559,17.7965940960368,5.1943894243522,8.27055604092049
"146",172.548903916394,22.34887581561,170.426424565456,29.861776176067,25.1446512059599,7.56679044881497,13.8286043256881
"147",121.267552442045,15.3070862213108,117.419441871366,20.0451411884214,15.8482302755401,4.70108182413434,7.57373475357569
"148",113.291551481414,13.7248921775226,106.180753627732,17.4006269696667,14.4506313017482,4.12094205304272,7.3232954117027
"149",148.944180874427,19.197425290309,146.192804208864,25.5123819762206,21.765758078798,6.58170866793263,12.3610983602598
"150",104.173568679259,12.3924470397613,96.4087255760965,15.4676692813417,12.5356382484688,3.60032808896441,6.04870402813095
"151",132.540085818836,16.2071886443098,126.43963154606,20.7511650521673,15.332459243847,4.56893806751989,6.50307821304319
"152",103.009418346513,12.5179136364353,94.9080620559649,15.6882173168543,13.6272848883791,3.85532878982684,7.56161763377928
"153",168.554999347766,21.1554213896544,162.69005016712,27.4829154141558,23.0852082381064,6.90437396954651,12.4826466777714
"154",139.324110004286,17.7126006119661,136.289229226399,23.3151461731724,19.3835523685142,5.82331741475905,10.3130600253866
"155",175.655567928045,22.411074125991,169.65628345914,29.3864565278818,18.4043037939679,5.66458399117792,6.46448350197496
"156",105.938408048993,12.694700023086,98.163924046815,15.8802711993885,13.0206089408392,3.77491220124004,6.47139934243939
"157",140.638806221445,17.8865825823708,136.040680752247,23.4946698182194,19.0698747463929,5.67334315760344,9.60333297868264
"158",141.85553896144,17.4558620781974,133.988476781559,22.3059243289588,19.6575049977734,5.65159678145723,11.496921359187
"159",182.699872684088,23.4639947797098,179.135642915391,31.0567941033255,24.1066170230189,7.3510564349279,11.3780494757096
"160",96.9004458225798,11.7359158625101,89.2185015291659,14.6797799374978,12.2921248183509,3.49349266522391,6.29997385706346
"161",141.234548345835,18.1740697049951,137.819824157024,24.0769511791593,18.670873760338,5.6409563115966,8.76777035066308
"162",96.7844974587072,11.7417870146054,89.0808668847188,14.695953483892,12.9545822376223,3.62549034911622,7.37600330446621
"163",149.210549365392,18.4332239575467,141.257579798594,23.6495551501737,20.0959910059572,5.82079218232734,10.8505945947022
"164",89.9176760403401,10.3213196142067,81.2925696123352,12.5736705295517,10.2377240233475,2.84904980556434,4.85104452768929
"165",134.711697981244,16.6114314081448,128.271817313134,21.3504077520503,17.5445568630988,5.13690204691062,8.8902241382243
"166",133.646224841203,15.9699547039667,124.183811126106,19.9149186918334,15.9859230948587,4.69877467334475,7.68569290999777
"167",155.983772938445,19.3568288225031,148.640390562022,24.904023634114,19.5330982902114,5.84783806670103,9.19948518205351
"168",125.535654771391,15.1624604455408,116.577087944905,19.0862334505962,16.8563024226962,4.75430077889191,9.72889377710983
"169",150.297849113415,19.2261009534892,147.068269832059,25.4481844183675,21.1143746931901,6.3404831674618,11.2088722666308
"170",151.124364470921,19.0268247805265,145.868309931412,24.8195791563971,20.9880822295232,6.22456156957397,11.4505220786087
"171",123.122038679881,14.7027129627395,114.23740713002,18.4081453021434,15.919022938987,4.5025528171798,8.73551076840984
"172",147.591652949116,18.4406665634567,141.650003876831,23.8731915579939,19.8077524411081,5.89360780058016,10.3717014296365
"173",175.880825598827,22.4551955001023,170.954766480388,29.60957705574,25.9675693161303,7.68835042703526,15.4343473291805
"174",159.842785228856,20.4562279103802,155.885744304516,27.0528448057442,21.7047062406473,6.52139326004544,10.7895624907447
"175",174.860493526197,22.6826210384457,172.567909178245,30.3270216420754,26.5850779836579,8.02189313665799,16.04862615292
"176",162.550242608187,21.1897669558957,161.563210306056,28.4979732014968,24.0498648525216,7.4197394500843,13.5577750771018
"177",136.9340975988,16.8452158856136,128.851007796652,21.487592694841,18.1882269120676,5.23574938790686,9.68023757592283
"178",124.96831793907,15.5382596195365,119.390782169398,20.0737323811623,16.3693750472949,4.82979863347187,8.22608238606335
"179",144.708232609774,18.5451920994841,140.59492997545,24.4947428237076,19.4157633044014,5.83896102166263,9.42625955043689
"180",125.195438625423,15.0624287330379,117.055340797419,19.0007087588483,15.1095522535024,4.33913682410532,7.05933839070005
"181",55.0643794484787,5.14690257340395,46.2217083467226,5.71946750535654,5.04522591638763,1.29861581112171,2.64150822777531
"182",154.329172532197,19.4261531349201,148.542813425834,25.3133079394294,22.1179444589304,6.45927923801464,12.8534958097127
"183",154.299686792487,19.6814670903052,150.836522901652,25.9591722978656,21.9953193977864,6.64412122297914,12.2458664588729
"184",131.253706406859,16.6163501548596,126.010462686837,21.6776326166811,14.9500601713179,4.52911958066586,5.8546292191756
"185",174.292055894449,22.9176037006633,175.160406183922,31.1553235475128,26.7696577260399,8.1732119586288,15.6490478463651
"186",165.773860519397,20.720741058479,158.461008634671,26.6259430929755,21.5951383605622,6.50831635099516,10.8589313341273
"187",86.010524317866,9.41438758285928,76.5870413441038,11.212611969035,9.62413446592896,2.62667612528797,4.99471886201235
"188",104.953181305991,12.1687127409462,94.4935863193192,14.8176949465438,10.702437884657,3.04082732359914,4.19982939171544
"189",164.010831131396,20.4009985751258,155.323161579354,26.181022634921,19.7297201906694,5.87353853719435,8.63100555276371
"190",104.230017377373,12.118880818672,97.7312414791442,15.1433270385655,11.4577319779534,3.32018212329569,4.92801990678445
"191",152.750039139705,18.2781754025713,142.911249417022,23.0160468041493,19.7611283801243,5.60495583455789,10.7144641085381
"192",185.319508933552,23.7313829180723,180.667587573402,31.3110201404264,27.00221185265,8.05062366600712,15.5447811137809
"193",135.827627610378,17.2438240186313,130.538386827282,22.5257295022439,16.7727515510922,5.01716206355639,7.27551968301398
"194",181.229493912969,22.9155691371468,174.532765797178,29.8714441912826,26.3125847531638,7.70788272164385,15.6746012873308
"195",95.6454208384551,10.7873963700251,86.2506642177844,13.0502487861422,10.2414669592668,2.8726470471623,4.54416529539156
"196",120.895131004665,14.4220810098703,113.127506777683,18.1312861583628,16.0739033228767,4.53041517271721,9.33572044183849
"197",131.027803660898,16.5412758200462,127.224743128089,21.6855380436289,15.2655915292658,4.63116056791786,6.16318846481074
"198",145.017152258761,17.9334366846011,138.607482064058,23.1084322130085,17.9968039400646,5.32228908517822,8.31516038703714
"199",143.979793068586,18.7830532785355,142.510239531587,25.2083208577132,19.6215761755769,6.03639681255556,9.41053510229128
"200",147.448965163034,18.2188438095936,140.520047170904,23.4177464948373,19.8481750540265,5.81151389928318,10.7335036783727
"201",152.663251736969,19.1665395227986,145.366029735178,24.7176089373932,17.47482897979,5.28355799888934,7.03913742390176
"202",99.8540500338325,11.2242993892561,89.6320608732743,13.537958905902,11.4879748516818,3.14402742471181,5.84446827894375
"203",124.520169095703,14.9565762872058,117.844496701403,19.0089053830759,15.3518123770427,4.42814694702358,7.42036899411474
"204",99.5348724979796,11.1364776839907,89.6033188100688,13.4267142774107,10.4403505744264,2.93154412841716,4.5603868213896
"205",140.397525737788,17.5730046219855,135.959989755152,22.9472917209253,18.6974926776973,5.52214265924847,9.42106271410098
"206",161.399589295577,20.5814104986249,156.642167088313,27.0237176163767,21.9161587598718,6.53732925321032,11.0332950251077
"207",110.927946196146,13.4801356190326,103.983731128806,17.0897727554039,12.9642401174637,3.76168809531926,5.63393228756294
"208",140.823529576712,18.2930792089445,139.055877316816,24.4605210828015,19.2962475449081,5.91351708883098,9.4491372899535
"209",194.757104298022,25.0763415635256,191.407081358103,33.2071790381408,26.4387307183316,8.10212507733276,13.1063038156456
"210",156.362747581664,18.8904189307135,147.003961278617,23.6522167359666,16.3421718986129,5.12186451984655,6.43001684442311
"211",177.451259591888,22.9213175563392,174.769012004351,30.5685787621319,24.9657388384226,7.63489520854297,13.0191788710098
"212",143.65780752744,18.3822278907307,138.707416562975,24.1718742513376,20.7852732908245,6.13428561443926,11.7788794509053
"213",147.665652824935,18.6523968391031,142.505972925791,24.3911037038608,21.4640275265726,6.3072438388495,12.7769383621493
"214",194.601323085629,24.4630399021945,185.610150242567,31.536380718941,24.5218362051688,7.31250830751618,11.3437895566044
"215",109.558021669708,13.0184601696863,102.409859903389,16.3617814727139,13.6316943453125,3.89343951037302,6.93948832031393
"216",139.768567679931,17.3480844625201,132.71972854996,22.3308523918975,16.1074632115871,4.78555283790746,6.59977236375873
"217",121.966721482283,15.3253015314789,114.778221550308,19.6812561623582,14.3936338592319,4.30663757708611,6.03977229409254
"218",135.540201464772,15.490746763499,123.141167060236,18.7828670329872,13.8330142671474,4.04764518214085,5.67254652940652
"219",133.188281147536,16.6981770385419,127.780956136076,21.7000254945362,17.648790916277,5.22457682005329,8.85946258486368
"220",136.736205870776,16.6262468561963,129.512934932481,21.0900718548842,15.5867185494866,4.753618199305,6.68342431062093
"221",158.293027377109,20.3021305261753,154.794847439465,26.8618036864358,22.4167674826815,6.84045100465258,12.1674049814585
"222",156.163521064694,19.1278915194484,151.331300317778,24.7891647593662,17.7207718405829,5.29834635981182,7.20009219669533
"223",141.724184218598,17.6297491307757,136.207154660848,22.8656639866515,17.8646592161068,5.267189689796,8.30442226468023
"224",146.873066921216,18.5546998456281,141.880969066637,24.2696488158875,20.8407130336905,6.10607790260735,11.6752963704327
"225",117.18054335712,14.3533626865289,109.385814043942,18.2014024088101,14.5410577095343,4.18368718026804,6.87378173854945
"226",161.500375544739,20.2718691319182,155.310663662587,26.3140469779767,20.8631943863901,6.19688970882832,9.99779388295052
"227",176.458743054664,22.4483234697475,171.125687180908,29.5413768075672,24.4591808246735,7.29123297447783,12.8301348661603
"228",193.027113237136,25.5830570366668,194.468988187845,34.9395800524775,26.6651608415671,8.33301551691681,12.5510071221355
"229",102.217019087664,11.5687713378236,92.4876332330631,14.060638892587,12.6178791893643,3.44258861529891,7.32591953894137
"230",158.674179653467,20.4089618424824,156.420346022535,27.1117973937249,23.3113183881214,7.05127152870103,13.4461945244828
"231",132.242869503885,16.2166430218378,124.570160014709,20.6989468362385,16.9145626316612,4.86598581005614,8.36678769435952
"232",181.338372880129,22.8102747706402,174.516990584735,29.6386169117274,25.2853024703426,7.48169629052106,14.0136114021059
"233",138.668937798693,17.8477256429912,136.335547637803,23.729994612,19.9860294683687,6.04138368829349,11.010260897243
"234",120.504509405624,14.3135654963036,111.180591970704,17.8379958226589,14.7588804578654,4.18346649307754,7.35811333802458
"235",104.792958021804,12.2781262339304,95.2378396486749,15.0886271038105,11.7428104763607,3.31470301953909,5.18685190235169
"236",156.431596363186,19.6211392441202,150.451764111718,25.5531689743748,22.0820004085978,6.44622164201036,12.5002061767932
"237",82.5362115211139,9.34602751700973,74.127985330405,11.2864591777662,8.31025768131105,2.34192113824434,3.32993096270601
"238",144.035906287078,18.5688527316786,141.904675813542,24.7319910414994,17.6040972570503,5.43055739104923,7.33267542193347
"239",137.741163027554,16.9734270200042,130.608112345555,21.7469352576264,18.5477142987944,5.36720806051181,10.0777044720443
"240",140.638741186769,17.0097343664962,131.461384103075,21.494374476495,18.5119588257019,5.27684976136066,10.1475246335162
"241",145.389866883825,18.1041641527659,138.012711931688,23.2830332436361,18.2127474335807,5.42998665939768,8.50372182532642
"242",115.714311757506,14.1482095207549,109.200687695935,18.0502136678472,12.8688971066765,3.79131713134486,5.14218571138326
"243",137.190307049358,17.6140308299197,133.589856723025,23.2769552773915,19.028646806633,5.70825335542558,9.79298841345424
"244",157.724171473514,20.2632590034218,154.082530244721,26.8808561446812,22.3520375132061,6.68996938731474,11.9067202815419
"245",165.470062333787,20.7372251068858,158.524215969521,26.7647706346659,21.530616690438,6.42517560464081,10.6128688064927
"246",116.498017768587,13.8162368693141,107.642884858081,17.2230208799802,13.489720848489,3.86518057132528,6.09859736498395
"247",149.603919799716,18.8321635119245,143.998774835654,24.5027148659856,18.0058431959101,5.38466916436405,7.63286905372499
"248",107.165905000948,13.456483299334,101.119492743363,17.3131146991614,14.3599756997357,4.18526552881261,7.39917839719034
"249",150.195621306224,18.537330188101,143.001415815975,23.829947212179,17.9063895785396,5.26895114761802,7.75186302530297
"250",148.505852697643,18.9791486860117,144.068151585136,25.005696672552,21.5202446098999,6.33784067331493,12.1813339528406
"251",107.762594055784,12.6805350825536,99.7660065731289,15.7565370242987,11.7292809712461,3.36924022282597,4.87615083040515
"252",149.4741013615,18.124323704393,140.816813751524,22.9458052005633,17.8067973228873,5.29245552174797,8.14262562112908
"253",160.657890276488,19.6145793966144,152.410103380954,24.9702134213457,18.1695520004257,5.50680898320417,7.59807525208779
"254",130.055828411633,16.4446250265973,125.177227208567,21.4951396361507,18.5372267727084,5.44733092431853,10.5099939987081
"255",164.791677150187,20.8140372880518,158.863893835293,27.1549687206616,22.6767766377419,6.7269487729571,12.0613591469918
"256",141.409303278253,17.8898997804687,136.615273961045,23.4281816389052,19.7285305597413,5.82864163212212,10.6486052394479
"257",167.34264845265,20.7847099479017,160.411794850695,26.7940430936,21.7650353482111,6.4204561341445,10.8462522850493
"258",152.595876219919,18.8550046843825,144.921452388669,24.2320685089067,18.914189494264,5.5432205117981,8.70952896672567
"259",115.464787798814,13.3412152997513,107.229588982024,16.5558622319712,12.3975328323873,3.53887700549496,5.18395517602942
"260",136.312478744121,17.0493287546174,131.808648792762,22.1606595518078,18.1201363126423,5.39417361834401,9.22481696014591
"261",153.79344017349,19.1435639601066,147.299978467877,24.7262070517016,20.8437132768879,6.16137678092786,11.2324729408141
"262",124.664839160706,15.5242121430471,117.169229613188,19.8860546339947,16.4929821777522,4.75799101178092,8.43007557070314
"263",149.407178659323,18.7265281357048,143.878192358172,24.3301181479078,20.5988843660519,6.12428050132265,11.261479046259
"264",102.393432821858,13.034617071555,97.130617849208,16.8980440456404,13.3970572510194,3.94733410456602,6.39044093393443
"265",166.59942891042,20.6273383205466,157.349637166306,26.3667107591556,21.9896526157225,6.37000240450685,11.3886506323459
"266",103.828102481705,11.607218043566,94.4319346526287,14.0424534447107,9.79793465365555,2.83169696021001,3.68965524267624
"267",152.568693279365,19.295275094994,148.617333116169,25.3946486290753,19.9698445191323,5.98180991995215,9.512357847539
"268",124.846933330291,14.873061455874,115.661628935135,18.5995591026813,14.4362985893303,4.13937486488478,6.43290300688864
"269",194.212918708369,25.0759806913338,190.958772028165,33.2930338842061,28.0967979516796,8.46968311416689,15.5182178842414
"270",99.4882149607839,12.232224970704,93.2115300459627,15.547964730728,12.2466493811784,3.55242777369633,5.67548785505867
"271",108.243184956806,13.4663326651784,101.243044157493,17.1852599684747,11.8108537114422,3.47731780304511,4.49448576471974
"272",106.684749189666,12.632591684647,98.4483678558583,15.7197059097355,12.5445556849339,3.5922947477868,5.86420044384077
"273",151.944914381298,19.0853229300945,145.705979436683,24.6536064419813,18.155274925883,5.54143981798755,7.7923783674503
"274",155.198756247127,19.7246510279434,150.344630599717,25.7185010984678,16.6837816139042,5.22363834197746,6.15423843833786
"275",186.277695201724,23.7775748846579,182.340319527119,31.3938257970069,24.841159527241,7.4185739790266,11.9698024031771
"276",189.83408110234,23.9931219521221,183.56470853702,31.351603357904,25.6405797716164,7.62629992723413,13.0771308080004
"277",85.2218793321647,9.6753121839936,76.6151463907487,11.6879516843103,9.12625862328932,2.57483959672371,4.02598784978937
"278",106.066350771589,12.4264535230894,97.5094627267336,15.3995909577996,13.6059103047191,3.77052320871986,7.72724446528683
"279",121.859118300916,15.369375806909,116.325602694926,19.94068770606,12.9780166142758,3.93927806439425,4.72570436019956
"280",145.959294315876,18.3047810180138,141.218167036799,23.8715096700798,19.7020727200223,5.81923063696231,10.1821848941462
"281",127.895861577367,14.8483011005853,115.894837867557,18.1438402998465,15.7712290363271,4.38917855125708,8.60041400554672
"282",93.1914969569856,8.99850404381858,82.4920256445153,10.3954855471025,6.98665427083919,1.93275257302668,2.41275800505356
"283",136.786355366002,17.3665815857128,132.669526053864,22.8215381756238,19.5153239958959,5.78041397019261,10.9300694448378
"284",147.86308846462,18.9499416253576,144.280037075155,25.0864542333049,19.8054022689597,5.97847610145478,9.57339719898229
"285",165.69869602923,20.9420637170376,161.171975350835,27.4684774600187,22.6764686165487,6.73313788317257,11.8028796356546
"286",126.58263715871,15.1089352480193,118.004381258312,18.9780158911389,15.8335256340644,4.52011609020662,8.08612580558425
"287",140.570631514345,16.6626424306699,129.804175550139,20.7094177488357,16.63352524313,4.79668859399992,7.89848268893679
"288",161.610173094817,20.6632577773138,158.717051848917,27.4224472196702,20.8665424237561,6.35438002661918,9.52811192486963
"289",118.993312821226,14.5202951182713,111.599784666655,18.4427063306639,15.8168017678686,4.53305869965664,8.62481885099538
"290",125.472827695498,15.1472307062817,118.707648273711,19.2203663805158,15.0474837110996,4.40553216399385,6.9269894087488
"291",135.249296180025,16.8317396668655,129.076899303815,21.7494491943301,18.5426937290852,5.38570524086515,10.1186972618312
"292",155.949909499036,20.4140611357268,157.317081751642,27.7810470088238,23.0954485848619,7.05715348247875,12.5779024307245
"293",156.155133302186,20.4140481623945,154.760599900425,27.4847330372,20.9074603067816,6.45004547990834,9.66878848390201
"294",113.242190428757,12.6842005014283,101.584032466296,15.2637196311174,12.3325544597214,3.43862301812789,5.74361177459068
"295",158.981032142194,20.0072611813623,153.507364389031,26.1546466559243,20.3119488697361,6.02387935719308,9.4013539294353
"296",96.7992143647089,11.8959000195952,89.1745262805419,14.9382745729678,12.6394651682957,3.58392276899947,6.61825207422643
"297",136.889226440667,16.6742383674978,130.355657556396,21.313415576195,14.6768274903173,4.36841406998723,5.63020834891706
"298",92.9992118227726,10.4733036188412,84.6629417379575,12.7335230966145,9.74718967643142,2.7789456867741,4.19357899410005
"299",147.944990615538,18.2304891257625,140.557253126357,23.2837197704461,18.3883793417034,5.43141765600499,8.66127202469815
"300",157.771504459715,20.2619541881858,154.446599967686,26.8565139497216,22.5050704790078,6.79465693258179,12.2481389423577
"301",161.419910035676,20.7155089842842,157.718952395956,27.4125270875552,22.4744522890835,6.73964493041461,11.6386286440808
"302",168.751491838531,20.9735951037056,162.367456538806,27.190345974768,21.025966486193,6.21658454590247,9.601271197971
"303",154.972597872806,19.5543874001739,149.334115431151,25.46663133023,20.7111202155321,6.15916333513024,10.4330044333357
"304",129.216988530336,16.1724123442205,124.341021022397,21.025325771669,16.1814877249322,4.81775036476478,7.3703119938136
"305",116.166840957177,13.9601827203862,109.165543573534,17.6060572439889,12.334299367264,3.69250960999909,4.83767913074146
"306",148.930757278708,18.1378281199449,139.429225486443,22.9802039297937,19.3842946323631,5.57018872763579,10.2157500324426
"307",63.016686004839,6.50577680690281,53.9349359263605,7.44128610160384,5.72136786643489,1.58221360276084,2.38979121846807
"308",122.403088801246,14.1239697118365,113.445667466753,17.4705237511084,13.8149998288802,3.9445917577002,6.32228390973746
"309",151.064358317431,18.3888374069978,144.816270387009,23.630243307042,17.1531718994762,5.10427721022074,7.09500974511509
"310",145.237609064605,17.5218449276603,133.941863077443,21.8641712493102,16.6078608394131,4.80673964251963,7.17110645257963
"311",104.29684664846,12.5752593390483,97.2386482696859,15.835209254261,10.7952504226815,3.17079042913551,4.04136156725428
"312",123.492317360424,14.1515195334213,113.887162742883,17.4172222610234,12.0413757433092,3.49367579253051,4.51671126876267
"313",126.537471718982,15.3639048482933,118.94209018084,19.4625774422342,15.9997796206829,4.63214347351303,8.02238088794646
"314",128.109117330342,15.547579348054,119.820103629691,19.637212988172,16.0745981858043,4.67625274986876,8.00584685149327
"315",104.720275101933,13.3310935230052,99.3620072292027,17.2809806799823,12.5456039572805,3.74350767656712,5.22006005665574
"316",125.292665740775,15.1186885109655,117.437285840639,19.1431229407635,16.6018742291104,4.71394063464434,9.22211597793796
"317",134.236914504676,16.874352988216,129.773690554087,22.016528846258,19.1322196788402,5.6365796966087,11.0612825358743
"318",156.359528561351,19.5784974067313,151.144938014261,25.4750717863175,21.1244809452086,6.32684709751792,11.1116572189672
"319",143.710887020713,17.5003266742183,135.767380268856,22.2546016058568,17.5158773178063,5.19010457676532,8.20113413339628
"320",153.280056724529,18.7330835734753,145.777531409063,23.9246934409661,18.807309523297,5.58530990539149,8.81615044595729
"321",175.619025286976,21.915358479572,167.249708221203,28.2863926563513,23.0394886598245,6.73788725416603,11.4861500717058
"322",162.730303503886,20.4477795442198,157.587914206826,26.6812825425012,22.2991398358775,6.72212086771498,11.9893767659576
"323",125.133425659903,15.4677146321597,118.614954404978,19.8391499311178,16.4168842760601,4.79759760587151,8.43079465371371
"324",156.64540907592,19.7869866357679,150.984820502402,25.8444392019152,21.377314267202,6.32919980147276,11.1320176531262
"325",115.896426520724,13.9575738817431,108.623818761384,17.6423226378978,13.7542030174045,3.96519678018655,6.2186992147888
"326",184.760946116087,23.2048010076972,176.866864872258,29.9842585646201,21.2618919771541,6.47819706329016,8.62297035403873
"327",156.79119905076,19.6203384013921,150.698387115576,25.4292542428413,19.9448267858399,5.91218809858737,9.35224244095834
"328",73.4958574475975,8.11740397345064,65.8817786242263,9.73765840323223,7.27369824756223,2.02324673042446,2.95199010756949
"329",96.5659857620882,11.1081026822531,87.7728017050088,13.5880863059738,11.9706286061083,3.29572649912294,6.68949342180924
"330",121.139808411033,15.1465385809003,114.201943669805,19.4589409277438,17.2145347554351,4.91572697844467,10.1029706394171
"331",108.087496131243,12.9979420468725,99.6438205447897,16.2440486552324,12.797271369528,3.66035305936793,5.85179788229994
"332",142.035521524661,17.5730460274523,134.594151617162,22.540942941549,17.6559617255057,5.20637587448109,8.21579168824032
"333",124.493636173397,15.5186906887094,118.33573267393,20.0099175278425,16.8154591605056,4.89692074365553,8.91120276117817
"334",95.8030784544173,11.3159032940478,88.4225661976288,14.0906101049772,12.1368966362783,3.39912794250069,6.54389703167087
"335",118.443682127821,13.8352433066667,109.643208472276,17.2029721606668,14.3673948794751,4.03392146366842,7.24970177977693
"336",151.192299836307,19.2782762500995,146.967442064796,25.4007162132538,21.3114639274552,6.32381711015711,11.4756479961366
"337",141.568618034773,18.0601823550897,137.575061841447,23.759429348929,18.7024090459162,5.65825245929297,8.9954696033749
"338",119.489278568199,14.4296611717655,114.50172012922,18.509294024059,13.0881613920409,3.90250864855937,5.21561180573166
"339",139.121817912387,17.2328902611393,132.651834359776,22.1682035512712,18.6259715879382,5.51995143875977,9.962557174275
"340",186.473081581898,24.4977596097632,186.293920327559,33.0552184951947,27.4187726423368,8.3481719293836,14.7723435252929
"341",174.965783844737,22.2307565867044,169.62281995873,29.0453733547562,23.778090528921,7.11885866446106,12.2010140188261
"342",147.628689207588,17.8205162109585,138.023542525648,22.4716001541867,18.4321609182853,5.31243805793757,9.15824481004268
"343",112.137919760732,13.8732670794858,104.955656135701,17.6834368391427,13.6605615319026,3.94665768666435,6.11275100784879
"344",98.5281677628827,11.6122965412725,89.5398280835991,14.2926132315922,11.4356283733016,3.24019325304133,5.31911591639576
"345",118.344344970305,13.8699485267613,108.965936768654,17.1915176961844,14.2129255412326,4.01692392816086,7.0467515629733
"346",171.261699657378,22.6063386081988,172.439979668173,30.8873531287664,27.097543326249,8.24914560798511,16.6431193571969
"347",154.251390395504,19.2900281037031,149.107994829838,25.1739424343345,18.682460916557,5.59672552969243,8.06840036599993
"348",146.113499411287,18.5402064310049,141.522828855261,24.3533922090122,19.2785430322566,5.74736549177477,9.27714629330777
"349",145.661947641131,18.433159890846,141.168122779606,24.1791331472783,20.9592932591536,6.17789913067716,12.084309459944
"350",74.1492329377286,6.64481543611692,64.227348178736,7.4616679893456,4.43753665128115,1.22870762130214,1.33203380039429
"351",121.067472263622,14.0122185645468,110.77107802436,17.2065352915449,13.110814637534,3.76123078620132,5.63251628602869
"352",175.467519317052,22.5001234924571,171.907511263017,29.8187675711898,25.6889322036491,7.68020427306243,14.7625090545974
"353",162.091247125559,20.6985471836365,158.375673039896,27.3712522106226,23.5983278630889,6.99691910743257,13.5149831518133
"354",149.693553097114,19.2233000186143,146.719722593374,25.5246346309828,20.1767924704331,6.09738676933601,9.80195318018358
"355",155.447733783803,19.3106382116699,148.68536868034,24.8308659085448,19.6367074301076,5.95165101653949,9.445662667725
"356",191.500008644963,24.4509861060758,185.889604208091,32.0094242463977,25.5487748970479,7.76678522525884,12.6013856328655
"357",144.742571846526,18.5511256181094,142.853962060666,24.6893340574553,20.9071634678431,6.26191430243549,11.5874922587432
"358",162.102474856176,21.1244158429548,160.366629182625,28.3430041204488,22.4591953859182,6.84946426748865,11.0600744057351
"359",158.004770203847,19.3603850249395,148.657091806228,24.5565827995603,19.6866723698953,5.79775073539148,9.49878133200002
"360",116.371266559814,13.9143644067063,107.95026999428,17.419693671156,14.6866120502549,4.19633114198814,7.66667305619123
"361",133.305525563083,16.5411156776269,125.673047816077,21.2022601392981,17.7849924345606,5.14967040178273,9.33554866800151
"362",138.952586700969,17.7595676738228,135.557719808608,23.4696323307979,18.6950489709677,5.5974591884549,9.13568962501668
"363",121.025313411144,14.4295966515079,111.906609307353,18.0207373487866,15.1123465120619,4.3087842186908,7.78183625493091
"364",150.899945555649,18.6271546532871,143.547376505644,23.9079961448042,18.6204450506206,5.50762781292618,8.58084175776262
"365",121.874246388252,15.489247704109,117.781590486899,20.2980098585768,16.4150273867638,4.88091570823988,8.20027041051394
"366",152.748088879933,18.956765515501,145.885433382943,24.459746804566,21.7826086858915,6.29819393173714,13.1479850166813
"367",161.135695530475,19.4286144629928,151.462145578262,24.5102664433985,19.6358517235978,5.65137570516928,9.31402648692068
"368",129.558202430373,15.9629156274556,123.295795606955,20.5070655325647,13.5197342448815,4.05868123923839,4.94364095381424
"369",171.859125178816,21.8616200279441,168.014564401565,28.7925446003018,24.1357474213949,7.23068547381982,13.050702115208
"370",111.320924603108,13.4347810977731,104.247189432176,16.9359756707837,13.6582126985996,4.02412980639107,6.65684016920157
"371",153.897178778313,19.6560940663623,149.901394320532,25.9527219736738,20.7753813791642,6.22367596206784,10.2540163133288
"372",202.325394943197,25.7634584760913,194.817155788079,33.5749849698499,27.705349224924,8.17683015270384,14.3130280113852
"373",167.518886661165,20.8835716331514,159.392879288032,26.8791515885716,23.5477423560822,6.7953346434717,13.6396653367745
"374",110.104076842925,12.3240315763274,100.862316102139,15.0318739583169,11.097763958554,3.14773331381473,4.49741578995021
"375",138.996258886961,17.3749371436128,132.304917980395,22.3849820502401,17.0666098456067,5.14044264094741,7.68615192063728
"376",132.544378227886,16.8450835382635,128.484277768708,22.0605739038572,16.875945536294,5.26203589336787,7.85208433171609
"377",153.657641505879,19.7862533964376,150.856567210584,26.2321251624637,21.3020498242965,6.53629530571318,10.9864681745508
"378",95.1754866751881,10.1298404667231,85.4030228222859,11.9797339349206,8.39751713793201,2.41769109529828,3.15389558154961
"379",87.6164516795328,9.85701954378517,78.6963506585372,11.8902924980361,9.53872734496898,2.64891215319124,4.37441032037026
"380",146.060989563966,18.6368613514052,142.356614680096,24.6232369623976,20.8051092413533,6.17181361690198,11.3911036782892
"381",145.207463469622,18.3889279071317,140.434638070346,24.1231507983132,21.4794039818331,6.26385238765344,13.0833076980778
"382",180.26121723324,23.3695504967834,178.318820313843,31.2252994070455,26.2468197867444,8.00620149954505,14.5418704656887
"383",112.287268197789,13.8903195869787,104.819717787639,17.6597401286874,14.1699308546047,4.12812749631474,6.81471032744718
"384",176.895108952445,21.7873678264704,166.812993893897,27.7425154944805,23.4962992244587,6.80218858874527,12.5911769909774
"385",176.74487918087,21.7215972918778,166.90070755283,27.7022615466745,22.3781799301159,6.47285245836691,10.8582735745881
"386",115.452870418522,13.5225800925647,106.907745989929,16.8182289469382,14.0319049895212,3.93009259172992,7.05470201912873
"387",144.325762167485,18.316489440119,140.29322696101,24.0852420559574,20.2517096696728,5.99302081148827,10.9224204773923
"388",144.640731111115,17.446420484137,136.021188706277,21.9105223556698,16.4436847992898,5.02983191764357,7.20584938704362
"389",147.919986877622,18.7877287500782,142.937475659259,24.635261785104,20.6094213711075,6.09296089782153,10.9836357575793
"390",150.301847808171,18.5358730016584,143.009108372654,23.7721725234541,20.0360800222883,5.89911485934092,10.7431099414686
"391",126.304981348696,15.7541471351324,120.291209408474,20.3131720181032,17.066638157665,4.99372388708104,9.07352115340844
"392",89.3998359841046,9.93728270099346,81.0700418992064,12.0519181623759,9.65956714563108,2.67250911747033,4.41866996993681
"393",148.450341778506,17.5280817665751,137.38800294079,21.7728497565178,17.4560760285426,5.11271829997608,8.33467034138779
"394",148.398166666594,18.365376209888,140.432796272889,23.5490435767952,19.5743532185817,5.76011601619482,10.1840772070982
"395",142.839668843207,17.3329194094878,135.862335659657,22.1566583296452,18.1977101848597,5.28395790179328,9.14813779619916
"396",157.074318483869,19.3846875786738,148.282281060408,24.6673998919669,19.903200492079,5.88934752217334,9.7644246992429
"397",121.060603913788,14.2254290432425,112.996160631933,17.7670081525205,12.6510102754721,3.71617976587364,5.00160774514693
"398",135.70860200105,16.800104665212,129.664364578619,21.6843826783889,17.6865693651855,5.1749657405106,8.8411462530607
"399",86.1256001530132,9.75579763826026,77.3763172275229,11.7874255874471,9.79558156471949,2.72783132551921,4.82403578073648
"400",102.860266826772,10.7208572590068,92.4573926864897,12.7295630956627,10.1512131297051,2.78813478824251,4.55075201613883
"401",136.215284192248,17.3319892222451,130.620388138332,22.6288637083714,18.0794707357617,5.41031224756443,8.84823684285235
"402",65.2062519662808,7.18731936791687,57.8839797811222,8.53792884569054,6.40841709162372,1.8215842287332,2.64564399281286
"403",109.437499523314,13.9427111065898,106.00701569228,18.3385260023794,15.8732226655012,4.64403429362656,9.05755181627235
"404",128.86237328857,15.8769936811341,120.769428833046,20.2119277821554,16.9293827491041,4.9208248493127,8.85577961899059
"405",201.649956657514,26.0134736690819,196.543810173759,34.2928177463904,26.9860436174376,8.21000559332691,13.0016121218812
"406",91.5162147932135,11.0475490673421,86.3805065463323,14.0461611172317,8.99131227051113,2.66153728022972,3.14953805557718
"407",125.512961904873,14.8472687707831,116.489126854422,18.5439024625068,15.575290196126,4.40275327771343,8.00095696621869
"408",144.631104193965,17.4286566364721,136.850241420731,22.1025270179239,16.7317924708446,4.98379972323919,7.34647135446752
"409",140.100894387521,17.838790802487,136.135864384909,23.5034434610443,20.6842816554594,6.06762357934269,12.3176542928939
"410",101.156783860543,12.2899742889091,94.2585252407443,15.5112320101097,11.3264494353814,3.29369213217573,4.6334719990732
"411",133.493810258251,16.3739106997308,128.052176936435,21.0772260734022,16.3311510153337,4.8102927058094,7.44561745245595
"412",134.248304327287,16.6426548283941,127.675448486157,21.3938297515982,18.3321573745913,5.33960436976241,10.1155889861996
"413",122.001912382277,13.883422943864,111.521472336868,16.9242701952247,13.3049067758763,3.78637806119302,5.98179602847887
"414",135.123689935869,16.0651866776414,125.901251661349,20.1585768206405,16.200101549215,4.60503535634001,7.65652176578571
"415",78.0602176858241,8.16660075644998,69.3444220265418,9.54017831893588,6.2138693036744,1.82957305534064,2.14776791098042
"416",163.965983766121,21.0665928410694,161.072427311214,27.9992835021444,23.3746868251306,7.10811138733667,12.6896324304343
"417",92.9589655242752,11.5492648012985,87.0360854327247,14.7138812290869,11.7922038780026,3.41565816365207,5.64130338191673
"418",166.117908240602,21.4872998072823,162.440475749092,28.4747149747672,20.6172257723103,6.3678032325022,8.783407040607
"419",164.05551157919,21.4166926794864,163.076940449986,28.8337371811587,24.2457552989853,7.42058176811758,13.4931527398808
"420",180.541863837957,22.9186518974873,175.142488829135,30.1239701506635,24.7485775741658,7.38831550312729,12.7917423846485
"421",138.256266859026,17.0836000188856,131.318437122285,21.9361266230469,18.0699992789981,5.2909607493696,9.20368606372426
"422",152.538189108526,19.5258710653869,149.798861169971,25.9123038308618,20.8925204885665,6.29956062392338,10.50713896186
"423",101.113010844239,12.2901378735132,95.0908451004194,15.5848966833116,12.7662148569094,3.69421556295692,6.35516884266788
"424",157.797371065621,20.1289303598563,154.224243324005,26.5414855935657,22.587445404403,6.86231622949644,12.7366613986358
"425",160.066242268573,20.3197397556754,155.541588849464,26.6268780380275,21.5303980713936,6.51505883055905,10.8655851812531
"426",98.442964533955,12.1062624256812,90.9995277344444,15.2593897527523,11.5237549144493,3.33867766535694,4.95617199036467
"427",203.349398420386,26.2070667503298,200.582294439015,34.839771889268,28.1824277074233,8.5162785940959,14.2979454428669
"428",160.732993383115,20.776984223418,158.672976644118,27.6711762262995,22.7048779280514,6.97604188863553,11.9800343685968
"429",165.269608643544,21.5055626364294,163.564666155825,28.8417044797779,24.6380751893431,7.467330658858,14.0749554269547
"430",149.830997440146,18.285011286421,141.546952417493,23.2307080715915,17.5226064586024,5.2660104843609,7.69909983800111
"431",124.893589161692,13.9112485489198,114.271761371224,16.8762761137614,12.1845846143526,3.51997497104689,4.81448849779193
"432",128.277417323653,16.2359767883019,124.925219303321,21.3669790640738,16.702316312664,4.97477572950809,7.85305888420801
"433",66.7257632127983,7.3651990024633,58.3951321066888,8.6816377866842,7.05145558595589,1.92237653089948,3.25066813638171
"434",110.909642949665,13.9281171838035,105.425801843538,18.002583852648,14.7622772421743,4.31433230901333,7.45643912037458
"435",161.233038119286,19.7751573319732,153.840914008996,25.2690692751116,20.3911306437923,6.02871585321537,10.0077188651292
"436",102.319091479474,12.4357376205698,95.6267288561628,15.7431046400991,13.5889199268107,3.85387287729176,7.45860385788793
"437",179.125661020925,23.2022618030275,176.978018961293,31.0012743629888,24.7271481412077,7.56475676659269,12.3290464360931
"438",131.090370498333,15.9300143049036,123.622680351845,20.2539191882335,15.8140878384547,4.59445568786593,7.21728171970491
"439",172.744870282049,22.4801012998647,171.858457714266,30.2307745534011,25.4963606620878,7.6890323532799,14.1454027466286
"440",85.7032781186369,10.1162574626001,79.6995381491684,12.6583799932646,11.2506523998962,3.13301469259121,6.51928231817427
"441",187.317036492575,23.9604462240556,182.324649263157,31.5742019039356,26.6730429783183,7.96687901416675,14.6709464956834
"442",122.770044144599,15.3323546550283,116.953067916033,19.829012034593,17.0970891059685,4.94129371265777,9.5523210415799
"443",184.190007121013,24.2271005770256,184.45043671194,32.8624636140003,26.9298704650222,8.3364749623098,14.3412532633689
"444",129.715161147409,15.1819242475554,121.061139551873,18.9558730720406,14.2242415808227,4.15525295540864,6.05474359215725
"445",166.480184591131,21.1345887472226,161.008041626906,27.7014176027192,24.0793311869202,7.12472584103529,13.984249549005
"446",171.031326650941,21.7411985603197,165.186063426631,28.5190172786646,22.9420232973072,6.83976170208823,11.3672673500501
"447",194.108993841928,25.2926614134558,191.599164613669,33.8198381081851,26.9609088100281,8.1629341142187,13.3521387107264
"448",106.652438316119,12.9956342291374,98.6166473387781,16.332643486283,13.3858585094277,3.85289687712905,6.62647828210416
"449",125.786072790771,15.2001771858353,118.210935958093,19.2366578061872,16.2798412946551,4.67914598989405,8.63592409413875
"450",90.2119378151597,11.0241593083248,82.9230345084413,13.7894598939759,10.1523377839803,3.03026331706287,4.25843143443013
"451",144.305449419694,18.0450311657609,138.209068567467,23.3478400841262,19.2736257790687,5.76336841515729,10.0149949587873
"452",151.031129812553,19.103501654962,146.393593187287,25.0460123238674,21.4644434559453,6.32389844173055,12.0234904515956
"453",139.419271798168,17.4427637507237,134.220369376513,22.6776499573193,16.784607389741,5.02680943599081,7.20563249177961
"454",139.437551616754,17.1905099449378,132.783822111081,22.1127094070786,18.3678326457682,5.35182956643613,9.49104654461961
"455",156.554848361754,20.1530697245967,154.983701781262,26.8252853962986,20.1598774584066,6.22159504809933,9.10139998200662
"456",103.042368556863,12.329786304443,95.3995882983062,15.4343472937114,13.4276597043942,3.78680338926842,7.44752498062727
"457",179.203206442289,22.9523188226939,175.579716329435,30.2910986125613,24.9701096228841,7.51198805902751,13.0779187735959
"458",159.950921578527,20.2304159219866,154.223734798828,26.3408350243537,19.7972764346427,6.07068183632212,8.82694673335094
"459",169.369340650639,21.2956856721963,163.653017375258,27.6623789279782,22.4323659573736,6.64104888617798,11.194182311454
"460",193.091066295331,25.155452740701,192.534687600381,33.7680201727123,26.8039206061331,8.22878086356971,13.2873362266381
"461",143.621931511203,18.0955596135313,140.013255127459,23.7943778230166,19.6752611073692,5.82123640194339,10.2480937209028
"462",153.360217737075,19.0251611028198,145.971055546562,24.5313596597606,20.9146492994737,6.06151010868827,11.3898723614154
"463",118.847071849867,13.9626930037702,110.892749047191,17.4272391893123,12.2259919116601,3.55496057169396,4.70042836736344
"464",102.443271643785,11.1717165754512,92.0871700715639,13.2590232054981,8.82514570772089,2.62717195644196,3.16213249123821
"465",110.957401577281,12.6332022069229,102.156326010509,15.4945992550893,12.0717186925631,3.52511295254776,5.43818440280309
"466",106.674662542622,12.3612439169723,97.3986383450528,15.1734302617914,13.5551641531072,3.75289118726636,7.87897307649997
"467",175.834748429097,22.9698071972146,175.201868306679,30.9817807914835,28.0168991510494,8.40719781847228,18.3522905510836
"468",158.281562091204,20.1838654999216,154.050673487304,26.6472244047287,20.1640492482814,6.09595560955805,9.07274133472997
"469",144.374891783324,18.0323751538109,137.947787249428,23.3140203962753,18.4886623921032,5.49545591806639,8.84726001779683
"470",196.347000845415,25.2814425925952,191.636791513008,33.2019953567353,24.7910985880792,7.64881286545275,10.9812318286383
"471",168.340375156381,21.0885708672229,160.202894092137,27.1478938037113,19.7708647933772,6.02701350983743,8.33364584230587
"472",134.86936199805,16.1656118855435,125.845932061162,20.2938525610899,16.9678032971164,4.91142469395873,8.77571853145752
"473",153.201331118778,19.7969396004019,149.966777100194,26.1805846217931,17.1926155796007,5.39199386219831,6.48476785142282
"474",115.339436987124,13.7673119840927,107.49899418106,17.270085971791,14.676862124089,4.19477535239574,7.79511876585492
"475",137.365056081289,17.0691717257739,131.813882757961,22.0673138956881,17.6660690322381,5.24833349861106,8.60763488525759
"476",144.814828878576,18.5497687372648,142.179342723955,24.6270518301685,20.5584506856053,6.14316025516785,11.0300882751184
"477",184.551243885577,23.7933298852778,181.665616431199,31.6591918444126,27.3559242430893,8.19385354654182,15.8987284180902
"478",152.61003831354,19.2852403715137,147.700564570605,25.191010552871,18.6438978636248,5.6000273752259,8.01780449124929
"479",158.50809913276,19.6377554536023,152.50556648044,25.4109247207881,20.9279518335003,6.15468188550162,10.7046161053956
"480",146.3401685809,17.8600964135503,137.89968908271,22.712087883484,19.1869469799445,5.52839389191943,10.1665810371383
"481",149.340551001718,19.2396542959575,146.94878279163,25.6372230082044,21.8094799098651,6.5697945317268,12.2653984042252
"482",147.187146985009,18.8409334523917,144.442818119148,24.9455165885815,19.787882447983,5.98975228120536,9.67772723001158
"483",119.794615383751,13.6476341011192,109.982366576624,16.6235221324079,12.3251474608435,3.70305114427093,5.19009213535621
"484",179.86289599898,22.6299573526337,172.507616086824,29.3208867891801,24.4263310551165,7.15763247693986,12.7742849544703
"485",175.836854175269,22.3238581237504,171.080623887694,29.3571996977922,24.7984562015784,7.40648779924218,13.6088043355198
"486",144.618518698696,17.6845434324658,137.464378440298,22.5744591905367,17.4359100196617,5.25655150883911,7.99096744229134
"487",137.043322351682,17.2808769765028,132.297086524774,22.5482210226514,18.1333521825497,5.45618155494748,9.01303951385079
"488",187.377453546513,24.2786740823213,185.124507604064,32.4591963274277,27.3258728435331,8.25489504277665,15.0527840711938
"489",173.458467859448,21.8608245295352,167.993888528468,28.6357594799886,25.1258318847526,7.3232427877405,14.7764039336454
"490",142.064833945222,18.0782557725868,137.837286334617,23.7704934742449,20.2460661992831,5.97064835309483,11.2042154540636
"491",187.962699894994,24.347278197851,185.648741813598,32.4897445980789,26.8656773942111,8.09293720646325,14.2279310886029
"492",144.759322543267,17.9251570037047,138.595538600134,23.0873583939501,18.1139448801779,5.3857097806766,8.49394822131322
"493",166.948270112499,21.3008592629681,161.255464859999,27.9585379500226,22.6225147972678,6.73663510791256,11.3270083975203
"494",156.26483334432,19.5691038348025,151.233065761701,25.4758609981037,20.8449257900863,6.25272990590874,10.6844137050564
"495",157.397998855033,19.736348474483,151.69325948842,25.7255347322211,22.2472066118671,6.49436252895615,12.6244716519839
"496",149.808666981795,18.8639588569925,143.648263750547,24.5740648945118,21.8075834880028,6.3177580139626,13.1036646447447
"497",198.949843840608,25.796442585745,196.33192437798,34.4323078116641,27.3846035491941,8.32395114703491,13.5206685840648
"498",118.267904603937,14.0981463990688,109.550686780457,17.6145858242923,15.1624250902132,4.28674648066861,8.22797369547137
"499",115.94249062418,13.2575121861219,105.581996145763,16.2155680225568,13.1440676517329,3.66079224163994,6.18638720989128
"500",162.863829961255,21.1065013491034,161.766299281614,28.3151809973091,22.6446275588708,6.86783757591247,11.2966206130486
