"","age1.R","age2_no_comorbid.R","age2_comorbid.R","age3_no_comorbid.R","age3_comorbid.R"
"1",0,3,0,0,0
"2",0,1,0,0,0
"3",0,1,0,0,0
"4",0,1,0,0,0
"5",0,1,0,0,0
"6",205,168,16,4,0
"7",1,2,0,0,0
"8",1,1,0,0,0
"9",181,138,16,3,3
"10",0,1,0,0,0
"11",1,2,0,0,0
"12",0,1,0,0,0
"13",1,1,0,0,0
"14",0,1,0,0,0
"15",0,1,0,0,0
"16",0,1,0,0,0
"17",0,1,0,0,0
"18",1,1,0,0,0
"19",4,1,0,0,0
"20",112,74,3,4,2
"21",0,1,0,0,0
"22",209,180,15,5,3
"23",5,2,0,0,0
"24",0,1,0,0,0
"25",15,10,2,0,1
"26",0,1,0,0,0
"27",0,1,0,0,0
"28",212,154,15,3,6
"29",0,1,0,0,0
"30",3,2,0,0,0
"31",0,0,0,0,0
"32",1,1,0,0,0
"33",325,259,25,3,5
"34",1,2,0,0,0
"35",0,1,0,0,0
"36",0,1,0,0,0
"37",0,1,0,0,0
"38",5,4,0,0,0
"39",153,110,7,2,3
"40",0,1,0,0,0
"41",0,1,0,0,0
"42",0,1,0,0,0
"43",1,0,0,0,0
"44",1,1,0,0,0
"45",0,1,0,0,0
"46",404,314,26,12,6
"47",0,1,0,0,0
"48",0,2,0,0,0
"49",2,1,0,0,0
"50",0,1,0,0,0
"51",192,138,16,3,2
"52",3,1,0,0,0
"53",2,1,0,0,0
"54",1,1,0,0,0
"55",2,3,0,0,0
"56",2,2,0,0,0
"57",1,1,0,0,0
"58",145,88,9,1,3
"59",0,2,0,0,0
"60",179,128,19,1,4
"61",0,2,0,0,0
"62",0,1,0,0,0
"63",156,107,10,3,1
"64",6,7,1,0,0
"65",1,0,0,0,0
"66",158,106,8,4,1
"67",39,23,2,0,0
"68",2,1,0,0,0
"69",135,105,10,2,1
"70",2,3,0,0,0
"71",0,1,0,0,1
"72",2,2,0,0,0
"73",7,6,2,0,0
"74",0,1,0,0,0
"75",0,1,0,0,0
"76",0,1,0,0,0
"77",0,1,0,0,0
"78",0,0,0,0,0
"79",0,1,0,0,0
"80",2,3,0,0,0
"81",0,1,0,0,0
"82",0,1,0,0,0
"83",44,32,6,1,0
"84",3,1,0,0,0
"85",0,1,0,0,0
"86",3,3,0,0,0
"87",0,1,0,0,0
"88",0,1,0,0,0
"89",1,1,0,0,0
"90",11,8,0,1,0
"91",0,1,0,0,0
"92",300,263,25,9,10
"93",0,3,0,0,0
"94",1,1,0,0,0
"95",0,1,0,0,0
"96",1,2,0,0,0
"97",0,1,0,0,0
"98",265,195,19,5,4
"99",0,1,0,0,0
"100",1,1,0,0,0
"101",464,381,35,9,11
"102",15,13,1,0,1
"103",0,2,0,0,0
"104",0,0,0,0,0
"105",1,1,0,0,0
"106",0,1,0,0,0
"107",32,24,3,2,0
"108",223,153,21,3,4
"109",0,1,0,0,0
"110",44,20,3,0,1
"111",0,2,0,0,0
"112",0,1,0,0,0
"113",0,1,0,0,0
"114",0,1,0,0,0
"115",1,1,0,0,0
"116",0,1,0,0,0
"117",2,6,0,1,0
"118",1,0,0,0,0
"119",324,236,24,5,3
"120",0,1,0,0,0
"121",0,1,0,0,0
"122",0,0,0,0,0
"123",1,2,0,0,0
"124",11,15,1,2,1
"125",0,1,0,0,0
"126",0,1,0,0,0
"127",1,3,0,0,0
"128",0,1,0,0,0
"129",1,1,0,0,0
"130",0,1,0,0,0
"131",5,1,0,0,0
"132",209,166,18,6,3
"133",289,208,24,7,7
"134",201,153,11,3,1
"135",0,1,0,0,0
"136",0,6,0,0,0
"137",0,1,0,0,0
"138",14,16,1,0,1
"139",0,1,0,0,0
"140",0,1,0,0,0
"141",0,1,0,0,0
"142",0,1,0,0,0
"143",0,1,0,0,0
"144",17,14,3,0,0
"145",0,1,0,0,0
"146",0,1,0,0,0
"147",0,1,0,0,0
"148",1,1,0,0,0
"149",0,1,0,0,0
"150",0,1,0,0,0
"151",0,2,0,0,0
"152",0,1,0,0,0
"153",0,1,0,0,0
"154",0,1,0,0,0
"155",1,1,0,0,0
"156",0,1,0,0,0
"157",0,1,0,0,0
"158",229,163,11,1,5
"159",0,1,0,0,0
"160",0,1,0,0,0
"161",0,1,0,0,0
"162",1,2,0,0,0
"163",2,1,1,0,0
"164",0,1,0,0,0
"165",0,1,0,0,0
"166",1,2,0,0,0
"167",266,221,20,10,7
"168",220,156,16,1,5
"169",0,0,0,0,0
"170",0,1,0,0,0
"171",0,1,0,0,0
"172",34,29,2,1,2
"173",0,1,0,0,0
"174",0,1,0,0,0
"175",298,263,25,5,4
"176",1,1,0,0,0
"177",0,1,0,0,0
"178",0,1,0,0,0
"179",13,13,0,1,0
"180",2,4,0,0,0
"181",8,5,1,0,0
"182",4,2,1,0,0
"183",2,1,0,0,0
"184",0,1,0,0,0
"185",0,0,0,0,0
"186",0,1,0,0,0
"187",246,181,19,6,4
"188",5,5,0,0,1
"189",0,1,0,0,0
"190",348,268,30,10,8
"191",0,1,0,0,0
"192",0,1,0,0,0
"193",11,10,1,1,1
"194",199,136,10,2,2
"195",10,4,0,0,0
"196",0,1,0,0,0
"197",149,110,13,3,3
"198",1,1,0,0,0
"199",281,230,19,7,11
"200",244,157,17,4,3
"201",1,1,0,0,0
"202",0,2,0,0,0
"203",0,1,0,0,0
"204",3,2,0,0,0
"205",0,1,0,0,0
"206",2,3,0,0,0
"207",490,400,36,11,10
"208",0,1,0,0,0
"209",337,227,24,8,4
"210",0,1,0,0,0
"211",0,1,0,0,0
"212",0,1,0,0,0
"213",0,1,0,0,0
"214",0,1,0,0,0
"215",0,1,0,0,0
"216",0,1,0,0,0
"217",0,2,0,0,0
"218",0,1,0,0,0
"219",0,3,1,0,0
"220",2,0,0,0,0
"221",1,1,0,0,0
"222",467,390,40,13,8
"223",8,8,2,0,0
"224",2,1,0,0,0
"225",138,96,5,5,3
"226",0,1,0,0,0
"227",217,167,14,2,4
"228",295,213,12,7,6
"229",1,0,0,0,0
"230",0,2,0,0,1
"231",0,1,0,0,0
"232",0,1,0,0,0
"233",0,1,0,0,0
"234",0,1,0,0,0
"235",0,2,0,0,0
"236",369,287,28,6,8
"237",0,1,0,0,0
"238",0,0,0,0,0
"239",6,5,0,0,1
"240",0,1,0,0,0
"241",8,7,0,0,0
"242",0,2,0,0,0
"243",0,1,0,0,0
"244",0,1,0,0,0
"245",1,1,0,0,0
"246",0,1,0,0,0
"247",333,242,23,8,6
"248",2,1,0,0,0
"249",0,1,0,0,0
"250",106,56,8,2,1
"251",0,1,0,0,0
"252",6,7,0,0,0
"253",0,1,0,0,0
"254",1,1,0,0,0
"255",0,0,0,0,0
"256",0,1,0,0,0
"257",35,23,1,1,0
"258",0,1,0,0,0
"259",0,1,0,0,0
"260",0,1,0,0,0
"261",13,17,0,0,0
"262",264,222,27,6,2
"263",0,2,0,0,0
"264",0,1,0,0,0
"265",0,1,0,0,0
"266",0,1,0,0,0
"267",0,1,0,0,0
"268",1,0,0,0,0
"269",0,1,0,0,0
"270",0,1,0,0,0
"271",3,1,0,0,0
"272",0,1,0,0,0
"273",0,1,0,0,0
"274",0,1,0,0,0
"275",0,1,0,0,0
"276",0,1,0,0,0
"277",0,1,0,0,0
"278",0,1,0,0,0
"279",0,1,0,0,0
"280",0,1,0,0,0
"281",0,2,0,0,0
"282",2,5,0,0,0
"283",84,66,3,3,0
"284",0,1,0,0,0
"285",13,20,0,0,1
"286",1,2,0,0,0
"287",61,52,7,1,1
"288",1,1,0,0,0
"289",232,179,24,4,5
"290",3,2,1,0,0
"291",0,1,0,0,0
"292",130,125,7,2,1
"293",0,1,0,0,0
"294",123,83,8,2,3
"295",0,1,0,0,0
"296",0,1,0,0,0
"297",0,1,0,0,0
"298",4,2,1,0,0
"299",0,1,0,0,0
"300",0,1,0,0,0
"301",0,1,0,0,0
"302",0,3,0,0,0
"303",237,157,20,6,3
"304",270,209,25,6,2
"305",260,190,22,8,3
"306",1,3,0,0,0
"307",1,2,0,0,0
"308",1,1,0,0,0
"309",285,250,21,9,2
"310",0,1,0,0,0
"311",0,1,0,0,0
"312",0,1,0,0,0
"313",0,5,1,0,0
"314",8,8,1,0,0
"315",1,1,1,0,0
"316",0,1,0,0,0
"317",0,1,0,0,0
"318",3,3,1,0,0
"319",0,1,0,0,0
"320",2,1,0,0,0
"321",0,1,0,0,0
"322",0,1,0,0,0
"323",0,2,0,0,0
"324",0,1,0,0,0
"325",0,1,0,0,0
"326",0,1,0,0,0
"327",1,1,0,0,0
"328",5,4,0,0,0
"329",0,0,0,0,0
"330",112,69,9,1,3
"331",0,1,0,0,0
"332",0,1,0,0,0
"333",1,1,0,1,0
"334",330,258,27,9,8
"335",3,3,0,0,0
"336",0,1,0,0,0
"337",1,2,0,0,0
"338",0,1,0,0,0
"339",205,147,21,9,3
"340",0,1,0,0,0
"341",0,1,0,0,0
"342",233,191,19,4,6
"343",0,1,0,0,0
"344",1,3,0,0,0
"345",144,102,11,3,3
"346",3,4,0,1,0
"347",364,274,23,9,7
"348",0,2,0,0,0
"349",0,1,0,0,0
"350",0,1,0,0,0
"351",0,1,0,0,0
"352",0,1,0,0,0
"353",0,1,0,0,0
"354",0,1,0,0,0
"355",257,200,15,4,4
"356",137,93,14,3,2
"357",221,187,25,4,4
"358",0,1,0,0,0
"359",6,4,1,0,0
"360",0,1,0,0,0
"361",0,1,0,0,0
"362",2,1,1,0,0
"363",0,1,0,0,0
"364",1,1,0,0,0
"365",0,4,0,0,0
"366",0,1,0,0,0
"367",5,3,1,0,0
"368",6,5,0,0,0
"369",0,1,0,0,0
"370",0,1,0,0,0
"371",0,1,0,0,0
"372",0,1,0,0,0
"373",2,4,0,0,0
"374",11,17,1,0,0
"375",10,5,1,0,0
"376",213,139,13,6,0
"377",0,1,0,0,0
"378",0,1,0,0,0
"379",282,235,23,6,8
"380",5,6,0,0,0
"381",0,1,0,0,0
"382",0,1,0,0,0
"383",1,1,0,0,0
"384",76,43,5,1,0
"385",0,1,0,0,0
"386",0,1,0,0,0
"387",0,1,0,0,0
"388",1,1,0,0,0
"389",50,39,4,3,2
"390",0,0,0,0,0
"391",0,4,0,0,0
"392",0,1,0,0,0
"393",0,1,0,0,0
"394",14,7,0,0,0
"395",0,1,0,0,0
"396",0,1,0,0,0
"397",0,1,0,0,0
"398",0,2,0,0,0
"399",0,2,0,0,0
"400",0,1,0,0,0
"401",0,1,0,0,0
"402",51,44,4,2,0
"403",0,0,1,0,0
"404",0,1,0,0,0
"405",175,148,10,4,6
"406",0,1,0,0,0
"407",0,1,0,0,0
"408",136,102,10,2,4
"409",0,2,0,0,0
"410",0,2,0,0,0
"411",1,1,0,0,0
"412",1,1,0,0,0
"413",0,0,0,0,0
"414",246,165,24,7,7
"415",9,6,1,0,0
"416",161,116,13,3,6
"417",0,1,0,0,0
"418",0,1,0,0,0
"419",7,5,0,0,0
"420",0,1,0,0,0
"421",0,1,0,0,0
"422",7,2,0,0,0
"423",0,1,0,0,0
"424",0,1,0,0,0
"425",18,19,3,0,0
"426",0,1,0,0,0
"427",0,1,0,0,0
"428",18,14,2,2,0
"429",0,1,0,0,0
"430",305,231,31,8,6
"431",1,2,0,0,0
"432",264,214,29,7,3
"433",2,1,0,0,0
"434",0,1,0,0,0
"435",2,2,1,1,0
"436",0,1,0,0,0
"437",0,1,0,0,0
"438",4,2,1,0,0
"439",1,1,0,0,0
"440",0,0,0,0,0
"441",249,214,19,4,7
"442",0,2,0,0,0
"443",0,1,0,0,0
"444",0,1,0,0,0
"445",1,1,0,0,0
"446",0,1,0,0,0
"447",0,1,0,0,0
"448",3,9,0,0,0
"449",0,1,0,0,0
"450",0,1,0,0,0
"451",0,1,0,0,0
"452",0,1,0,0,0
"453",26,21,1,0,0
"454",0,2,0,0,0
"455",238,175,17,6,3
"456",0,1,0,0,0
"457",0,1,0,0,0
"458",0,1,0,0,0
"459",0,0,0,0,0
"460",7,7,0,0,0
"461",334,224,33,10,5
"462",0,1,0,0,0
"463",0,0,0,0,0
"464",0,1,0,0,0
"465",1,0,0,0,0
"466",0,1,0,0,0
"467",0,1,0,0,0
"468",3,2,0,0,0
"469",0,1,0,0,0
"470",0,1,0,0,0
"471",0,1,0,0,0
"472",0,1,0,0,0
"473",3,1,0,0,0
"474",0,1,0,0,0
"475",45,46,7,3,1
"476",0,1,0,0,0
"477",0,1,0,0,0
"478",7,4,0,0,0
"479",1,1,0,0,0
"480",0,1,0,0,0
"481",0,1,0,0,0
"482",0,1,0,0,0
"483",0,1,0,0,0
"484",3,8,0,0,0
"485",101,78,8,1,3
"486",0,1,0,0,0
"487",0,1,0,0,0
"488",246,179,22,7,4
"489",0,1,0,0,0
"490",4,7,0,0,0
"491",0,1,0,0,0
"492",3,8,1,0,0
"493",0,2,0,0,0
"494",0,1,0,0,0
"495",0,1,0,0,0
"496",1,1,0,0,0
"497",2,4,0,0,1
"498",1,4,0,0,0
"499",0,1,0,0,0
"500",0,1,0,0,0
"501",0,0,0,0,0
"502",0,1,0,0,0
"503",0,1,0,0,0
"504",3,3,0,0,0
"505",0,1,0,0,0
"506",0,1,0,0,0
"507",0,1,0,0,0
"508",0,1,0,0,0
"509",0,0,0,0,0
"510",190,148,14,2,3
"511",0,1,0,0,0
"512",0,1,0,0,0
"513",0,1,0,0,0
"514",0,1,0,0,0
"515",1,0,0,0,0
"516",0,1,0,0,0
"517",0,0,0,0,0
"518",228,164,23,7,6
"519",273,233,25,4,12
"520",0,1,0,0,0
"521",15,9,0,0,0
"522",0,1,0,0,0
"523",8,5,2,0,0
"524",0,1,0,0,0
"525",0,2,0,0,0
"526",251,157,16,9,5
"527",226,164,14,10,4
"528",0,1,0,0,0
"529",0,1,0,0,0
"530",242,180,17,0,11
"531",163,136,11,1,2
"532",0,0,0,0,0
"533",0,1,0,0,0
"534",3,2,0,0,0
"535",297,211,20,6,3
"536",261,203,23,7,5
"537",4,6,0,0,0
"538",78,57,8,1,4
"539",0,2,0,0,0
"540",239,198,24,8,4
"541",141,108,4,3,3
"542",0,1,0,0,0
"543",276,220,14,4,6
"544",0,1,0,0,0
"545",311,242,21,5,5
"546",2,6,0,0,0
"547",160,110,4,3,2
"548",207,159,21,6,8
"549",0,1,0,0,0
"550",0,1,0,0,0
"551",86,78,8,2,0
"552",306,245,23,8,3
"553",0,1,0,0,0
"554",0,1,0,0,0
"555",22,17,1,2,1
"556",1,3,0,0,0
"557",14,14,2,1,2
"558",4,2,0,0,0
"559",38,35,1,1,0
"560",12,7,0,0,0
"561",257,212,18,5,4
"562",0,1,0,0,0
"563",12,6,0,0,0
"564",0,3,0,0,0
"565",0,1,0,0,0
"566",22,13,1,0,0
"567",0,1,0,0,0
"568",0,1,0,0,0
"569",53,31,1,0,1
"570",1,0,0,0,0
"571",8,5,1,0,0
"572",0,1,0,0,0
"573",1,1,0,0,0
"574",0,1,0,0,0
"575",299,219,25,6,1
"576",0,1,0,0,0
"577",0,1,0,0,0
"578",0,1,0,0,0
"579",205,176,17,3,2
"580",2,4,0,0,0
"581",0,1,0,0,0
"582",4,3,0,0,0
"583",1,0,0,0,0
"584",16,15,4,0,0
"585",0,1,0,0,0
"586",0,1,0,0,0
"587",0,1,0,0,0
"588",0,1,0,0,0
"589",1,1,0,0,0
"590",0,1,0,0,0
"591",235,209,14,4,4
"592",228,160,15,6,1
"593",0,1,0,0,0
"594",1,1,0,0,0
"595",5,2,0,0,0
"596",1,1,0,0,0
"597",1,2,1,0,0
"598",5,1,1,0,0
"599",0,0,0,0,0
"600",2,4,0,0,0
"601",0,1,0,0,0
"602",7,5,1,0,0
"603",19,12,1,0,0
"604",8,11,0,0,1
"605",46,31,3,2,0
"606",5,3,0,0,0
"607",2,3,0,0,0
"608",243,163,17,4,0
"609",0,1,0,0,0
"610",0,2,0,0,0
"611",206,159,10,4,1
"612",0,1,0,0,0
"613",0,1,0,0,0
"614",0,2,0,0,0
"615",1,1,0,0,0
"616",31,21,2,0,0
"617",0,1,0,0,0
"618",1,1,0,0,0
"619",0,1,0,0,0
"620",0,1,0,0,0
"621",199,164,21,3,4
"622",0,2,0,0,0
"623",0,0,0,0,0
"624",0,1,0,0,0
"625",11,9,1,1,0
"626",0,1,0,0,0
"627",0,2,0,0,0
"628",0,1,0,0,0
"629",284,212,19,5,3
"630",1,3,2,0,0
"631",0,1,0,0,0
"632",183,138,10,0,2
"633",0,1,0,0,0
"634",0,2,0,0,0
"635",1,1,0,0,0
"636",0,1,0,0,0
"637",0,1,0,0,0
"638",0,1,0,0,0
"639",4,1,1,0,0
"640",48,34,5,0,0
"641",194,140,9,7,2
"642",0,1,0,0,0
"643",3,3,1,0,0
"644",0,1,0,0,0
"645",103,77,8,4,3
"646",5,4,0,0,0
"647",63,37,5,1,1
"648",18,17,0,1,0
"649",21,13,4,0,0
"650",0,1,0,0,0
"651",0,1,0,0,0
"652",0,1,0,0,0
"653",0,0,0,0,0
"654",1,1,0,0,0
"655",0,1,0,0,0
"656",384,297,34,12,7
"657",0,1,0,0,0
"658",0,1,0,0,0
"659",62,47,6,2,3
"660",210,164,12,3,2
"661",108,80,4,1,2
"662",0,2,0,0,0
"663",4,4,0,0,0
"664",1,2,0,0,0
"665",50,35,3,1,0
"666",0,1,0,0,0
"667",0,2,0,0,0
"668",2,4,0,0,0
"669",140,96,13,6,1
"670",0,1,0,0,0
"671",0,1,0,0,0
"672",1,1,0,0,0
"673",0,1,0,0,0
"674",2,1,0,0,0
"675",40,28,3,0,1
"676",3,5,1,0,0
"677",4,3,1,0,0
"678",1,2,0,0,0
"679",219,187,18,4,4
"680",0,1,0,0,0
"681",0,1,0,0,0
"682",363,283,30,9,9
"683",295,217,30,6,5
"684",306,233,23,7,5
"685",1,1,0,0,0
"686",1,1,0,0,0
"687",0,1,0,0,0
"688",0,1,0,0,0
"689",3,2,0,0,0
"690",0,1,0,0,0
"691",6,2,1,0,0
"692",7,4,0,0,0
"693",0,1,1,0,0
"694",0,1,0,0,0
"695",1,1,0,0,0
"696",2,3,0,0,0
"697",3,2,0,0,0
"698",0,1,0,0,0
"699",15,10,0,0,0
"700",1,3,0,0,0
"701",0,1,0,0,0
"702",0,1,0,0,0
"703",11,7,0,0,0
"704",5,9,0,0,0
"705",0,1,0,0,0
"706",2,5,0,0,0
"707",0,1,0,0,0
"708",7,1,0,0,0
"709",0,1,0,0,0
"710",2,3,0,0,0
"711",0,1,0,0,0
"712",0,1,0,0,0
"713",1,2,2,0,0
"714",323,277,32,5,5
"715",0,1,0,0,0
"716",0,0,0,0,0
"717",401,378,35,13,6
"718",0,2,0,0,0
"719",3,1,0,0,0
"720",2,1,0,0,0
"721",0,1,0,0,0
"722",3,6,0,0,0
"723",0,1,0,0,0
"724",0,1,0,0,0
"725",0,1,0,0,0
"726",5,6,0,0,1
"727",52,39,2,0,1
"728",0,1,0,0,0
"729",0,1,0,0,0
"730",1,2,0,0,0
"731",0,1,0,0,0
"732",1,1,0,0,0
"733",240,151,18,3,2
"734",0,1,0,0,0
"735",0,1,0,0,0
"736",0,1,0,0,0
"737",2,4,1,0,0
"738",159,129,14,4,1
"739",0,1,0,0,0
"740",0,1,0,0,0
"741",4,1,0,0,0
"742",0,2,0,0,0
"743",0,1,0,0,0
"744",0,1,0,0,0
"745",0,1,0,0,0
"746",0,0,0,0,0
"747",0,1,0,0,0
"748",17,12,0,0,1
"749",0,1,0,0,0
"750",0,1,0,0,0
"751",0,1,0,0,0
"752",99,64,3,0,0
"753",11,9,2,0,0
"754",17,8,2,0,1
"755",0,1,0,0,0
"756",0,2,0,0,0
"757",0,1,0,0,0
"758",0,2,0,0,0
"759",0,1,0,0,0
"760",231,150,27,3,0
"761",24,18,1,2,0
"762",30,19,1,0,0
"763",0,1,0,0,0
"764",246,198,17,2,3
"765",0,1,0,0,0
"766",0,1,0,0,0
"767",2,1,0,0,0
"768",0,1,0,0,0
"769",0,1,0,0,0
"770",182,126,20,2,3
"771",12,12,3,0,0
"772",52,53,8,0,0
"773",0,1,0,0,0
"774",0,1,0,0,0
"775",0,1,0,0,0
"776",0,1,0,0,0
"777",0,1,0,0,0
"778",0,1,0,0,0
"779",2,6,1,0,0
"780",140,92,13,6,3
"781",87,77,6,1,1
"782",0,1,0,0,0
"783",0,1,0,0,0
"784",0,0,0,0,0
"785",8,1,0,0,0
"786",1,1,0,0,0
"787",25,23,4,0,0
"788",2,1,0,0,0
"789",1,4,0,0,0
"790",1,1,0,0,0
"791",378,304,30,4,5
"792",0,1,0,0,0
"793",1,3,0,0,0
"794",0,1,0,0,0
"795",0,1,0,0,0
"796",0,1,0,0,0
"797",3,8,0,0,1
"798",158,130,13,0,6
"799",3,2,0,0,0
"800",0,0,0,0,0
"801",2,3,0,1,0
"802",1,2,0,0,0
"803",0,1,0,0,0
"804",0,1,0,0,0
"805",3,3,0,0,0
"806",1,2,1,0,0
"807",21,11,0,0,0
"808",1,1,0,0,0
"809",0,1,0,0,0
"810",11,9,0,0,0
"811",0,1,0,0,0
"812",0,2,0,0,0
"813",0,1,0,0,0
"814",2,1,0,0,0
"815",0,2,0,0,0
"816",273,221,29,4,9
"817",0,1,0,0,0
"818",0,1,0,0,0
"819",8,5,1,0,0
"820",0,1,0,0,0
"821",1,1,0,0,0
"822",0,1,0,0,0
"823",1,1,0,0,0
"824",0,1,0,0,0
"825",1,1,0,0,0
"826",6,1,0,0,0
"827",153,137,8,2,5
"828",0,1,0,0,0
"829",0,2,0,0,0
"830",19,12,1,0,0
"831",2,2,0,0,0
"832",248,162,19,8,4
"833",0,1,0,0,0
"834",0,1,0,0,0
"835",0,1,0,0,0
"836",0,1,0,0,0
"837",0,1,0,0,0
"838",1,1,1,0,0
"839",7,4,2,0,0
"840",2,2,0,0,0
"841",22,25,1,0,0
"842",0,1,0,0,0
"843",1,1,0,0,0
"844",287,216,15,6,1
"845",3,3,0,0,0
"846",0,1,0,0,0
"847",304,254,25,10,5
"848",0,1,0,0,0
"849",0,1,0,0,0
"850",3,4,0,0,0
"851",2,1,0,0,0
"852",282,230,23,2,4
"853",39,30,5,0,1
"854",4,10,0,0,0
"855",3,4,0,0,0
"856",234,168,24,5,6
"857",215,151,15,4,2
"858",0,1,0,0,0
"859",3,2,0,0,0
"860",320,250,21,11,4
"861",0,0,0,0,0
"862",0,1,0,0,0
"863",0,1,0,0,0
"864",0,1,0,0,0
"865",0,1,0,0,0
"866",0,1,0,0,0
"867",0,1,0,0,0
"868",0,2,0,0,0
"869",0,1,0,0,0
"870",25,18,3,0,1
"871",3,6,0,0,0
"872",0,1,0,0,0
"873",1,2,1,0,0
"874",15,9,0,0,0
"875",2,3,0,0,0
"876",299,237,24,7,4
"877",0,1,0,0,0
"878",0,1,0,0,0
"879",0,1,0,0,0
"880",1,1,0,0,0
"881",0,1,0,0,0
"882",0,1,0,0,0
"883",0,1,0,0,0
"884",55,47,7,1,0
"885",0,1,0,0,0
"886",0,1,0,0,0
"887",0,1,0,0,0
"888",0,1,0,0,0
"889",0,1,0,0,0
"890",1,0,0,0,0
"891",0,2,0,0,0
"892",0,0,0,0,0
"893",3,5,1,1,0
"894",14,11,1,1,0
"895",1,1,1,0,0
"896",0,1,0,0,0
"897",8,2,1,0,0
"898",0,0,0,0,0
"899",0,1,0,0,0
"900",129,107,5,1,2
"901",0,0,0,0,0
"902",18,19,2,0,0
"903",0,1,0,0,0
"904",0,1,0,0,0
"905",1,1,0,0,0
"906",0,0,0,0,0
"907",4,1,0,0,0
"908",194,126,16,4,5
"909",267,188,23,1,8
"910",0,1,0,0,0
"911",229,173,15,7,3
"912",0,1,0,0,0
"913",1,2,0,0,0
"914",14,7,1,0,0
"915",1,2,0,0,0
"916",0,1,0,0,0
"917",0,0,0,0,0
"918",1,1,0,0,0
"919",3,4,0,0,0
"920",207,159,20,2,2
"921",0,1,0,0,0
"922",10,16,1,1,0
"923",18,19,0,0,0
"924",7,5,1,0,0
"925",0,1,0,0,0
"926",0,0,0,0,0
"927",1,1,0,0,0
"928",0,1,0,0,0
"929",0,1,0,0,0
"930",1,0,0,0,0
"931",1,1,0,0,0
"932",338,283,37,4,6
"933",1,1,0,0,0
"934",0,1,0,0,0
"935",1,3,0,0,0
"936",1,1,0,0,0
"937",0,1,0,0,0
"938",2,2,0,0,0
"939",0,1,0,0,0
"940",0,0,0,0,0
"941",3,2,1,0,1
"942",0,1,0,0,0
"943",0,1,0,0,0
"944",0,2,0,0,0
"945",0,3,0,0,0
"946",0,1,0,0,0
"947",0,1,0,0,0
"948",0,2,0,0,0
"949",1,3,0,1,1
"950",0,3,0,0,0
"951",1,3,0,0,0
"952",2,2,0,0,0
"953",0,1,0,0,0
"954",0,1,0,0,0
"955",4,2,0,0,0
"956",0,1,0,0,0
"957",0,1,0,0,0
"958",3,3,1,0,0
"959",0,1,0,0,0
"960",0,1,0,0,0
"961",1,1,0,0,0
"962",0,1,0,0,0
"963",0,1,0,0,0
"964",0,1,0,0,0
"965",0,1,0,0,0
"966",5,4,0,0,0
"967",0,1,2,0,0
"968",1,2,0,0,0
"969",0,2,0,0,0
"970",0,1,0,0,0
"971",262,202,23,6,5
"972",26,16,0,0,0
"973",0,1,0,0,0
"974",0,1,0,0,0
"975",13,13,1,0,0
"976",210,166,21,2,5
"977",28,21,1,1,0
"978",7,5,1,0,0
"979",1,1,0,0,0
"980",0,1,0,0,0
"981",3,3,0,0,0
"982",46,29,1,1,0
"983",0,1,0,0,0
"984",0,1,0,0,0
"985",282,220,23,6,9
"986",182,131,11,1,5
"987",1,2,0,0,0
"988",290,220,24,11,4
"989",1,0,0,0,0
"990",0,0,0,0,0
"991",269,200,17,3,8
"992",0,1,0,0,0
"993",172,144,9,5,1
"994",0,1,0,0,0
"995",301,248,17,8,10
"996",0,1,0,0,0
"997",67,53,5,0,3
"998",0,1,0,0,0
"999",163,147,15,1,3
"1000",4,5,0,0,1
"1001",0,1,0,0,0
"1002",0,2,0,0,0
"1003",322,235,29,7,10
"1004",0,0,0,0,0
"1005",0,1,0,0,0
"1006",0,1,0,0,0
"1007",0,1,0,0,0
"1008",84,65,10,1,1
"1009",0,1,0,0,0
"1010",1,1,0,0,0
"1011",0,2,0,0,0
"1012",309,219,27,7,5
"1013",0,1,0,0,0
"1014",0,1,0,0,0
"1015",0,1,0,0,0
"1016",1,1,0,0,0
"1017",286,195,20,7,3
"1018",19,15,2,0,1
"1019",273,201,18,5,8
"1020",18,17,2,1,0
"1021",4,3,0,0,0
"1022",10,4,0,0,0
"1023",480,403,37,10,10
"1024",1,1,0,0,0
"1025",0,1,0,0,0
"1026",0,1,0,0,0
"1027",0,1,0,0,0
"1028",4,2,1,0,0
"1029",0,1,0,0,0
"1030",1,2,0,1,0
"1031",2,1,0,0,0
"1032",6,2,0,0,0
"1033",0,1,0,0,0
"1034",0,1,0,0,0
"1035",194,150,16,1,4
"1036",151,107,13,2,1
"1037",0,1,0,0,0
"1038",0,1,0,0,0
"1039",0,1,0,0,0
"1040",350,236,30,7,11
"1041",0,1,0,0,0
"1042",5,4,0,0,0
"1043",0,3,0,0,0
"1044",0,1,0,0,0
"1045",8,5,1,0,0
"1046",0,1,0,0,0
"1047",78,64,8,1,0
"1048",0,1,0,0,0
"1049",2,0,0,0,0
"1050",3,1,0,0,0
"1051",103,56,6,1,2
"1052",0,0,0,0,0
"1053",22,17,2,1,1
"1054",0,0,0,0,0
"1055",7,9,0,0,1
"1056",81,39,5,0,1
"1057",1,1,0,1,0
"1058",0,2,0,0,0
"1059",0,1,0,0,0
"1060",1,1,0,0,0
"1061",55,40,3,3,2
"1062",3,4,1,0,0
"1063",0,1,0,0,0
"1064",0,1,0,0,0
"1065",0,1,0,0,0
"1066",1,2,0,0,0
"1067",0,1,0,0,0
"1068",7,6,0,0,0
"1069",5,3,0,0,0
"1070",4,2,1,0,0
"1071",0,1,0,0,0
"1072",0,1,0,0,1
"1073",2,2,0,0,0
"1074",0,1,0,0,0
"1075",0,1,0,0,0
"1076",0,1,0,0,0
"1077",72,45,1,1,2
"1078",3,3,1,0,0
"1079",68,50,5,2,1
"1080",24,12,1,0,1
"1081",0,1,0,0,0
"1082",1,1,0,0,0
"1083",387,306,28,8,1
"1084",0,1,0,0,0
"1085",1,2,0,0,0
"1086",2,1,0,0,0
"1087",0,1,0,0,0
"1088",0,1,0,0,0
"1089",0,1,0,0,0
"1090",0,1,0,0,0
"1091",1,1,0,0,0
"1092",1,1,0,0,0
"1093",10,6,0,0,0
"1094",0,1,0,0,0
"1095",3,2,0,0,0
"1096",0,0,0,0,0
"1097",0,1,0,0,0
"1098",0,1,0,0,0
"1099",0,1,0,0,0
"1100",2,2,0,0,0
"1101",0,1,0,0,0
"1102",0,0,0,0,0
"1103",0,2,0,1,0
"1104",0,1,0,0,0
"1105",0,1,0,0,0
"1106",0,1,0,0,0
"1107",40,25,0,0,1
"1108",33,28,3,1,0
"1109",8,9,1,0,0
"1110",0,1,0,0,0
"1111",14,8,2,0,0
"1112",0,3,0,0,0
"1113",0,1,0,0,0
"1114",16,7,0,1,1
"1115",166,127,11,0,7
"1116",2,2,0,0,0
"1117",0,1,0,0,0
"1118",258,180,19,4,1
"1119",0,1,0,0,0
"1120",0,1,0,0,0
"1121",0,2,0,0,0
"1122",248,165,24,5,4
"1123",1,4,0,0,0
"1124",477,385,41,10,11
"1125",287,242,29,3,7
"1126",252,219,27,8,6
"1127",158,101,12,4,2
"1128",4,3,1,0,0
"1129",212,192,11,6,5
"1130",280,208,19,8,10
"1131",1,2,0,0,0
"1132",1,2,0,0,0
"1133",1,3,0,0,0
"1134",0,1,2,0,0
"1135",201,134,9,4,5
"1136",9,7,0,0,0
"1137",4,1,0,0,0
"1138",0,1,0,0,0
"1139",1,0,0,0,0
"1140",100,84,8,1,2
"1141",270,217,27,5,11
"1142",0,1,0,0,0
"1143",0,1,0,0,0
"1144",0,1,0,0,0
"1145",0,1,0,0,0
"1146",0,1,0,0,0
"1147",0,1,0,0,0
"1148",4,1,0,0,0
"1149",120,79,6,5,2
"1150",41,27,1,0,0
"1151",320,261,28,6,7
"1152",2,1,0,0,0
"1153",0,1,0,0,0
"1154",0,1,0,0,0
"1155",0,2,0,0,0
"1156",4,7,1,0,0
"1157",0,1,0,0,0
"1158",0,1,0,0,0
"1159",5,6,1,0,0
"1160",0,1,0,0,0
"1161",0,1,0,0,0
"1162",1,3,0,0,0
"1163",1,2,0,0,0
"1164",0,1,0,0,0
"1165",1,1,0,0,0
"1166",1,1,0,0,0
"1167",0,1,0,0,0
"1168",186,161,22,6,2
"1169",0,0,0,0,0
"1170",193,140,16,4,4
"1171",8,7,1,0,0
"1172",2,3,0,0,0
"1173",4,7,0,0,0
"1174",0,1,0,0,0
"1175",228,184,18,5,3
"1176",0,3,0,0,0
"1177",0,1,0,0,0
"1178",1,2,0,0,0
"1179",0,1,0,0,0
"1180",0,2,0,0,0
"1181",1,1,0,0,0
"1182",0,1,0,0,0
"1183",0,1,0,0,0
"1184",0,1,0,0,0
"1185",0,1,0,0,0
"1186",3,1,0,0,0
"1187",11,7,1,0,0
"1188",0,2,0,0,0
"1189",0,1,0,0,0
"1190",0,3,0,0,0
"1191",423,344,51,11,9
"1192",0,1,0,0,0
"1193",0,1,0,0,0
"1194",0,1,0,0,0
"1195",239,180,15,9,7
"1196",0,1,0,0,0
"1197",0,2,0,0,0
"1198",0,1,0,0,0
"1199",2,1,0,0,0
"1200",0,1,0,0,0
"1201",1,2,0,0,0
"1202",2,2,0,0,0
"1203",2,3,0,0,0
"1204",0,2,0,0,0
"1205",27,16,2,0,0
"1206",0,1,0,0,0
"1207",0,1,0,0,0
"1208",14,10,2,0,1
"1209",210,161,17,3,3
"1210",0,1,0,0,0
"1211",0,2,0,0,0
"1212",0,1,0,0,0
"1213",0,1,0,0,0
"1214",4,1,0,0,0
"1215",0,1,0,0,0
"1216",1,3,0,0,0
"1217",0,3,0,0,0
"1218",1,1,0,0,0
"1219",0,1,0,0,0
"1220",0,1,0,0,0
"1221",37,21,2,0,0
"1222",0,1,0,0,0
"1223",0,1,0,0,0
"1224",2,1,0,0,0
"1225",0,1,0,0,0
"1226",0,1,0,0,0
"1227",0,2,0,0,0
"1228",0,1,0,0,0
"1229",1,3,0,0,0
"1230",0,1,0,0,0
"1231",0,3,0,0,0
"1232",225,163,13,1,3
"1233",0,1,0,0,0
"1234",9,12,1,0,0
"1235",0,1,0,0,0
"1236",147,125,17,1,3
"1237",399,334,27,6,5
"1238",0,1,0,0,0
"1239",0,0,0,0,0
"1240",0,2,0,0,0
"1241",2,2,0,0,0
"1242",1,4,0,0,0
"1243",365,255,24,12,4
"1244",0,1,0,0,0
"1245",187,137,19,6,7
"1246",0,1,0,0,0
"1247",1,2,0,0,0
"1248",1,2,0,0,0
"1249",4,3,0,0,0
"1250",0,1,0,0,0
"1251",0,1,0,0,0
"1252",2,2,0,0,0
"1253",1,1,0,0,0
"1254",0,1,0,0,0
"1255",0,3,0,1,0
"1256",0,0,0,0,0
"1257",282,217,21,4,5
"1258",1,0,0,0,0
"1259",0,1,0,0,0
"1260",0,1,0,0,0
"1261",0,1,0,0,0
"1262",1,2,0,0,0
"1263",81,44,3,0,1
"1264",0,2,0,0,0
"1265",1,1,0,1,0
"1266",0,1,0,0,0
"1267",0,2,0,0,0
"1268",2,4,0,0,0
"1269",0,1,0,0,0
"1270",1,1,0,0,0
"1271",0,1,0,0,0
"1272",13,5,1,1,0
"1273",0,1,0,0,0
"1274",0,2,0,0,0
"1275",251,201,28,6,6
"1276",0,1,0,0,0
"1277",0,1,0,0,0
"1278",0,1,0,0,0
"1279",0,1,0,0,0
"1280",1,2,1,0,1
"1281",25,20,1,0,0
"1282",3,7,0,0,0
"1283",0,1,0,0,0
"1284",0,1,0,0,0
"1285",0,1,0,0,0
"1286",231,171,23,7,3
"1287",0,1,0,0,0
"1288",0,1,0,0,0
"1289",0,1,0,0,0
"1290",0,1,0,0,0
"1291",0,1,0,0,0
"1292",1,1,0,0,0
"1293",243,206,22,9,3
"1294",0,1,0,0,0
"1295",3,2,0,0,0
"1296",0,1,0,0,0
"1297",4,3,0,0,0
"1298",0,1,0,0,0
"1299",18,14,1,0,2
"1300",0,1,0,0,0
"1301",90,54,6,1,2
"1302",43,33,6,1,2
"1303",187,134,10,6,3
"1304",1,4,0,0,0
"1305",0,1,0,0,0
"1306",45,23,2,0,1
"1307",3,7,1,1,0
"1308",0,1,0,0,0
"1309",0,1,0,0,0
"1310",0,1,0,0,0
"1311",1,1,0,0,0
"1312",0,1,0,0,0
"1313",29,18,1,0,0
"1314",0,1,1,0,0
"1315",0,3,0,0,0
"1316",0,2,0,0,0
"1317",443,364,24,13,8
"1318",0,1,0,0,0
"1319",0,1,0,0,0
"1320",1,1,0,0,0
"1321",11,26,1,1,1
"1322",42,27,4,0,1
"1323",0,0,0,0,0
"1324",0,1,0,0,0
"1325",6,3,0,0,0
"1326",0,1,0,0,0
"1327",0,2,0,0,0
"1328",0,1,0,0,0
"1329",0,1,0,0,0
"1330",1,1,0,0,0
"1331",0,1,0,0,0
"1332",0,1,0,0,0
"1333",224,176,18,3,2
"1334",206,156,20,2,5
"1335",178,132,10,2,2
"1336",139,114,11,2,2
"1337",0,1,0,0,0
"1338",0,1,0,0,0
"1339",44,32,1,0,0
"1340",1,3,0,0,0
"1341",0,0,0,0,0
"1342",1,1,0,0,0
"1343",131,92,12,4,3
"1344",0,2,0,0,0
"1345",300,261,21,10,4
"1346",0,1,0,0,0
"1347",0,1,0,0,0
"1348",0,1,0,0,0
"1349",174,151,13,4,2
"1350",1,1,0,0,0
"1351",0,1,0,0,0
"1352",290,241,20,4,4
"1353",18,15,0,0,0
"1354",35,33,2,2,1
"1355",0,1,0,0,0
"1356",0,1,0,0,0
"1357",3,1,0,0,0
"1358",1,1,0,0,0
"1359",291,221,19,7,4
"1360",0,2,0,0,0
"1361",14,13,1,0,1
"1362",0,1,0,0,0
"1363",0,2,0,0,0
"1364",0,1,0,0,0
"1365",0,1,0,0,0
"1366",6,3,0,1,0
"1367",2,3,0,0,0
"1368",2,2,0,1,0
"1369",2,1,0,0,0
"1370",0,1,0,0,0
"1371",333,262,28,8,6
"1372",3,2,0,0,0
"1373",1,1,0,0,0
"1374",290,233,21,6,6
"1375",4,2,0,0,0
"1376",0,1,0,0,0
"1377",0,1,0,0,0
"1378",1,1,1,0,0
"1379",1,2,0,0,0
"1380",0,1,0,0,0
"1381",0,1,0,0,0
"1382",0,2,0,0,0
"1383",0,1,0,0,0
"1384",3,1,0,0,0
"1385",3,2,0,0,0
"1386",0,7,0,0,0
"1387",0,1,0,0,0
"1388",0,2,0,0,0
"1389",0,1,0,0,0
"1390",1,1,0,0,0
"1391",0,3,0,0,0
"1392",1,3,0,0,0
"1393",8,6,0,0,0
"1394",0,1,0,0,0
"1395",1,0,0,0,0
"1396",3,2,0,0,0
"1397",5,2,0,0,0
"1398",256,167,17,1,4
"1399",0,1,0,0,0
"1400",0,1,0,0,0
"1401",1,1,0,0,0
"1402",0,1,0,0,0
"1403",0,1,0,0,0
"1404",0,1,0,0,0
"1405",0,1,0,0,0
"1406",230,235,19,6,4
"1407",30,30,3,2,1
"1408",0,2,0,0,0
"1409",0,1,0,0,0
"1410",1,1,0,0,0
"1411",4,0,0,0,0
"1412",1,1,1,0,0
"1413",0,1,0,0,0
"1414",0,1,0,0,0
"1415",6,3,0,0,0
"1416",0,1,0,0,0
"1417",1,1,0,0,0
"1418",0,1,0,0,0
"1419",1,1,0,0,0
"1420",305,247,21,8,4
"1421",0,1,0,0,0
"1422",326,247,30,4,5
"1423",270,197,14,5,2
"1424",0,1,0,0,0
"1425",390,342,27,9,7
"1426",0,1,0,0,0
"1427",165,114,12,3,1
"1428",0,1,0,0,0
"1429",0,1,0,0,0
"1430",0,2,0,0,0
"1431",0,1,0,0,0
"1432",0,1,0,0,0
"1433",0,1,0,0,0
"1434",0,1,0,0,0
"1435",1,1,0,0,0
"1436",1,1,0,0,0
"1437",1,2,0,0,0
"1438",0,1,0,0,0
"1439",0,1,0,0,0
"1440",0,1,0,0,0
"1441",14,12,0,0,0
"1442",23,24,2,0,1
"1443",1,3,0,0,0
"1444",0,1,0,0,0
"1445",0,1,0,0,0
"1446",0,1,0,0,0
"1447",2,1,0,0,0
"1448",0,1,0,0,0
"1449",0,2,0,0,0
"1450",0,1,0,0,0
"1451",0,1,0,0,0
"1452",0,1,0,0,0
"1453",0,1,0,0,0
"1454",1,2,0,0,0
"1455",1,1,0,0,0
"1456",4,4,1,0,0
"1457",216,159,21,1,4
"1458",0,1,0,0,0
"1459",0,1,0,0,0
"1460",0,1,0,0,0
"1461",0,1,0,0,0
"1462",0,1,0,0,0
"1463",0,1,0,0,0
"1464",1,1,0,0,0
"1465",110,82,3,6,1
"1466",235,190,18,3,2
"1467",32,21,2,0,1
"1468",0,1,0,0,0
"1469",1,1,0,0,0
"1470",0,1,0,0,0
"1471",3,2,0,0,0
"1472",3,5,0,0,1
"1473",42,33,1,2,0
"1474",129,112,10,5,1
"1475",0,1,0,0,0
"1476",0,1,0,0,0
"1477",1,1,0,0,0
"1478",137,124,18,1,0
"1479",1,5,0,0,0
"1480",5,6,1,0,0
"1481",0,1,0,0,0
"1482",0,1,0,0,0
"1483",2,2,0,0,0
"1484",295,208,18,5,5
"1485",0,1,0,0,0
"1486",0,1,1,0,0
"1487",0,1,0,0,0
"1488",0,1,0,0,0
"1489",1,1,0,0,0
"1490",0,1,0,0,0
"1491",1,2,0,0,0
"1492",0,0,0,0,0
"1493",3,5,0,0,0
"1494",302,229,32,7,4
"1495",69,56,5,0,3
"1496",7,5,0,0,0
"1497",0,1,0,0,0
"1498",52,47,3,1,3
"1499",0,1,0,1,0
"1500",1,1,0,0,0
"1501",0,1,0,0,0
"1502",81,48,10,2,1
"1503",289,227,33,8,4
"1504",312,260,29,5,5
"1505",0,1,0,0,0
"1506",0,1,0,0,0
"1507",2,4,0,0,1
"1508",10,5,0,1,0
"1509",0,1,0,0,0
"1510",0,1,0,0,0
"1511",0,1,0,0,0
"1512",1,0,0,0,0
"1513",0,1,0,0,0
"1514",1,2,0,0,0
"1515",0,1,0,0,0
"1516",4,6,1,0,0
"1517",106,80,8,2,2
"1518",0,1,0,0,0
"1519",1,1,0,0,0
"1520",166,155,13,3,6
"1521",3,1,0,0,0
"1522",0,1,0,0,0
"1523",0,1,0,0,0
"1524",2,3,0,0,0
"1525",1,2,0,0,0
"1526",5,5,0,0,0
"1527",1,3,0,0,0
"1528",0,1,0,0,0
"1529",0,1,0,0,0
"1530",0,3,0,0,0
"1531",3,3,0,0,0
"1532",1,1,0,0,0
"1533",0,1,0,0,0
"1534",249,185,13,4,4
"1535",0,1,0,0,0
"1536",0,3,1,0,0
"1537",1,4,0,0,0
"1538",1,1,0,0,0
"1539",0,1,0,0,0
"1540",0,1,0,0,0
"1541",74,59,7,2,2
"1542",0,1,0,0,0
"1543",0,1,0,0,0
"1544",12,3,0,1,0
"1545",0,1,0,0,0
"1546",0,1,0,0,0
"1547",0,0,0,0,0
"1548",0,2,0,0,0
"1549",2,2,0,0,0
"1550",1,1,1,0,0
"1551",231,160,20,7,4
"1552",287,200,17,7,2
"1553",0,2,0,0,0
"1554",0,1,0,0,0
"1555",7,3,0,0,0
"1556",0,2,0,0,0
"1557",0,1,0,0,0
"1558",73,57,3,3,1
"1559",0,1,0,0,0
"1560",0,1,0,0,0
"1561",0,1,0,0,0
"1562",215,180,19,9,6
"1563",115,85,11,2,2
"1564",0,1,0,0,0
"1565",0,1,0,0,0
"1566",0,1,0,0,0
"1567",212,133,15,3,2
"1568",3,7,0,0,0
"1569",0,1,0,0,0
"1570",0,1,0,0,0
"1571",0,1,0,0,0
"1572",0,1,0,0,0
"1573",0,1,0,0,0
"1574",1,1,0,1,0
"1575",0,2,0,0,0
"1576",0,1,0,0,0
"1577",0,1,0,0,0
"1578",1,1,0,0,0
"1579",80,67,4,4,3
"1580",227,151,20,3,4
"1581",5,3,0,1,0
"1582",1,2,0,0,0
"1583",404,317,37,8,11
"1584",1,2,0,0,0
"1585",0,2,0,0,0
"1586",3,2,0,0,1
"1587",0,5,0,0,0
"1588",0,1,0,0,0
"1589",134,94,7,6,3
"1590",0,1,0,0,0
"1591",26,28,2,2,0
"1592",2,1,0,0,0
"1593",325,232,30,8,10
"1594",1,2,0,0,0
"1595",1,1,0,0,0
"1596",0,1,0,0,0
"1597",23,17,3,0,0
"1598",22,17,1,0,1
"1599",0,1,1,0,0
"1600",0,1,0,0,0
"1601",0,1,0,0,0
"1602",27,26,0,0,0
"1603",4,6,0,0,0
"1604",0,1,0,0,0
"1605",0,2,0,0,0
"1606",0,2,0,0,0
"1607",267,183,20,3,5
"1608",0,2,0,0,0
"1609",0,1,0,0,0
"1610",3,3,1,0,1
"1611",0,1,0,0,0
"1612",0,0,0,0,0
"1613",0,1,0,0,0
"1614",217,179,13,2,3
"1615",14,14,1,0,0
"1616",0,1,0,0,0
"1617",41,44,7,2,0
"1618",5,3,0,0,0
"1619",0,1,0,0,0
"1620",0,1,0,0,0
"1621",5,3,0,0,0
"1622",0,2,0,0,0
"1623",116,95,11,4,1
"1624",0,1,0,0,0
"1625",178,135,13,4,2
"1626",0,1,0,0,0
"1627",0,1,0,0,0
"1628",2,3,0,0,0
"1629",0,2,0,0,0
"1630",138,104,8,1,0
"1631",1,3,0,0,0
"1632",0,1,0,0,0
"1633",2,2,0,0,0
"1634",231,168,18,3,5
"1635",0,1,0,0,0
"1636",0,1,0,0,0
"1637",318,264,21,10,9
"1638",0,2,0,0,0
"1639",1,3,0,0,0
"1640",0,1,0,0,0
"1641",0,1,0,0,0
"1642",0,1,0,0,0
"1643",0,1,0,0,0
"1644",0,1,0,0,0
"1645",0,1,0,0,0
"1646",1,4,0,0,0
"1647",0,1,0,0,0
"1648",0,1,0,0,0
"1649",0,1,0,0,0
"1650",0,1,0,0,0
"1651",5,9,0,0,1
"1652",0,1,0,0,0
"1653",1,4,0,0,0
"1654",1,1,0,0,0
"1655",75,52,7,3,2
"1656",0,2,0,0,0
"1657",2,2,2,0,0
"1658",0,3,0,0,0
"1659",0,1,0,0,0
"1660",1,1,0,0,0
"1661",0,1,0,0,0
"1662",0,1,0,0,0
"1663",0,1,0,0,0
"1664",0,2,0,0,0
"1665",0,0,0,0,0
"1666",316,266,28,9,9
"1667",0,1,0,0,0
"1668",2,1,0,0,0
"1669",0,1,0,0,0
"1670",0,1,0,0,0
"1671",0,1,0,0,0
"1672",85,44,6,0,3
"1673",0,1,0,0,0
"1674",1,1,0,0,0
"1675",0,1,0,0,0
"1676",0,1,0,0,0
"1677",1,1,0,0,0
"1678",5,6,1,1,0
"1679",0,1,0,0,0
"1680",0,1,0,0,0
"1681",1,2,0,0,0
"1682",515,441,41,16,19
"1683",2,3,0,0,1
"1684",0,1,0,0,0
"1685",0,1,0,0,0
"1686",0,1,0,0,0
"1687",57,54,6,1,1
"1688",26,12,0,1,0
"1689",2,1,0,0,0
"1690",172,165,18,4,5
"1691",327,243,28,15,6
"1692",0,1,0,0,0
"1693",0,1,0,0,0
"1694",0,1,0,0,0
"1695",1,1,0,0,0
"1696",5,8,0,0,0
"1697",0,0,0,0,0
"1698",0,1,0,0,0
"1699",0,1,0,0,0
"1700",12,11,0,0,0
"1701",1,1,0,1,0
"1702",0,1,0,0,0
"1703",0,0,0,0,0
"1704",0,1,0,0,0
"1705",0,1,0,0,0
"1706",10,5,1,0,1
"1707",0,1,0,0,0
"1708",10,14,2,1,1
"1709",239,197,21,2,2
"1710",0,2,0,0,0
"1711",392,287,23,3,6
"1712",0,2,0,0,0
"1713",0,1,0,0,0
"1714",0,1,0,0,0
"1715",0,1,0,0,0
"1716",11,5,1,0,0
"1717",0,1,0,0,0
"1718",4,1,0,0,0
"1719",0,1,0,0,0
"1720",1,1,0,0,0
"1721",4,2,0,0,0
"1722",0,1,0,0,0
"1723",229,191,11,3,5
"1724",0,2,0,0,0
"1725",188,135,13,1,3
"1726",0,2,0,0,0
"1727",14,6,3,0,0
"1728",0,1,0,0,0
"1729",0,1,0,0,0
"1730",0,1,0,0,0
"1731",0,1,0,0,0
"1732",0,1,0,0,0
"1733",287,228,35,5,9
"1734",236,173,12,5,5
"1735",0,1,0,0,0
"1736",1,2,0,0,1
"1737",2,2,0,0,0
"1738",0,1,0,0,0
"1739",219,154,14,5,3
"1740",12,9,0,0,0
"1741",452,388,35,11,8
"1742",1,1,0,0,0
"1743",61,44,2,2,0
"1744",0,1,0,0,0
"1745",0,4,1,0,0
"1746",1,1,0,0,0
"1747",2,2,0,0,0
"1748",0,1,0,0,0
"1749",0,1,0,0,0
"1750",0,1,0,0,0
"1751",0,0,0,0,0
"1752",66,51,3,0,1
"1753",0,1,0,0,0
"1754",0,1,0,0,0
"1755",150,97,11,5,2
"1756",0,1,0,0,0
"1757",48,41,4,1,0
"1758",6,4,0,0,0
"1759",2,3,0,0,0
"1760",0,0,0,0,0
"1761",0,1,0,0,1
"1762",7,5,1,0,1
"1763",0,1,0,0,0
"1764",4,2,0,0,1
"1765",0,1,0,0,0
"1766",10,7,0,0,0
"1767",15,14,0,0,0
"1768",0,2,0,0,0
"1769",0,1,0,0,0
"1770",3,4,0,1,0
"1771",2,4,0,0,0
"1772",1,1,0,0,0
"1773",0,2,0,0,0
"1774",0,1,0,0,0
"1775",1,3,0,0,0
"1776",0,1,0,0,0
"1777",0,1,0,0,0
"1778",0,1,0,0,0
"1779",11,4,1,0,0
"1780",5,4,0,0,0
"1781",0,1,0,0,0
"1782",0,1,0,0,0
"1783",1,1,0,0,0
"1784",0,1,0,0,0
"1785",1,1,0,0,0
"1786",0,1,0,1,0
"1787",303,208,20,2,5
"1788",0,3,0,0,0
"1789",149,100,5,1,2
"1790",0,1,0,0,0
"1791",2,5,1,0,0
"1792",86,48,7,0,0
"1793",0,1,0,0,0
"1794",0,4,0,0,0
"1795",1,0,0,0,0
"1796",0,0,0,0,0
"1797",2,1,0,0,0
"1798",1,1,0,0,0
"1799",0,1,0,0,0
"1800",155,119,17,6,5
"1801",4,5,0,0,0
"1802",0,3,0,0,0
"1803",1,4,0,0,0
"1804",1,1,0,0,0
"1805",0,1,0,0,0
"1806",1,1,0,0,0
"1807",0,1,0,0,0
"1808",0,1,0,0,0
"1809",0,1,0,0,0
"1810",287,215,21,6,9
"1811",183,130,12,2,10
"1812",0,1,0,0,0
"1813",0,1,0,0,0
"1814",191,132,15,3,4
"1815",0,1,0,0,0
"1816",0,1,0,0,0
"1817",1,2,0,0,0
"1818",0,1,0,0,0
"1819",0,1,0,0,0
"1820",0,0,0,0,0
"1821",132,102,9,4,3
"1822",0,1,0,0,0
"1823",244,160,17,1,5
"1824",0,2,0,0,0
"1825",0,1,0,0,0
"1826",1,1,0,0,0
"1827",0,1,0,0,0
"1828",17,22,1,0,0
"1829",0,1,0,0,0
"1830",16,7,1,0,0
"1831",15,17,1,0,0
"1832",0,1,0,0,0
"1833",0,1,0,0,0
"1834",9,3,1,0,1
"1835",2,3,0,0,0
"1836",0,1,0,0,0
"1837",0,1,0,0,0
"1838",282,213,19,6,8
"1839",0,1,0,0,0
"1840",260,231,21,5,6
"1841",7,5,1,0,0
"1842",0,1,0,0,0
"1843",7,5,1,0,0
"1844",0,1,0,0,0
"1845",0,1,0,0,0
"1846",30,19,5,2,0
"1847",0,1,0,0,0
"1848",17,13,0,0,2
"1849",0,1,0,0,0
"1850",1,2,0,0,0
"1851",5,4,0,0,0
"1852",30,21,0,0,0
"1853",158,112,8,6,2
"1854",0,1,0,0,0
"1855",11,9,0,0,0
"1856",0,1,0,0,0
"1857",247,161,20,5,5
"1858",0,0,0,0,0
"1859",1,1,0,0,0
"1860",323,208,22,12,2
"1861",0,1,0,0,0
"1862",7,6,0,0,0
"1863",1,1,0,0,0
"1864",117,74,3,1,2
"1865",0,0,0,0,0
"1866",0,1,0,0,0
"1867",132,103,11,3,0
"1868",2,1,0,0,0
"1869",11,4,0,0,0
"1870",0,1,0,0,0
"1871",0,1,0,0,0
"1872",11,3,0,1,0
"1873",1,5,0,0,0
"1874",0,1,0,0,0
"1875",0,1,0,0,0
"1876",0,1,0,0,0
"1877",3,9,1,0,0
"1878",6,9,1,0,0
"1879",1,1,0,0,0
"1880",5,1,0,0,0
"1881",0,1,0,0,0
"1882",7,9,0,0,0
"1883",0,1,0,0,0
"1884",304,256,18,5,5
"1885",1,1,0,0,0
"1886",178,130,17,2,6
"1887",0,1,0,0,0
"1888",1,5,0,0,0
"1889",1,0,0,0,0
"1890",0,1,0,0,0
"1891",1,1,0,0,0
"1892",0,2,0,0,0
"1893",0,1,0,0,0
"1894",0,2,0,0,0
"1895",0,1,0,0,0
"1896",0,1,0,0,0
"1897",0,1,0,0,0
"1898",0,1,0,0,0
"1899",0,1,0,0,0
"1900",0,1,0,0,0
"1901",10,7,0,1,1
"1902",0,1,0,0,0
"1903",0,1,0,0,0
"1904",1,2,1,0,0
"1905",0,1,0,0,0
"1906",61,41,3,2,2
"1907",52,51,5,0,1
"1908",0,1,0,0,0
"1909",1,1,0,0,0
"1910",0,2,0,0,0
"1911",0,1,0,0,0
"1912",0,1,0,0,0
"1913",1,1,0,0,0
"1914",76,58,6,1,0
"1915",4,6,0,0,0
"1916",0,1,0,0,0
"1917",1,1,0,0,0
"1918",0,1,0,0,0
"1919",2,2,0,0,0
"1920",5,1,0,0,0
"1921",0,5,0,0,0
"1922",0,1,0,0,0
"1923",3,3,0,0,0
"1924",5,4,1,0,1
"1925",0,1,0,0,0
"1926",1,3,0,0,0
"1927",10,11,2,0,1
"1928",0,1,0,0,0
"1929",184,150,10,5,4
"1930",0,2,0,0,0
"1931",0,1,0,0,0
"1932",0,1,0,0,0
"1933",2,1,0,0,0
"1934",0,1,0,0,0
"1935",0,1,0,0,0
"1936",0,1,0,0,0
"1937",1,2,0,0,0
"1938",4,6,0,0,0
"1939",0,1,0,0,0
"1940",1,1,0,0,0
"1941",2,2,0,0,0
"1942",313,233,21,5,7
"1943",124,114,14,6,5
"1944",324,245,24,6,3
"1945",0,1,0,0,0
"1946",0,1,0,0,0
"1947",0,1,0,0,0
"1948",0,1,0,0,0
"1949",0,0,0,0,0
"1950",0,1,0,0,0
"1951",0,1,0,0,0
"1952",20,15,4,0,0
"1953",13,9,4,1,1
"1954",0,1,0,0,0
"1955",4,2,1,0,0
"1956",0,1,0,0,0
"1957",1,7,0,0,0
"1958",1,1,0,0,0
"1959",0,1,0,0,0
"1960",0,2,0,0,0
"1961",0,1,0,0,0
"1962",0,1,0,0,0
"1963",0,1,0,0,0
"1964",0,0,0,0,0
"1965",358,269,42,10,10
"1966",1,0,0,0,0
"1967",302,260,32,5,6
"1968",0,1,0,0,0
"1969",2,2,0,0,0
"1970",13,14,0,1,0
"1971",0,1,0,0,0
"1972",333,247,25,9,8
"1973",31,11,1,0,1
"1974",0,1,0,0,0
"1975",0,0,0,0,0
"1976",4,2,0,0,0
"1977",1,2,0,0,0
"1978",0,1,0,0,0
"1979",5,8,1,0,0
"1980",1,1,0,0,0
"1981",1,1,0,0,0
"1982",0,0,0,0,0
"1983",5,4,0,1,0
"1984",366,291,25,7,5
"1985",0,1,0,0,0
"1986",2,4,0,0,0
"1987",438,371,38,10,15
"1988",16,20,0,0,0
"1989",0,1,0,0,0
"1990",0,1,0,0,0
"1991",281,202,26,4,0
"1992",35,29,4,3,0
"1993",0,2,0,0,0
"1994",0,1,0,0,0
"1995",300,255,18,6,7
"1996",177,146,14,3,4
"1997",0,1,0,0,0
"1998",0,1,0,0,0
"1999",0,1,0,0,0
"2000",0,3,0,0,0
"2001",0,1,0,0,0
"2002",0,1,0,0,0
"2003",0,1,0,0,0
"2004",5,2,1,0,0
"2005",1,2,0,0,0
"2006",0,1,0,0,0
"2007",52,37,5,0,1
"2008",0,1,0,0,0
"2009",0,1,0,0,0
"2010",290,244,24,6,10
"2011",0,0,0,0,0
"2012",16,6,0,0,0
"2013",7,5,0,0,0
"2014",6,1,0,0,0
"2015",228,180,18,6,4
"2016",0,1,0,0,0
"2017",4,2,1,0,0
"2018",1,2,0,0,0
"2019",0,1,0,0,0
"2020",0,2,0,0,0
"2021",0,1,0,0,0
"2022",25,16,4,0,0
"2023",1,1,0,0,0
"2024",1,1,0,0,0
"2025",1,2,0,0,0
"2026",0,1,0,0,0
"2027",299,231,27,9,5
"2028",0,1,0,0,0
"2029",0,1,0,0,0
"2030",310,196,22,6,4
"2031",1,2,0,0,0
"2032",0,1,0,0,0
"2033",0,1,0,0,0
"2034",0,1,0,0,0
"2035",7,3,0,0,0
"2036",0,1,0,0,0
"2037",0,1,0,0,0
"2038",209,171,11,3,4
"2039",19,22,3,0,0
"2040",237,184,16,1,3
"2041",0,1,0,0,0
"2042",0,2,0,0,0
"2043",0,1,0,0,0
"2044",0,1,0,0,0
"2045",1,1,0,0,0
"2046",247,181,10,7,5
"2047",1,1,0,0,0
"2048",0,1,0,0,0
"2049",0,1,0,0,0
"2050",0,2,0,0,0
"2051",0,0,0,0,0
"2052",0,1,0,0,0
"2053",2,1,0,0,0
"2054",9,4,0,0,1
"2055",0,1,0,0,0
"2056",2,1,0,0,0
"2057",0,1,0,0,0
"2058",0,3,0,0,0
"2059",1,1,0,0,0
"2060",2,3,0,0,0
"2061",0,0,0,0,0
"2062",172,125,15,2,2
"2063",0,1,0,0,0
"2064",0,2,0,0,0
"2065",2,3,0,0,0
"2066",0,1,0,0,0
"2067",1,2,1,0,0
"2068",9,12,1,0,0
"2069",41,33,2,2,0
"2070",349,282,29,5,4
"2071",0,1,0,0,0
"2072",17,13,0,0,0
"2073",2,2,0,0,0
"2074",0,1,0,0,0
"2075",3,2,0,0,0
"2076",0,2,0,0,0
"2077",0,2,0,0,0
"2078",0,1,0,0,0
"2079",2,4,0,0,0
"2080",0,1,0,0,0
"2081",0,2,0,0,0
"2082",0,1,0,0,0
"2083",166,159,16,6,2
"2084",105,70,11,4,2
"2085",12,17,0,0,1
"2086",269,201,26,5,4
"2087",316,265,32,7,5
"2088",0,1,0,0,0
"2089",0,1,0,0,0
"2090",0,1,0,0,0
"2091",0,1,0,0,0
"2092",103,94,12,1,6
"2093",1,3,1,0,0
"2094",0,1,0,0,0
"2095",20,10,3,0,0
"2096",25,11,1,0,0
"2097",0,1,0,0,0
"2098",0,1,0,0,0
"2099",1,1,0,0,0
"2100",0,2,0,0,0
"2101",6,6,0,0,0
"2102",24,16,1,0,0
"2103",9,5,0,1,0
"2104",285,231,24,5,7
"2105",1,2,0,0,0
"2106",0,1,0,0,0
"2107",0,1,0,0,0
"2108",0,1,0,0,0
"2109",1,1,0,0,0
"2110",0,1,0,0,0
"2111",1,1,0,0,0
"2112",1,1,0,0,0
"2113",1,2,0,0,0
"2114",0,1,0,0,0
"2115",0,1,0,0,0
"2116",194,154,14,4,5
"2117",282,244,28,8,3
"2118",1,1,0,0,0
"2119",0,1,0,0,0
"2120",0,1,0,0,0
"2121",0,1,0,0,0
"2122",0,1,0,0,0
"2123",1,2,0,0,0
"2124",0,1,0,0,0
"2125",0,1,0,0,0
"2126",0,1,0,0,0
"2127",0,1,0,0,0
"2128",0,1,0,0,0
"2129",1,2,1,0,0
"2130",1,1,0,0,0
"2131",1,1,0,0,0
"2132",1,3,0,0,0
"2133",0,1,0,0,0
"2134",0,1,0,0,0
"2135",204,144,20,7,6
"2136",0,1,0,0,0
"2137",0,1,0,0,0
"2138",54,31,1,0,0
"2139",414,326,34,5,9
"2140",253,187,17,3,4
"2141",0,1,0,0,0
"2142",0,1,0,0,0
"2143",12,15,1,0,0
"2144",1,2,0,0,0
"2145",3,4,0,0,0
"2146",7,5,1,0,1
"2147",0,1,0,0,0
"2148",49,37,6,2,1
"2149",303,226,26,3,5
"2150",0,1,0,0,0
"2151",5,3,0,0,0
"2152",222,144,15,3,4
"2153",0,1,0,0,0
"2154",3,9,2,1,0
"2155",78,52,3,1,2
"2156",7,10,0,0,0
"2157",218,156,17,3,8
"2158",0,1,0,0,0
"2159",0,1,0,0,0
"2160",0,1,0,0,0
"2161",0,1,0,0,0
"2162",0,1,0,0,0
"2163",59,43,6,0,0
"2164",0,1,0,0,0
"2165",0,2,0,0,0
"2166",216,148,13,7,4
"2167",2,2,0,0,0
"2168",0,1,0,0,0
"2169",10,5,0,0,0
"2170",0,1,0,0,0
"2171",0,1,0,0,0
"2172",0,1,0,0,0
"2173",109,50,5,3,2
"2174",0,1,0,0,0
"2175",2,6,0,0,0
"2176",0,1,0,0,0
"2177",0,1,0,0,0
"2178",183,175,19,3,3
"2179",20,14,1,1,2
"2180",6,9,0,1,0
"2181",4,3,0,0,1
"2182",1,2,0,0,0
"2183",1,3,0,0,0
"2184",0,1,0,0,0
"2185",0,1,0,0,0
"2186",176,130,9,2,6
"2187",0,1,0,0,0
"2188",3,3,0,0,0
"2189",0,1,0,0,0
"2190",8,3,0,0,0
"2191",0,1,0,0,0
"2192",0,1,0,0,0
"2193",1,5,0,0,0
"2194",1,1,0,0,0
"2195",0,1,0,0,0
"2196",7,4,0,1,0
"2197",2,1,0,0,0
"2198",1,1,0,0,0
"2199",0,1,0,0,0
"2200",170,126,15,6,4
"2201",0,1,0,0,0
"2202",1,2,0,0,0
"2203",0,1,0,0,0
"2204",32,32,3,3,1
"2205",0,1,0,0,0
"2206",1,1,0,0,0
"2207",280,231,19,6,3
"2208",0,1,0,0,0
"2209",0,1,0,0,0
"2210",31,35,1,0,0
"2211",0,1,0,0,0
"2212",0,1,0,0,0
"2213",0,1,0,0,0
"2214",259,189,21,8,2
"2215",6,0,1,0,0
"2216",66,58,7,0,0
"2217",0,1,0,0,0
"2218",0,1,0,0,0
"2219",4,9,1,0,0
"2220",10,6,1,0,0
"2221",1,1,0,0,0
"2222",5,7,0,1,0
"2223",0,1,0,0,0
"2224",0,1,0,0,0
"2225",0,2,0,0,0
"2226",0,1,0,0,0
"2227",0,1,0,0,0
"2228",0,1,0,0,0
"2229",0,1,0,0,0
"2230",0,1,0,0,0
"2231",1,5,0,0,0
"2232",335,245,19,6,7
"2233",9,7,0,0,0
"2234",0,1,0,0,0
"2235",0,1,0,0,0
"2236",3,5,0,0,0
"2237",0,1,0,0,0
"2238",303,216,17,3,4
"2239",163,127,11,1,2
"2240",3,4,0,0,0
"2241",5,7,1,0,0
"2242",0,1,0,0,0
"2243",23,16,5,0,0
"2244",3,1,0,0,0
"2245",0,1,0,0,0
"2246",0,1,0,0,0
"2247",0,2,0,0,0
"2248",558,481,49,14,10
"2249",2,1,0,0,0
"2250",0,1,0,0,0
"2251",0,1,0,0,0
"2252",4,3,0,0,0
"2253",0,1,0,0,0
"2254",0,1,0,0,0
"2255",0,1,0,0,0
"2256",174,144,11,5,5
"2257",0,1,0,0,0
"2258",263,210,19,4,7
"2259",0,0,0,0,0
"2260",0,2,0,0,0
"2261",0,1,0,0,0
"2262",0,2,0,0,0
"2263",3,1,0,0,0
"2264",0,0,0,0,0
"2265",0,1,0,0,0
"2266",0,1,0,0,0
"2267",3,2,0,0,0
"2268",25,12,1,0,0
"2269",0,1,0,0,0
"2270",0,1,0,0,0
"2271",0,1,0,0,0
"2272",0,1,0,0,0
"2273",16,7,1,0,0
"2274",0,4,0,0,0
"2275",2,1,0,0,0
"2276",32,14,1,1,1
"2277",0,1,0,0,0
"2278",20,16,1,0,1
"2279",0,0,0,0,0
"2280",0,3,0,0,0
"2281",84,65,9,2,0
"2282",0,1,1,0,0
"2283",0,1,0,0,0
"2284",0,1,0,0,0
"2285",2,3,1,0,0
"2286",0,1,0,0,0
"2287",0,1,0,0,0
"2288",1,1,0,0,0
"2289",0,2,0,0,0
"2290",0,1,0,0,0
"2291",4,2,0,0,0
"2292",348,274,31,7,6
"2293",0,1,0,0,0
"2294",0,1,0,0,0
"2295",0,1,0,0,0
"2296",266,198,28,6,4
"2297",0,1,0,0,0
"2298",0,1,0,0,0
"2299",24,23,4,0,0
"2300",1,1,0,0,0
"2301",8,3,0,0,0
"2302",0,2,0,0,0
"2303",0,1,0,0,0
"2304",0,1,0,0,0
"2305",0,1,0,0,0
"2306",0,1,0,0,0
"2307",2,1,0,0,0
"2308",1,0,0,0,0
"2309",0,1,0,0,0
"2310",0,1,0,0,0
"2311",0,1,0,0,0
"2312",16,16,4,1,0
"2313",12,5,0,0,0
"2314",361,299,35,9,5
"2315",1,2,0,0,0
"2316",0,1,0,0,0
"2317",10,3,0,0,0
"2318",0,1,0,0,0
"2319",0,1,0,0,0
"2320",0,1,0,0,0
"2321",0,1,0,0,0
"2322",0,1,0,0,0
"2323",0,1,0,0,0
"2324",1,2,0,0,0
"2325",275,205,25,3,7
"2326",0,1,0,0,0
"2327",1,2,0,0,0
"2328",0,0,0,0,0
"2329",4,5,0,0,0
"2330",5,5,1,0,0
"2331",256,181,18,4,3
"2332",0,1,0,0,0
"2333",0,1,0,0,0
"2334",221,179,17,3,3
"2335",18,19,1,1,0
"2336",1,1,0,0,0
"2337",0,1,0,0,0
"2338",0,2,0,0,0
"2339",0,1,0,0,0
"2340",296,229,23,6,5
"2341",1,1,0,0,0
"2342",3,4,0,0,0
"2343",4,5,0,1,0
"2344",0,1,0,0,0
"2345",0,1,0,0,0
"2346",261,196,17,5,2
"2347",0,1,0,0,0
"2348",3,0,0,0,0
"2349",0,1,0,0,0
"2350",0,0,0,0,0
"2351",0,1,0,0,0
"2352",0,1,0,0,0
"2353",0,1,0,0,0
"2354",0,1,0,0,0
"2355",0,1,0,0,0
"2356",0,1,0,0,0
"2357",97,62,4,1,2
"2358",2,3,1,0,0
"2359",22,20,0,0,0
"2360",42,22,5,1,3
"2361",1,1,0,0,0
"2362",0,2,0,0,0
"2363",0,2,0,0,0
"2364",0,2,0,0,0
"2365",0,1,0,0,0
"2366",10,2,2,0,0
"2367",0,1,0,0,0
"2368",0,1,0,0,0
"2369",263,204,26,5,6
"2370",0,1,0,0,0
"2371",0,1,0,0,0
"2372",2,1,0,0,0
"2373",29,19,3,0,2
"2374",3,5,0,0,0
"2375",4,4,0,0,0
"2376",0,1,0,0,0
"2377",1,1,0,0,0
"2378",0,1,0,0,0
"2379",0,2,0,0,0
"2380",0,1,0,0,0
"2381",0,1,0,0,0
"2382",0,1,0,0,0
"2383",0,1,0,0,0
"2384",233,204,17,2,6
"2385",8,8,1,0,0
"2386",1,2,0,0,0
"2387",0,1,0,0,0
"2388",0,1,0,0,0
"2389",0,1,0,0,0
"2390",0,1,0,0,0
"2391",1,1,0,0,0
"2392",3,3,1,0,0
"2393",290,252,25,7,11
"2394",66,64,8,0,2
"2395",3,1,0,0,0
"2396",28,23,1,1,0
"2397",0,1,0,0,0
"2398",178,150,13,5,4
"2399",344,233,18,5,5
"2400",1,2,0,0,0
"2401",0,1,0,0,0
"2402",2,5,0,0,0
"2403",8,1,2,0,0
"2404",1,1,0,0,0
"2405",0,1,0,0,0
"2406",34,19,3,0,0
"2407",0,1,0,0,0
"2408",216,154,10,4,3
"2409",3,1,0,0,0
"2410",0,1,0,0,0
"2411",0,1,0,0,0
"2412",40,36,3,1,0
"2413",34,14,0,0,1
"2414",3,2,0,0,0
"2415",0,1,0,0,0
"2416",224,193,13,6,3
"2417",0,1,0,0,0
"2418",0,1,0,0,0
"2419",11,16,0,0,0
"2420",1,1,0,0,0
"2421",0,1,0,0,0
"2422",3,1,1,0,0
"2423",1,1,0,0,0
"2424",0,2,0,0,0
"2425",133,100,6,1,0
"2426",0,1,0,0,0
"2427",188,133,9,3,3
"2428",3,3,0,0,0
"2429",0,1,0,0,0
"2430",294,240,19,3,6
"2431",0,1,0,0,0
"2432",0,1,0,0,0
"2433",0,1,0,0,0
"2434",424,339,42,9,9
"2435",1,0,0,0,0
"2436",0,1,0,0,0
"2437",1,1,0,0,0
"2438",8,4,1,0,0
"2439",0,1,0,0,0
"2440",0,1,0,0,0
"2441",0,1,0,0,0
"2442",0,1,0,0,0
"2443",72,45,4,2,1
"2444",0,1,0,0,0
"2445",0,1,0,0,0
"2446",0,1,0,0,0
"2447",0,2,0,0,0
"2448",0,1,0,0,0
"2449",326,252,23,4,7
"2450",180,112,10,3,1
"2451",3,4,0,0,0
"2452",0,1,0,0,0
"2453",0,2,0,0,0
"2454",20,20,2,1,0
"2455",0,1,0,0,0
"2456",2,1,0,1,1
"2457",7,6,0,0,0
"2458",5,5,0,1,0
"2459",264,199,15,4,1
"2460",0,1,0,0,0
"2461",0,1,0,0,0
"2462",0,1,0,0,0
"2463",0,1,0,0,0
"2464",1,1,0,0,0
"2465",1,1,0,0,0
"2466",1,1,0,0,0
"2467",228,175,14,4,3
"2468",0,2,0,0,0
"2469",0,1,0,0,0
"2470",0,2,0,0,0
"2471",3,4,1,0,0
"2472",0,1,0,0,0
"2473",2,2,0,0,0
"2474",0,1,0,0,0
"2475",0,1,0,0,0
"2476",52,44,3,1,0
"2477",0,1,0,0,0
"2478",4,3,1,0,0
"2479",5,8,0,0,0
"2480",0,1,0,0,0
"2481",1,1,0,0,0
"2482",0,1,0,0,0
"2483",0,1,0,0,0
"2484",0,1,0,0,0
"2485",1,1,0,0,0
"2486",0,1,0,0,0
"2487",0,1,0,0,0
"2488",2,2,0,0,0
"2489",0,1,0,0,0
"2490",240,198,19,5,7
"2491",1,1,0,0,0
"2492",0,1,0,0,0
"2493",2,1,0,0,0
"2494",26,14,2,0,0
"2495",0,1,0,0,0
"2496",53,48,4,1,1
"2497",0,1,0,0,0
"2498",0,1,0,0,0
"2499",0,1,0,0,0
"2500",10,6,0,0,0
