"time" "age1_orange.S" "age1_green.S" "age2_no_comorbid_orange.S" "age2_no_comorbid_green.S" "age2_comorbid_green.S" "age3_no_comorbid_green.S" "age3_comorbid_green.S" "age1_orange.E" "age1_green.E" "age2_no_comorbid_orange.E" "age2_no_comorbid_green.E" "age2_comorbid_green.E" "age3_no_comorbid_green.E" "age3_comorbid_green.E" "age1_orange.P" "age1_green.P" "age2_no_comorbid_orange.P" "age2_no_comorbid_green.P" "age2_comorbid_green.P" "age3_no_comorbid_green.P" "age3_comorbid_green.P" "age1_orange.A" "age1_green.A" "age2_no_comorbid_orange.A" "age2_no_comorbid_green.A" "age2_comorbid_green.A" "age3_no_comorbid_green.A" "age3_comorbid_green.A" "age1_orange.I" "age1_green.I" "age2_no_comorbid_orange.I" "age2_no_comorbid_green.I" "age2_comorbid_green.I" "age3_no_comorbid_green.I" "age3_comorbid_green.I" "age1_orange.H" "age1_green.H" "age2_no_comorbid_orange.H" "age2_no_comorbid_green.H" "age2_comorbid_green.H" "age3_no_comorbid_green.H" "age3_comorbid_green.H" "age1_orange.R" "age1_green.R" "age2_no_comorbid_orange.R" "age2_no_comorbid_green.R" "age2_comorbid_green.R" "age3_no_comorbid_green.R" "age3_comorbid_green.R" "age1_orange.D" "age1_green.D" "age2_no_comorbid_orange.D" "age2_no_comorbid_green.D" "age2_comorbid_green.D" "age3_no_comorbid_green.D" "age3_comorbid_green.D"
0 752 62 847 94 125 44 75 0 0 1 0 0 0 0 0 0 0 0 0 0 0 0 0 0 0 0 0 0 0 0 0 0 0 0 0 0 0 0 0 0 0 0 0 0 0 0 0 0 0 0 0 0 0 0 0 0
0.464750629801831 752 62 847 94 125 44 75 0 0 0 0 0 0 0 0 0 1 0 0 0 0 0 0 0 0 0 0 0 0 0 0 0 0 0 0 0 0 0 0 0 0 0 0 0 0 0 0 0 0 0 0 0 0 0 0 0
6.80540771274507 752 62 846 94 125 44 75 0 0 1 0 0 0 0 0 0 1 0 0 0 0 0 0 0 0 0 0 0 0 0 0 0 0 0 0 0 0 0 0 0 0 0 0 0 0 0 0 0 0 0 0 0 0 0 0 0
6.89516177446461 752 62 846 94 125 44 75 0 0 0 0 0 0 0 0 0 2 0 0 0 0 0 0 0 0 0 0 0 0 0 0 0 0 0 0 0 0 0 0 0 0 0 0 0 0 0 0 0 0 0 0 0 0 0 0 0
9.37184216501058 752 62 846 94 125 44 75 0 0 0 0 0 0 0 0 0 1 0 0 0 0 0 0 0 0 0 0 0 0 0 1 0 0 0 0 0 0 0 0 0 0 0 0 0 0 0 0 0 0 0 0 0 0 0 0 0
12.6554072429126 751 62 846 94 125 44 75 1 0 0 0 0 0 0 0 0 1 0 0 0 0 0 0 0 0 0 0 0 0 0 1 0 0 0 0 0 0 0 0 0 0 0 0 0 0 0 0 0 0 0 0 0 0 0 0 0
12.8968091914484 751 62 846 94 125 44 75 0 0 0 0 0 0 0 1 0 1 0 0 0 0 0 0 0 0 0 0 0 0 0 1 0 0 0 0 0 0 0 0 0 0 0 0 0 0 0 0 0 0 0 0 0 0 0 0 0
13.0697699474741 751 62 846 94 125 44 75 0 0 0 0 0 0 0 0 0 1 0 0 0 0 1 0 0 0 0 0 0 0 0 1 0 0 0 0 0 0 0 0 0 0 0 0 0 0 0 0 0 0 0 0 0 0 0 0 0
13.1918221995571 751 62 845 94 125 44 75 0 0 1 0 0 0 0 0 0 1 0 0 0 0 1 0 0 0 0 0 0 0 0 1 0 0 0 0 0 0 0 0 0 0 0 0 0 0 0 0 0 0 0 0 0 0 0 0 0
15.0750458655702 750 62 845 94 125 44 75 1 0 1 0 0 0 0 0 0 1 0 0 0 0 1 0 0 0 0 0 0 0 0 1 0 0 0 0 0 0 0 0 0 0 0 0 0 0 0 0 0 0 0 0 0 0 0 0 0
15.5541517939691 750 62 845 94 125 44 75 0 0 1 0 0 0 0 1 0 1 0 0 0 0 1 0 0 0 0 0 0 0 0 1 0 0 0 0 0 0 0 0 0 0 0 0 0 0 0 0 0 0 0 0 0 0 0 0 0
15.5836783896677 750 62 844 94 125 44 75 0 0 2 0 0 0 0 1 0 1 0 0 0 0 1 0 0 0 0 0 0 0 0 1 0 0 0 0 0 0 0 0 0 0 0 0 0 0 0 0 0 0 0 0 0 0 0 0 0
16.3037193837482 750 62 844 94 125 44 75 0 0 2 0 0 0 0 0 0 1 0 0 0 0 2 0 0 0 0 0 0 0 0 1 0 0 0 0 0 0 0 0 0 0 0 0 0 0 0 0 0 0 0 0 0 0 0 0 0
17.3758674133441 750 62 844 94 125 44 75 0 0 2 0 0 0 0 0 0 1 0 0 0 0 1 0 0 0 0 0 0 0 0 1 0 0 0 0 0 0 0 0 0 0 0 1 0 0 0 0 0 0 0 0 0 0 0 0 0
17.4813523798806 749 62 844 94 125 44 75 1 0 2 0 0 0 0 0 0 1 0 0 0 0 1 0 0 0 0 0 0 0 0 1 0 0 0 0 0 0 0 0 0 0 0 1 0 0 0 0 0 0 0 0 0 0 0 0 0
17.6361486856317 749 62 844 94 125 44 75 1 0 2 0 0 0 0 0 0 1 0 0 0 0 0 0 0 0 0 0 0 0 0 1 0 0 0 0 0 0 0 0 0 0 0 2 0 0 0 0 0 0 0 0 0 0 0 0 0
17.673030895586 749 62 844 94 125 44 75 0 0 2 0 0 0 0 1 0 1 0 0 0 0 0 0 0 0 0 0 0 0 0 1 0 0 0 0 0 0 0 0 0 0 0 2 0 0 0 0 0 0 0 0 0 0 0 0 0
18.1250137802613 748 62 844 94 125 44 75 1 0 2 0 0 0 0 1 0 1 0 0 0 0 0 0 0 0 0 0 0 0 0 1 0 0 0 0 0 0 0 0 0 0 0 2 0 0 0 0 0 0 0 0 0 0 0 0 0
18.8770005152611 747 62 844 94 125 44 75 2 0 2 0 0 0 0 1 0 1 0 0 0 0 0 0 0 0 0 0 0 0 0 1 0 0 0 0 0 0 0 0 0 0 0 2 0 0 0 0 0 0 0 0 0 0 0 0 0
19.0819666161463 747 62 844 94 125 44 75 1 0 2 0 0 0 0 2 0 1 0 0 0 0 0 0 0 0 0 0 0 0 0 1 0 0 0 0 0 0 0 0 0 0 0 2 0 0 0 0 0 0 0 0 0 0 0 0 0
19.2400414774309 747 62 844 94 125 44 75 1 0 1 0 0 0 0 2 0 2 0 0 0 0 0 0 0 0 0 0 0 0 0 1 0 0 0 0 0 0 0 0 0 0 0 2 0 0 0 0 0 0 0 0 0 0 0 0 0
19.4602317589076 747 62 844 94 125 44 75 1 0 1 0 0 0 0 1 0 2 0 0 0 0 0 0 0 0 0 0 0 1 0 1 0 0 0 0 0 0 0 0 0 0 0 2 0 0 0 0 0 0 0 0 0 0 0 0 0
19.797026259833 747 62 844 94 125 44 75 1 0 1 0 0 0 0 1 0 1 0 0 0 0 0 0 0 0 0 0 0 1 0 2 0 0 0 0 0 0 0 0 0 0 0 2 0 0 0 0 0 0 0 0 0 0 0 0 0
19.9852722921843 747 62 844 94 125 44 75 1 0 1 0 0 0 0 1 0 0 0 0 0 0 0 0 0 0 0 0 0 1 0 3 0 0 0 0 0 0 0 0 0 0 0 2 0 0 0 0 0 0 0 0 0 0 0 0 0
20.0880542795586 747 62 844 94 125 44 75 0 0 1 0 0 0 0 2 0 0 0 0 0 0 0 0 0 0 0 0 0 1 0 3 0 0 0 0 0 0 0 0 0 0 0 2 0 0 0 0 0 0 0 0 0 0 0 0 0
20.2051704048051 746 62 844 94 125 44 75 1 0 1 0 0 0 0 2 0 0 0 0 0 0 0 0 0 0 0 0 0 1 0 3 0 0 0 0 0 0 0 0 0 0 0 2 0 0 0 0 0 0 0 0 0 0 0 0 0
20.5494322947974 746 62 844 94 125 44 75 0 0 1 0 0 0 0 3 0 0 0 0 0 0 0 0 0 0 0 0 0 1 0 3 0 0 0 0 0 0 0 0 0 0 0 2 0 0 0 0 0 0 0 0 0 0 0 0 0
20.7030536999928 746 62 844 94 125 44 75 0 0 1 0 0 0 0 2 0 0 0 0 0 0 0 0 0 0 0 0 0 2 0 3 0 0 0 0 0 0 0 0 0 0 0 2 0 0 0 0 0 0 0 0 0 0 0 0 0
21.3767932359405 746 62 844 94 125 44 75 0 0 1 0 0 0 0 2 0 0 0 0 0 0 0 0 0 0 0 0 0 2 0 2 0 0 0 0 0 0 0 0 0 0 0 2 0 1 0 0 0 0 0 0 0 0 0 0 0
22.3210995493737 746 62 844 94 125 44 75 0 0 1 0 0 0 0 1 0 0 0 0 0 0 0 0 0 0 0 0 0 3 0 2 0 0 0 0 0 0 0 0 0 0 0 2 0 1 0 0 0 0 0 0 0 0 0 0 0
22.3511966188062 746 62 844 94 125 44 75 0 0 1 0 0 0 0 0 0 0 0 0 0 0 1 0 0 0 0 0 0 3 0 2 0 0 0 0 0 0 0 0 0 0 0 2 0 1 0 0 0 0 0 0 0 0 0 0 0
22.6393174457471 746 62 844 94 125 44 75 0 0 1 0 0 0 0 0 0 0 0 0 0 0 0 0 0 0 0 0 0 3 0 2 0 0 0 0 0 0 0 0 0 0 0 3 0 1 0 0 0 0 0 0 0 0 0 0 0
24.3286542813127 746 62 844 94 125 44 75 0 0 1 0 0 0 0 0 0 0 0 0 0 0 0 0 0 0 0 0 0 2 0 2 0 0 0 0 0 0 0 0 0 0 0 4 0 1 0 0 0 0 0 0 0 0 0 0 0
25.1779669113977 746 62 844 94 125 44 75 0 0 1 0 0 0 0 0 0 0 0 0 0 0 0 0 0 0 0 0 0 2 0 1 0 0 0 0 0 0 0 0 0 0 0 4 0 2 0 0 0 0 0 0 0 0 0 0 0
25.3463789475007 746 62 844 94 125 44 75 0 0 1 0 0 0 0 0 0 0 0 0 0 0 0 0 0 0 0 0 0 1 0 1 0 0 0 0 0 0 0 0 0 0 0 5 0 2 0 0 0 0 0 0 0 0 0 0 0
25.5064087835591 746 62 844 94 125 44 75 0 0 0 0 0 0 0 0 0 1 0 0 0 0 0 0 0 0 0 0 0 1 0 1 0 0 0 0 0 0 0 0 0 0 0 5 0 2 0 0 0 0 0 0 0 0 0 0 0
27.0751330595698 746 62 844 94 125 44 75 0 0 0 0 0 0 0 0 0 1 0 0 0 0 0 0 0 0 0 0 0 0 0 1 0 0 0 0 0 0 0 0 0 0 0 6 0 2 0 0 0 0 0 0 0 0 0 0 0
27.7951123389359 746 62 844 94 125 44 75 0 0 0 0 0 0 0 0 0 0 0 0 0 0 0 0 0 0 0 0 0 0 0 2 0 0 0 0 0 0 0 0 0 0 0 6 0 2 0 0 0 0 0 0 0 0 0 0 0
31.1996264782972 746 62 844 94 125 44 75 0 0 0 0 0 0 0 0 0 0 0 0 0 0 0 0 0 0 0 0 0 0 0 1 0 0 0 0 0 0 0 0 0 0 0 6 0 3 0 0 0 0 0 0 0 0 0 0 0
35.5462663906095 746 62 844 94 125 44 75 0 0 0 0 0 0 0 0 0 0 0 0 0 0 0 0 0 0 0 0 0 0 0 0 0 0 0 0 0 0 0 0 0 0 0 6 0 4 0 0 0 0 0 0 0 0 0 0 0
365 746 62 844 94 125 44 75 0 0 0 0 0 0 0 0 0 0 0 0 0 0 0 0 0 0 0 0 0 0 0 0 0 0 0 0 0 0 0 0 0 0 0 6 0 4 0 0 0 0 0 0 0 0 0 0 0
