"","age1_orange.I","age1_green.I","age2_no_comorbid_orange.I","age2_no_comorbid_green.I","age2_comorbid_green.I","age3_no_comorbid_green.I","age3_comorbid_green.I"
"1",19.0159574468085,19.2307692307692,18.9858490566038,22.3880597014925,22.3642172523962,22.7272727272727,16.0857908847185
"2",22.8723404255319,20.8333333333333,18.75,24.5202558635394,15.1757188498403,13.6363636363636,14.745308310992
"3",21.1436170212766,22.4358974358974,19.2216981132075,17.0575692963753,18.370607028754,15.9090909090909,17.426273458445
"4",23.1382978723404,19.2307692307692,18.5141509433962,21.3219616204691,23.1629392971246,13.6363636363636,18.7667560321716
"5",22.7393617021277,22.4358974358974,17.5707547169811,26.6524520255864,19.9680511182109,22.7272727272727,14.745308310992
"6",0.132978723404255,0,0.117924528301887,0,0,0,0
"7",24.2021276595745,25.6410256410256,20.5188679245283,18.1236673773987,24.7603833865815,29.5454545454545,17.426273458445
"8",0,0,0,0,0,0,0
"9",21.6755319148936,22.4358974358974,19.5754716981132,21.3219616204691,19.1693290734824,18.1818181818182,14.745308310992
"10",22.3404255319149,16.025641025641,18.75,22.3880597014925,19.1693290734824,11.3636363636364,17.426273458445
"11",21.1436170212766,25.6410256410256,16.5094339622642,24.5202558635394,17.5718849840256,18.1818181818182,17.426273458445
"12",24.8670212765957,25.6410256410256,18.5141509433962,19.1897654584222,15.1757188498403,15.9090909090909,16.0857908847185
"13",23.8031914893617,25.6410256410256,19.2216981132075,13.8592750533049,14.3769968051118,20.4545454545455,17.426273458445
"14",21.4095744680851,33.6538461538462,18.9858490566038,21.3219616204691,17.5718849840256,25,14.745308310992
"15",23.1382978723404,24.0384615384615,20.2830188679245,17.0575692963753,22.3642172523962,13.6363636363636,16.0857908847185
"16",21.4095744680851,28.8461538461539,20.872641509434,18.1236673773987,15.9744408945687,11.3636363636364,14.745308310992
"17",20.0797872340426,22.4358974358974,19.9292452830189,15.9914712153518,17.5718849840256,15.9090909090909,13.4048257372654
"18",22.2074468085106,22.4358974358974,19.9292452830189,20.2558635394456,18.370607028754,18.1818181818182,14.745308310992
"19",22.4734042553191,20.8333333333333,19.2216981132075,18.1236673773987,14.3769968051118,13.6363636363636,12.0643431635389
"20",23.936170212766,22.4358974358974,18.1603773584906,21.3219616204691,17.5718849840256,18.1818181818182,16.0857908847185
"21",23.8031914893617,24.0384615384615,21.3443396226415,19.1897654584222,15.9744408945687,18.1818181818182,13.4048257372654
"22",20.6117021276596,22.4358974358974,18.8679245283019,18.1236673773987,15.1757188498403,11.3636363636364,17.426273458445
"23",23.936170212766,30.448717948718,19.6933962264151,26.6524520255864,16.7731629392971,20.4545454545455,14.745308310992
"24",23.0053191489362,19.2307692307692,16.627358490566,15.9914712153518,19.9680511182109,11.3636363636364,18.7667560321716
"25",20.7446808510638,25.6410256410256,17.4528301886792,14.9253731343284,18.370607028754,18.1818181818182,24.1286863270778
"26",23.4042553191489,24.0384615384615,17.5707547169811,12.7931769722815,19.1693290734824,25,16.0857908847185
"27",0,0,0.117924528301887,0,0,0,0
"28",19.6808510638298,28.8461538461539,17.0990566037736,18.1236673773987,21.5654952076677,13.6363636363636,26.8096514745308
"29",23.5372340425532,22.4358974358974,19.3396226415094,14.9253731343284,18.370607028754,18.1818181818182,14.745308310992
"30",21.0106382978723,27.2435897435897,19.6933962264151,15.9914712153518,17.5718849840256,15.9090909090909,18.7667560321716
"31",23.5372340425532,27.2435897435897,19.811320754717,17.0575692963753,19.9680511182109,9.09090909090909,14.745308310992
"32",0,0,0.117924528301887,0,0,0,0
"33",0,0,0.117924528301887,0,0,0,0
"34",22.3404255319149,20.8333333333333,18.9858490566038,19.1897654584222,11.9808306709265,22.7272727272727,10.7238605898123
"35",24.3351063829787,36.8589743589744,18.75,18.1236673773987,19.1693290734824,15.9090909090909,14.745308310992
"36",22.2074468085106,27.2435897435897,19.4575471698113,19.1897654584222,21.5654952076677,20.4545454545455,25.4691689008043
"37",0,0,0.117924528301887,0,0,0,0
"38",25.1329787234043,20.8333333333333,19.2216981132075,19.1897654584222,23.1629392971246,18.1818181818182,18.7667560321716
"39",25.3989361702128,22.4358974358974,18.75,17.0575692963753,17.5718849840256,13.6363636363636,12.0643431635389
"40",20.0797872340426,22.4358974358974,17.3349056603774,20.2558635394456,19.1693290734824,20.4545454545455,21.4477211796247
"41",0,0,0.117924528301887,0,0,0,0
"42",0.132978723404255,0,0,0,0,0,0
"43",20.6117021276596,20.8333333333333,17.5707547169811,21.3219616204691,15.1757188498403,22.7272727272727,10.7238605898123
"44",21.9414893617021,25.6410256410256,18.5141509433962,20.2558635394456,14.3769968051118,11.3636363636364,17.426273458445
"45",23.5372340425532,28.8461538461539,18.8679245283019,14.9253731343284,19.9680511182109,18.1818181818182,18.7667560321716
"46",0,0,0.117924528301887,0,0,0,0
"47",20.7446808510638,19.2307692307692,18.8679245283019,20.2558635394456,17.5718849840256,11.3636363636364,18.7667560321716
"48",21.6755319148936,24.0384615384615,20.4009433962264,22.3880597014925,18.370607028754,22.7272727272727,18.7667560321716
"49",20.3457446808511,20.8333333333333,17.0990566037736,15.9914712153518,17.5718849840256,15.9090909090909,12.0643431635389
"50",21.2765957446809,25.6410256410256,17.688679245283,20.2558635394456,19.1693290734824,20.4545454545455,20.1072386058981
"51",21.8085106382979,22.4358974358974,19.4575471698113,18.1236673773987,9.58466453674121,13.6363636363636,13.4048257372654
"52",21.0106382978723,38.4615384615385,18.5141509433962,22.3880597014925,22.3642172523962,20.4545454545455,20.1072386058981
"53",0,0,0.117924528301887,0,0,0,0
"54",20.0797872340426,27.2435897435897,19.3396226415094,17.0575692963753,21.5654952076677,18.1818181818182,17.426273458445
"55",21.1436170212766,19.2307692307692,17.9245283018868,18.1236673773987,14.3769968051118,13.6363636363636,17.426273458445
"56",22.8723404255319,22.4358974358974,21.4622641509434,11.727078891258,17.5718849840256,27.2727272727273,13.4048257372654
"57",18.4840425531915,17.6282051282051,18.8679245283019,20.2558635394456,16.7731629392971,15.9090909090909,9.38337801608579
"58",0,0,0.117924528301887,0,0,0,0
"59",0,0,0.117924528301887,0,0,0,0
"60",22.4734042553191,17.6282051282051,21.3443396226415,14.9253731343284,14.3769968051118,11.3636363636364,12.0643431635389
"61",23.4042553191489,22.4358974358974,19.4575471698113,17.0575692963753,15.9744408945687,15.9090909090909,16.0857908847185
"62",22.0744680851064,20.8333333333333,18.75,14.9253731343284,15.1757188498403,15.9090909090909,13.4048257372654
"63",21.5425531914894,19.2307692307692,18.1603773584906,19.1897654584222,13.5782747603834,20.4545454545455,16.0857908847185
"64",0,0,0.117924528301887,0,0,0,0
"65",21.2765957446809,20.8333333333333,18.6320754716981,14.9253731343284,15.1757188498403,20.4545454545455,17.426273458445
"66",0,0,0.117924528301887,0,0,0,0
"67",22.4734042553191,19.2307692307692,18.0424528301887,18.1236673773987,18.370607028754,20.4545454545455,18.7667560321716
"68",19.1489361702128,28.8461538461539,18.75,22.3880597014925,21.5654952076677,22.7272727272727,18.7667560321716
"69",22.4734042553191,24.0384615384615,18.5141509433962,20.2558635394456,17.5718849840256,20.4545454545455,17.426273458445
"70",19.4148936170213,22.4358974358974,17.9245283018868,21.3219616204691,12.779552715655,13.6363636363636,14.745308310992
"71",24.2021276595745,25.6410256410256,18.6320754716981,20.2558635394456,28.7539936102236,25,13.4048257372654
"72",22.3404255319149,17.6282051282051,17.8066037735849,21.3219616204691,12.779552715655,15.9090909090909,12.0643431635389
"73",0,0,0,0,0,0,0
"74",22.4734042553191,32.0512820512821,17.0990566037736,21.3219616204691,22.3642172523962,22.7272727272727,14.745308310992
"75",23.0053191489362,19.2307692307692,18.3962264150943,21.3219616204691,19.1693290734824,15.9090909090909,17.426273458445
"76",21.6755319148936,20.8333333333333,15.9198113207547,14.9253731343284,19.1693290734824,27.2727272727273,14.745308310992
"77",22.2074468085106,27.2435897435897,21.6981132075472,23.454157782516,20.7667731629393,20.4545454545455,18.7667560321716
"78",20.7446808510638,28.8461538461539,19.4575471698113,17.0575692963753,19.9680511182109,18.1818181818182,17.426273458445
"79",0,0,0.117924528301887,0,0,0,0
"80",17.9521276595745,30.448717948718,17.8066037735849,18.1236673773987,19.9680511182109,13.6363636363636,16.0857908847185
"81",22.7393617021277,20.8333333333333,16.5094339622642,17.0575692963753,18.370607028754,15.9090909090909,18.7667560321716
"82",22.8723404255319,25.6410256410256,19.811320754717,22.3880597014925,17.5718849840256,15.9090909090909,17.426273458445
"83",21.9414893617021,24.0384615384615,19.6933962264151,27.7185501066098,26.3578274760383,22.7272727272727,16.0857908847185
"84",0,0,0.117924528301887,0,0,0,0
"85",20.8776595744681,27.2435897435897,19.2216981132075,23.454157782516,18.370607028754,18.1818181818182,16.0857908847185
"86",22.6063829787234,12.8205128205128,19.3396226415094,19.1897654584222,17.5718849840256,20.4545454545455,10.7238605898123
"87",22.3404255319149,27.2435897435897,19.2216981132075,19.1897654584222,18.370607028754,20.4545454545455,13.4048257372654
"88",22.6063829787234,24.0384615384615,16.8632075471698,21.3219616204691,19.1693290734824,20.4545454545455,12.0643431635389
"89",23.5372340425532,22.4358974358974,17.9245283018868,18.1236673773987,14.3769968051118,18.1818181818182,14.745308310992
"90",0,0,0.117924528301887,0,0,0,0
"91",18.3510638297872,14.4230769230769,16.2735849056604,13.8592750533049,15.9744408945687,18.1818181818182,8.04289544235925
"92",21.1436170212766,24.0384615384615,20.5188679245283,11.727078891258,15.9744408945687,13.6363636363636,21.4477211796247
"93",21.9414893617021,19.2307692307692,18.9858490566038,14.9253731343284,16.7731629392971,20.4545454545455,18.7667560321716
"94",22.8723404255319,19.2307692307692,21.5801886792453,25.5863539445629,12.779552715655,18.1818181818182,16.0857908847185
"95",23.0053191489362,24.0384615384615,17.688679245283,15.9914712153518,18.370607028754,20.4545454545455,12.0643431635389
"96",0.132978723404255,0,0,0,0,0,0
"97",0,0,0.117924528301887,0,0,0,0
"98",18.8829787234043,28.8461538461539,15.8018867924528,19.1897654584222,15.1757188498403,20.4545454545455,14.745308310992
"99",23.2712765957447,19.2307692307692,19.5754716981132,13.8592750533049,15.9744408945687,20.4545454545455,18.7667560321716
"100",23.5372340425532,22.4358974358974,18.1603773584906,21.3219616204691,16.7731629392971,15.9090909090909,21.4477211796247
"101",20.0797872340426,27.2435897435897,18.1603773584906,22.3880597014925,14.3769968051118,13.6363636363636,17.426273458445
"102",22.0744680851064,20.8333333333333,21.1084905660377,21.3219616204691,18.370607028754,13.6363636363636,18.7667560321716
"103",0,0,0.117924528301887,0,0,0,0
"104",21.2765957446809,24.0384615384615,17.9245283018868,23.454157782516,20.7667731629393,20.4545454545455,18.7667560321716
"105",21.5425531914894,25.6410256410256,18.6320754716981,24.5202558635394,21.5654952076677,22.7272727272727,16.0857908847185
"106",22.0744680851064,20.8333333333333,19.811320754717,22.3880597014925,15.9744408945687,22.7272727272727,18.7667560321716
"107",19.5478723404255,27.2435897435897,18.5141509433962,20.2558635394456,19.1693290734824,29.5454545454545,22.7882037533512
"108",21.5425531914894,19.2307692307692,18.75,18.1236673773987,18.370607028754,18.1818181818182,14.745308310992
"109",22.8723404255319,22.4358974358974,19.5754716981132,21.3219616204691,15.1757188498403,18.1818181818182,20.1072386058981
"110",19.813829787234,25.6410256410256,17.3349056603774,23.454157782516,22.3642172523962,11.3636363636364,14.745308310992
"111",0,0,0.117924528301887,0,0,0,0
"112",20.3457446808511,30.448717948718,19.2216981132075,21.3219616204691,20.7667731629393,11.3636363636364,17.426273458445
"113",23.5372340425532,27.2435897435897,17.2169811320755,19.1897654584222,19.9680511182109,15.9090909090909,14.745308310992
"114",0,0,0.117924528301887,0,0,0,0
"115",21.0106382978723,20.8333333333333,19.5754716981132,19.1897654584222,18.370607028754,18.1818181818182,16.0857908847185
"116",21.4095744680851,35.2564102564103,20.9905660377358,25.5863539445629,15.1757188498403,9.09090909090909,12.0643431635389
"117",20.6117021276596,19.2307692307692,19.3396226415094,18.1236673773987,15.9744408945687,18.1818181818182,21.4477211796247
"118",21.8085106382979,19.2307692307692,17.5707547169811,23.454157782516,21.5654952076677,15.9090909090909,14.745308310992
"119",21.9414893617021,25.6410256410256,18.3962264150943,22.3880597014925,25.5591054313099,13.6363636363636,20.1072386058981
"120",21.5425531914894,22.4358974358974,17.9245283018868,19.1897654584222,16.7731629392971,18.1818181818182,14.745308310992
"121",19.281914893617,19.2307692307692,18.1603773584906,14.9253731343284,15.1757188498403,18.1818181818182,16.0857908847185
"122",19.6808510638298,17.6282051282051,17.9245283018868,13.8592750533049,14.3769968051118,15.9090909090909,8.04289544235925
"123",21.6755319148936,25.6410256410256,17.4528301886792,19.1897654584222,18.370607028754,13.6363636363636,13.4048257372654
"124",22.8723404255319,17.6282051282051,20.6367924528302,19.1897654584222,15.9744408945687,11.3636363636364,13.4048257372654
"125",19.9468085106383,28.8461538461539,17.2169811320755,15.9914712153518,16.7731629392971,18.1818181818182,16.0857908847185
"126",21.9414893617021,24.0384615384615,19.4575471698113,23.454157782516,17.5718849840256,15.9090909090909,13.4048257372654
"127",19.4148936170213,25.6410256410256,17.3349056603774,18.1236673773987,16.7731629392971,22.7272727272727,21.4477211796247
"128",21.8085106382979,24.0384615384615,19.1037735849057,18.1236673773987,19.1693290734824,13.6363636363636,16.0857908847185
"129",21.9414893617021,27.2435897435897,20.4009433962264,19.1897654584222,19.9680511182109,27.2727272727273,24.1286863270778
"130",20.7446808510638,25.6410256410256,18.8679245283019,14.9253731343284,19.1693290734824,13.6363636363636,14.745308310992
"131",20.8776595744681,20.8333333333333,19.2216981132075,22.3880597014925,14.3769968051118,18.1818181818182,14.745308310992
"132",21.1436170212766,25.6410256410256,14.9764150943396,18.1236673773987,19.9680511182109,18.1818181818182,21.4477211796247
"133",0,0,0.117924528301887,0,0,0,0
"134",24.2021276595745,30.448717948718,17.9245283018868,18.1236673773987,15.1757188498403,18.1818181818182,17.426273458445
"135",21.9414893617021,24.0384615384615,21.6981132075472,19.1897654584222,20.7667731629393,18.1818181818182,16.0857908847185
"136",19.6808510638298,24.0384615384615,17.9245283018868,20.2558635394456,21.5654952076677,22.7272727272727,16.0857908847185
"137",0,0,0.117924528301887,0,0,0,0
"138",18.75,25.6410256410256,16.8632075471698,20.2558635394456,17.5718849840256,15.9090909090909,16.0857908847185
"139",0.132978723404255,0,0.117924528301887,0,0,0,0
"140",21.8085106382979,22.4358974358974,18.5141509433962,20.2558635394456,19.9680511182109,18.1818181818182,12.0643431635389
"141",20.0797872340426,27.2435897435897,20.7547169811321,19.1897654584222,18.370607028754,18.1818181818182,16.0857908847185
"142",20.3457446808511,16.025641025641,15.3301886792453,15.9914712153518,15.1757188498403,15.9090909090909,12.0643431635389
"143",21.2765957446809,22.4358974358974,19.2216981132075,30.9168443496802,19.1693290734824,15.9090909090909,16.0857908847185
"144",22.3404255319149,33.6538461538462,16.3915094339623,19.1897654584222,17.5718849840256,18.1818181818182,17.426273458445
"145",20.2127659574468,19.2307692307692,18.5141509433962,18.1236673773987,14.3769968051118,15.9090909090909,12.0643431635389
"146",23.8031914893617,24.0384615384615,16.627358490566,24.5202558635394,15.1757188498403,20.4545454545455,16.0857908847185
"147",0,0,0.117924528301887,0,0,0,0
"148",21.9414893617021,22.4358974358974,18.1603773584906,13.8592750533049,15.1757188498403,18.1818181818182,12.0643431635389
"149",19.6808510638298,20.8333333333333,17.5707547169811,14.9253731343284,15.1757188498403,13.6363636363636,13.4048257372654
"150",25.6648936170213,24.0384615384615,20.0471698113208,18.1236673773987,22.3642172523962,22.7272727272727,12.0643431635389
"151",20.7446808510638,19.2307692307692,16.1556603773585,19.1897654584222,19.9680511182109,15.9090909090909,13.4048257372654
"152",24.7340425531915,22.4358974358974,19.9292452830189,14.9253731343284,17.5718849840256,11.3636363636364,14.745308310992
"153",21.9414893617021,20.8333333333333,19.811320754717,20.2558635394456,18.370607028754,18.1818181818182,13.4048257372654
"154",21.8085106382979,25.6410256410256,17.8066037735849,20.2558635394456,18.370607028754,15.9090909090909,16.0857908847185
"155",19.9468085106383,33.6538461538462,20.1650943396226,18.1236673773987,19.1693290734824,20.4545454545455,16.0857908847185
"156",23.2712765957447,22.4358974358974,20.9905660377358,18.1236673773987,16.7731629392971,27.2727272727273,12.0643431635389
"157",21.8085106382979,25.6410256410256,17.8066037735849,19.1897654584222,17.5718849840256,25,12.0643431635389
"158",21.0106382978723,22.4358974358974,18.5141509433962,20.2558635394456,16.7731629392971,15.9090909090909,10.7238605898123
"159",20.3457446808511,30.448717948718,19.2216981132075,19.1897654584222,21.5654952076677,20.4545454545455,12.0643431635389
"160",21.6755319148936,28.8461538461539,19.5754716981132,18.1236673773987,17.5718849840256,13.6363636363636,16.0857908847185
"161",0,0,0.117924528301887,0,0,0,0
"162",0,0,0.117924528301887,0,0,0,0
"163",21.1436170212766,24.0384615384615,17.0990566037736,18.1236673773987,15.9744408945687,18.1818181818182,16.0857908847185
"164",20.7446808510638,27.2435897435897,20.4009433962264,20.2558635394456,11.9808306709265,13.6363636363636,18.7667560321716
"165",20.7446808510638,33.6538461538462,17.3349056603774,13.8592750533049,17.5718849840256,13.6363636363636,20.1072386058981
"166",23.1382978723404,22.4358974358974,17.8066037735849,17.0575692963753,16.7731629392971,22.7272727272727,14.745308310992
"167",21.5425531914894,22.4358974358974,16.7452830188679,22.3880597014925,20.7667731629393,18.1818181818182,13.4048257372654
"168",19.281914893617,20.8333333333333,18.3962264150943,19.1897654584222,17.5718849840256,31.8181818181818,18.7667560321716
"169",0,0,0.117924528301887,0,0,0,0
"170",23.0053191489362,24.0384615384615,18.75,20.2558635394456,17.5718849840256,15.9090909090909,9.38337801608579
"171",22.0744680851064,19.2307692307692,17.2169811320755,26.6524520255864,16.7731629392971,20.4545454545455,17.426273458445
"172",19.9468085106383,24.0384615384615,19.3396226415094,20.2558635394456,16.7731629392971,15.9090909090909,20.1072386058981
"173",23.1382978723404,27.2435897435897,17.688679245283,15.9914712153518,15.1757188498403,20.4545454545455,21.4477211796247
"174",20.4787234042553,25.6410256410256,19.2216981132075,24.5202558635394,19.9680511182109,13.6363636363636,14.745308310992
"175",19.813829787234,28.8461538461539,19.6933962264151,22.3880597014925,14.3769968051118,15.9090909090909,14.745308310992
"176",22.7393617021277,25.6410256410256,18.3962264150943,19.1897654584222,18.370607028754,20.4545454545455,18.7667560321716
"177",22.3404255319149,20.8333333333333,18.6320754716981,19.1897654584222,17.5718849840256,13.6363636363636,17.426273458445
"178",0,0,0.117924528301887,0,0,0,0
"179",21.1436170212766,19.2307692307692,17.5707547169811,21.3219616204691,17.5718849840256,15.9090909090909,10.7238605898123
"180",25.9308510638298,25.6410256410256,20.872641509434,15.9914712153518,18.370607028754,20.4545454545455,12.0643431635389
"181",20.2127659574468,20.8333333333333,17.0990566037736,24.5202558635394,17.5718849840256,22.7272727272727,20.1072386058981
"182",21.5425531914894,20.8333333333333,17.8066037735849,15.9914712153518,23.1629392971246,20.4545454545455,18.7667560321716
"183",0,0,0.117924528301887,0,0,0,0
"184",21.9414893617021,20.8333333333333,17.4528301886792,23.454157782516,19.1693290734824,18.1818181818182,14.745308310992
"185",24.0691489361702,20.8333333333333,19.6933962264151,14.9253731343284,15.1757188498403,22.7272727272727,17.426273458445
"186",25.1329787234043,20.8333333333333,19.811320754717,22.3880597014925,15.9744408945687,18.1818181818182,12.0643431635389
"187",20.4787234042553,27.2435897435897,17.9245283018868,17.0575692963753,14.3769968051118,18.1818181818182,13.4048257372654
"188",21.2765957446809,22.4358974358974,17.688679245283,21.3219616204691,15.9744408945687,25,18.7667560321716
"189",21.6755319148936,22.4358974358974,18.0424528301887,18.1236673773987,15.9744408945687,18.1818181818182,16.0857908847185
"190",0,0,0.117924528301887,0,0,0,0
"191",21.5425531914894,28.8461538461539,18.2783018867925,22.3880597014925,24.7603833865815,15.9090909090909,14.745308310992
"192",0,0,0.117924528301887,0,0,0,0
"193",24.8670212765957,24.0384615384615,18.2783018867925,22.3880597014925,23.1629392971246,18.1818181818182,14.745308310992
"194",0.132978723404255,0,0,0,0,0,0
"195",0,0,0.117924528301887,0,0,0,0
"196",20.6117021276596,20.8333333333333,19.1037735849057,17.0575692963753,12.779552715655,18.1818181818182,22.7882037533512
"197",17.9521276595745,20.8333333333333,18.1603773584906,15.9914712153518,14.3769968051118,20.4545454545455,17.426273458445
"198",21.6755319148936,25.6410256410256,19.3396226415094,23.454157782516,17.5718849840256,18.1818181818182,13.4048257372654
"199",0,0,0.117924528301887,0,0,0,0
"200",0,0,0.117924528301887,0,0,0,0
"201",24.468085106383,28.8461538461539,18.2783018867925,23.454157782516,15.9744408945687,18.1818181818182,18.7667560321716
"202",22.6063829787234,16.025641025641,20.7547169811321,20.2558635394456,17.5718849840256,18.1818181818182,13.4048257372654
"203",0,0,0.117924528301887,0,0,0,0
"204",20.7446808510638,27.2435897435897,18.2783018867925,18.1236673773987,19.1693290734824,18.1818181818182,17.426273458445
"205",19.9468085106383,28.8461538461539,16.9811320754717,21.3219616204691,14.3769968051118,18.1818181818182,13.4048257372654
"206",0,0,0.117924528301887,0,0,0,0
"207",21.6755319148936,27.2435897435897,19.3396226415094,22.3880597014925,19.1693290734824,25,18.7667560321716
"208",21.1436170212766,20.8333333333333,16.7452830188679,22.3880597014925,14.3769968051118,20.4545454545455,12.0643431635389
"209",21.5425531914894,22.4358974358974,16.627358490566,17.0575692963753,19.9680511182109,15.9090909090909,17.426273458445
"210",23.4042553191489,20.8333333333333,18.8679245283019,19.1897654584222,19.1693290734824,18.1818181818182,16.0857908847185
"211",23.5372340425532,24.0384615384615,21.5801886792453,21.3219616204691,17.5718849840256,18.1818181818182,13.4048257372654
"212",21.8085106382979,19.2307692307692,18.6320754716981,18.1236673773987,15.1757188498403,11.3636363636364,16.0857908847185
"213",24.468085106383,17.6282051282051,20.5188679245283,23.454157782516,18.370607028754,15.9090909090909,16.0857908847185
"214",20.8776595744681,20.8333333333333,19.3396226415094,20.2558635394456,18.370607028754,25,17.426273458445
"215",19.4148936170213,19.2307692307692,17.4528301886792,25.5863539445629,19.9680511182109,15.9090909090909,16.0857908847185
"216",0,0,0.117924528301887,0,0,0,0
"217",22.3404255319149,25.6410256410256,21.1084905660377,17.0575692963753,14.3769968051118,18.1818181818182,17.426273458445
"218",23.4042553191489,27.2435897435897,20.9905660377358,20.2558635394456,21.5654952076677,18.1818181818182,18.7667560321716
"219",21.4095744680851,16.025641025641,19.1037735849057,17.0575692963753,15.9744408945687,11.3636363636364,10.7238605898123
"220",22.6063829787234,25.6410256410256,16.9811320754717,23.454157782516,12.779552715655,15.9090909090909,16.0857908847185
"221",21.4095744680851,22.4358974358974,17.8066037735849,17.0575692963753,19.1693290734824,18.1818181818182,17.426273458445
"222",23.2712765957447,20.8333333333333,20.2830188679245,19.1897654584222,23.1629392971246,20.4545454545455,18.7667560321716
"223",23.5372340425532,16.025641025641,16.9811320754717,20.2558635394456,19.1693290734824,13.6363636363636,18.7667560321716
"224",25,25.6410256410256,20.2830188679245,18.1236673773987,19.1693290734824,15.9090909090909,20.1072386058981
"225",21.2765957446809,24.0384615384615,18.2783018867925,18.1236673773987,12.779552715655,13.6363636363636,9.38337801608579
"226",21.4095744680851,24.0384615384615,17.4528301886792,15.9914712153518,21.5654952076677,25,14.745308310992
"227",20.0797872340426,16.025641025641,18.1603773584906,12.7931769722815,14.3769968051118,18.1818181818182,13.4048257372654
"228",21.9414893617021,25.6410256410256,18.5141509433962,20.2558635394456,19.1693290734824,22.7272727272727,20.1072386058981
"229",21.8085106382979,27.2435897435897,18.8679245283019,13.8592750533049,19.1693290734824,15.9090909090909,18.7667560321716
"230",0,0,0,0,0,0,0
"231",18.4840425531915,16.025641025641,17.3349056603774,13.8592750533049,15.9744408945687,20.4545454545455,16.0857908847185
"232",20.6117021276596,20.8333333333333,18.5141509433962,22.3880597014925,20.7667731629393,15.9090909090909,17.426273458445
"233",22.6063829787234,20.8333333333333,18.5141509433962,22.3880597014925,22.3642172523962,22.7272727272727,17.426273458445
"234",23.4042553191489,22.4358974358974,17.5707547169811,22.3880597014925,19.1693290734824,22.7272727272727,13.4048257372654
"235",23.8031914893617,20.8333333333333,19.9292452830189,20.2558635394456,15.1757188498403,20.4545454545455,16.0857908847185
"236",18.218085106383,19.2307692307692,17.8066037735849,12.7931769722815,11.1821086261981,18.1818181818182,14.745308310992
"237",23.4042553191489,22.4358974358974,20.1650943396226,21.3219616204691,17.5718849840256,18.1818181818182,14.745308310992
"238",22.8723404255319,19.2307692307692,17.8066037735849,14.9253731343284,16.7731629392971,13.6363636363636,13.4048257372654
"239",23.0053191489362,20.8333333333333,19.6933962264151,17.0575692963753,18.370607028754,18.1818181818182,9.38337801608579
"240",24.7340425531915,24.0384615384615,17.4528301886792,22.3880597014925,19.9680511182109,20.4545454545455,21.4477211796247
"241",23.2712765957447,27.2435897435897,17.0990566037736,15.9914712153518,17.5718849840256,11.3636363636364,14.745308310992
"242",19.5478723404255,24.0384615384615,19.1037735849057,24.5202558635394,13.5782747603834,11.3636363636364,12.0643431635389
"243",21.2765957446809,25.6410256410256,17.8066037735849,14.9253731343284,18.370607028754,18.1818181818182,18.7667560321716
"244",22.6063829787234,28.8461538461539,17.8066037735849,18.1236673773987,15.9744408945687,20.4545454545455,18.7667560321716
"245",23.4042553191489,20.8333333333333,18.9858490566038,21.3219616204691,15.9744408945687,13.6363636363636,17.426273458445
"246",0,0,0.117924528301887,0,0,0,0
"247",21.9414893617021,19.2307692307692,20.6367924528302,12.7931769722815,15.9744408945687,11.3636363636364,13.4048257372654
"248",23.0053191489362,20.8333333333333,17.4528301886792,19.1897654584222,21.5654952076677,20.4545454545455,13.4048257372654
"249",19.9468085106383,22.4358974358974,17.8066037735849,17.0575692963753,19.9680511182109,22.7272727272727,14.745308310992
"250",20.7446808510638,30.448717948718,18.2783018867925,15.9914712153518,15.9744408945687,13.6363636363636,17.426273458445
"251",0,0,0.117924528301887,0,0,0,0
"252",20.3457446808511,14.4230769230769,19.9292452830189,15.9914712153518,19.1693290734824,13.6363636363636,10.7238605898123
"253",0,0,0.117924528301887,0,0,0,0
"254",22.0744680851064,28.8461538461539,20.7547169811321,22.3880597014925,23.1629392971246,18.1818181818182,12.0643431635389
"255",21.2765957446809,19.2307692307692,19.6933962264151,13.8592750533049,11.9808306709265,11.3636363636364,18.7667560321716
"256",20.6117021276596,17.6282051282051,19.2216981132075,24.5202558635394,15.1757188498403,13.6363636363636,13.4048257372654
"257",0.132978723404255,0,0,0,0,0,0
"258",18.8829787234043,20.8333333333333,17.8066037735849,20.2558635394456,18.370607028754,13.6363636363636,16.0857908847185
"259",23.6702127659574,27.2435897435897,18.75,18.1236673773987,15.9744408945687,20.4545454545455,20.1072386058981
"260",0.132978723404255,0,0.117924528301887,0,0,0,0
"261",23.5372340425532,19.2307692307692,19.4575471698113,21.3219616204691,15.1757188498403,20.4545454545455,14.745308310992
"262",23.8031914893617,24.0384615384615,17.688679245283,19.1897654584222,19.9680511182109,20.4545454545455,12.0643431635389
"263",20.2127659574468,30.448717948718,18.1603773584906,19.1897654584222,18.370607028754,15.9090909090909,14.745308310992
"264",21.8085106382979,24.0384615384615,17.8066037735849,15.9914712153518,19.1693290734824,18.1818181818182,22.7882037533512
"265",22.2074468085106,17.6282051282051,18.0424528301887,18.1236673773987,17.5718849840256,15.9090909090909,14.745308310992
"266",21.6755319148936,22.4358974358974,18.75,15.9914712153518,16.7731629392971,27.2727272727273,12.0643431635389
"267",22.7393617021277,20.8333333333333,17.2169811320755,14.9253731343284,19.9680511182109,15.9090909090909,16.0857908847185
"268",0,0,0.117924528301887,0,0,0,0
"269",22.8723404255319,17.6282051282051,17.688679245283,20.2558635394456,15.9744408945687,11.3636363636364,9.38337801608579
"270",0,0,0.117924528301887,0,0,0,0
"271",19.813829787234,24.0384615384615,19.1037735849057,19.1897654584222,19.9680511182109,18.1818181818182,22.7882037533512
"272",0,0,0,0,0,0,0
"273",19.0159574468085,28.8461538461539,15.2122641509434,25.5863539445629,18.370607028754,25,12.0643431635389
"274",19.9468085106383,25.6410256410256,17.688679245283,19.1897654584222,22.3642172523962,18.1818181818182,14.745308310992
"275",19.9468085106383,25.6410256410256,21.2264150943396,13.8592750533049,19.9680511182109,18.1818181818182,12.0643431635389
"276",0,0,0.117924528301887,0,0,0,0
"277",21.2765957446809,19.2307692307692,19.4575471698113,13.8592750533049,12.779552715655,13.6363636363636,8.04289544235925
"278",22.3404255319149,16.025641025641,18.5141509433962,15.9914712153518,17.5718849840256,13.6363636363636,14.745308310992
"279",19.5478723404255,25.6410256410256,16.7452830188679,17.0575692963753,15.9744408945687,22.7272727272727,20.1072386058981
"280",0,0,0.117924528301887,0,0,0,0
"281",22.4734042553191,22.4358974358974,18.1603773584906,19.1897654584222,18.370607028754,15.9090909090909,16.0857908847185
"282",23.5372340425532,30.448717948718,18.0424528301887,27.7185501066098,23.961661341853,15.9090909090909,18.7667560321716
"283",22.6063829787234,19.2307692307692,18.9858490566038,17.0575692963753,16.7731629392971,11.3636363636364,14.745308310992
"284",0,0,0.117924528301887,0,0,0,0
"285",18.3510638297872,16.025641025641,18.5141509433962,17.0575692963753,17.5718849840256,13.6363636363636,16.0857908847185
"286",23.0053191489362,19.2307692307692,17.8066037735849,12.7931769722815,19.1693290734824,18.1818181818182,14.745308310992
"287",0,0,0.117924528301887,0,0,0,0
"288",22.4734042553191,20.8333333333333,16.3915094339623,18.1236673773987,20.7667731629393,13.6363636363636,12.0643431635389
"289",22.6063829787234,20.8333333333333,17.9245283018868,19.1897654584222,22.3642172523962,11.3636363636364,14.745308310992
"290",20.6117021276596,27.2435897435897,18.2783018867925,17.0575692963753,22.3642172523962,15.9090909090909,18.7667560321716
"291",23.1382978723404,24.0384615384615,21.1084905660377,18.1236673773987,17.5718849840256,18.1818181818182,18.7667560321716
"292",21.9414893617021,22.4358974358974,19.5754716981132,14.9253731343284,16.7731629392971,13.6363636363636,21.4477211796247
"293",23.4042553191489,24.0384615384615,19.811320754717,15.9914712153518,17.5718849840256,11.3636363636364,17.426273458445
"294",21.9414893617021,30.448717948718,19.1037735849057,17.0575692963753,19.1693290734824,13.6363636363636,20.1072386058981
"295",20.6117021276596,24.0384615384615,19.811320754717,15.9914712153518,13.5782747603834,13.6363636363636,16.0857908847185
"296",0,0,0.117924528301887,0,0,0,0
"297",21.4095744680851,22.4358974358974,18.8679245283019,14.9253731343284,16.7731629392971,18.1818181818182,14.745308310992
"298",22.3404255319149,24.0384615384615,18.5141509433962,13.8592750533049,16.7731629392971,15.9090909090909,10.7238605898123
"299",22.8723404255319,30.448717948718,19.5754716981132,21.3219616204691,14.3769968051118,13.6363636363636,14.745308310992
"300",0.132978723404255,0,0.117924528301887,0,0,0,0
"301",21.5425531914894,20.8333333333333,18.6320754716981,17.0575692963753,16.7731629392971,13.6363636363636,10.7238605898123
"302",0,0,0,0,0,0,0
"303",21.8085106382979,24.0384615384615,17.9245283018868,13.8592750533049,21.5654952076677,13.6363636363636,13.4048257372654
"304",19.9468085106383,25.6410256410256,18.8679245283019,17.0575692963753,15.1757188498403,15.9090909090909,14.745308310992
"305",22.8723404255319,32.0512820512821,19.6933962264151,24.5202558635394,19.9680511182109,20.4545454545455,17.426273458445
"306",0,0,0.117924528301887,0,0,0,0
"307",22.3404255319149,20.8333333333333,19.5754716981132,19.1897654584222,17.5718849840256,15.9090909090909,16.0857908847185
"308",20.7446808510638,28.8461538461539,19.9292452830189,22.3880597014925,23.961661341853,15.9090909090909,14.745308310992
"309",23.2712765957447,20.8333333333333,17.4528301886792,22.3880597014925,14.3769968051118,13.6363636363636,18.7667560321716
"310",0.132978723404255,0,0.117924528301887,0,0,0,0
"311",22.7393617021277,20.8333333333333,16.9811320754717,18.1236673773987,19.1693290734824,13.6363636363636,21.4477211796247
"312",19.813829787234,28.8461538461539,21.3443396226415,21.3219616204691,19.1693290734824,15.9090909090909,16.0857908847185
"313",20.4787234042553,27.2435897435897,19.1037735849057,19.1897654584222,19.1693290734824,22.7272727272727,13.4048257372654
"314",0,0,0.117924528301887,0,0,0,0
"315",19.4148936170213,25.6410256410256,17.5707547169811,15.9914712153518,19.1693290734824,20.4545454545455,20.1072386058981
"316",21.0106382978723,24.0384615384615,17.3349056603774,15.9914712153518,20.7667731629393,15.9090909090909,14.745308310992
"317",22.4734042553191,19.2307692307692,19.1037735849057,21.3219616204691,15.9744408945687,15.9090909090909,12.0643431635389
"318",20.3457446808511,25.6410256410256,20.1650943396226,20.2558635394456,20.7667731629393,20.4545454545455,16.0857908847185
"319",21.9414893617021,22.4358974358974,18.8679245283019,25.5863539445629,19.1693290734824,13.6363636363636,18.7667560321716
"320",20.7446808510638,28.8461538461539,17.8066037735849,17.0575692963753,21.5654952076677,29.5454545454545,13.4048257372654
"321",21.9414893617021,25.6410256410256,18.0424528301887,18.1236673773987,17.5718849840256,18.1818181818182,14.745308310992
"322",23.0053191489362,20.8333333333333,18.5141509433962,19.1897654584222,14.3769968051118,20.4545454545455,14.745308310992
"323",21.8085106382979,17.6282051282051,20.2830188679245,17.0575692963753,15.1757188498403,15.9090909090909,16.0857908847185
"324",25.7978723404255,19.2307692307692,18.75,17.0575692963753,16.7731629392971,15.9090909090909,13.4048257372654
"325",20.8776595744681,22.4358974358974,20.2830188679245,21.3219616204691,18.370607028754,29.5454545454545,16.0857908847185
"326",19.813829787234,28.8461538461539,19.1037735849057,17.0575692963753,17.5718849840256,9.09090909090909,10.7238605898123
"327",22.4734042553191,17.6282051282051,18.9858490566038,15.9914712153518,18.370607028754,13.6363636363636,16.0857908847185
"328",19.813829787234,28.8461538461539,20.5188679245283,19.1897654584222,19.1693290734824,20.4545454545455,16.0857908847185
"329",21.9414893617021,16.025641025641,18.75,20.2558635394456,19.1693290734824,13.6363636363636,9.38337801608579
"330",23.4042553191489,20.8333333333333,19.4575471698113,12.7931769722815,11.1821086261981,15.9090909090909,21.4477211796247
"331",21.8085106382979,20.8333333333333,17.688679245283,13.8592750533049,23.1629392971246,20.4545454545455,18.7667560321716
"332",23.4042553191489,24.0384615384615,20.4009433962264,14.9253731343284,16.7731629392971,18.1818181818182,14.745308310992
"333",0,0,0.117924528301887,0,0,0,0
"334",24.0691489361702,19.2307692307692,17.9245283018868,20.2558635394456,13.5782747603834,11.3636363636364,13.4048257372654
"335",20.4787234042553,19.2307692307692,17.9245283018868,15.9914712153518,16.7731629392971,18.1818181818182,16.0857908847185
"336",0,0,0.117924528301887,0,0,0,0
"337",21.6755319148936,25.6410256410256,18.3962264150943,22.3880597014925,17.5718849840256,15.9090909090909,14.745308310992
"338",24.0691489361702,27.2435897435897,19.5754716981132,18.1236673773987,19.1693290734824,18.1818181818182,17.426273458445
"339",21.9414893617021,30.448717948718,18.0424528301887,12.7931769722815,17.5718849840256,13.6363636363636,13.4048257372654
"340",22.8723404255319,20.8333333333333,18.75,15.9914712153518,14.3769968051118,13.6363636363636,14.745308310992
"341",21.9414893617021,20.8333333333333,17.5707547169811,22.3880597014925,13.5782747603834,25,16.0857908847185
"342",0,0,0.117924528301887,0,0,0,0
"343",19.813829787234,28.8461538461539,16.3915094339623,23.454157782516,19.9680511182109,22.7272727272727,16.0857908847185
"344",22.4734042553191,20.8333333333333,16.2735849056604,20.2558635394456,12.779552715655,20.4545454545455,13.4048257372654
"345",20.4787234042553,27.2435897435897,18.75,22.3880597014925,22.3642172523962,18.1818181818182,20.1072386058981
"346",26.1968085106383,28.8461538461539,19.4575471698113,19.1897654584222,15.1757188498403,25,14.745308310992
"347",22.3404255319149,24.0384615384615,19.2216981132075,22.3880597014925,18.370607028754,11.3636363636364,16.0857908847185
"348",20.2127659574468,19.2307692307692,17.688679245283,19.1897654584222,19.1693290734824,18.1818181818182,17.426273458445
"349",21.0106382978723,22.4358974358974,19.5754716981132,21.3219616204691,15.1757188498403,25,12.0643431635389
"350",23.0053191489362,25.6410256410256,18.75,25.5863539445629,23.961661341853,25,21.4477211796247
"351",20.6117021276596,17.6282051282051,18.2783018867925,17.0575692963753,18.370607028754,15.9090909090909,14.745308310992
"352",20.7446808510638,27.2435897435897,17.688679245283,18.1236673773987,18.370607028754,18.1818181818182,20.1072386058981
"353",22.7393617021277,20.8333333333333,20.7547169811321,15.9914712153518,14.3769968051118,11.3636363636364,10.7238605898123
"354",23.1382978723404,30.448717948718,22.1698113207547,25.5863539445629,15.1757188498403,22.7272727272727,10.7238605898123
"355",19.5478723404255,19.2307692307692,16.7452830188679,20.2558635394456,17.5718849840256,25,13.4048257372654
"356",23.8031914893617,19.2307692307692,19.2216981132075,17.0575692963753,17.5718849840256,13.6363636363636,16.0857908847185
"357",0,0,0.117924528301887,0,0,0,0
"358",23.5372340425532,27.2435897435897,18.8679245283019,19.1897654584222,25.5591054313099,13.6363636363636,21.4477211796247
"359",19.4148936170213,22.4358974358974,17.8066037735849,15.9914712153518,17.5718849840256,15.9090909090909,14.745308310992
"360",21.4095744680851,19.2307692307692,19.5754716981132,19.1897654584222,21.5654952076677,18.1818181818182,17.426273458445
"361",21.9414893617021,28.8461538461539,18.75,25.5863539445629,18.370607028754,22.7272727272727,21.4477211796247
"362",23.4042553191489,19.2307692307692,19.5754716981132,15.9914712153518,17.5718849840256,13.6363636363636,12.0643431635389
"363",18.75,17.6282051282051,18.2783018867925,14.9253731343284,13.5782747603834,20.4545454545455,17.426273458445
"364",0,0,0.117924528301887,0,0,0,0
"365",22.6063829787234,17.6282051282051,20.872641509434,24.5202558635394,23.1629392971246,18.1818181818182,22.7882037533512
"366",0,0,0.117924528301887,0,0,0,0
"367",0,0,0.117924528301887,0,0,0,0
"368",18.75,17.6282051282051,16.8632075471698,21.3219616204691,18.370607028754,18.1818181818182,16.0857908847185
"369",0.265957446808511,0,0.117924528301887,0,0,0,0
"370",20.6117021276596,19.2307692307692,16.9811320754717,20.2558635394456,13.5782747603834,18.1818181818182,14.745308310992
"371",21.8085106382979,24.0384615384615,18.9858490566038,19.1897654584222,17.5718849840256,18.1818181818182,16.0857908847185
"372",0,0,0.117924528301887,0,0,0,0
"373",0,0,0.117924528301887,0,0,0,0
"374",21.8085106382979,27.2435897435897,18.8679245283019,20.2558635394456,18.370607028754,13.6363636363636,14.745308310992
"375",24.8670212765957,32.0512820512821,18.2783018867925,17.0575692963753,15.9744408945687,18.1818181818182,18.7667560321716
"376",23.0053191489362,22.4358974358974,19.5754716981132,17.0575692963753,14.3769968051118,15.9090909090909,13.4048257372654
"377",0,0,0.235849056603774,0,0,0,0
"378",21.8085106382979,17.6282051282051,18.75,21.3219616204691,19.9680511182109,18.1818181818182,20.1072386058981
"379",21.0106382978723,22.4358974358974,18.9858490566038,22.3880597014925,20.7667731629393,25,18.7667560321716
"380",0.132978723404255,0,0.117924528301887,0,0,0,0
"381",23.6702127659574,24.0384615384615,18.5141509433962,18.1236673773987,15.1757188498403,18.1818181818182,17.426273458445
"382",20.6117021276596,22.4358974358974,17.5707547169811,15.9914712153518,12.779552715655,15.9090909090909,17.426273458445
"383",20.8776595744681,25.6410256410256,20.872641509434,19.1897654584222,17.5718849840256,15.9090909090909,16.0857908847185
"384",0,0,0.117924528301887,0,0,0,0
"385",23.8031914893617,19.2307692307692,18.2783018867925,14.9253731343284,18.370607028754,25,16.0857908847185
"386",20.3457446808511,25.6410256410256,18.6320754716981,18.1236673773987,20.7667731629393,15.9090909090909,20.1072386058981
"387",22.0744680851064,19.2307692307692,18.9858490566038,20.2558635394456,18.370607028754,13.6363636363636,13.4048257372654
"388",0.132978723404255,0,0.117924528301887,0,0,0,0
"389",21.0106382978723,30.448717948718,18.8679245283019,21.3219616204691,19.1693290734824,11.3636363636364,14.745308310992
"390",19.813829787234,22.4358974358974,18.75,19.1897654584222,17.5718849840256,18.1818181818182,12.0643431635389
"391",0,0,0.117924528301887,0,0,0,0
"392",19.6808510638298,25.6410256410256,16.3915094339623,20.2558635394456,18.370607028754,18.1818181818182,17.426273458445
"393",0,0,0.117924528301887,0,0,0,0
"394",24.0691489361702,27.2435897435897,20.9905660377358,17.0575692963753,15.1757188498403,22.7272727272727,12.0643431635389
"395",21.1436170212766,27.2435897435897,19.2216981132075,14.9253731343284,17.5718849840256,13.6363636363636,16.0857908847185
"396",23.936170212766,20.8333333333333,19.3396226415094,18.1236673773987,16.7731629392971,18.1818181818182,17.426273458445
"397",0,0,0.117924528301887,0,0,0,0
"398",23.1382978723404,20.8333333333333,18.3962264150943,19.1897654584222,13.5782747603834,13.6363636363636,12.0643431635389
"399",22.7393617021277,24.0384615384615,17.4528301886792,22.3880597014925,14.3769968051118,15.9090909090909,13.4048257372654
"400",20.8776595744681,25.6410256410256,18.75,20.2558635394456,23.1629392971246,22.7272727272727,21.4477211796247
"401",21.4095744680851,25.6410256410256,20.1650943396226,19.1897654584222,18.370607028754,18.1818181818182,18.7667560321716
"402",21.5425531914894,22.4358974358974,18.75,25.5863539445629,15.9744408945687,18.1818181818182,18.7667560321716
"403",21.0106382978723,16.025641025641,18.2783018867925,12.7931769722815,16.7731629392971,13.6363636363636,9.38337801608579
"404",22.8723404255319,27.2435897435897,18.8679245283019,23.454157782516,24.7603833865815,15.9090909090909,20.1072386058981
"405",20.8776595744681,25.6410256410256,18.8679245283019,19.1897654584222,18.370607028754,20.4545454545455,16.0857908847185
"406",0.132978723404255,0,0,0,0,0,0
"407",0,0,0.117924528301887,0,0,0,0
"408",21.0106382978723,25.6410256410256,17.4528301886792,20.2558635394456,23.1629392971246,18.1818181818182,13.4048257372654
"409",24.3351063829787,22.4358974358974,18.6320754716981,12.7931769722815,12.779552715655,15.9090909090909,9.38337801608579
"410",19.813829787234,19.2307692307692,16.2735849056604,17.0575692963753,23.1629392971246,15.9090909090909,17.426273458445
"411",21.1436170212766,28.8461538461539,17.0990566037736,20.2558635394456,18.370607028754,25,16.0857908847185
"412",22.3404255319149,30.448717948718,19.6933962264151,17.0575692963753,16.7731629392971,27.2727272727273,16.0857908847185
"413",22.2074468085106,24.0384615384615,16.7452830188679,19.1897654584222,14.3769968051118,18.1818181818182,18.7667560321716
"414",0,0,0.117924528301887,0,0,0,0
"415",18.8829787234043,22.4358974358974,19.3396226415094,19.1897654584222,17.5718849840256,18.1818181818182,12.0643431635389
"416",22.7393617021277,19.2307692307692,20.0471698113208,24.5202558635394,14.3769968051118,22.7272727272727,17.426273458445
"417",0,0,0.117924528301887,0,0,0,0
"418",22.2074468085106,28.8461538461539,18.3962264150943,14.9253731343284,19.9680511182109,9.09090909090909,12.0643431635389
"419",20.2127659574468,30.448717948718,19.4575471698113,19.1897654584222,19.1693290734824,18.1818181818182,20.1072386058981
"420",21.5425531914894,24.0384615384615,19.811320754717,21.3219616204691,15.9744408945687,25,13.4048257372654
"421",0,0,0.117924528301887,0,0,0,0
"422",23.936170212766,17.6282051282051,18.5141509433962,20.2558635394456,19.9680511182109,15.9090909090909,13.4048257372654
"423",22.8723404255319,25.6410256410256,17.3349056603774,23.454157782516,20.7667731629393,25,18.7667560321716
"424",20.4787234042553,19.2307692307692,17.9245283018868,17.0575692963753,17.5718849840256,13.6363636363636,21.4477211796247
"425",0,0,0.117924528301887,0,0,0,0
"426",19.6808510638298,19.2307692307692,17.9245283018868,20.2558635394456,15.1757188498403,13.6363636363636,12.0643431635389
"427",19.1489361702128,22.4358974358974,18.75,14.9253731343284,19.1693290734824,15.9090909090909,14.745308310992
"428",21.6755319148936,22.4358974358974,18.2783018867925,19.1897654584222,23.1629392971246,18.1818181818182,10.7238605898123
"429",24.7340425531915,20.8333333333333,19.5754716981132,13.8592750533049,15.9744408945687,20.4545454545455,13.4048257372654
"430",21.2765957446809,20.8333333333333,17.5707547169811,17.0575692963753,15.1757188498403,13.6363636363636,18.7667560321716
"431",21.8085106382979,16.025641025641,19.3396226415094,17.0575692963753,22.3642172523962,15.9090909090909,14.745308310992
"432",0,0,0.117924528301887,0,0,0,0
"433",21.8085106382979,24.0384615384615,19.1037735849057,21.3219616204691,12.779552715655,22.7272727272727,16.0857908847185
"434",23.0053191489362,19.2307692307692,19.5754716981132,20.2558635394456,19.9680511182109,15.9090909090909,14.745308310992
"435",0,0,0.117924528301887,0,0,0,0
"436",21.8085106382979,30.448717948718,19.1037735849057,22.3880597014925,19.1693290734824,25,17.426273458445
"437",23.1382978723404,24.0384615384615,20.7547169811321,22.3880597014925,24.7603833865815,18.1818181818182,14.745308310992
"438",22.7393617021277,16.025641025641,21.2264150943396,13.8592750533049,11.9808306709265,13.6363636363636,13.4048257372654
"439",20.8776595744681,19.2307692307692,16.1556603773585,19.1897654584222,21.5654952076677,22.7272727272727,13.4048257372654
"440",22.4734042553191,20.8333333333333,18.2783018867925,20.2558635394456,21.5654952076677,18.1818181818182,12.0643431635389
"441",21.6755319148936,17.6282051282051,17.9245283018868,14.9253731343284,19.1693290734824,15.9090909090909,18.7667560321716
"442",21.0106382978723,25.6410256410256,15.5660377358491,18.1236673773987,15.9744408945687,18.1818181818182,14.745308310992
"443",21.1436170212766,16.025641025641,20.0471698113208,19.1897654584222,16.7731629392971,11.3636363636364,17.426273458445
"444",22.0744680851064,19.2307692307692,18.3962264150943,20.2558635394456,16.7731629392971,11.3636363636364,16.0857908847185
"445",24.2021276595745,27.2435897435897,16.7452830188679,12.7931769722815,15.9744408945687,20.4545454545455,12.0643431635389
"446",23.1382978723404,22.4358974358974,20.0471698113208,18.1236673773987,19.9680511182109,13.6363636363636,18.7667560321716
"447",19.5478723404255,32.0512820512821,17.9245283018868,21.3219616204691,20.7667731629393,18.1818181818182,16.0857908847185
"448",22.7393617021277,19.2307692307692,17.5707547169811,27.7185501066098,13.5782747603834,15.9090909090909,13.4048257372654
"449",0,0,0.117924528301887,0,0,0,0
"450",23.1382978723404,22.4358974358974,18.2783018867925,20.2558635394456,15.1757188498403,22.7272727272727,16.0857908847185
"451",23.4042553191489,28.8461538461539,18.8679245283019,19.1897654584222,22.3642172523962,15.9090909090909,16.0857908847185
"452",22.8723404255319,24.0384615384615,22.0518867924528,22.3880597014925,15.1757188498403,15.9090909090909,16.0857908847185
"453",22.4734042553191,27.2435897435897,16.8632075471698,17.0575692963753,23.1629392971246,18.1818181818182,14.745308310992
"454",0,0,0.117924528301887,0,0,0,0
"455",20.3457446808511,19.2307692307692,18.1603773584906,17.0575692963753,18.370607028754,22.7272727272727,12.0643431635389
"456",21.4095744680851,24.0384615384615,17.5707547169811,17.0575692963753,24.7603833865815,13.6363636363636,17.426273458445
"457",21.6755319148936,30.448717948718,19.811320754717,19.1897654584222,18.370607028754,15.9090909090909,16.0857908847185
"458",21.5425531914894,19.2307692307692,19.2216981132075,17.0575692963753,15.9744408945687,20.4545454545455,14.745308310992
"459",19.5478723404255,28.8461538461539,20.0471698113208,17.0575692963753,19.1693290734824,22.7272727272727,14.745308310992
"460",23.8031914893617,24.0384615384615,19.6933962264151,15.9914712153518,18.370607028754,18.1818181818182,14.745308310992
"461",0,0,0.117924528301887,0,0,0,0
"462",20.4787234042553,20.8333333333333,17.5707547169811,11.727078891258,12.779552715655,18.1818181818182,8.04289544235925
"463",22.7393617021277,20.8333333333333,20.1650943396226,21.3219616204691,21.5654952076677,29.5454545454545,18.7667560321716
"464",0,0,0,0,0,0,0
"465",23.6702127659574,22.4358974358974,17.8066037735849,14.9253731343284,19.9680511182109,13.6363636363636,10.7238605898123
"466",0,0,0,0,0,0,0
"467",20.6117021276596,22.4358974358974,17.4528301886792,18.1236673773987,15.9744408945687,20.4545454545455,16.0857908847185
"468",22.7393617021277,25.6410256410256,18.75,14.9253731343284,18.370607028754,15.9090909090909,14.745308310992
"469",0,0,0.117924528301887,0,0,0,0
"470",24.6010638297872,24.0384615384615,18.9858490566038,18.1236673773987,19.1693290734824,13.6363636363636,13.4048257372654
"471",21.8085106382979,19.2307692307692,18.75,17.0575692963753,15.9744408945687,15.9090909090909,16.0857908847185
"472",0,0,0,0,0,0,0
"473",23.6702127659574,22.4358974358974,18.3962264150943,21.3219616204691,19.1693290734824,18.1818181818182,18.7667560321716
"474",19.0159574468085,24.0384615384615,16.3915094339623,18.1236673773987,18.370607028754,13.6363636363636,13.4048257372654
"475",23.1382978723404,24.0384615384615,18.9858490566038,17.0575692963753,16.7731629392971,22.7272727272727,16.0857908847185
"476",22.2074468085106,19.2307692307692,18.9858490566038,15.9914712153518,16.7731629392971,18.1818181818182,16.0857908847185
"477",23.4042553191489,19.2307692307692,19.1037735849057,15.9914712153518,15.9744408945687,15.9090909090909,12.0643431635389
"478",0,0,0.117924528301887,0,0,0,0
"479",21.0106382978723,27.2435897435897,17.3349056603774,22.3880597014925,23.961661341853,20.4545454545455,18.7667560321716
"480",22.4734042553191,22.4358974358974,18.6320754716981,27.7185501066098,24.7603833865815,22.7272727272727,20.1072386058981
"481",22.3404255319149,24.0384615384615,18.9858490566038,14.9253731343284,22.3642172523962,22.7272727272727,17.426273458445
"482",20.7446808510638,19.2307692307692,17.688679245283,12.7931769722815,14.3769968051118,13.6363636363636,16.0857908847185
"483",23.5372340425532,17.6282051282051,18.8679245283019,17.0575692963753,15.1757188498403,18.1818181818182,13.4048257372654
"484",19.5478723404255,27.2435897435897,16.8632075471698,20.2558635394456,21.5654952076677,15.9090909090909,21.4477211796247
"485",0,0,0.117924528301887,0,0,0,0
"486",22.8723404255319,22.4358974358974,20.5188679245283,23.454157782516,19.1693290734824,20.4545454545455,14.745308310992
"487",21.5425531914894,20.8333333333333,18.5141509433962,17.0575692963753,18.370607028754,18.1818181818182,10.7238605898123
"488",24.3351063829787,19.2307692307692,17.9245283018868,20.2558635394456,18.370607028754,20.4545454545455,18.7667560321716
"489",0,0,0.117924528301887,0,0,0,0
"490",0,0,0,0,0,0,0
"491",0,0,0.117924528301887,0,0,0,0
"492",22.0744680851064,22.4358974358974,18.75,21.3219616204691,19.1693290734824,20.4545454545455,13.4048257372654
"493",21.9414893617021,19.2307692307692,19.3396226415094,23.454157782516,18.370607028754,15.9090909090909,14.745308310992
"494",21.8085106382979,27.2435897435897,18.0424528301887,15.9914712153518,16.7731629392971,20.4545454545455,21.4477211796247
"495",0,0,0.117924528301887,0,0,0,0
"496",22.6063829787234,17.6282051282051,16.7452830188679,15.9914712153518,16.7731629392971,11.3636363636364,13.4048257372654
"497",23.1382978723404,17.6282051282051,18.75,18.1236673773987,17.5718849840256,18.1818181818182,14.745308310992
"498",23.5372340425532,24.0384615384615,19.811320754717,19.1897654584222,17.5718849840256,22.7272727272727,13.4048257372654
"499",20.4787234042553,28.8461538461539,17.4528301886792,19.1897654584222,18.370607028754,20.4545454545455,14.745308310992
"500",22.0744680851064,32.0512820512821,20.2830188679245,17.0575692963753,20.7667731629393,20.4545454545455,17.426273458445
