"","age1_orange.I","age1_green.I","age2_no_comorbid_orange.I","age2_no_comorbid_green.I","age2_comorbid_green.I","age3_no_comorbid_green.I","age3_comorbid_green.I"
"1",212,20,201,23,32,8,13
"2",0,0,0,0,0,0,0
"3",191,19,191,23,29,8,11
"4",0,0,1,0,0,0,0
"5",221,13,217,24,34,10,15
"6",212,17,207,26,32,7,17
"7",216,23,206,22,32,12,23
"8",198,23,185,22,40,7,16
"9",224,18,224,21,30,9,17
"10",240,22,205,20,31,14,17
"11",0,0,0,0,0,0,0
"12",226,21,225,27,32,13,18
"13",0,0,1,0,0,0,0
"14",209,16,181,25,27,8,17
"15",200,22,237,24,26,8,12
"16",226,17,226,27,34,11,12
"17",194,17,220,24,30,10,14
"18",212,19,203,21,32,6,13
"19",0,0,1,0,0,0,0
"20",190,13,198,20,35,12,14
"21",0,0,1,0,0,0,0
"22",0,0,1,0,0,0,0
"23",230,14,226,24,33,7,13
"24",200,15,220,33,31,7,14
"25",212,20,231,21,25,11,14
"26",226,20,249,25,29,12,19
"27",232,17,223,25,23,9,13
"28",0,0,1,0,0,0,0
"29",232,14,240,22,27,10,12
"30",230,19,223,24,26,8,14
"31",0,0,1,0,0,0,0
"32",210,24,197,27,35,12,22
"33",207,19,186,25,31,10,19
"34",0,0,1,0,0,0,0
"35",191,14,201,21,31,12,15
"36",230,24,240,30,39,9,18
"37",191,18,206,19,31,12,12
"38",256,22,250,24,35,16,17
"39",208,20,212,30,34,9,17
"40",225,26,224,23,27,12,16
"41",198,17,205,18,26,8,12
"42",225,17,230,26,34,14,20
"43",214,19,204,22,32,8,13
"44",199,15,219,25,27,7,13
"45",200,20,215,30,39,8,19
"46",0,0,1,0,0,0,0
"47",200,17,203,20,28,9,11
"48",0,0,1,0,0,0,0
"49",216,15,233,20,29,5,14
"50",0,0,1,0,0,0,0
"51",0,0,1,0,0,0,0
"52",215,18,221,22,28,9,12
"53",234,21,221,22,32,11,15
"54",220,18,206,24,30,9,16
"55",222,20,212,23,32,8,18
"56",220,15,235,19,23,9,13
"57",214,13,214,21,31,12,13
"58",224,15,228,20,27,8,14
"59",0,0,1,0,0,0,0
"60",209,12,196,23,26,8,13
"61",200,23,198,21,33,12,17
"62",247,17,207,27,34,14,19
"63",218,20,220,27,25,13,17
"64",209,23,239,27,36,11,20
"65",239,22,216,23,28,8,13
"66",0,0,0,0,0,0,0
"67",211,22,200,30,34,11,15
"68",0,0,1,0,0,0,0
"69",217,15,211,25,38,11,9
"70",0,0,1,0,0,0,0
"71",198,17,196,28,30,11,17
"72",2,0,1,0,0,0,0
"73",241,20,234,27,26,12,14
"74",196,21,224,21,28,12,19
"75",0,0,0,0,0,0,0
"76",0,0,0,0,0,0,0
"77",208,16,195,21,30,10,15
"78",224,18,224,29,27,9,16
"79",202,23,214,21,33,10,14
"80",212,21,224,22,34,11,17
"81",222,16,228,23,29,13,11
"82",0,0,1,0,0,0,0
"83",207,20,212,25,29,9,18
"84",226,15,249,27,27,11,15
"85",224,18,223,24,32,12,14
"86",224,21,218,29,30,10,17
"87",215,20,226,23,35,15,18
"88",0,0,2,0,0,0,0
"89",212,24,222,27,39,10,15
"90",0,0,1,0,0,0,0
"91",201,14,203,19,30,9,18
"92",191,16,222,23,38,9,17
"93",0,0,1,0,0,0,0
"94",212,18,217,20,29,11,14
"95",177,15,203,30,32,10,16
"96",193,13,182,26,40,14,16
"97",221,23,234,25,37,16,17
"98",0,0,1,0,0,0,0
"99",224,21,231,28,32,9,12
"100",233,21,222,19,34,13,17
"101",236,17,215,28,35,14,15
"102",193,22,201,19,31,9,15
"103",221,16,218,25,27,11,13
"104",210,16,223,16,25,10,10
"105",220,17,227,27,23,9,15
"106",226,21,222,25,35,10,21
"107",0,0,1,0,0,0,0
"108",232,22,207,31,40,12,19
"109",230,17,203,26,28,10,13
"110",0,0,1,0,0,0,0
"111",0,0,1,0,0,0,0
"112",193,18,206,22,21,9,16
"113",0,0,1,0,0,0,0
"114",173,16,195,21,32,12,17
"115",199,13,197,24,25,9,18
"116",228,18,210,21,34,10,17
"117",199,18,202,23,28,6,17
"118",220,18,219,29,36,11,17
"119",207,18,190,18,21,12,18
"120",234,23,194,26,27,9,15
"121",0,0,1,0,0,0,0
"122",235,16,237,22,30,9,14
"123",0,0,0,0,0,0,0
"124",213,17,187,24,24,14,16
"125",226,24,234,34,35,11,17
"126",210,20,218,28,29,17,20
"127",219,21,230,36,28,9,18
"128",225,15,227,19,28,7,14
"129",231,13,222,19,30,12,9
"130",0,0,1,0,0,0,0
"131",223,21,195,24,30,10,16
"132",198,20,213,22,36,11,19
"133",208,17,203,22,25,10,21
"134",216,17,232,23,26,12,16
"135",210,14,198,17,29,8,13
"136",0,0,2,0,0,0,0
"137",214,16,206,19,30,8,16
"138",196,16,197,19,31,13,16
"139",228,20,215,24,29,11,12
"140",247,21,223,23,28,13,14
"141",220,18,196,20,25,9,15
"142",223,15,219,26,37,10,20
"143",205,10,235,24,25,10,16
"144",225,21,217,23,27,11,15
"145",217,26,229,24,29,10,19
"146",187,21,228,29,29,9,15
"147",0,0,1,0,0,0,0
"148",237,21,234,28,26,13,15
"149",213,15,207,22,30,13,14
"150",209,14,179,25,30,7,12
"151",205,16,204,23,27,8,13
"152",231,21,223,26,36,11,13
"153",217,17,228,28,29,9,13
"154",236,20,208,19,33,15,23
"155",218,14,211,27,31,11,15
"156",211,13,226,29,34,9,15
"157",218,21,206,17,26,11,15
"158",195,20,189,19,29,10,16
"159",210,19,232,28,34,11,13
"160",0,0,1,0,0,0,0
"161",199,25,186,21,22,10,14
"162",0,0,0,0,0,0,0
"163",201,13,209,22,22,10,13
"164",215,18,178,26,38,11,20
"165",190,17,187,24,34,12,12
"166",229,18,215,25,30,10,18
"167",220,29,242,28,39,18,17
"168",194,16,205,29,21,7,12
"169",202,19,216,26,33,7,16
"170",209,17,218,26,34,13,14
"171",216,19,224,28,30,17,16
"172",221,12,225,17,31,10,17
"173",198,20,210,20,34,8,18
"174",0,0,0,0,0,0,0
"175",222,20,212,28,31,8,19
"176",1,0,1,0,0,0,0
"177",0,0,1,0,0,0,0
"178",212,23,220,27,32,11,11
"179",216,17,238,23,34,10,17
"180",222,20,204,27,35,13,17
"181",188,18,192,23,32,9,15
"182",0,0,1,0,0,0,0
"183",245,17,215,16,29,8,23
"184",219,16,224,15,23,11,15
"185",206,17,218,22,29,15,16
"186",211,15,204,19,28,12,14
"187",198,19,208,24,26,8,12
"188",216,17,217,29,30,8,17
"189",0,0,1,0,0,0,0
"190",0,0,1,0,0,0,0
"191",180,19,195,23,33,10,10
"192",0,0,1,0,0,0,0
"193",203,23,218,24,35,14,18
"194",207,13,219,30,23,13,13
"195",204,19,201,26,34,8,17
"196",0,0,1,0,0,0,0
"197",239,21,222,26,32,9,15
"198",218,19,245,26,27,11,14
"199",223,19,212,19,25,7,18
"200",188,16,169,22,32,13,15
"201",229,19,221,23,32,11,22
"202",189,20,204,29,31,9,11
"203",210,19,215,25,25,8,12
"204",204,16,213,20,28,10,12
"205",195,18,203,26,31,12,14
"206",0,0,1,0,0,0,0
"207",229,20,205,27,37,14,16
"208",220,20,199,21,39,16,20
"209",0,0,1,0,0,0,0
"210",224,21,234,18,23,5,11
"211",190,21,191,25,39,8,15
"212",212,23,202,26,27,9,17
"213",235,21,236,21,31,10,17
"214",230,20,239,22,29,11,16
"215",0,0,1,0,0,0,0
"216",197,22,191,24,27,8,20
"217",227,19,184,23,35,9,13
"218",212,17,219,18,19,5,9
"219",241,21,224,22,29,11,16
"220",208,20,216,25,25,11,15
"221",220,13,207,23,28,13,14
"222",213,20,211,21,29,12,16
"223",214,18,199,28,33,10,14
"224",231,20,214,28,40,16,15
"225",196,17,206,22,29,11,17
"226",206,20,218,28,38,12,16
"227",224,18,207,25,30,10,15
"228",215,16,211,24,29,10,17
"229",235,19,226,27,31,10,23
"230",206,19,220,23,33,15,21
"231",200,20,204,23,34,8,13
"232",216,18,210,27,33,10,17
"233",209,17,202,25,28,10,20
"234",210,16,214,26,32,8,14
"235",228,17,226,24,27,7,19
"236",210,22,227,21,31,12,15
"237",210,16,203,26,26,8,14
"238",216,15,193,23,32,10,18
"239",214,15,196,22,29,8,17
"240",212,19,198,21,33,14,13
"241",1,0,1,0,0,0,0
"242",0,0,1,0,0,0,0
"243",214,20,215,16,24,7,13
"244",193,24,213,27,22,11,20
"245",208,14,225,25,34,12,14
"246",190,18,200,19,37,10,12
"247",221,17,228,23,27,11,17
"248",0,0,1,0,0,0,0
"249",0,0,1,0,0,0,0
"250",0,0,0,0,0,0,0
"251",217,15,227,26,33,10,16
"252",231,23,234,29,31,12,16
"253",201,15,191,20,27,9,19
"254",221,17,220,28,29,12,17
"255",216,20,245,26,40,11,17
"256",222,12,223,24,33,11,15
"257",201,20,212,27,24,10,16
"258",222,20,197,20,26,11,12
"259",0,0,0,0,0,0,0
"260",189,20,216,26,30,8,16
"261",199,26,209,24,32,10,18
"262",225,22,213,25,31,12,21
"263",235,24,223,22,26,14,19
"264",227,16,206,28,23,10,13
"265",205,23,222,22,32,9,20
"266",192,22,197,34,36,12,14
"267",240,19,217,24,39,13,14
"268",228,23,216,29,31,13,17
"269",233,18,237,27,34,9,18
"270",226,18,231,22,30,10,13
"271",205,22,185,28,25,8,15
"272",0,0,1,0,0,0,0
"273",210,19,218,24,25,7,12
"274",1,0,1,0,0,0,0
"275",208,16,213,26,37,15,17
"276",0,0,1,0,0,0,0
"277",219,20,224,28,32,8,20
"278",237,13,220,21,26,9,13
"279",215,20,185,24,34,11,20
"280",231,15,220,21,24,8,12
"281",231,11,205,20,26,9,9
"282",220,19,219,28,34,13,17
"283",218,21,215,23,20,9,13
"284",206,17,211,26,30,10,15
"285",198,18,203,26,31,12,22
"286",218,23,217,24,41,12,20
"287",226,20,205,24,32,9,13
"288",229,19,228,21,27,11,11
"289",216,17,209,22,27,11,14
"290",228,13,201,18,26,9,18
"291",195,19,217,32,34,11,15
"292",202,23,213,29,45,12,26
"293",0,0,0,0,0,0,0
"294",0,0,1,0,0,0,0
"295",219,22,220,24,24,10,7
"296",235,25,225,24,32,9,17
"297",203,18,229,21,34,6,14
"298",216,27,203,22,28,7,19
"299",207,16,212,18,22,11,15
"300",211,16,201,19,26,8,13
"301",229,20,238,24,28,13,15
"302",195,20,221,26,35,12,14
"303",226,19,229,16,35,7,16
"304",196,20,191,27,25,8,18
"305",0,0,1,0,0,0,0
"306",227,22,208,25,25,10,13
"307",210,19,214,25,28,11,14
"308",201,17,199,29,27,9,16
"309",1,0,1,0,0,0,0
"310",249,19,222,28,24,8,13
"311",1,0,1,0,0,0,0
"312",235,21,221,21,30,11,18
"313",215,17,235,24,39,11,14
"314",213,19,213,22,31,8,16
"315",196,20,188,24,35,12,18
"316",211,20,250,28,42,11,14
"317",237,16,234,29,26,12,22
"318",200,14,216,18,26,10,18
"319",202,20,188,27,29,7,15
"320",1,0,1,0,0,0,0
"321",221,19,237,23,30,8,17
"322",0,0,0,0,0,0,0
"323",204,25,221,19,36,12,13
"324",209,15,203,20,30,13,12
"325",200,20,194,25,34,9,16
"326",230,17,202,22,34,11,16
"327",242,21,213,25,32,7,20
"328",195,20,200,24,28,12,16
"329",209,18,234,25,29,11,17
"330",218,18,227,26,36,12,19
"331",193,20,208,19,32,9,12
"332",210,14,217,25,28,8,15
"333",213,17,222,23,30,14,13
"334",189,18,216,27,33,12,21
"335",206,19,217,25,29,14,15
"336",217,15,241,25,23,10,14
"337",221,17,221,17,30,8,16
"338",212,19,237,18,28,12,13
"339",208,14,242,23,29,8,8
"340",234,21,220,21,31,10,16
"341",206,21,210,18,24,16,17
"342",223,18,226,21,25,9,18
"343",217,23,196,22,27,12,19
"344",222,16,198,19,22,12,11
"345",201,19,211,29,31,10,15
"346",184,19,184,23,30,9,16
"347",0,0,1,0,0,0,0
"348",210,21,197,23,35,10,17
"349",202,20,216,27,30,12,12
"350",237,23,216,31,32,14,14
"351",221,22,236,21,34,9,16
"352",211,22,230,25,31,8,14
"353",215,20,217,26,29,8,16
"354",226,18,202,24,29,10,15
"355",0,0,1,0,0,0,0
"356",195,19,199,25,32,11,10
"357",222,19,226,20,23,12,14
"358",231,15,228,20,29,11,16
"359",227,16,224,22,27,10,21
"360",226,19,192,24,27,10,17
"361",225,19,228,24,26,7,13
"362",198,19,217,17,29,11,16
"363",237,21,247,32,42,11,20
"364",196,18,185,25,35,9,17
"365",223,17,208,21,23,12,19
"366",214,23,218,30,34,13,15
"367",201,22,237,23,31,7,17
"368",207,16,219,25,33,7,14
"369",225,16,217,24,28,7,12
"370",194,18,196,20,30,10,14
"371",0,0,1,0,0,0,0
"372",190,17,206,26,30,14,17
"373",211,22,198,28,33,10,21
"374",208,17,204,24,28,7,22
"375",0,0,1,0,0,0,0
"376",226,22,196,25,34,12,13
"377",231,17,235,26,30,13,14
"378",215,21,203,23,40,6,21
"379",193,16,196,21,31,9,15
"380",213,15,228,16,21,8,17
"381",185,16,220,21,32,11,18
"382",205,21,239,24,27,11,15
"383",222,25,216,23,38,12,22
"384",0,0,1,0,0,0,0
"385",205,19,215,29,25,11,20
"386",0,0,1,0,0,0,0
"387",205,20,200,17,29,12,13
"388",221,21,250,28,29,8,20
"389",222,18,203,24,24,7,17
"390",0,0,1,0,0,0,0
"391",198,17,221,24,34,8,18
"392",228,22,228,24,30,11,14
"393",208,23,239,28,38,9,19
"394",0,0,1,0,0,0,0
"395",235,19,211,25,31,12,18
"396",226,18,229,28,33,10,13
"397",189,20,178,25,33,9,22
"398",0,0,0,0,0,0,0
"399",191,20,197,15,31,10,16
"400",241,21,233,28,33,9,16
"401",224,15,225,18,31,8,17
"402",217,22,205,32,40,13,18
"403",222,18,204,24,34,16,19
"404",198,21,195,28,31,7,15
"405",208,18,225,18,28,9,16
"406",0,0,1,0,0,0,0
"407",218,18,195,30,30,9,15
"408",208,19,202,21,27,10,17
"409",200,22,216,20,31,9,14
"410",219,20,202,27,29,9,11
"411",220,15,215,18,21,8,20
"412",230,13,217,20,28,9,17
"413",203,17,197,26,30,12,14
"414",1,0,1,0,0,0,0
"415",0,0,1,0,0,0,0
"416",220,24,233,25,31,7,15
"417",221,18,226,22,32,11,15
"418",202,26,221,23,34,10,15
"419",195,21,228,23,26,11,11
"420",220,20,219,25,39,11,17
"421",228,19,230,22,26,9,13
"422",201,17,205,34,34,11,15
"423",188,15,205,25,29,12,17
"424",209,19,216,25,37,11,19
"425",0,0,1,0,0,0,0
"426",210,16,202,26,27,8,15
"427",198,15,221,27,27,11,15
"428",0,0,1,0,0,0,0
"429",228,19,198,22,25,7,15
"430",206,20,220,23,31,10,10
"431",0,0,1,0,0,0,0
"432",1,0,1,0,0,0,0
"433",211,23,226,26,39,11,23
"434",243,19,221,19,30,9,18
"435",208,30,217,23,32,12,14
"436",251,25,217,25,30,10,17
"437",0,0,1,0,0,0,0
"438",204,20,204,25,21,8,15
"439",210,17,227,23,34,16,14
"440",233,15,231,25,25,13,12
"441",224,16,208,15,25,9,21
"442",228,20,228,29,25,7,16
"443",202,16,220,25,33,8,18
"444",245,20,232,22,34,13,20
"445",190,19,213,23,26,9,12
"446",0,0,1,0,0,0,0
"447",226,16,241,22,29,13,14
"448",206,13,199,23,31,12,16
"449",231,20,237,22,30,9,13
"450",0,0,1,0,0,0,0
"451",207,21,201,30,42,12,15
"452",219,20,212,22,38,13,17
"453",195,16,200,21,27,6,13
"454",0,0,0,0,0,0,0
"455",198,19,220,25,32,11,16
"456",0,0,1,0,0,0,0
"457",219,25,212,29,36,10,19
"458",202,15,191,25,39,13,17
"459",216,17,248,28,28,13,20
"460",205,21,205,31,22,6,20
"461",239,21,198,25,33,10,17
"462",216,20,205,19,26,8,12
"463",0,0,1,0,0,0,0
"464",210,18,246,27,33,11,21
"465",198,21,206,20,33,9,15
"466",196,17,199,22,34,7,15
"467",225,17,218,23,32,7,15
"468",233,16,231,17,27,9,10
"469",200,28,224,19,34,12,17
"470",0,0,2,0,0,0,0
"471",194,20,200,25,36,9,21
"472",211,15,209,20,27,6,13
"473",220,21,239,23,29,14,15
"474",214,24,218,26,38,10,15
"475",217,17,209,24,28,8,16
"476",200,11,197,18,26,9,15
"477",219,18,190,20,32,10,20
"478",206,17,211,22,31,9,13
"479",208,19,235,31,41,11,13
"480",220,17,203,25,32,13,14
"481",219,21,229,19,31,10,17
"482",0,0,1,0,0,0,0
"483",198,23,202,28,41,11,17
"484",209,22,237,24,32,11,19
"485",228,16,218,29,27,12,17
"486",211,16,207,21,33,9,15
"487",234,13,220,19,29,10,15
"488",214,14,241,24,29,12,19
"489",189,18,175,21,34,11,24
"490",217,16,225,25,38,9,14
"491",191,21,198,22,34,10,15
"492",225,17,245,23,28,11,14
"493",210,18,232,25,33,12,17
"494",0,0,0,0,0,0,0
"495",200,23,217,25,33,13,18
"496",0,0,1,0,0,0,0
"497",0,0,0,0,0,0,0
"498",230,16,234,22,26,13,12
"499",206,19,203,22,33,10,13
"500",223,22,228,24,34,13,13
"501",231,19,214,20,27,12,16
"502",203,25,202,23,36,13,16
"503",0,0,0,0,0,0,0
"504",0,0,0,0,0,0,0
"505",219,16,211,26,39,10,16
"506",235,15,213,21,29,9,18
"507",223,29,215,21,32,13,16
"508",218,23,231,21,38,15,17
"509",219,26,229,25,42,12,19
"510",0,0,1,0,0,0,0
"511",222,18,230,27,30,13,12
"512",239,22,198,26,31,9,14
"513",236,18,208,23,34,10,12
"514",225,21,226,31,29,12,18
"515",215,17,221,26,32,10,12
"516",0,0,1,0,0,0,0
"517",221,17,203,33,30,11,14
"518",210,23,224,27,36,10,20
"519",212,16,193,30,30,10,18
"520",207,21,240,24,26,8,16
"521",1,0,1,0,0,0,0
"522",234,15,233,19,27,10,19
"523",192,19,183,20,28,7,15
"524",229,24,201,27,41,11,19
"525",230,23,220,30,39,10,18
"526",211,20,207,26,24,13,16
"527",0,0,1,0,0,0,0
"528",0,0,1,0,0,0,0
"529",201,18,226,25,29,12,21
"530",216,17,207,16,30,9,14
"531",0,0,0,0,0,0,0
"532",0,0,1,0,0,0,0
"533",212,15,224,27,21,13,17
"534",204,21,194,20,26,9,15
"535",216,25,237,23,26,10,17
"536",234,17,222,24,33,12,16
"537",228,19,209,22,24,7,11
"538",215,20,237,22,35,8,14
"539",225,23,223,16,32,10,16
"540",209,16,228,29,29,8,20
"541",206,22,215,23,34,12,16
"542",227,17,214,29,35,6,11
"543",187,17,205,26,30,12,19
"544",210,14,229,18,28,7,11
"545",0,0,1,0,0,0,0
"546",225,18,215,27,35,11,16
"547",191,19,199,26,35,12,17
"548",210,21,234,25,26,7,15
"549",200,15,209,24,29,13,15
"550",0,0,1,0,0,0,0
"551",236,19,256,25,31,11,14
"552",206,18,217,18,27,6,12
"553",0,0,0,0,0,0,0
"554",208,21,226,27,35,8,20
"555",204,19,195,20,25,9,16
"556",227,21,240,20,26,9,12
"557",207,20,189,24,28,8,16
"558",229,15,237,23,31,12,17
"559",203,17,208,27,29,12,17
"560",206,22,181,22,34,13,13
"561",208,19,204,25,25,11,16
"562",218,14,213,17,30,7,13
"563",233,16,212,31,35,10,14
"564",207,20,216,31,33,8,11
"565",235,17,217,20,26,11,13
"566",0,0,1,0,0,0,0
"567",0,0,0,0,0,0,0
"568",214,17,194,24,22,8,17
"569",229,17,237,24,31,10,14
"570",193,16,220,23,33,8,12
"571",203,18,207,20,32,7,22
"572",201,18,187,28,32,13,13
"573",206,24,209,22,34,11,17
"574",221,21,199,21,28,6,14
"575",211,17,245,18,28,10,13
"576",202,17,196,28,24,11,14
"577",0,0,1,0,0,0,0
"578",233,23,220,21,24,10,15
"579",212,21,200,28,37,7,13
"580",0,0,1,0,0,0,0
"581",215,17,207,18,25,8,18
"582",192,20,214,23,27,10,18
"583",226,15,216,22,32,9,14
"584",208,19,227,29,34,12,13
"585",217,14,213,22,31,9,16
"586",0,0,1,0,0,0,0
"587",199,28,208,26,33,9,17
"588",224,17,225,27,28,9,18
"589",188,14,214,23,33,10,11
"590",205,23,226,23,29,11,18
"591",226,17,214,22,26,11,16
"592",221,21,204,26,31,8,14
"593",0,0,0,0,0,0,0
"594",212,18,201,28,32,11,21
"595",222,20,217,24,30,9,14
"596",238,18,189,20,27,16,18
"597",0,0,1,0,0,0,0
"598",231,20,226,27,30,8,18
"599",224,19,179,22,30,10,13
"600",248,19,223,20,23,8,13
"601",196,18,198,20,25,6,16
"602",205,18,209,24,34,8,13
"603",0,0,1,0,0,0,0
"604",208,19,213,21,28,11,16
"605",223,15,215,25,31,13,13
"606",237,23,229,20,29,12,15
"607",201,20,208,24,35,11,14
"608",202,18,225,27,27,8,16
"609",179,17,202,28,34,9,17
"610",198,19,230,23,30,11,18
"611",1,0,0,0,0,0,0
"612",0,0,1,0,0,0,0
"613",206,20,184,31,28,11,20
"614",225,17,232,27,31,9,18
"615",224,20,201,23,23,8,13
"616",196,22,208,17,28,10,16
"617",212,24,215,18,35,11,18
"618",205,14,225,23,21,7,17
"619",216,21,222,30,37,9,14
"620",217,25,219,22,31,10,15
"621",224,16,245,19,32,12,13
"622",227,25,217,18,30,8,13
"623",217,20,212,30,29,12,16
"624",211,20,201,30,31,11,14
"625",216,16,215,23,32,11,14
"626",207,18,224,26,31,9,19
"627",210,19,224,28,33,13,17
"628",251,19,229,25,28,5,17
"629",224,14,208,18,25,12,19
"630",209,17,221,22,27,7,22
"631",227,13,220,32,28,8,14
"632",214,20,230,19,34,10,14
"633",213,18,211,33,37,13,21
"634",211,12,210,20,30,8,15
"635",216,15,213,21,30,9,10
"636",193,20,212,18,30,10,15
"637",202,15,208,21,31,10,16
"638",249,20,221,26,39,11,13
"639",206,18,205,28,34,9,12
"640",220,19,237,31,33,13,16
"641",208,20,197,28,36,11,15
"642",215,11,210,21,23,9,14
"643",213,16,182,24,41,14,18
"644",207,19,240,28,24,9,18
"645",195,20,198,27,27,12,21
"646",0,0,1,0,0,0,0
"647",228,24,227,25,29,11,16
"648",204,22,204,17,23,9,15
"649",205,23,197,26,31,11,17
"650",208,17,199,21,29,10,16
"651",186,18,207,22,30,13,17
"652",211,20,208,17,29,8,18
"653",228,17,203,18,33,12,17
"654",0,0,1,0,0,0,0
"655",213,21,222,24,32,10,16
"656",223,25,237,19,28,10,16
"657",225,22,238,25,23,10,19
"658",213,23,209,23,28,9,19
"659",206,15,230,24,29,13,21
"660",220,15,217,23,25,7,15
"661",219,20,226,27,35,6,13
"662",216,19,243,21,30,8,16
"663",214,18,200,27,32,7,21
"664",208,23,199,30,36,10,18
"665",224,16,222,26,32,9,12
"666",0,0,1,0,0,0,0
"667",204,22,220,22,35,9,13
"668",238,18,218,19,31,8,12
"669",209,18,203,32,27,11,22
"670",0,0,0,0,0,0,0
"671",225,19,215,33,38,13,19
"672",190,19,204,25,28,15,13
"673",0,0,1,0,0,0,0
"674",236,26,208,30,36,15,20
"675",190,17,198,32,27,14,18
"676",0,0,1,0,0,0,0
"677",191,18,209,27,26,12,16
"678",185,17,246,25,28,12,15
"679",203,20,188,19,31,12,20
"680",208,17,233,22,32,9,16
"681",208,14,207,26,29,13,18
"682",213,16,213,20,19,10,16
"683",0,0,1,0,0,0,0
"684",0,0,1,0,0,0,0
"685",204,20,219,22,26,12,15
"686",208,15,227,19,32,9,18
"687",215,17,222,22,36,9,12
"688",210,21,231,24,29,10,14
"689",195,15,215,32,37,11,16
"690",223,16,218,29,27,9,20
"691",0,0,1,0,0,0,0
"692",224,23,215,27,34,13,17
"693",1,0,0,0,0,0,0
"694",193,20,196,32,31,15,17
"695",216,21,210,30,33,10,13
"696",207,25,222,30,31,8,12
"697",226,26,244,23,34,13,16
"698",232,14,224,21,25,10,16
"699",219,15,215,16,25,11,15
"700",209,21,219,24,22,10,21
"701",199,16,213,21,28,9,18
"702",195,17,198,25,30,7,17
"703",223,20,220,23,31,9,16
"704",207,22,201,20,28,10,19
"705",0,0,1,0,0,0,0
"706",201,15,211,26,30,8,18
"707",197,15,188,21,26,11,14
"708",0,0,1,0,0,0,0
"709",235,19,240,23,35,14,20
"710",195,15,218,29,28,11,18
"711",222,20,209,22,35,13,15
"712",215,21,225,23,41,10,13
"713",217,18,208,20,28,9,12
"714",218,14,233,20,35,13,12
"715",240,18,237,22,28,10,16
"716",213,24,219,23,23,9,16
"717",239,15,205,20,31,9,21
"718",212,20,230,23,31,8,15
"719",206,26,207,25,30,10,15
"720",0,0,1,0,0,0,0
"721",0,0,1,0,0,0,0
"722",214,14,208,22,27,14,18
"723",188,16,215,27,37,10,14
"724",225,22,222,19,30,13,11
"725",213,25,216,24,32,9,18
"726",186,24,207,29,28,10,16
"727",198,22,226,24,33,10,20
"728",186,18,207,25,35,14,15
"729",190,16,193,22,25,8,17
"730",0,0,1,0,0,0,0
"731",213,17,231,22,28,12,19
"732",224,18,216,25,36,11,17
"733",200,20,214,22,29,12,15
"734",217,19,211,20,35,9,11
"735",205,20,207,25,31,8,15
"736",211,11,193,26,28,12,12
"737",213,21,200,25,38,10,18
"738",206,25,225,31,27,14,22
"739",199,21,198,20,27,13,14
"740",246,19,230,24,30,13,16
"741",220,18,222,16,28,8,11
"742",213,18,225,32,37,9,19
"743",207,20,219,22,26,10,12
"744",208,17,202,29,26,7,11
"745",214,22,201,22,24,6,21
"746",218,18,208,22,27,10,22
"747",216,21,226,26,37,11,16
"748",197,22,185,20,31,8,14
"749",224,18,216,24,27,7,13
"750",225,16,243,22,31,11,14
"751",206,14,236,22,29,10,12
"752",244,21,230,24,30,11,13
"753",238,20,202,23,24,10,9
"754",211,22,217,19,31,10,23
"755",236,18,213,28,30,8,14
"756",214,19,213,25,32,9,17
"757",217,19,207,27,30,8,13
"758",215,18,214,27,32,9,20
"759",201,20,213,29,40,10,14
"760",243,24,232,19,23,11,13
"761",215,16,209,25,32,11,13
"762",0,0,1,0,0,0,0
"763",192,19,232,20,28,11,18
"764",209,15,213,19,26,10,12
"765",192,16,210,26,24,9,19
"766",0,0,0,0,0,0,0
"767",210,20,206,26,27,10,14
"768",209,21,227,26,46,10,19
"769",225,17,207,24,24,9,16
"770",202,20,212,21,31,10,19
"771",259,17,230,22,34,10,18
"772",0,0,1,0,0,0,0
"773",0,0,1,0,0,0,0
"774",227,20,212,29,41,10,13
"775",214,14,219,25,39,15,21
"776",0,0,1,0,0,0,0
"777",202,15,220,20,29,11,16
"778",225,20,221,24,29,13,15
"779",235,18,213,21,31,9,17
"780",214,20,202,28,32,16,14
"781",199,17,208,26,32,15,14
"782",200,17,213,23,35,7,16
"783",223,22,213,28,26,7,19
"784",188,22,216,21,27,15,16
"785",0,0,0,0,0,0,0
"786",233,24,234,22,27,5,15
"787",186,20,213,24,27,9,18
"788",1,0,1,0,0,0,0
"789",0,0,1,0,0,0,0
"790",224,25,216,28,39,16,19
"791",0,0,1,0,0,0,0
"792",206,17,208,20,28,7,14
"793",221,14,222,24,29,11,17
"794",220,19,220,26,27,9,16
"795",0,0,1,0,0,0,0
"796",204,17,226,28,36,12,12
"797",211,21,195,26,36,12,18
"798",210,18,215,17,32,9,15
"799",210,20,215,23,31,10,13
"800",0,0,1,0,0,0,0
"801",211,19,246,17,33,9,20
"802",199,16,187,15,28,7,10
"803",209,19,213,22,28,12,13
"804",223,17,246,24,24,9,20
"805",0,0,1,0,0,0,0
"806",202,21,231,29,30,9,18
"807",215,17,213,28,29,11,14
"808",237,29,229,25,36,8,15
"809",230,11,225,19,28,15,15
"810",0,0,0,0,0,0,0
"811",0,0,1,0,0,0,0
"812",214,18,212,19,24,12,14
"813",210,17,193,27,27,11,13
"814",205,20,203,35,32,8,14
"815",187,18,227,23,34,10,18
"816",244,21,235,26,29,11,13
"817",198,16,210,18,31,10,13
"818",189,14,206,22,24,9,15
"819",212,20,205,22,30,6,17
"820",213,21,213,23,21,9,16
"821",218,18,250,26,35,6,13
"822",232,16,229,22,22,7,11
"823",178,21,187,24,24,9,10
"824",212,19,221,23,36,13,22
"825",240,17,231,25,25,9,15
"826",217,19,203,26,33,9,13
"827",231,23,210,22,34,9,15
"828",224,20,245,19,30,9,17
"829",213,23,200,22,23,7,15
"830",0,0,1,0,0,0,0
"831",234,25,240,26,28,11,14
"832",222,20,203,23,34,13,20
"833",217,23,222,24,29,5,16
"834",233,16,239,18,33,11,19
"835",0,0,1,0,0,0,0
"836",227,19,228,28,29,11,19
"837",222,18,242,24,28,14,12
"838",206,18,240,19,24,7,18
"839",213,15,199,25,31,9,12
"840",231,21,215,22,31,10,25
"841",204,20,200,35,33,11,27
"842",215,18,208,25,32,16,12
"843",198,13,218,25,23,9,13
"844",0,0,1,0,0,0,0
"845",0,0,1,0,0,0,0
"846",213,16,212,26,21,9,20
"847",240,14,205,24,21,7,13
"848",0,0,0,0,0,0,0
"849",208,21,251,20,36,9,18
"850",212,22,204,22,29,8,12
"851",234,22,206,31,35,13,20
"852",0,0,1,0,0,0,0
"853",212,19,200,24,32,11,18
"854",192,17,213,20,26,9,17
"855",222,18,214,20,29,8,15
"856",221,18,203,18,24,10,16
"857",204,22,229,26,34,9,14
"858",228,17,212,30,30,9,13
"859",211,15,231,21,23,10,12
"860",200,17,232,20,24,10,14
"861",196,19,217,23,28,12,18
"862",222,21,203,28,29,14,21
"863",228,20,238,33,28,15,14
"864",207,21,221,25,25,12,11
"865",207,21,209,24,38,7,22
"866",0,0,0,0,0,0,0
"867",0,0,1,0,0,0,0
"868",200,19,205,28,27,11,17
"869",220,16,223,22,28,11,12
"870",216,25,217,25,25,15,15
"871",219,13,225,18,27,8,15
"872",205,23,206,20,27,11,15
"873",0,0,1,0,0,0,0
"874",215,22,223,18,30,9,13
"875",192,18,206,18,27,13,14
"876",222,20,184,26,29,12,18
"877",0,0,0,0,0,0,0
"878",224,22,219,27,30,13,20
"879",240,20,189,38,40,12,17
"880",216,19,198,23,28,9,13
"881",228,22,220,27,32,6,16
"882",236,20,211,22,29,8,14
"883",211,22,204,27,31,11,15
"884",215,22,208,19,31,9,19
"885",1,0,1,0,0,0,0
"886",223,19,200,21,37,10,23
"887",213,15,210,20,33,11,14
"888",224,23,222,28,27,16,16
"889",187,17,199,23,37,12,18
"890",208,21,216,24,25,12,15
"891",228,17,243,22,26,13,15
"892",209,21,202,27,30,8,15
"893",198,23,189,26,39,9,17
"894",220,22,201,23,27,9,12
"895",0,0,1,0,0,0,0
"896",209,21,190,21,27,11,13
"897",214,14,205,20,29,9,15
"898",228,19,225,20,26,10,12
"899",251,15,218,24,34,12,11
"900",1,0,1,0,0,0,0
"901",199,20,213,19,27,8,12
"902",215,14,207,26,27,8,13
"903",216,18,244,21,29,11,20
"904",226,21,213,28,39,12,18
"905",222,18,226,25,30,13,18
"906",211,23,217,28,29,13,19
"907",210,20,216,30,35,10,20
"908",0,0,1,0,0,0,0
"909",214,18,199,21,36,10,17
"910",233,16,206,24,27,10,15
"911",227,15,246,24,27,11,16
"912",195,16,203,21,27,10,19
"913",199,16,209,19,28,10,14
"914",200,13,217,22,22,13,18
"915",204,18,221,25,30,8,16
"916",0,0,0,0,0,0,0
"917",229,23,221,26,39,15,18
"918",218,20,217,26,31,10,14
"919",203,17,212,22,23,5,14
"920",230,21,219,25,34,10,17
"921",222,17,220,18,34,10,15
"922",0,0,0,0,0,0,0
"923",211,17,244,25,33,8,16
"924",210,20,215,21,26,9,19
"925",225,24,192,18,24,8,14
"926",215,21,213,24,27,11,17
"927",203,23,214,20,30,9,16
"928",221,23,211,24,33,7,16
"929",225,23,212,23,29,9,14
"930",215,18,239,21,27,13,12
"931",245,19,233,24,32,9,12
"932",0,0,1,0,0,0,0
"933",224,24,188,20,26,11,15
"934",220,17,220,22,26,9,14
"935",185,19,188,24,28,11,19
"936",214,18,219,20,24,12,13
"937",0,0,1,0,0,0,0
"938",205,16,206,22,31,9,13
"939",209,23,244,20,32,9,16
"940",208,23,198,23,36,14,19
"941",206,22,206,34,30,10,20
"942",209,20,215,23,29,6,22
"943",206,25,190,24,37,9,21
"944",230,22,204,20,31,7,12
"945",1,0,1,0,0,0,0
"946",226,19,238,35,26,7,19
"947",222,19,221,23,28,13,12
"948",238,18,246,17,27,10,17
"949",220,26,215,27,37,11,18
"950",215,19,228,20,35,11,16
"951",0,0,1,0,0,0,0
"952",0,0,1,0,0,0,0
"953",198,17,215,25,27,11,13
"954",214,20,224,28,24,15,18
"955",208,22,196,28,25,7,13
"956",194,16,204,26,25,11,17
"957",199,17,202,23,35,11,11
"958",241,20,230,24,26,11,17
"959",199,21,203,23,34,10,19
"960",211,19,246,26,29,8,18
"961",224,18,209,23,22,7,22
"962",206,17,213,17,27,8,13
"963",218,16,239,22,33,8,18
"964",246,18,215,26,27,10,17
"965",220,14,261,22,31,14,20
"966",217,20,218,22,29,14,14
"967",0,0,1,0,0,0,0
"968",224,18,221,15,19,11,14
"969",186,23,196,21,31,13,19
"970",203,19,200,22,33,12,19
"971",231,23,200,22,31,11,20
"972",244,16,214,19,34,11,17
"973",209,21,191,24,34,14,16
"974",239,19,218,20,21,9,12
"975",221,22,217,23,34,9,17
"976",0,0,1,0,0,0,0
"977",184,21,198,20,25,9,12
"978",223,16,219,31,38,11,19
"979",215,22,224,25,33,13,14
"980",204,19,218,25,29,11,10
"981",190,20,211,29,31,9,14
"982",0,0,1,0,0,0,0
"983",238,15,223,26,27,9,11
"984",208,21,174,25,39,10,18
"985",217,18,215,27,27,8,16
"986",208,20,212,21,31,12,14
"987",0,0,1,0,0,0,0
"988",207,20,224,26,26,9,15
"989",248,16,225,29,30,8,15
"990",0,0,0,0,0,0,0
"991",215,18,218,24,29,11,17
"992",242,19,223,32,32,10,15
"993",210,22,198,26,29,10,16
"994",0,0,1,0,0,0,0
"995",0,0,1,0,0,0,0
"996",0,0,1,0,0,0,0
"997",0,0,1,0,0,0,0
"998",199,19,230,27,27,11,16
"999",206,17,209,24,24,9,11
"1000",241,19,242,24,29,7,17
"1001",207,14,204,23,24,10,15
"1002",219,17,216,24,28,13,18
"1003",249,18,227,27,32,6,15
"1004",197,20,217,26,29,10,13
"1005",220,19,227,31,36,6,22
"1006",0,0,1,0,0,0,0
"1007",212,22,217,26,29,13,16
"1008",219,19,233,19,29,8,13
"1009",219,17,217,24,28,8,15
"1010",210,17,216,23,32,11,17
"1011",204,21,217,20,39,12,17
"1012",222,18,225,24,25,10,15
"1013",201,16,236,24,34,9,18
"1014",223,18,220,19,35,16,18
"1015",0,0,1,0,0,0,0
"1016",232,20,237,18,30,13,15
"1017",210,18,213,22,31,7,24
"1018",190,16,198,23,37,6,14
"1019",226,21,238,32,38,14,14
"1020",211,22,211,20,28,7,24
"1021",192,21,226,21,31,9,18
"1022",202,19,218,24,35,9,18
"1023",0,0,1,0,0,0,0
"1024",214,22,210,28,27,8,20
"1025",216,21,222,21,31,12,16
"1026",214,17,190,22,23,12,9
"1027",231,15,205,21,28,8,17
"1028",227,24,201,22,33,11,17
"1029",211,18,219,20,33,7,17
"1030",215,13,220,25,31,7,17
"1031",220,16,210,24,28,9,13
"1032",204,21,198,20,28,10,12
"1033",215,16,212,23,22,14,12
"1034",226,21,219,32,31,15,16
"1035",218,25,232,24,37,10,23
"1036",219,21,212,27,32,12,18
"1037",210,19,205,25,22,11,11
"1038",219,20,232,24,33,10,16
"1039",217,15,217,19,29,8,14
"1040",240,13,227,27,30,9,17
"1041",243,22,210,28,32,11,17
"1042",216,18,238,28,32,11,17
"1043",0,0,1,0,0,0,0
"1044",213,18,210,22,25,10,17
"1045",204,14,207,24,27,11,15
"1046",226,21,200,27,32,13,19
"1047",223,20,204,31,26,12,18
"1048",225,18,220,24,32,8,21
"1049",0,0,1,0,0,0,0
"1050",0,0,0,0,0,0,0
"1051",213,19,211,26,24,11,19
"1052",225,23,209,27,32,14,13
"1053",201,23,226,29,28,11,10
"1054",204,18,219,23,32,9,17
"1055",220,23,230,22,28,9,21
"1056",221,18,223,20,28,9,16
"1057",242,22,208,25,37,13,15
"1058",0,0,1,0,0,0,0
"1059",0,0,1,0,0,0,0
"1060",221,20,211,21,35,7,14
"1061",225,23,201,32,34,7,18
"1062",199,24,214,22,32,12,14
"1063",228,18,224,27,35,12,19
"1064",0,0,0,0,0,0,0
"1065",226,22,207,23,28,12,17
"1066",203,18,205,29,31,7,20
"1067",220,15,217,18,31,8,13
"1068",243,22,231,29,28,14,17
"1069",0,0,1,0,0,0,0
"1070",228,19,215,27,34,7,15
"1071",223,27,209,16,29,7,9
"1072",230,20,229,21,29,13,15
"1073",200,21,220,27,28,11,17
"1074",212,18,215,20,35,8,14
"1075",223,17,214,28,30,11,18
"1076",226,19,206,19,26,13,19
"1077",209,17,209,22,20,8,12
"1078",207,16,201,28,37,9,18
"1079",225,20,208,21,30,9,13
"1080",212,20,212,24,38,11,18
"1081",220,23,231,20,25,12,12
"1082",218,19,212,18,31,10,13
"1083",213,23,215,23,29,13,17
"1084",225,20,195,21,25,8,14
"1085",221,18,225,30,35,13,18
"1086",212,19,210,18,31,7,18
"1087",208,15,234,27,23,8,12
"1088",231,26,207,21,26,12,15
"1089",231,22,209,25,33,10,17
"1090",215,24,227,24,33,11,14
"1091",238,17,234,24,26,9,14
"1092",223,20,211,21,30,8,18
"1093",232,13,230,24,30,11,14
"1094",245,22,239,28,34,8,17
"1095",188,18,211,21,31,12,15
"1096",1,0,1,0,0,0,0
"1097",183,21,197,13,23,12,10
"1098",247,20,231,30,29,11,15
"1099",212,20,200,26,31,13,15
"1100",223,21,222,29,32,10,13
"1101",218,20,217,24,30,12,19
"1102",0,0,1,0,0,0,0
"1103",208,20,213,24,32,12,15
"1104",216,20,222,24,34,9,18
"1105",233,18,239,30,32,7,14
"1106",226,22,215,24,30,8,22
"1107",224,17,229,23,33,11,20
"1108",0,0,1,0,0,0,0
"1109",171,17,185,24,30,12,12
"1110",0,0,1,0,0,0,0
"1111",231,16,229,32,29,10,14
"1112",0,0,1,0,0,0,0
"1113",215,18,207,26,24,8,16
"1114",218,16,196,30,35,14,15
"1115",217,17,221,19,28,12,13
"1116",216,22,247,20,30,9,25
"1117",235,25,208,25,31,12,20
"1118",214,22,219,28,36,8,20
"1119",224,18,235,25,25,10,13
"1120",226,25,243,26,31,11,13
"1121",0,0,0,0,0,0,0
"1122",234,16,231,27,26,7,12
"1123",203,17,222,23,30,11,15
"1124",202,22,210,19,30,11,15
"1125",219,17,236,17,33,13,12
"1126",216,20,207,20,26,13,11
"1127",208,15,195,19,24,12,15
"1128",228,20,224,26,31,12,20
"1129",199,20,198,22,33,11,15
"1130",0,0,1,0,0,0,0
"1131",222,12,225,23,30,6,15
"1132",211,23,219,23,30,10,12
"1133",207,17,216,23,32,11,16
"1134",0,0,1,0,0,0,0
"1135",222,18,211,17,25,9,15
"1136",205,19,206,25,34,9,14
"1137",221,21,222,15,30,9,16
"1138",228,16,224,28,35,10,18
"1139",206,14,243,20,31,10,14
"1140",217,16,233,26,37,10,17
"1141",177,18,189,21,38,8,19
"1142",182,15,213,23,26,14,11
"1143",196,18,202,29,31,12,18
"1144",238,18,216,28,31,12,20
"1145",214,22,224,19,29,9,17
"1146",201,19,208,20,28,10,13
"1147",222,20,198,26,23,11,15
"1148",210,15,195,18,24,6,14
"1149",209,23,212,26,30,11,18
"1150",0,0,1,0,0,0,0
"1151",201,18,229,22,34,6,11
"1152",0,0,0,0,0,0,0
"1153",203,22,219,23,28,11,11
"1154",221,23,212,23,33,9,14
"1155",193,24,225,21,28,7,11
"1156",218,19,228,26,31,11,13
"1157",0,0,1,0,0,0,0
"1158",200,20,209,26,26,13,12
"1159",223,17,194,21,31,8,11
"1160",208,23,211,34,27,9,19
"1161",231,13,217,26,32,10,20
"1162",216,18,207,19,29,10,15
"1163",0,0,1,0,0,0,0
"1164",215,18,210,24,25,10,16
"1165",0,0,0,0,0,0,0
"1166",220,19,213,20,28,9,14
"1167",220,18,234,24,36,14,19
"1168",223,18,205,25,20,11,13
"1169",222,22,202,22,33,11,17
"1170",207,15,239,22,24,9,12
"1171",208,20,216,28,34,10,14
"1172",213,21,206,27,29,11,18
"1173",0,0,1,0,0,0,0
"1174",240,16,224,22,28,10,18
"1175",209,23,209,19,27,13,16
"1176",202,20,210,22,26,8,17
"1177",197,14,232,18,28,8,12
"1178",209,20,218,21,35,10,21
"1179",204,20,205,21,31,7,9
"1180",217,21,181,26,40,9,16
"1181",209,22,220,24,24,11,19
"1182",0,0,1,0,0,0,0
"1183",226,18,224,18,32,9,18
"1184",213,20,201,22,31,9,15
"1185",201,14,217,23,27,10,18
"1186",230,17,228,23,36,7,12
"1187",227,22,241,29,41,11,14
"1188",210,18,211,14,28,9,16
"1189",211,17,197,17,22,10,14
"1190",206,23,201,24,22,14,14
"1191",213,19,225,24,25,10,14
"1192",244,23,229,28,43,9,19
"1193",0,0,1,0,0,0,0
"1194",202,16,218,27,32,9,19
"1195",232,21,237,25,36,11,20
"1196",191,17,212,20,37,7,14
"1197",206,22,208,24,28,11,18
"1198",227,15,233,23,35,17,18
"1199",217,17,213,20,28,6,16
"1200",0,0,1,0,0,0,0
"1201",221,23,211,24,26,11,16
"1202",217,23,235,26,34,12,21
"1203",229,16,210,20,32,8,16
"1204",219,20,212,22,38,10,21
"1205",193,22,211,28,34,10,20
"1206",212,22,250,19,27,9,16
"1207",199,17,209,19,27,10,16
"1208",0,0,1,0,0,0,0
"1209",206,16,227,28,28,15,17
"1210",203,20,206,25,30,11,19
"1211",208,15,207,23,22,14,15
"1212",0,0,1,0,0,0,0
"1213",204,18,231,30,33,13,17
"1214",198,15,226,27,23,9,14
"1215",206,23,210,20,35,7,20
"1216",214,19,239,24,31,9,17
"1217",224,19,233,26,29,10,18
"1218",206,19,193,19,27,8,10
"1219",185,21,209,25,29,11,13
"1220",210,17,224,23,30,7,12
"1221",210,18,222,30,32,11,12
"1222",0,0,1,0,0,0,0
"1223",2,0,1,0,0,0,0
"1224",207,17,194,27,32,9,16
"1225",231,18,224,21,31,11,19
"1226",0,0,1,0,0,0,0
"1227",200,21,206,18,30,8,13
"1228",234,18,211,27,27,11,18
"1229",0,0,1,0,0,0,0
"1230",208,19,213,20,29,7,12
"1231",203,13,198,23,38,10,19
"1232",194,20,249,18,32,12,17
"1233",0,0,1,0,0,0,0
"1234",178,18,210,25,29,11,14
"1235",227,25,224,29,31,10,20
"1236",191,18,203,30,30,9,18
"1237",233,23,218,31,29,10,21
"1238",199,23,208,25,23,14,19
"1239",212,17,218,20,25,10,15
"1240",205,24,207,24,22,8,18
"1241",219,18,203,20,26,8,14
"1242",214,18,205,28,30,10,17
"1243",207,20,215,22,26,14,15
"1244",0,0,1,0,0,0,0
"1245",0,0,0,0,0,0,0
"1246",239,17,220,23,35,8,16
"1247",204,18,203,24,30,8,19
"1248",0,0,1,0,0,0,0
"1249",186,20,222,22,23,12,18
"1250",212,19,211,22,28,11,18
"1251",187,27,204,24,33,17,16
"1252",202,24,243,21,30,12,15
"1253",0,0,1,0,0,0,0
"1254",203,15,219,22,30,11,20
"1255",244,12,241,24,28,10,16
"1256",228,17,247,27,33,9,14
"1257",221,21,226,26,38,11,12
"1258",214,17,210,25,23,8,14
"1259",224,19,216,23,30,7,21
"1260",195,16,202,20,31,10,11
"1261",216,15,222,27,26,13,15
"1262",228,23,215,20,26,11,17
"1263",211,18,186,28,29,10,16
"1264",230,16,219,27,27,10,16
"1265",207,25,211,33,37,9,18
"1266",197,18,224,21,35,11,19
"1267",222,20,238,26,35,9,18
"1268",199,17,197,29,30,11,14
"1269",222,16,209,16,28,10,20
"1270",207,19,211,27,26,7,14
"1271",192,22,205,24,25,8,13
"1272",204,19,250,21,26,8,16
"1273",0,0,1,0,0,0,0
"1274",214,20,198,17,33,12,18
"1275",216,22,214,25,27,8,20
"1276",204,22,225,23,36,10,23
"1277",212,24,202,29,34,15,20
"1278",0,0,1,0,0,0,0
"1279",201,20,200,25,29,9,19
"1280",220,19,230,25,35,9,18
"1281",208,22,214,17,25,11,15
"1282",194,18,203,24,38,15,20
"1283",222,17,215,24,34,10,11
"1284",215,18,205,28,28,11,15
"1285",193,18,226,19,29,11,15
"1286",215,23,218,28,29,13,17
"1287",227,24,220,22,25,12,16
"1288",228,19,239,22,36,8,20
"1289",222,19,233,26,30,13,16
"1290",220,19,218,29,26,14,16
"1291",197,19,199,25,26,10,12
"1292",225,23,221,23,33,12,15
"1293",193,15,204,26,30,12,16
"1294",231,14,204,27,28,15,21
"1295",223,16,217,20,29,11,14
"1296",0,0,1,0,0,0,0
"1297",216,18,212,21,23,9,12
"1298",216,22,210,24,26,7,18
"1299",191,19,204,17,32,9,15
"1300",232,19,224,32,27,9,15
"1301",191,15,210,24,33,9,23
"1302",195,21,237,27,36,10,13
"1303",0,0,1,0,0,0,0
"1304",192,21,217,23,36,11,17
"1305",213,18,218,23,24,8,13
"1306",221,23,222,34,34,10,17
"1307",225,24,244,20,35,9,21
"1308",221,14,209,17,29,10,15
"1309",217,20,194,30,27,11,14
"1310",222,20,209,27,35,15,20
"1311",221,16,214,21,30,9,15
"1312",216,14,213,27,24,9,11
"1313",191,21,207,36,37,10,16
"1314",213,21,225,21,29,15,17
"1315",210,16,213,26,32,14,18
"1316",202,27,215,30,32,11,19
"1317",207,22,220,23,32,9,18
"1318",226,18,221,28,34,15,19
"1319",227,19,188,20,34,13,23
"1320",236,22,213,28,39,14,19
"1321",204,17,233,24,27,9,14
"1322",206,17,198,24,28,11,22
"1323",206,20,220,17,18,8,13
"1324",222,22,208,29,31,9,11
"1325",219,23,216,26,23,9,12
"1326",204,21,229,32,35,10,21
"1327",227,19,210,29,31,12,12
"1328",210,20,234,26,29,10,21
"1329",223,20,214,29,34,14,23
"1330",228,14,203,23,29,12,14
"1331",229,18,235,20,31,7,15
"1332",229,16,212,21,30,9,23
"1333",209,20,224,26,29,10,18
"1334",190,17,221,27,27,6,15
"1335",210,24,209,23,38,11,16
"1336",212,15,236,26,34,10,15
"1337",220,24,217,28,34,7,16
"1338",204,17,207,27,24,10,15
"1339",204,15,206,22,23,8,12
"1340",210,21,213,23,24,9,16
"1341",217,17,222,22,32,11,18
"1342",215,16,235,28,26,10,22
"1343",204,20,217,25,28,8,17
"1344",227,17,207,21,31,12,14
"1345",210,17,230,24,27,11,17
"1346",209,21,201,28,33,8,17
"1347",215,17,217,25,32,14,15
"1348",211,14,210,16,27,6,21
"1349",0,0,1,0,0,0,0
"1350",202,19,204,23,30,8,17
"1351",198,21,236,24,25,17,21
"1352",224,15,207,31,38,11,17
"1353",208,20,211,24,24,13,17
"1354",203,17,208,20,26,11,21
"1355",0,0,0,0,0,0,0
"1356",225,19,193,23,30,11,13
"1357",211,20,227,28,37,12,20
"1358",221,18,238,27,38,10,14
"1359",209,25,207,20,33,11,17
"1360",221,20,236,26,27,12,13
"1361",221,19,228,21,34,7,18
"1362",0,0,1,0,0,0,0
"1363",0,0,0,0,0,0,0
"1364",224,21,199,28,30,10,18
"1365",208,18,209,32,24,7,18
"1366",229,19,219,25,41,10,21
"1367",236,17,223,29,30,10,13
"1368",195,20,208,23,38,9,14
"1369",211,23,218,24,35,11,21
"1370",211,23,196,26,37,9,14
"1371",223,18,190,27,33,11,11
"1372",213,22,212,27,31,14,16
"1373",205,21,227,26,27,9,16
"1374",221,17,209,24,23,7,13
"1375",202,22,224,22,24,13,17
"1376",0,0,0,0,0,0,0
"1377",220,16,187,23,37,13,16
"1378",226,20,235,19,33,11,14
"1379",215,16,217,22,38,13,15
"1380",0,0,1,0,0,0,0
"1381",240,17,227,26,29,13,15
"1382",213,17,208,21,31,12,21
"1383",226,18,223,19,26,8,17
"1384",187,22,199,34,34,10,18
"1385",204,22,216,28,31,12,20
"1386",212,25,195,23,35,10,16
"1387",0,0,1,0,0,0,0
"1388",1,0,1,0,0,0,0
"1389",1,0,2,0,0,0,0
"1390",228,24,197,25,37,14,26
"1391",201,17,193,25,32,10,13
"1392",215,19,233,26,23,9,21
"1393",207,23,211,24,34,8,19
"1394",203,23,214,28,36,12,22
"1395",206,17,193,27,32,13,17
"1396",208,17,193,31,36,10,20
"1397",1,0,1,0,0,0,0
"1398",229,21,215,22,35,8,18
"1399",207,19,204,18,30,7,15
"1400",212,21,217,24,33,10,17
"1401",200,20,213,23,38,10,14
"1402",0,0,1,0,0,0,0
"1403",210,18,211,24,33,7,15
"1404",199,21,219,20,31,10,14
"1405",233,19,201,23,22,12,12
"1406",243,14,238,18,27,11,17
"1407",215,20,231,21,32,13,18
"1408",217,18,207,26,26,14,15
"1409",203,15,191,23,30,9,14
"1410",232,21,231,32,39,15,19
"1411",233,22,219,22,25,10,16
"1412",223,18,211,26,32,13,19
"1413",199,21,201,25,34,12,19
"1414",211,22,219,23,34,12,15
"1415",1,0,1,0,0,0,0
"1416",232,21,190,28,24,9,12
"1417",210,18,208,23,31,10,15
"1418",194,20,203,27,34,11,18
"1419",216,15,213,23,32,13,12
"1420",213,17,217,19,33,9,15
"1421",224,22,230,29,29,12,12
"1422",188,19,210,26,30,12,17
"1423",206,19,242,26,29,11,18
"1424",256,18,230,27,23,14,11
"1425",0,0,1,0,0,0,0
"1426",199,12,223,16,22,9,15
"1427",210,14,218,24,29,11,12
"1428",1,0,1,0,0,0,0
"1429",209,21,201,24,34,9,19
"1430",193,22,208,23,33,12,16
"1431",0,0,1,0,0,0,0
"1432",206,20,226,24,27,8,16
"1433",191,23,192,19,25,15,18
"1434",225,19,245,23,24,9,13
"1435",0,0,0,0,0,0,0
"1436",235,13,212,18,20,9,18
"1437",227,23,193,24,32,13,21
"1438",203,17,206,18,29,11,17
"1439",214,19,242,21,28,10,16
"1440",223,19,215,21,35,15,17
"1441",225,26,236,23,31,15,15
"1442",223,20,218,22,31,11,21
"1443",199,19,216,30,41,9,17
"1444",230,20,199,23,39,10,16
"1445",0,0,1,0,0,0,0
"1446",220,21,228,21,23,9,18
"1447",231,16,204,24,34,12,17
"1448",236,21,237,22,27,14,15
"1449",213,18,199,22,29,13,15
"1450",214,13,227,25,29,12,17
"1451",0,0,0,0,0,0,0
"1452",225,22,243,18,23,11,14
"1453",211,17,224,31,29,11,24
"1454",213,19,212,28,36,8,24
"1455",0,0,1,0,0,0,0
"1456",206,17,221,16,24,11,17
"1457",231,14,232,24,25,11,20
"1458",190,13,211,30,29,11,15
"1459",204,17,227,24,27,8,14
"1460",215,12,219,29,33,9,17
"1461",222,22,240,25,33,10,19
"1462",217,19,229,25,30,10,20
"1463",209,17,197,26,30,11,21
"1464",0,0,1,0,0,0,0
"1465",193,16,187,27,28,10,14
"1466",240,17,221,21,26,10,14
"1467",227,20,211,25,34,12,12
"1468",0,0,1,0,0,0,0
"1469",0,0,1,0,0,0,0
"1470",229,20,228,24,27,8,11
"1471",216,16,231,27,32,10,18
"1472",211,16,210,31,33,13,15
"1473",201,25,222,26,35,11,20
"1474",191,18,188,28,31,10,17
"1475",197,23,205,16,30,9,15
"1476",196,24,198,22,32,10,17
"1477",212,21,211,22,32,11,16
"1478",202,17,219,25,33,13,19
"1479",214,18,196,20,30,8,15
"1480",202,22,215,30,32,8,20
"1481",206,16,207,25,25,7,11
"1482",207,16,202,22,23,10,16
"1483",221,16,220,22,27,6,13
"1484",209,16,215,19,33,13,16
"1485",0,0,1,0,0,0,0
"1486",221,14,224,28,30,10,18
"1487",0,0,1,0,0,0,0
"1488",228,17,216,29,35,13,12
"1489",205,22,221,23,29,8,16
"1490",217,23,229,26,35,14,19
"1491",210,18,231,26,32,9,17
"1492",210,15,218,22,29,8,14
"1493",215,19,229,21,33,12,18
"1494",216,19,214,26,34,12,17
"1495",215,15,232,22,24,8,11
"1496",208,16,216,23,35,12,10
"1497",0,0,1,0,0,0,0
"1498",219,21,199,32,39,16,15
"1499",0,0,1,0,0,0,0
"1500",197,21,220,25,23,8,14
"1501",197,18,202,27,37,8,18
"1502",224,15,200,21,30,13,20
"1503",0,0,1,0,0,0,0
"1504",196,18,192,24,27,15,15
"1505",211,22,204,21,36,11,14
"1506",230,21,239,25,37,8,19
"1507",201,19,197,26,30,7,20
"1508",0,0,2,0,0,0,0
"1509",211,13,245,29,30,11,22
"1510",218,15,214,19,21,8,13
"1511",220,17,205,21,31,9,20
"1512",1,0,1,0,0,0,0
"1513",227,18,205,25,36,9,12
"1514",194,21,226,21,35,10,13
"1515",186,13,190,21,30,12,18
"1516",215,19,201,26,28,6,16
"1517",206,14,206,26,31,11,16
"1518",0,0,1,0,0,0,0
"1519",218,14,221,21,29,10,16
"1520",220,15,217,29,33,8,17
"1521",216,19,228,28,34,7,18
"1522",208,19,228,28,35,10,16
"1523",213,15,212,21,27,8,19
"1524",226,20,221,20,28,8,19
"1525",1,0,2,0,0,0,0
"1526",204,22,232,23,28,14,14
"1527",0,0,1,0,0,0,0
"1528",2,0,1,0,0,0,0
"1529",204,21,246,21,31,12,18
"1530",203,16,215,19,27,10,19
"1531",0,0,1,0,0,0,0
"1532",204,17,189,24,25,12,14
"1533",205,22,222,23,31,13,15
"1534",0,0,1,0,0,0,0
"1535",234,21,249,21,35,8,14
"1536",196,18,216,28,34,12,19
"1537",231,16,202,28,26,10,12
"1538",222,20,220,24,25,9,17
"1539",205,21,210,26,34,12,12
"1540",211,20,222,20,22,10,12
"1541",205,20,229,20,25,9,17
"1542",0,0,1,0,0,0,0
"1543",195,17,192,22,27,10,15
"1544",208,18,196,19,34,8,19
"1545",211,25,179,18,35,10,15
"1546",198,11,215,19,19,10,13
"1547",226,25,239,28,34,10,18
"1548",185,21,192,22,34,10,11
"1549",216,23,206,26,30,15,14
"1550",213,25,222,25,27,12,13
"1551",219,23,206,22,29,13,15
"1552",213,16,217,28,43,11,18
"1553",205,17,193,24,29,9,15
"1554",238,14,229,22,32,10,16
"1555",207,14,206,26,25,10,11
"1556",212,18,237,24,29,10,23
"1557",195,24,224,28,29,11,15
"1558",233,19,232,22,28,13,16
"1559",199,20,195,29,37,12,15
"1560",200,24,205,16,21,8,15
"1561",207,19,209,23,27,8,16
"1562",193,19,187,22,26,12,18
"1563",201,20,185,25,22,10,12
"1564",238,18,229,26,31,9,13
"1565",207,21,238,17,31,9,13
"1566",189,19,199,21,28,15,12
"1567",203,18,214,29,26,10,19
"1568",206,24,222,25,27,9,15
"1569",231,20,227,23,31,11,15
"1570",211,17,197,24,28,12,21
"1571",231,15,222,19,24,11,11
"1572",2,0,1,0,0,0,0
"1573",0,0,1,0,0,0,0
"1574",0,0,1,0,0,0,0
"1575",0,0,0,0,0,0,0
"1576",193,16,215,23,35,10,14
"1577",219,12,230,29,33,9,18
"1578",205,17,220,18,27,9,15
"1579",228,22,203,27,26,13,15
"1580",212,19,195,22,29,11,14
"1581",204,17,216,22,25,8,14
"1582",219,15,211,25,34,8,16
"1583",211,20,213,27,33,12,17
"1584",206,21,208,25,27,12,23
"1585",184,14,195,20,32,12,17
"1586",226,16,195,24,36,8,17
"1587",193,23,208,24,28,9,18
"1588",210,17,208,25,38,13,17
"1589",195,19,233,22,27,9,11
"1590",0,0,1,0,0,0,0
"1591",205,17,229,19,27,8,20
"1592",232,18,223,21,24,9,15
"1593",214,20,180,29,28,10,16
"1594",209,21,207,31,34,9,16
"1595",196,22,201,21,33,14,20
"1596",201,22,214,20,29,11,19
"1597",205,14,225,21,27,14,19
"1598",213,19,227,23,32,12,12
"1599",226,18,242,25,32,10,15
"1600",0,0,1,0,0,0,0
"1601",217,21,214,23,33,11,16
"1602",191,22,211,21,32,10,18
"1603",0,0,1,0,0,0,0
"1604",194,16,208,22,28,9,15
"1605",191,18,218,26,37,9,16
"1606",210,28,217,28,36,12,13
"1607",205,20,238,22,30,9,16
"1608",231,20,229,23,34,12,19
"1609",241,14,211,30,34,14,15
"1610",240,21,225,22,31,10,17
"1611",254,22,226,22,30,8,16
"1612",1,0,1,0,0,0,0
"1613",198,13,207,20,26,8,12
"1614",236,17,205,23,32,9,21
"1615",201,13,221,23,20,12,21
"1616",220,28,212,26,32,11,17
"1617",203,23,224,25,29,13,16
"1618",204,19,206,15,27,10,13
"1619",197,18,214,19,32,11,13
"1620",205,18,210,25,30,9,14
"1621",204,19,226,27,32,11,18
"1622",243,16,217,22,28,8,16
"1623",224,20,219,20,33,8,16
"1624",219,16,226,26,35,11,14
"1625",193,24,210,28,37,16,19
"1626",204,21,204,22,32,8,17
"1627",212,21,181,21,30,12,17
"1628",210,15,225,19,24,7,18
"1629",219,21,201,20,24,11,17
"1630",208,15,222,26,28,10,14
"1631",230,16,209,26,25,11,10
"1632",225,18,238,18,34,10,21
"1633",217,15,226,25,27,10,15
"1634",197,23,205,19,29,10,13
"1635",210,20,204,28,23,11,19
"1636",178,13,185,21,23,10,14
"1637",0,0,1,0,0,0,0
"1638",0,0,1,0,0,0,0
"1639",212,18,215,32,29,11,22
"1640",205,16,182,21,21,14,13
"1641",0,0,1,0,0,0,0
"1642",201,22,203,25,29,11,14
"1643",188,17,189,21,31,8,17
"1644",0,0,0,0,0,0,0
"1645",213,14,207,20,31,14,17
"1646",197,16,200,25,37,10,17
"1647",216,21,220,21,32,8,11
"1648",181,15,201,21,22,6,12
"1649",208,14,196,28,39,10,14
"1650",251,16,236,18,28,10,12
"1651",204,15,193,23,24,12,18
"1652",214,16,213,32,35,13,19
"1653",213,24,238,30,30,9,16
"1654",213,17,203,23,30,10,13
"1655",207,22,202,22,33,12,14
"1656",219,32,219,23,42,14,22
"1657",2,0,1,0,0,0,0
"1658",228,21,222,24,32,9,14
"1659",249,16,224,22,28,10,13
"1660",202,14,199,24,27,14,14
"1661",228,19,250,24,35,7,15
"1662",206,22,198,22,37,10,16
"1663",215,22,220,24,32,7,21
"1664",216,19,198,27,35,12,18
"1665",191,19,221,25,27,8,17
"1666",240,18,232,24,31,9,13
"1667",199,18,200,26,26,11,18
"1668",239,21,228,24,36,11,16
"1669",211,16,189,29,41,12,18
"1670",241,23,226,23,34,13,15
"1671",0,0,1,0,0,0,0
"1672",201,20,221,25,33,12,17
"1673",221,22,195,27,24,8,17
"1674",0,0,1,0,0,0,0
"1675",218,16,249,31,30,9,20
"1676",193,18,177,23,29,12,17
"1677",0,0,1,0,0,0,0
"1678",196,12,221,23,27,11,11
"1679",237,19,225,24,31,9,15
"1680",223,22,222,24,29,8,14
"1681",0,0,1,0,0,0,0
"1682",0,0,2,0,0,0,0
"1683",205,23,214,24,31,8,19
"1684",218,22,211,19,29,7,16
"1685",231,24,213,18,24,10,16
"1686",0,0,1,0,0,0,0
"1687",0,0,0,0,0,0,0
"1688",189,14,207,14,29,11,14
"1689",203,20,226,29,33,10,18
"1690",211,17,209,21,26,9,17
"1691",0,0,1,0,0,0,0
"1692",230,19,206,29,39,10,21
"1693",220,21,242,28,28,12,16
"1694",198,18,212,19,26,9,12
"1695",201,17,212,27,32,14,15
"1696",214,16,221,21,29,15,13
"1697",224,17,199,26,30,9,15
"1698",195,19,172,25,29,10,18
"1699",196,14,211,28,32,10,12
"1700",216,19,213,21,32,9,13
"1701",204,21,210,24,23,12,17
"1702",241,21,216,29,34,10,20
"1703",212,22,212,27,34,12,15
"1704",211,17,193,27,28,9,16
"1705",222,13,233,21,25,13,16
"1706",226,17,202,28,32,7,16
"1707",236,25,207,27,29,11,13
"1708",216,20,227,30,31,12,19
"1709",225,20,221,24,34,11,13
"1710",237,19,205,25,27,12,12
"1711",199,21,173,29,35,13,16
"1712",223,19,221,34,34,14,20
"1713",206,18,197,24,28,10,14
"1714",201,17,195,26,32,7,14
"1715",0,0,0,0,0,0,0
"1716",213,19,205,24,26,7,15
"1717",251,21,205,21,27,14,19
"1718",229,19,231,24,36,10,17
"1719",228,19,251,28,29,10,12
"1720",222,13,249,22,29,7,15
"1721",200,22,200,25,33,10,10
"1722",206,16,222,29,30,12,16
"1723",232,19,211,33,35,13,17
"1724",203,19,214,24,24,13,12
"1725",0,0,1,0,0,0,0
"1726",215,20,190,23,37,10,17
"1727",203,19,219,24,32,8,12
"1728",214,21,229,28,24,15,18
"1729",220,21,212,30,32,9,14
"1730",204,19,202,25,27,7,15
"1731",217,15,215,22,29,8,20
"1732",217,21,196,33,35,12,25
"1733",210,16,205,18,30,11,17
"1734",224,24,219,32,34,11,19
"1735",189,17,225,25,27,9,12
"1736",201,21,191,28,32,11,16
"1737",203,18,216,26,33,10,15
"1738",246,17,226,25,31,8,20
"1739",215,16,218,20,35,9,17
"1740",201,16,209,25,27,11,19
"1741",220,22,199,23,34,9,19
"1742",184,17,221,22,31,9,17
"1743",199,16,207,26,23,11,16
"1744",222,21,220,30,33,10,15
"1745",199,20,196,21,31,11,14
"1746",207,19,210,29,31,11,13
"1747",214,22,217,28,28,11,17
"1748",211,19,228,23,34,12,21
"1749",0,0,1,0,0,0,0
"1750",0,0,0,0,0,0,0
"1751",223,21,195,20,32,6,12
"1752",216,17,214,20,36,9,13
"1753",0,0,1,0,0,0,0
"1754",232,19,221,23,30,7,16
"1755",0,0,1,0,0,0,0
"1756",215,17,217,19,27,9,13
"1757",202,27,230,20,31,13,15
"1758",187,20,216,22,28,9,17
"1759",208,18,226,20,34,9,18
"1760",219,18,197,20,25,9,8
"1761",211,18,222,21,21,7,14
"1762",212,24,192,23,31,11,23
"1763",235,21,206,21,26,9,14
"1764",228,23,212,21,33,10,20
"1765",0,0,1,0,0,0,0
"1766",205,16,210,23,28,9,17
"1767",221,21,231,30,31,10,16
"1768",224,17,206,30,31,11,15
"1769",199,16,200,27,30,12,15
"1770",212,14,199,21,40,7,11
"1771",212,24,203,26,33,6,24
"1772",212,16,210,20,31,12,17
"1773",250,24,232,24,36,10,19
"1774",223,15,204,29,34,9,16
"1775",210,22,205,30,40,17,15
"1776",1,0,1,0,0,0,0
"1777",209,23,189,24,29,8,11
"1778",199,12,209,18,28,11,14
"1779",0,0,1,0,0,0,0
"1780",218,18,229,16,30,13,17
"1781",201,22,229,28,36,14,17
"1782",205,15,196,22,26,10,10
"1783",207,23,226,20,28,12,19
"1784",0,0,1,0,0,0,0
"1785",212,14,219,16,27,7,10
"1786",199,16,203,24,27,8,20
"1787",188,18,208,21,37,8,17
"1788",219,15,227,24,24,10,12
"1789",204,17,208,27,28,11,16
"1790",205,18,219,21,31,10,17
"1791",224,20,203,21,39,10,19
"1792",211,19,213,20,28,7,15
"1793",210,20,243,27,30,9,14
"1794",1,0,1,0,0,0,0
"1795",217,19,226,21,38,9,16
"1796",222,22,207,18,31,8,15
"1797",222,21,212,27,31,13,19
"1798",204,22,201,22,20,8,18
"1799",200,16,241,23,39,9,18
"1800",233,20,204,25,22,9,17
"1801",0,0,1,0,0,0,0
"1802",244,18,229,22,34,13,16
"1803",207,21,207,21,29,12,14
"1804",213,22,218,17,31,7,14
"1805",213,19,216,25,27,12,18
"1806",196,18,204,26,23,12,17
"1807",0,0,1,0,0,0,0
"1808",223,19,228,21,37,13,22
"1809",220,16,216,29,26,7,17
"1810",0,0,1,0,0,0,0
"1811",206,13,199,20,26,5,14
"1812",230,18,226,23,29,8,16
"1813",222,26,226,20,28,7,11
"1814",230,18,231,28,30,13,14
"1815",225,22,220,28,32,10,20
"1816",189,22,216,22,28,15,11
"1817",234,17,192,29,35,10,22
"1818",1,0,1,0,0,0,0
"1819",0,0,1,0,0,0,0
"1820",202,17,223,22,28,14,15
"1821",223,16,230,24,26,10,18
"1822",225,17,217,21,25,8,12
"1823",195,18,220,21,31,10,17
"1824",207,19,211,28,39,11,14
"1825",234,13,211,31,33,12,20
"1826",209,19,213,28,32,14,17
"1827",194,22,202,27,35,11,16
"1828",218,16,222,17,36,11,14
"1829",227,22,243,19,23,10,14
"1830",209,16,210,23,26,6,13
"1831",0,0,0,0,0,0,0
"1832",210,21,202,28,34,13,15
"1833",226,20,219,25,28,8,18
"1834",186,22,213,27,35,9,18
"1835",218,17,200,23,32,10,17
"1836",210,15,217,22,28,10,13
"1837",202,11,205,17,23,7,12
"1838",202,22,208,25,29,7,17
"1839",205,16,206,16,26,8,15
"1840",0,0,1,0,0,0,0
"1841",195,21,215,26,26,12,11
"1842",0,0,1,0,0,0,0
"1843",225,20,202,22,28,11,20
"1844",211,20,214,23,28,9,14
"1845",214,15,232,21,26,10,15
"1846",238,21,229,25,37,11,13
"1847",209,28,236,24,25,10,14
"1848",224,18,191,21,26,9,18
"1849",227,20,233,31,34,15,17
"1850",223,20,202,21,38,14,13
"1851",193,18,210,25,27,9,12
"1852",0,0,0,0,0,0,0
"1853",213,22,208,23,29,13,17
"1854",204,17,230,25,24,10,16
"1855",214,21,200,23,26,9,21
"1856",201,17,185,19,27,10,13
"1857",209,21,208,20,28,11,19
"1858",224,24,211,22,30,14,16
"1859",1,0,1,0,0,0,0
"1860",0,0,1,0,0,0,0
"1861",216,20,197,24,32,13,14
"1862",213,22,210,24,27,11,20
"1863",0,0,1,0,0,0,0
"1864",195,18,200,28,32,9,16
"1865",212,15,233,27,24,10,15
"1866",208,18,195,25,30,8,15
"1867",1,0,1,0,0,0,0
"1868",1,0,1,0,0,0,0
"1869",212,20,206,24,30,13,11
"1870",237,13,216,24,28,12,17
"1871",201,23,202,28,32,11,21
"1872",206,18,208,23,26,8,14
"1873",253,19,231,23,34,15,18
"1874",0,0,1,0,0,0,0
"1875",209,20,211,24,27,11,11
"1876",214,17,211,37,27,14,16
"1877",205,20,212,23,30,10,17
"1878",214,18,192,20,25,8,11
"1879",218,13,211,24,28,11,14
"1880",205,18,234,22,31,11,11
"1881",0,0,0,0,0,0,0
"1882",231,18,221,21,29,8,14
"1883",255,17,244,21,30,11,15
"1884",225,15,227,23,27,10,12
"1885",226,23,234,21,34,10,14
"1886",0,0,0,0,0,0,0
"1887",217,24,232,29,27,9,20
"1888",207,24,201,25,29,16,17
"1889",216,17,222,21,39,10,21
"1890",216,22,221,17,32,9,16
"1891",225,25,217,26,38,11,12
"1892",222,16,219,26,32,6,15
"1893",208,21,213,25,33,16,17
"1894",215,20,193,30,28,8,14
"1895",200,18,206,21,26,9,15
"1896",0,0,1,0,0,0,0
"1897",209,18,221,21,27,14,15
"1898",213,18,214,16,26,8,12
"1899",193,20,202,22,31,9,21
"1900",220,18,216,24,29,9,19
"1901",189,23,206,28,28,9,19
"1902",220,21,217,23,27,16,17
"1903",199,15,215,29,36,13,16
"1904",0,0,1,0,0,0,0
"1905",212,20,197,27,31,8,15
"1906",235,17,225,23,34,13,16
"1907",0,0,1,0,0,0,0
"1908",214,21,199,28,27,11,12
"1909",207,18,227,28,30,10,11
"1910",226,21,224,26,34,13,13
"1911",213,14,251,22,27,10,15
"1912",0,0,1,0,0,0,0
"1913",209,14,192,24,35,12,19
"1914",208,20,203,27,33,9,15
"1915",217,22,225,23,32,9,12
"1916",201,18,195,24,23,8,14
"1917",201,16,209,25,29,12,27
"1918",207,24,197,23,27,10,16
"1919",231,18,262,21,30,8,12
"1920",209,20,215,26,38,9,18
"1921",201,22,205,23,33,13,16
"1922",239,16,206,22,31,14,16
"1923",216,16,219,18,20,10,18
"1924",189,21,205,17,35,13,12
"1925",229,22,214,21,33,11,12
"1926",227,15,191,22,36,6,16
"1927",217,17,197,23,22,11,16
"1928",213,19,209,25,35,10,15
"1929",218,23,245,23,31,9,17
"1930",219,20,230,25,26,12,20
"1931",213,22,218,27,27,9,17
"1932",216,22,221,24,30,11,17
"1933",209,21,232,21,29,10,19
"1934",219,22,214,25,28,10,15
"1935",236,13,237,24,34,6,19
"1936",208,19,226,24,29,9,13
"1937",245,23,217,27,34,12,14
"1938",213,17,223,29,26,7,17
"1939",0,0,1,0,0,0,0
"1940",237,20,225,19,24,14,14
"1941",0,0,1,0,0,0,0
"1942",210,19,239,21,35,9,13
"1943",227,16,210,29,29,17,16
"1944",0,0,1,0,0,0,0
"1945",226,17,211,27,27,15,14
"1946",209,19,211,27,36,16,18
"1947",176,20,185,18,37,9,13
"1948",191,18,199,27,33,11,15
"1949",208,14,242,22,30,9,13
"1950",0,0,1,0,0,0,0
"1951",209,14,212,20,27,10,19
"1952",197,20,194,22,30,12,17
"1953",197,20,216,23,27,6,16
"1954",195,19,195,26,31,10,11
"1955",0,0,1,0,0,0,0
"1956",1,0,0,0,0,0,0
"1957",208,16,227,30,28,10,18
"1958",231,18,204,22,38,10,18
"1959",210,19,241,20,28,11,13
"1960",234,17,238,28,34,11,15
"1961",217,14,209,30,32,6,13
"1962",224,21,203,19,25,9,17
"1963",217,22,212,26,24,9,17
"1964",221,18,215,16,32,12,16
"1965",0,0,0,0,0,0,0
"1966",200,20,237,15,25,12,11
"1967",212,14,214,19,31,12,21
"1968",217,22,208,29,28,10,17
"1969",213,18,213,25,28,11,16
"1970",196,21,202,29,38,6,17
"1971",210,17,211,26,29,10,17
"1972",217,18,208,33,26,10,21
"1973",219,19,223,33,32,8,23
"1974",216,26,211,28,33,11,18
"1975",230,21,219,23,29,10,20
"1976",197,22,218,24,19,9,13
"1977",215,21,229,29,28,10,22
"1978",216,20,188,24,35,10,13
"1979",217,19,211,30,30,10,18
"1980",217,23,199,21,22,8,17
"1981",0,0,1,0,0,0,0
"1982",217,18,223,22,31,10,16
"1983",200,19,203,32,35,12,13
"1984",215,20,210,25,25,9,17
"1985",236,18,204,20,27,8,13
"1986",202,22,190,22,34,11,19
"1987",221,14,227,22,29,11,18
"1988",239,15,201,18,22,8,13
"1989",211,18,205,25,33,7,11
"1990",205,20,190,24,25,7,14
"1991",0,0,1,0,0,0,0
"1992",218,16,229,26,31,7,15
"1993",191,22,199,20,27,12,12
"1994",215,16,230,20,27,12,13
"1995",200,15,236,19,32,9,17
"1996",230,20,214,27,24,12,16
"1997",225,19,209,23,28,13,22
"1998",204,18,213,23,29,9,21
"1999",189,18,209,21,26,9,17
"2000",233,20,203,17,26,11,16
"2001",217,20,206,25,27,10,14
"2002",221,26,203,21,31,8,13
"2003",204,17,191,25,32,10,16
"2004",199,21,199,23,29,8,15
"2005",223,18,231,26,34,10,15
"2006",0,0,1,0,0,0,0
"2007",1,0,1,0,0,0,0
"2008",0,0,1,0,0,0,0
"2009",179,17,187,23,29,11,18
"2010",217,23,237,29,36,10,16
"2011",202,17,207,21,47,14,13
"2012",210,18,226,29,36,14,15
"2013",0,0,1,0,0,0,0
"2014",223,19,208,30,24,8,17
"2015",206,16,211,19,24,8,16
"2016",215,15,224,21,21,13,11
"2017",202,20,215,25,29,10,12
"2018",216,16,194,23,23,12,25
"2019",0,0,2,0,0,0,0
"2020",230,19,223,24,32,11,11
"2021",231,20,225,28,24,13,19
"2022",218,21,196,25,33,9,19
"2023",0,0,0,0,0,0,0
"2024",225,16,212,21,33,14,17
"2025",214,21,228,27,29,8,14
"2026",0,0,1,0,0,0,0
"2027",228,19,218,21,27,8,14
"2028",187,21,207,33,32,11,19
"2029",222,21,223,20,33,9,18
"2030",216,19,217,25,35,12,19
"2031",216,27,183,23,27,11,18
"2032",211,22,201,21,28,9,15
"2033",216,21,228,24,32,11,18
"2034",0,0,1,0,0,0,0
"2035",194,21,220,21,31,6,17
"2036",201,17,232,17,26,11,12
"2037",237,17,231,24,32,13,15
"2038",236,22,219,19,30,9,18
"2039",200,21,201,17,32,9,17
"2040",207,14,209,19,30,11,13
"2041",2,0,2,0,0,0,0
"2042",256,21,221,17,30,12,11
"2043",214,18,205,14,25,7,13
"2044",203,18,236,26,32,15,20
"2045",201,21,200,24,31,10,15
"2046",214,16,187,28,29,9,14
"2047",222,12,216,14,22,14,13
"2048",228,26,198,16,40,11,14
"2049",216,24,178,30,28,12,28
"2050",0,0,1,0,0,0,0
"2051",0,0,1,0,0,0,0
"2052",0,0,0,0,0,0,0
"2053",196,15,214,27,28,9,16
"2054",205,25,198,18,32,8,20
"2055",211,24,224,28,35,13,14
"2056",238,15,221,23,26,11,14
"2057",220,16,213,26,34,9,16
"2058",221,20,228,27,30,13,19
"2059",205,17,210,29,31,10,16
"2060",229,18,240,29,31,12,13
"2061",218,16,201,20,30,8,15
"2062",191,20,180,17,29,12,13
"2063",196,14,215,22,30,7,14
"2064",204,18,214,20,29,9,10
"2065",202,22,206,28,22,10,18
"2066",206,15,213,19,20,11,14
"2067",206,15,194,23,30,16,18
"2068",208,19,200,22,40,8,12
"2069",215,15,212,21,29,15,13
"2070",1,0,1,0,0,0,0
"2071",212,20,234,27,36,11,20
"2072",214,18,214,19,28,10,10
"2073",208,19,217,21,29,9,17
"2074",200,18,197,21,30,8,21
"2075",214,14,242,21,28,14,16
"2076",200,17,201,31,34,12,15
"2077",216,16,218,21,32,8,14
"2078",0,0,1,0,0,0,0
"2079",210,17,202,23,35,11,10
"2080",204,17,197,25,29,12,21
"2081",201,17,231,25,26,9,16
"2082",0,0,0,0,0,0,0
"2083",208,24,208,30,34,12,19
"2084",198,18,228,25,34,11,15
"2085",225,17,238,24,41,13,21
"2086",0,0,1,0,0,0,0
"2087",212,20,218,27,32,12,10
"2088",232,18,204,18,27,8,18
"2089",0,0,1,0,0,0,0
"2090",198,18,206,20,29,9,15
"2091",188,18,178,21,34,13,17
"2092",230,21,223,24,36,11,21
"2093",214,19,227,27,30,12,15
"2094",234,18,246,21,30,12,14
"2095",0,0,1,0,0,0,0
"2096",205,17,206,22,23,10,18
"2097",0,0,1,0,0,0,0
"2098",215,19,196,22,33,16,13
"2099",210,17,222,23,29,11,18
"2100",0,0,0,0,0,0,0
"2101",224,20,193,26,37,14,15
"2102",214,18,223,27,35,10,13
"2103",215,20,222,25,31,10,18
"2104",193,24,207,27,32,8,16
"2105",202,15,195,26,23,9,15
"2106",222,21,190,24,37,10,20
"2107",221,20,221,24,35,9,13
"2108",209,16,231,20,36,12,16
"2109",195,15,206,26,28,10,12
"2110",205,19,223,21,26,9,13
"2111",223,24,210,33,31,12,18
"2112",220,17,215,18,39,8,15
"2113",0,0,1,0,0,0,0
"2114",225,17,238,26,29,14,12
"2115",198,17,201,28,30,9,16
"2116",227,19,198,24,22,9,13
"2117",219,20,224,25,33,11,16
"2118",206,19,198,26,33,10,17
"2119",210,17,221,23,39,11,14
"2120",203,23,219,31,28,10,17
"2121",0,0,1,0,0,0,0
"2122",0,0,1,0,0,0,0
"2123",211,22,193,22,27,9,16
"2124",229,18,223,24,33,12,18
"2125",219,16,225,19,24,12,13
"2126",209,20,233,24,26,10,14
"2127",226,16,207,19,31,11,13
"2128",176,21,185,26,29,14,16
"2129",221,23,197,25,31,10,15
"2130",200,23,219,26,35,13,21
"2131",199,18,191,25,25,10,14
"2132",196,17,220,25,35,9,18
"2133",207,19,212,24,34,10,18
"2134",207,23,213,20,36,10,20
"2135",206,17,212,21,29,9,17
"2136",240,20,209,23,33,8,17
"2137",0,0,0,0,0,0,0
"2138",212,22,204,28,33,12,16
"2139",0,0,1,0,0,0,0
"2140",219,17,228,15,30,10,16
"2141",231,19,241,28,31,8,15
"2142",1,0,1,0,0,0,0
"2143",230,22,223,26,32,10,14
"2144",216,14,214,27,30,10,15
"2145",220,19,218,19,26,14,14
"2146",199,20,214,27,30,8,15
"2147",211,26,223,24,34,12,16
"2148",228,18,209,28,28,9,16
"2149",198,18,210,23,28,8,13
"2150",210,18,240,25,37,12,17
"2151",226,20,200,29,30,14,19
"2152",206,24,191,18,32,15,14
"2153",226,22,226,23,38,11,20
"2154",201,14,194,20,25,8,13
"2155",217,22,188,23,21,9,18
"2156",215,17,207,29,28,10,13
"2157",223,21,236,27,30,12,20
"2158",246,20,221,29,37,15,15
"2159",194,11,226,26,26,10,16
"2160",1,0,1,0,0,0,0
"2161",217,17,221,27,31,10,12
"2162",200,19,212,28,35,12,11
"2163",0,0,1,0,0,0,0
"2164",227,16,225,22,40,10,19
"2165",230,15,209,24,34,17,22
"2166",197,20,209,21,26,8,14
"2167",1,0,1,0,0,0,0
"2168",0,0,1,0,0,0,0
"2169",222,17,229,23,28,9,16
"2170",0,0,1,0,0,0,0
"2171",217,14,230,23,24,12,12
"2172",234,23,221,24,34,8,16
"2173",209,18,218,22,29,12,18
"2174",198,19,198,21,31,9,14
"2175",0,0,1,0,0,0,0
"2176",228,18,215,22,34,9,11
"2177",0,0,0,0,0,0,0
"2178",198,26,224,23,34,8,16
"2179",230,19,202,27,33,9,12
"2180",0,0,0,0,0,0,0
"2181",0,0,1,0,0,0,0
"2182",242,11,223,24,26,9,17
"2183",207,20,233,26,27,9,15
"2184",206,26,203,28,35,11,24
"2185",204,24,215,27,38,6,11
"2186",206,20,216,23,30,10,14
"2187",207,16,213,28,32,10,16
"2188",213,23,208,28,35,11,20
"2189",226,24,178,26,30,10,21
"2190",0,0,1,0,0,0,0
"2191",243,18,244,25,28,6,17
"2192",236,24,217,21,25,10,15
"2193",0,0,1,0,0,0,0
"2194",205,20,190,25,29,8,14
"2195",225,20,203,22,29,8,11
"2196",215,14,241,28,37,10,20
"2197",204,21,202,25,29,12,12
"2198",195,16,212,28,35,9,16
"2199",210,18,215,23,40,13,15
"2200",200,25,212,24,35,11,21
"2201",208,18,200,21,27,9,15
"2202",219,23,193,25,22,12,18
"2203",196,16,204,30,30,16,23
"2204",0,0,1,0,0,0,0
"2205",228,22,228,21,31,11,14
"2206",220,18,220,20,26,13,18
"2207",220,19,203,17,33,11,15
"2208",217,15,195,28,27,9,11
"2209",192,20,229,25,36,13,18
"2210",245,13,218,19,26,8,15
"2211",221,13,239,17,31,10,14
"2212",206,22,219,29,31,12,17
"2213",223,22,209,23,35,10,19
"2214",238,22,210,21,31,9,20
"2215",231,21,199,27,27,13,22
"2216",0,0,0,0,0,0,0
"2217",219,21,222,27,30,16,17
"2218",0,0,1,0,0,0,0
"2219",203,18,244,23,30,12,15
"2220",215,19,216,28,31,7,15
"2221",213,23,230,30,33,11,22
"2222",185,16,188,22,29,9,11
"2223",0,0,1,0,0,0,0
"2224",217,16,210,27,37,12,19
"2225",196,18,225,30,22,12,20
"2226",228,17,206,18,36,9,17
"2227",214,25,228,31,31,11,21
"2228",194,18,233,21,28,10,14
"2229",0,0,0,0,0,0,0
"2230",196,24,232,26,32,12,22
"2231",215,17,199,23,31,11,15
"2232",197,17,229,21,29,8,16
"2233",0,0,0,0,0,0,0
"2234",209,16,230,25,32,9,18
"2235",197,17,193,24,34,9,19
"2236",212,18,245,27,24,9,13
"2237",229,21,211,19,22,8,16
"2238",0,0,1,0,0,0,0
"2239",195,23,204,26,40,13,14
"2240",229,17,216,26,27,13,14
"2241",216,18,222,27,38,12,13
"2242",0,0,1,0,0,0,0
"2243",194,21,184,26,30,8,20
"2244",0,0,1,0,0,0,0
"2245",225,21,212,26,37,9,19
"2246",234,24,213,14,27,12,12
"2247",211,17,202,19,27,10,13
"2248",0,0,1,0,0,0,0
"2249",227,22,200,32,25,13,15
"2250",230,17,228,26,26,10,14
"2251",211,20,200,20,27,10,13
"2252",224,15,235,15,34,11,14
"2253",229,21,216,19,31,11,18
"2254",215,20,232,30,23,13,18
"2255",186,21,204,26,29,9,15
"2256",232,13,223,22,31,12,18
"2257",204,23,193,21,25,10,16
"2258",199,16,209,22,35,12,16
"2259",241,21,229,22,29,12,18
"2260",212,19,184,28,28,10,21
"2261",224,21,220,28,28,11,17
"2262",219,15,238,23,32,11,14
"2263",196,21,232,30,33,13,15
"2264",196,20,187,27,28,7,10
"2265",199,18,212,20,27,8,11
"2266",0,0,1,0,0,0,0
"2267",208,16,227,19,23,13,14
"2268",217,19,224,24,25,9,15
"2269",222,19,241,19,26,9,16
"2270",217,26,208,28,30,9,20
"2271",0,0,0,0,0,0,0
"2272",0,0,1,0,0,0,0
"2273",177,18,191,23,32,8,17
"2274",202,15,215,24,29,7,15
"2275",196,14,197,26,36,11,13
"2276",1,0,0,0,0,0,0
"2277",238,20,198,20,27,14,17
"2278",209,20,212,25,33,7,14
"2279",210,17,221,24,32,11,15
"2280",216,20,225,26,30,10,17
"2281",207,20,206,21,29,10,11
"2282",237,23,255,26,37,11,18
"2283",215,17,201,31,41,10,18
"2284",234,18,226,22,32,10,13
"2285",234,28,205,25,30,14,13
"2286",223,13,207,24,31,7,13
"2287",200,16,209,24,27,11,17
"2288",0,0,1,0,0,0,0
"2289",209,19,226,26,31,11,21
"2290",213,19,224,22,32,9,18
"2291",220,21,230,27,35,12,15
"2292",198,20,209,27,33,9,13
"2293",223,17,235,18,29,8,15
"2294",0,0,1,0,0,0,0
"2295",225,16,208,24,27,11,15
"2296",212,20,198,24,27,10,16
"2297",228,20,221,26,35,10,14
"2298",212,20,211,26,33,13,17
"2299",203,17,189,27,32,15,20
"2300",214,18,202,24,30,10,11
"2301",208,20,216,20,31,11,18
"2302",226,13,222,28,36,11,23
"2303",208,20,216,28,32,9,17
"2304",0,0,1,0,0,0,0
"2305",1,0,1,0,0,0,0
"2306",0,0,1,0,0,0,0
"2307",217,18,223,24,25,8,14
"2308",204,17,196,22,27,8,12
"2309",200,23,207,21,22,9,13
"2310",227,18,224,20,32,9,17
"2311",218,19,195,22,31,12,15
"2312",222,24,238,27,30,11,15
"2313",216,18,207,19,29,9,16
"2314",238,15,220,26,28,11,15
"2315",213,16,195,24,31,11,19
"2316",222,19,216,23,33,5,15
"2317",213,14,221,23,31,9,21
"2318",209,20,211,26,33,10,18
"2319",202,22,205,26,31,8,13
"2320",241,19,229,20,27,14,15
"2321",219,19,209,29,36,8,16
"2322",0,0,1,0,0,0,0
"2323",207,20,206,25,30,14,21
"2324",203,20,206,25,35,14,16
"2325",194,17,217,26,32,12,14
"2326",212,25,215,27,35,11,17
"2327",0,0,1,0,0,0,0
"2328",219,20,213,23,28,11,18
"2329",227,15,203,22,33,8,15
"2330",212,15,211,28,35,8,16
"2331",209,15,199,21,27,9,13
"2332",212,15,199,26,32,12,12
"2333",219,22,233,20,35,10,17
"2334",230,17,232,23,36,8,20
"2335",220,17,227,24,30,15,13
"2336",210,18,214,23,27,13,16
"2337",0,0,1,0,0,0,0
"2338",201,17,198,26,27,11,16
"2339",223,24,196,25,27,12,21
"2340",240,22,216,32,34,10,21
"2341",231,16,226,21,26,9,16
"2342",240,19,220,24,37,9,15
"2343",206,17,194,21,28,11,13
"2344",0,0,0,0,0,0,0
"2345",181,21,205,25,33,14,13
"2346",197,20,204,19,30,10,15
"2347",212,22,212,21,29,10,13
"2348",198,18,212,20,31,11,14
"2349",206,19,234,18,32,11,11
"2350",210,18,213,19,20,6,14
"2351",214,21,230,25,33,14,18
"2352",245,23,227,25,30,11,13
"2353",254,17,227,22,30,9,14
"2354",182,21,227,24,26,8,12
"2355",219,17,218,18,38,12,14
"2356",209,14,222,21,28,12,17
"2357",0,0,1,0,0,0,0
"2358",0,0,1,0,0,0,0
"2359",209,22,213,24,36,15,15
"2360",207,17,243,26,41,12,14
"2361",228,16,203,20,32,11,15
"2362",221,16,195,23,27,9,16
"2363",0,0,1,0,0,0,0
"2364",238,21,207,24,30,11,16
"2365",207,15,204,20,27,10,10
"2366",206,23,201,30,34,10,15
"2367",205,19,219,23,30,8,21
"2368",199,17,185,26,24,9,20
"2369",227,15,231,29,36,8,13
"2370",205,19,197,26,29,11,24
"2371",224,20,222,26,33,8,14
"2372",214,16,208,19,28,9,12
"2373",247,23,234,24,40,11,16
"2374",232,19,229,26,35,10,14
"2375",199,13,217,19,22,8,12
"2376",207,21,220,21,30,11,15
"2377",229,23,254,20,28,12,13
"2378",219,22,230,31,34,16,19
"2379",202,12,207,19,33,10,12
"2380",195,14,192,19,27,9,15
"2381",0,0,1,0,0,0,0
"2382",217,16,184,24,42,10,19
"2383",198,21,204,23,27,10,13
"2384",215,16,221,28,32,13,17
"2385",214,20,211,26,36,9,16
"2386",214,15,222,20,27,11,17
"2387",214,14,200,22,31,15,20
"2388",228,20,222,27,34,9,11
"2389",236,20,230,31,23,9,15
"2390",214,22,209,28,28,7,15
"2391",231,22,210,28,29,10,13
"2392",199,16,208,26,31,15,11
"2393",201,14,218,24,36,10,18
"2394",0,0,1,0,0,0,0
"2395",229,21,232,26,30,12,14
"2396",212,22,220,20,33,10,18
"2397",231,17,231,24,27,15,14
"2398",188,19,184,22,32,11,16
"2399",215,20,208,22,36,17,19
"2400",236,14,253,27,25,7,12
"2401",203,14,211,21,24,10,19
"2402",218,19,218,36,30,7,14
"2403",0,0,1,0,0,0,0
"2404",209,15,224,24,29,12,14
"2405",220,16,219,27,33,12,18
"2406",219,19,200,32,38,9,13
"2407",209,16,242,21,27,8,15
"2408",0,0,0,0,0,0,0
"2409",235,17,228,31,37,15,14
"2410",182,23,189,18,30,14,13
"2411",221,15,208,31,38,12,14
"2412",231,19,217,23,30,9,18
"2413",199,14,208,27,30,8,13
"2414",218,19,218,26,29,10,17
"2415",0,0,1,0,0,0,0
"2416",199,15,243,23,31,13,16
"2417",217,17,237,23,32,7,16
"2418",214,18,204,21,26,7,14
"2419",223,20,222,21,24,11,14
"2420",215,24,253,23,34,9,16
"2421",197,22,196,27,33,6,15
"2422",216,18,219,25,35,13,17
"2423",223,17,215,23,28,12,13
"2424",204,17,208,26,30,14,16
"2425",206,23,204,22,25,11,16
"2426",203,19,207,21,33,8,14
"2427",190,26,181,24,30,10,16
"2428",229,21,228,23,30,9,14
"2429",1,0,1,0,0,0,0
"2430",216,18,232,20,24,10,16
"2431",0,0,1,0,0,0,0
"2432",227,19,208,24,34,9,22
"2433",0,0,1,0,0,0,0
"2434",207,18,219,21,24,10,15
"2435",208,23,197,20,35,12,12
"2436",189,18,212,22,35,11,16
"2437",237,24,236,25,30,9,19
"2438",0,0,1,0,0,0,0
"2439",222,19,228,27,37,6,16
"2440",215,17,217,24,31,9,18
"2441",210,21,226,21,31,10,16
"2442",214,16,232,23,26,12,18
"2443",192,17,195,17,17,12,13
"2444",203,21,218,27,29,12,11
"2445",214,20,211,21,28,10,17
"2446",208,23,205,26,36,12,13
"2447",218,13,231,17,24,9,15
"2448",0,0,1,0,0,0,0
"2449",213,16,242,19,35,12,17
"2450",196,15,177,28,26,8,12
"2451",213,23,213,23,28,7,13
"2452",198,21,221,21,34,7,15
"2453",230,28,212,33,27,10,23
"2454",226,17,208,18,26,9,15
"2455",189,26,218,28,24,13,19
"2456",218,18,225,18,34,9,15
"2457",0,0,1,0,0,0,0
"2458",207,21,208,22,32,11,21
"2459",219,13,210,19,21,15,13
"2460",221,19,218,26,30,10,14
"2461",222,22,205,25,29,9,13
"2462",230,15,202,24,35,11,12
"2463",220,15,191,20,31,9,11
"2464",230,18,208,20,28,8,13
"2465",219,22,227,23,38,9,13
"2466",224,18,209,24,32,10,18
"2467",205,21,208,21,36,12,17
"2468",214,20,211,26,36,10,14
"2469",216,24,211,21,31,10,22
"2470",0,0,0,0,0,0,0
"2471",216,19,194,17,30,8,17
"2472",200,24,199,29,32,10,17
"2473",220,18,245,24,29,9,14
"2474",245,21,210,21,31,6,16
"2475",198,19,206,24,29,11,13
"2476",217,18,190,26,37,13,21
"2477",0,0,1,0,0,0,0
"2478",218,19,197,25,26,8,15
"2479",1,0,2,0,0,0,0
"2480",196,19,194,21,25,10,12
"2481",236,18,196,16,22,12,15
"2482",225,20,224,26,28,13,20
"2483",189,18,180,24,23,6,11
"2484",208,16,209,24,33,9,13
"2485",210,18,207,28,35,10,13
"2486",0,0,1,0,0,0,0
"2487",197,22,212,26,28,16,17
"2488",202,18,203,19,22,10,19
"2489",212,25,221,29,33,13,15
"2490",0,0,2,0,0,0,0
"2491",195,16,210,19,30,7,17
"2492",249,19,220,23,36,8,13
"2493",235,21,231,18,22,10,13
"2494",215,14,206,27,35,10,14
"2495",237,27,220,24,34,13,15
"2496",232,18,213,20,33,8,11
"2497",203,20,225,21,28,12,21
"2498",229,18,204,21,23,8,19
"2499",206,19,198,26,32,9,15
"2500",205,22,225,24,33,9,20
