"","age1_orange.S","age1_green.S","age2_no_comorbid_orange.S","age2_no_comorbid_green.S","age2_comorbid_green.S","age3_no_comorbid_green.S","age3_comorbid_green.S"
"1",72.2686131555283,141.101698991559,174.103823979327,139.785612138617,144.322566887439,143.987408751442,153.508978336607
"2",69.1172776649009,107.40591279748,94.147119539349,118.753512263955,126.47576561572,114.398578696786,108.727927108451
"3",72.2129457670654,0,92.6935548130628,0,0,0,0
"4",86.8609084982876,0,93.825934092143,0,0,0,0
"5",0,0,0,0,0,0,0
"6",77.6427965246202,0,118.545056011347,0,0,0,0
"7",94.4757698016644,149.00198840246,174.527902798971,177.759817323059,163.270272820972,142.467803013146,170.110559681769
"8",97.9624501683405,0,102.012815133045,0,0,0,0
"9",83.6132690930057,0,101.778398586421,0,0,0,0
"10",0,0,0,0,0,0,0
"11",82.5134797965537,0,108.94998271684,0,0,0,0
"12",85.620275521169,0,107.695334549262,0,0,0,0
"13",97.7892441609266,51.5701705478327,79.2416060841943,0,49.9582652832988,48.5735741223179,48.7446167019008
"14",84.3406686751764,0,87.9124842430203,0,0,0,0
"15",85.8056951732055,54.5554324643155,88.2266696924637,73.0220264501521,61.7660357923362,0,64.3416371402234
"16",140.567282713358,116.517573863317,132.16401498176,125.635269521149,128.304843069159,112.75766942235,110.068103048234
"17",184.640279781517,140.190187461672,184.640279781517,169.900893200382,193.794903570981,158.20297576084,208.217398401226
"18",120.044327569586,127.991988097679,132.782745430496,121.052190651726,135.149397637954,142.949712818227,144.291741874977
"19",118.663850871455,174.388847994132,150.260323734394,193.829473651863,195.694347602528,196.989170094712,197.516633163701
"20",111.705394888019,150.066293560847,201.892668862366,177.813765791596,184.714364771022,180.166955627147,174.799352231188
"21",82.0587255889208,0,96.3915350930871,0,0,0,0
"22",112.25530124074,154.617601307868,168.174819014629,143.29608890106,154.072069347425,152.631852357387,137.157368265776
"23",94.7573072225238,0,129.598687863305,0,0,0,0
"24",72.5837044058654,104.829879113302,115.874518353254,110.610311791576,133.416348135298,99.6219816774822,105.361016422188
"25",91.8256222521255,203.041468447514,218.713792060711,205.081040062428,195.555757532665,179.504627850961,228.511007598324
"26",75.2799553423405,0,87.4105317750661,0,42.717511554057,0,0
"27",102.261632798039,59.5323739344557,116.534007057022,0,0,0,56.4158992688752
"28",100.257744735958,215.330117442071,112.570889214237,219.986957355802,222.737702741209,150.740466740482,200.221014624117
"29",103.0232225003,0,95.4814489057474,0,0,0,0
"30",76.4966155866604,140.415511198838,91.4394981780341,156.773360657923,155.991037009834,143.892793799567,151.908785277668
"31",86.522528364421,0,114.998890473724,0,0,0,0
"32",80.1011355148238,108.242517231538,117.024560704346,130.543132616897,143.814027399093,98.2441369599678,124.74512864331
"33",86.1224685606154,134.300677807822,103.473586007743,133.061680378223,135.043869671882,132.282306449742,140.228678648939
"34",115.612743357805,182.749555641573,169.417327890924,200.004786696012,195.494107408608,211.462398189176,197.599900762378
"35",0,0,0,0,0,0,0
"36",91.3367870226241,0,107.178167494476,62.4125509042111,51.8325103676146,0,0
"37",0,0,0,0,0,0,0
"38",140.896996130514,0,156.763568966238,71.7048891516002,0,0,59.8115979039022
"39",0,0,0,0,0,0,0
"40",111.074229575391,0,119.300656014778,0,0,0,0
"41",83.0101807635558,0,92.0249719214449,0,0,0,0
"42",86.962075398805,135.238184753715,148.413800330201,145.659787477331,145.317984913213,132.737508742455,160.320218429123
"43",77.519394740067,0,90.2732371134049,0,0,0,0
"44",83.7394468713235,56.6819196952045,92.8129558339807,0,0,0,0
"45",22.50761063116,0,14.0361633643202,0,0,0,0
"46",79.2533877977813,0,79.8636340422039,0,0,0,0
"47",106.88800314417,166.174587348454,165.448306954143,165.448306954143,180.796417062856,183.003191431827,162.62694853142
"48",103.68450071203,160.556908716566,166.68420914062,159.229574072216,157.956804740672,149.711425193032,154.633608146304
"49",92.4936561441828,157.028158120819,158.436296520158,152.856305504467,162.057155582521,146.594244158045,156.830006783874
"50",102.246709976719,0,122.983405366567,0,0,0,0
"51",9.56586006257053,0,0,0,0,0,0
"52",78.7823390666986,0,92.1003775366581,0,0,0,0
"53",75.2453892291035,137.61174773006,166.554863123627,128.875826971244,127.603073537022,125.194647658585,137.61174773006
"54",85.4012388680312,0,92.4170442008039,0,0,0,41.8686264215942
"55",137.221449614631,127.831273404312,154.897533865605,149.596460263995,135.083416444683,122.855570396048,148.674418291394
"56",0,0,0,0,0,0,0
"57",0,0,0,0,0,0,0
"58",111.804531459481,149.358866799591,149.193896572841,174.715744874644,183.955446628826,148.374966264265,142.588531525658
"59",0,0,0,0,0,0,0
"60",0,0,0,0,0,0,0
"61",101.740643524328,0,99.7307388713079,0,0,0,0
"62",85.2669739465384,0,97.3586371706084,0,0,67.864125186829,0
"63",0,0,0,0,0,0,0
"64",82.3962276059488,184.614854167607,214.640353634856,184.614854167607,187.349853153744,166.635128636835,194.44684925872
"65",0,0,0,0,0,0,0
"66",83.2101419936063,0,79.4510010392069,0,0,0,0
"67",86.0645398442984,85.979150001863,91.7603409897408,90.758072356172,101.305229780196,90.758072356172,97.2181663551813
"68",0,0,0,0,0,0,0
"69",83.5935105367995,0,85.7224850981125,0,0,0,0
"70",85.2975167795087,0,84.0812264334598,75.39970520861,81.9099115430433,76.093816241707,0
"71",0,0,0,0,0,0,0
"72",95.1244928410203,157.318226795624,130.524287585628,177.306823791783,177.306823791783,137.727333126939,169.218360481834
"73",92.5621300235674,50.1224488638302,136.000324833989,0,0,0,51.3205496662448
"74",97.6177395607818,0,84.6771382274347,0,0,0,0
"75",70.7529519500965,0,98.9993489199348,0,0,0,0
"76",73.9956087360367,0,90.6066736870642,0,0,0,0
"77",105.233739441737,0,99.5656948405979,0,68.1731123295432,27.123819365032,0
"78",0,0,0,0,0,0,0
"79",101.338556912962,141.08616231251,152.628161508883,133.865344263483,135.456457687102,129.174412171591,130.447375812063
"80",119.597683475098,0,112.120137517131,0,0,0,0
"81",198.451532671984,159.22684709867,191.398064425618,177.309602408636,180.165021471722,164.534271012943,169.88866848917
"82",80.6905602767157,0,141.001866685166,0,0,0,0
"83",117.445616662331,0,121.232715646111,0,0,0,0
"84",88.6493438671633,174.436290891495,167.548782649919,182.191615159899,166.414591650631,181.180020253089,186.523541371893
"85",72.494304919842,0,89.6292650446185,0,0,0,0
"86",80.3006685850211,122.086172390592,122.086172390592,103.508213348645,118.882922095763,115.533693773389,108.800838670079
"87",80.811823598935,0,99.0204822958256,0,101.37820339751,0,0
"88",84.5968676674607,70.7641611142925,88.4649415111747,67.8035668390838,76.2338046033897,0,0
"89",92.0868989547227,0,95.0443711543661,0,0,0,0
"90",142.489913810638,123.004373488361,127.539987383789,142.489913810638,133.965739875754,133.178232943834,122.048204314723
"91",77.3344679857728,37.3082728402996,101.230877210152,0,29.1326465709947,0,0
"92",121.159755228858,169.948573214332,187.689368746227,175.910594674549,183.053501818524,173.95340026151,185.750716704999
"93",0,0,0,0,0,0,0
"94",79.1079405536993,0,108.506798882534,0,0,0,0
"95",99.8656289331652,0,91.3975132526842,0,59.0590098858285,0,62.9327348625657
"96",107.60303891576,204.262263177956,189.817305876652,202.640984126064,194.179288517745,189.283849861617,208.656618784877
"97",70.9067924291295,127.681263311919,123.109152563302,124.841899703028,130.255580752083,131.868253109982,133.364827798697
"98",0,0,0,0,0,0,0
"99",80.1825784548767,151.442110662651,122.427064655421,165.678878086817,164.079994143381,164.079994143381,150.967838090938
"100",98.0226040901257,162.440502588788,164.990940259372,184.346098336251,183.560177142445,169.038609214689,183.560177142445
"101",96.093525805935,0,87.1119880338833,0,0,0,0
"102",125.682452239958,132.934557845784,156.937794729478,152.839354626138,150.338420109405,141.833826517622,140.690396183022
"103",97.1592647402407,109.285813386013,99.0987517716889,132.237875743342,128.221511027074,132.237875743342,128.967846133863
"104",94.7860531903523,171.463025577785,177.803568262947,154.961169760091,177.803568262947,166.64217271739,182.492815120158
"105",93.246347667079,121.722742884925,140.169127402695,129.568594146855,143.836754983252,147.352243107881,113.478175441829
"106",120.253194803192,172.686337679296,171.238360293434,201.239770537819,194.874694059817,200.427323148044,201.239770537819
"107",6.14862947469543,0,3.1992270280596,0,0,0,0
"108",80.5460698251098,0,116.0277031722,0,58.3383516506981,0,0
"109",109.521181326662,0,105.03450856354,0,0,0,0
"110",159.978571886852,146.478347339858,192.761926268162,161.680091284499,150.782082342275,151.649539450644,152.870965021517
"111",115.77838806391,0,105.138342789395,0,0,0,0
"112",0,0,0,0,0,0,0
"113",85.9530346168284,139.728415117736,105.470113281519,146.323437557126,170.489325345405,138.914664889115,165.171390632093
"114",75.3599620916971,140.498372999757,92.5788059566727,130.610376403811,136.066453181198,139.350694659141,142.08609686263
"115",0,0,0,0,0,0,0
"116",86.9709647224213,160.28729785488,192.803172010344,153.739483406205,155.469775398669,139.250940111135,157.114059904599
"117",87.4266271549395,152.089192607682,155.185157817578,157.62098096944,170.229301088923,158.046163356285,174.533403255008
"118",78.8323743286884,155.424700428604,180.65448164067,170.763728920683,169.723632423778,155.732655247532,184.481150608358
"119",72.0887102710386,114.631934644126,94.1879759432214,123.686543280193,116.075865433272,132.904628012642,122.375206250477
"120",109.299627242991,154.796105468863,119.872202459682,135.160074240259,149.116526862067,154.796105468863,145.095246334213
"121",83.1003303831357,0,110.633031512542,0,0,0,0
"122",88.2722111349873,0,100.080355852637,0,0,0,0
"123",127.234247826839,129.250813096341,144.03204473288,128.583098010036,148.143320398311,125.315529669951,148.143320398311
"124",106.743145509612,0,119.834904279217,51.537368919038,0,0,0
"125",89.6038693763944,120.809404060883,193.673258471706,125.84398997102,132.081592529822,109.192845854723,143.096980174841
"126",78.4057052928231,0,99.2669080909167,0,0,0,0
"127",90.403425580044,0,97.3122434455437,0,0,0,0
"128",79.3236503917543,155.937691114704,160.52197974996,193.968966592264,191.880251978109,159.643390212071,183.680175052198
"129",87.3730408528086,116.971723113264,120.95321759838,119.215042015585,120.675594400797,122.436189208692,119.764285346401
"130",0,0,0,0,0,0,0
"131",67.5577975793932,65.3540934832139,85.1525523690888,0,0,0,57.9312700287244
"132",85.5718180194767,0,91.5837843934313,0,0,0,0
"133",0,0,15.8427959298741,0,0,0,0
"134",87.7466331160988,0,111.837495413151,0,0,0,0
"135",100.88935999294,122.92316772793,115.300691640589,116.77878147553,121.865055848437,116.738506630211,119.068111160921
"136",72.5223714748062,0,76.0359904304275,0,55.997392628856,0,0
"137",70.3907757540133,0,88.0614693410934,0,0,0,0
"138",186.269737747527,137.434557062105,182.632801730866,156.804229019502,154.972403031733,141.094834975697,156.949213845562
"139",84.9143526087322,0,101.871352910428,0,0,50.2738571280064,56.873750510024
"140",87.189866032986,110.908597922727,93.7514198936404,112.381919400692,122.707936225363,107.647815459077,122.707936225363
"141",10.3249014556406,0,0,0,0,0,0
"142",160.714496700849,209.908842408621,221.06200843945,201.849473742149,233.488786483208,212.284870966234,202.717785505365
"143",86.2148226594951,147.584409278976,159.129013366033,156.55341939231,158.759111303698,144.894196849223,160.395467116217
"144",83.2283730241097,86.0950260666939,94.4690748315349,89.1219774420584,85.2514054197067,0,87.6636637306727
"145",80.5995915689415,120.518193575709,98.4627022223488,117.761775903678,122.993961030406,125.314089052084,116.870706432532
"146",92.8180049284486,164.384585088711,186.050938434128,177.298326116279,179.669587765399,151.589683923659,174.793767094259
"147",0,0,0,0,0,0,0
"148",74.5938404195187,143.452386620949,151.565672044081,151.007375394754,144.706207515954,151.007375394754,140.465977001603
"149",93.0720731617727,0,111.086841138836,0,64.2160121075576,0,72.4548951260382
"150",72.0400596714349,170.517926289632,159.273172994829,168.435754637364,151.742739070122,153.544446665632,169.246850968878
"151",79.0976816689182,0,89.3775234036141,0,23.2969305630143,0,0
"152",96.3648222847635,0,126.255054641399,0,0,0,0
"153",0,0,0,0,0,0,0
"154",0,0,8.9758916122098,0,0,0,0
"155",72.1929969210644,56.5321627168944,107.814957676647,51.8170897935503,47.2599952355189,45.943345673021,62.4934589698384
"156",85.7644232002162,219.128103413324,202.921762622069,198.418518369932,216.732232633062,159.393846708911,193.577896399503
"157",103.083487281986,122.401783443812,145.735266182578,124.600327081636,134.230339830796,115.202904754554,127.576025020332
"158",82.9312059742407,0,85.5857463321379,0,0,0,0
"159",82.0763925838788,169.744765108061,164.771906686241,161.835998733669,155.801449726917,150.780204273021,183.020637695388
"160",75.5014584111537,144.461805798453,100.153024287282,145.427292515082,147.576915293918,132.758492363645,139.061826270502
"161",72.4305227505269,168.655541623681,203.500391698575,185.148087591536,188.870429383615,165.668069416356,177.01409518905
"162",5.40019733410036,0,0,0,0,0,0
"163",83.7844878087948,0,101.806412797434,0,0,0,0
"164",72.943245502558,0,97.9318037246493,0,0,0,44.8242236863021
"165",95.8960355959109,130.574426364967,160.652992056315,149.621776991133,143.796799451235,116.02769911436,141.843212214507
"166",138.345771495048,155.838514845725,179.028980707344,169.081167988989,166.850576488538,153.520620773717,161.094749850945
"167",0,0,3.58406356113358,0,0,0,0
"168",0,0,0,0,0,0,0
"169",0,0,0,0,0,0,0
"170",5.30908158386231,0,0,0,0,0,0
"171",78.8583686577037,0,110.401846598666,0,0,0,0
"172",115.715246940431,0,109.031624214482,38.879675050017,0,64.2361549881129,0
"173",0,0,0,0,0,0,0
"174",0,0,0,0,0,0,0
"175",115.177817943994,130.568469785465,129.240452674919,132.106386407511,140.409505139068,123.766951900189,141.490700768554
"176",109.703069214008,154.649297608689,145.155888680923,173.149129126813,179.758202041259,159.539190369884,155.715784823792
"177",88.2014114982031,130.26729955576,90.91140248501,139.954139212759,144.311460966991,131.885572055323,136.483926873302
"178",70.8934587696772,48.4305489935951,89.9025180817466,0,46.8394050284515,0,56.0548732823
"179",144.410834366017,193.477729932737,214.309098546271,191.480085160128,190.788590408635,178.135595097323,198.985800331354
"180",86.7458241196422,0,101.787547440692,0,0,0,0
"181",0,0,6.92433603789092,0,0,0,0
"182",0,0,0,0,0,0,0
"183",99.5581847303045,0,122.272104327751,0,0,0,0
"184",1.81802443786218,0,5.6364355804055,0,0,0,0
"185",129.018348093817,0,132.0810421904,0,0,0,0
"186",128.465323035792,145.523703318838,207.330019646319,161.163860822925,170.559993447625,152.258269074595,167.005300888832
"187",0,0,0,0,0,0,0
"188",77.5908639059535,0,110.844293000745,0,75.3706867065709,0,0
"189",85.0165770495102,0,81.3209067528336,0,0,0,0
"190",115.433180721663,153.28973716784,155.746260846846,145.334703398728,179.118012106865,152.775604716269,156.142382520318
"191",0,0,5.59277756679339,0,0,0,0
"192",73.8638298691579,0,85.2814439943559,0,0,0,0
"193",90.5270396091554,0,91.3452238271883,0,0,0,38.7926602413205
"194",79.1070388432422,0,86.2088759328736,0,0,0,0
"195",84.0722998279298,0,104.855695035843,0,0,0,0
"196",0,0,0,0,0,0,0
"197",91.0262787164353,136.734008138376,179.444050547764,141.407209445136,165.774930177609,140.287994193595,162.149929840238
"198",1.66201578445348,0,0,0,0,0,0
"199",110.622997223243,175.098660251938,177.044031931816,174.26928344974,176.797919981374,140.963397202601,174.26928344974
"200",91.8288098944025,145.980202742181,193.038150363935,157.821756235628,170.348596970074,146.054463806832,141.988353467008
"201",85.158568746081,145.404947053807,77.0431732375198,138.246588673334,145.404947053807,136.53444588268,142.813982183234
"202",70.044656337485,127.675919298716,87.709153436522,155.743600450555,148.384502959797,131.664306257103,161.275529429827
"203",85.9877418396073,0,98.1586506663018,0,0,0,0
"204",120.764243309309,156.771478842332,164.401715880474,173.409786225649,175.985393076216,183.887758449496,184.493944691663
"205",80.3968785889298,0,100.462718152966,0,0,0,0
"206",70.0545537376602,152.447430106483,154.642252764894,159.472921215819,177.042196214573,150.887667776338,163.40298021047
"207",84.4862531418034,130.987669457071,158.311214781087,140.831819042133,151.882432844782,136.589212880493,138.766446510751
"208",0,0,0,0,0,0,0
"209",96.5815166390929,0,92.5218109412721,0,0,0,0
"210",90.4633515044354,173.53402622541,177.494949944045,177.494949944045,194.140222859456,168.091720485059,180.776718565435
"211",116.017015805985,113.428811694659,119.138062201518,156.329265587341,145.131119539393,127.730660480022,127.452446251149
"212",124.166601013301,172.973261286722,100.268627436142,204.186667287239,192.831287319435,174.629366040775,165.802506335056
"213",79.3060053517116,175.947958623092,216.105192197923,198.110131340279,188.826767148882,160.266954555867,199.904734196183
"214",0,0,0,0,0,0,0
"215",116.691577972811,216.724633708202,120.419182611972,216.724633708202,204.425296372074,228.73267030505,211.399879910316
"216",65.8873650616666,134.559438044777,183.550532472289,167.438096876561,142.067378873859,139.169824837273,157.318443080164
"217",76.5350431756237,248.260192082465,311.929170632931,241.184368554944,248.260192082465,263.942820256093,179.007229312383
"218",109.310456158224,83.7305171635217,114.273216079784,77.9530778356928,0,79.4386900690939,0
"219",109.228293523176,0,117.342929076005,0,0,0,0
"220",119.19062507716,0,90.7863867194201,0,0,0,11.4621372461659
"221",98.7998339184627,0,92.0538688836862,0,0,0,0
"222",75.3948461928846,0,105.293095993164,0,0,0,0
"223",89.9932394558719,140.70551579695,160.680630153117,140.442577026253,140.939025241588,140.442577026253,147.300533972855
"224",103.705150980378,0,108.303545736656,0,0,0,0
"225",116.634723961523,132.173038914853,155.058948824705,163.287471378075,159.15845712383,168.489360039491,168.489360039491
"226",93.2998387903972,129.057075056027,193.918099562441,142.78111192049,148.671236381594,141.189894557839,145.705007597398
"227",100.63504387549,127.150201657193,97.8078570327938,136.785609645953,131.704450434987,118.2416143444,131.704450434987
"228",90.8533800424657,0,118.625503697818,76.2046534931837,71.4670631009536,0,69.6511384626791
"229",94.850528003114,0,118.953367603006,0,0,0,0
"230",85.068887560757,0,104.204131536137,0,0,0,0
"231",0,0,0,0,0,0,0
"232",92.7138028926085,0,103.615779163487,0,0,0,0
"233",144.624678951844,153.58521245308,171.224188069883,157.497647286581,172.034710468675,170.854195979712,175.33094938971
"234",121.277605367241,191.869819839838,150.87451679906,196.429256846329,198.514753084318,170.128729868314,191.716011218691
"235",86.702232852016,0,123.212537787793,0,0,0,0
"236",87.6677225529078,102.830305792931,124.735434063737,109.932956921019,107.619256660254,109.681926515049,123.447554731167
"237",85.9788238674653,153.557735108939,164.935654881032,148.148144950163,145.933972580831,138.746135757342,144.677847582181
"238",0,0,0,0,0,0,0
"239",91.6869787156011,60.043865787064,97.4659810453917,63.5266551825618,52.4159666105067,58.7114081224216,46.6093880558712
"240",71.8922405271535,0,80.0429133847671,0,0,0,0
"241",62.4068969092888,105.723728819506,114.194854049732,105.290714720569,115.645998931337,106.848524724804,99.6730923129334
"242",0,0,0,0,0,0,0
"243",121.574176958065,152.761280555096,169.18683443659,155.455057325431,139.087169808266,141.288806004185,152.442518237518
"244",73.7293062911176,107.191343668891,113.465477190958,147.802561005356,164.945533097827,129.790505772768,114.809893888923
"245",218.898960012105,196.115161713174,234.135085599402,210.220593986562,204.960484085489,205.28293289569,200.328549099807
"246",90.8830225806821,0,91.9765157503786,0,0,0,0
"247",163.045644613104,143.302601252614,158.697232680573,149.740380983066,159.819052330254,176.259398214139,157.84572425174
"248",73.941535669917,0,82.1305654046816,0,0,0,0
"249",100.415522610606,206.648764714156,139.782352199015,200.147703612251,156.656532816621,209.411758278131,200.147703612251
"250",71.3238912212888,0,81.2449883319179,0,54.7306513500021,0,40.2108628900447
"251",0,0,0,0,0,0,0
"252",106.402076332146,156.30085828988,105.275791764095,152.936352338849,138.51988721531,142.399603251953,138.51988721531
"253",92.7723208628995,0,107.5024415366,0,0,0,0
"254",114.788405231517,200.028262143478,102.638882165694,216.399145614116,213.402568223798,193.804430577527,214.551494286141
"255",79.6233951674438,0,123.509175472876,0,0,0,0
"256",84.9394436619236,0,89.8749705903522,0,0,0,0
"257",106.294635802321,119.878165559315,104.750109387067,126.494534456293,201.353374730427,163.208604139634,156.931896980085
"258",72.8275129204255,0,76.7046070495586,0,0,0,0
"259",107.793799426848,0,120.312230712556,0,0,0,0
"260",84.1796862935345,171.901019510219,150.953649491618,178.41093371871,210.935162207383,216.601368063357,189.673077206431
"261",102.433577014388,69.7335932662809,103.37392724008,99.740039978107,81.3669145836578,86.396159658692,75.1555950384323
"262",75.5957225303651,0,106.999957353545,0,0,0,0
"263",85.1659653043207,111.398415186282,103.298223092457,113.344806118934,107.323713193613,113.344806118934,106.962494508661
"264",93.1638224999888,0,120.280166688092,0,0,0,0
"265",0,0,0,0,0,0,0
"266",107.395940397357,55.63648678949,90.5137408503793,48.7145742577583,0,0,0
"267",78.2499901402526,77.943655777183,86.1265050458125,78.1106428488248,77.3895537713127,46.0417258895293,69.4786314496224
"268",97.7749724196546,176.223537173642,139.71234552804,212.900406399013,204.246083731126,154.185407949934,196.057105716404
"269",92.3531674322871,0,119.286851428254,53.2259233509212,0,0,0
"270",92.5113171323313,144.066135195855,111.363370005631,160.624955453734,157.051045473993,149.080390500156,159.293912091056
"271",0,0,0,0,0,0,0
"272",97.613102857825,0,107.293123638368,0,0,0,0
"273",84.5506585631707,0,102.236120645709,0,0,0,48.72318094523
"274",108.30516656,209.824865378802,195.02318105555,209.824865378802,246.538143875303,202.217924649588,236.574248002342
"275",98.8490471436314,139.66265075217,148.789924860072,143.313483784982,152.118207898371,116.294845938316,134.423915831662
"276",0,0,0,0,0,0,0
"277",103.137516521025,0,104.559946410653,64.8767289921738,0,60.0435878408088,0
"278",111.963557616435,0,119.607489060695,0,0,45.3515661970896,0
"279",104.560233543361,144.057587297479,92.0058795628158,144.057587297479,156.788426810378,160.435135551734,157.35237615991
"280",93.8697367592345,0,109.818417303726,59.7320976398118,84.8221419478681,0,0
"281",110.368474691794,80.1247608022749,98.8415409825275,97.4846843901064,105.824460787813,88.9080456409676,97.6424461208885
"282",92.2603264532328,109.582263500545,121.141531244217,122.189903987044,103.165028626837,93.2986055299385,108.727985341385
"283",134.024083412687,0,124.467269277889,0,0,0,0
"284",72.9714031063721,101.262874082201,110.703806265342,122.816000468778,138.880178949647,112.675436423826,146.411305152124
"285",112.857570315325,0,106.335708491061,67.0433699790863,63.4994053904592,0,0
"286",98.0300442526869,0,95.0593219326089,0,0,0,39.8390589694857
"287",85.1095901064276,0,98.9539250880967,0,0,0,0
"288",90.1768415243781,0,101.14218087812,0,68.912011017366,0,0
"289",74.1014263855267,0,100.991562625693,0,0,0,0
"290",90.1515306597593,130.219753025042,125.06462926225,142.67591173156,129.927970351609,116.133481901047,123.384096435808
"291",81.155648279572,151.855525510802,151.855525510802,148.960676716461,138.119845968212,144.791311366677,143.581368585382
"292",0,0,0,0,0,0,0
"293",86.5781159069418,0,92.3118778450533,0,0,0,0
"294",0,0,0,0,0,0,0
"295",0,0,11.4065970582977,0,0,0,0
"296",95.8631094853885,183.238677868971,192.06959434284,185.716093682883,193.4528735396,182.048503964255,179.707925191287
"297",96.0012906648665,0,103.444052673347,0,0,0,0
"298",102.5050930615,0,135.611139699328,0,0,0,0
"299",86.8287395131761,139.26422323617,178.469423841998,154.768420525365,152.329178268674,143.239993568098,160.444582152365
"300",79.3806264991545,197.040458807231,227.915008356595,195.226704499646,197.040458807231,188.451023311614,198.652891262042
"301",83.6020762675192,118.0470170294,105.824786864809,121.204088961782,116.060316411099,123.965375078048,123.965375078048
"302",80.6588964997069,188.328426486824,186.813794159178,186.813794159178,190.593327592713,175.299919070199,182.68686568355
"303",89.9048048639716,0,106.478976021041,0,0,0,0
"304",77.4733944852775,197.644585125703,192.588554504162,179.430653440849,200.477211355548,196.087911676811,197.644585125703
"305",91.4318199457593,132.956097220729,155.839701496498,121.681191095835,128.704792944989,119.348996891799,121.066806820705
"306",106.760736333562,0,100.692440420375,49.710707523107,0,0,0
"307",81.8798290686914,0,103.436027095651,0,0,0,0
"308",84.2762486855035,0,89.0661253364509,0,0,0,0
"309",79.1433842986882,119.455322289642,142.18280800841,129.354726938308,141.956705811727,115.373466532051,141.956705811727
"310",0,0,0,0,0,0,0
"311",0,0,0,0,0,0,0
"312",110.229542778963,0,104.451099187099,0,0,0,0
"313",86.6072884297222,226.858150850598,212.187177774689,243.079381047895,237.999497824901,237.999497824901,251.371089788822
"314",27.7288080047615,0,0,0,0,0,0
"315",0,0,0,0,0,0,0
"316",106.039082313012,166.632206758162,163.783985585315,179.492995694524,177.927723858129,186.193484650112,184.608880224791
"317",77.907897058934,144.336968999227,93.5755249188848,189.133137973149,154.503564521349,146.801337337271,184.880231130766
"318",0,0,0,0,0,0,0
"319",0,0,0,0,0,0,0
"320",120.013981940479,0,105.591971058526,0,0,0,0
"321",109.359167184093,110.884673693764,156.37605749232,130.035612491405,115.361725766571,115.152034625111,135.235074054512
"322",81.4374710992006,135.94463005357,126.638171963705,158.345659349929,183.387617634803,122.653587467868,152.982816737304
"323",86.1616284207053,0,94.5132330767154,39.3609918445977,44.5532235760624,0,0
"324",0,0,0,0,0,0,0
"325",0,0,0,0,0,0,0
"326",88.9032012355134,104.843556977009,119.010297694414,104.081515559113,96.6590065037541,93.9609261072643,107.503995353105
"327",93.4191073262014,133.301164116756,148.05196131008,144.181229575845,168.019896752931,160.02973436093,147.253901280322
"328",114.403367282045,0,127.650378191298,0,0,0,0
"329",95.6117235241202,0,105.548160348561,0,0,0,0
"330",0,0,0,0,0,0,0
"331",81.4737036267572,40.8436344322307,94.8548243237288,0,0,0,76.3149181265422
"332",105.452528266214,132.227344993408,148.356749624417,133.1847513377,150.126732700407,126.936264498974,130.078091047787
"333",91.2589176977016,0,115.79959107078,0,0,0,0
"334",93.3375471004532,138.71336424355,158.009317725642,133.725957505842,190.035435063716,200.666666543286,133.725957505842
"335",111.517773870076,145.983054463268,145.983054463268,137.823878677407,150.282191172965,149.313948796193,141.58718263558
"336",68.0618257734745,174.900565275843,216.1915361627,191.321955814114,201.911583314681,192.834530392596,192.597457538997
"337",102.478366945495,160.204897990173,117.632665691785,178.740195820919,171.544046791026,149.790486095846,161.00489534576
"338",132.777779592236,182.443411993868,217.644486802436,206.294763080758,197.204515579027,198.58593717059,204.008519889194
"339",87.8138497234663,0,88.0619893953837,0,0,0,0
"340",220.267057999401,130.461561829226,211.462731951447,150.844477182311,151.618428637831,149.759731170819,150.844477182311
"341",0,0,0,0,0,0,0
"342",0,0,0,0,0,0,0
"343",106.434400470264,0,145.928808002727,0,0,0,0
"344",87.7627860843884,186.695011544371,101.838752534677,206.576787885694,196.898780072357,149.039970034277,161.496494869607
"345",0,0,0,0,0,0,0
"346",87.2659498494385,110.35170476179,116.557374168362,122.258076184578,145.357862054794,127.327373742066,130.604137275058
"347",96.8186213986449,146.030382692189,136.086412703606,147.511572179629,143.340392073657,124.268159274952,145.797634545712
"348",110.587175714082,0,121.767090508904,0,0,0,0
"349",81.4712876607432,0,148.140236140721,0,48.4468691790986,0,43.5424221561616
"350",0,0,0,0,0,0,0
"351",92.2126720076769,134.289142607667,128.293723362675,144.62330978386,140.959862190159,144.962259301375,148.291775461359
"352",84.7800902869463,0,103.02971681533,0,0,0,0
"353",0,0,0,0,0,0,0
"354",80.755300008488,0,89.2107150667823,0,0,0,0
"355",106.014102343575,143.919318424162,162.740226429572,155.833942759843,146.397160880337,158.371915382261,162.740226429572
"356",108.713179200268,0,140.715717030376,0,0,0,0
"357",73.6841039511485,59.4580783658393,95.1064026445949,0,64.4670661571853,67.6261334556626,49.6515580116437
"358",83.828532177381,31.8980792924133,138.139250059104,0,0,0,0
"359",0,0,0,0,0,0,0
"360",83.7046621338352,162.330497759425,198.710266518816,187.076164603673,195.65062293658,190.987894769026,179.823561993913
"361",88.9899558431363,109.767531921076,89.0838944175312,108.059207394416,115.871823312075,113.097994041907,115.058942466298
"362",86.0559872691164,141.561989365902,140.525491582865,121.722718651413,142.070456206074,124.895546586217,111.708285144428
"363",89.1567738285323,130.892473307567,142.580094302481,130.547920158159,134.331977765053,133.155115604347,131.131216185462
"364",75.6895666839993,26.8560484389449,84.9453964282029,0,0,0,0
"365",0,0,0,0,0,0,0
"366",81.8807435414707,0,97.156068397358,0,0,0,0
"367",80.3995112149399,196.403917777865,166.449612754284,222.317997793256,196.403917777865,226.943500477727,213.717183154526
"368",94.8593556465942,59.4510338561064,117.908296396831,44.0802883994879,56.5988499823092,0,45.5498446719426
"369",113.053746503573,0,122.471565512595,0,0,0,0
"370",71.694099278329,126.325508003463,172.920279214201,147.278177894979,151.147532693332,124.24299952383,145.302863847522
"371",90.5775805035024,0,121.28105481494,0,0,0,0
"372",90.7563968650648,0,149.836356553794,0,0,0,0
"373",83.5570985799764,0,116.53242679984,0,0,0,0
"374",0,0,0,0,0,0,0
"375",81.2042556893702,45.8670829460209,101.793151607743,0,43.4547446061655,0,0
"376",75.1774336174151,107.703775395174,85.7703925683461,123.646461035752,139.098260118043,110.437011244597,132.969302409635
"377",92.5143661677733,186.069262902643,119.271414668657,181.31808524049,196.220623897894,199.814397779285,208.330221039961
"378",91.7491982214186,118.671053769107,148.959974282129,135.596939909685,139.3173783647,135.596939909685,107.322436820169
"379",96.5172248731742,0,133.962113602398,0,0,0,0
"380",85.7783710665398,0,98.2799086966867,0,0,0,0
"381",161.432062171209,145.848747480319,155.502530783107,198.093374158147,213.198826305586,150.38579281594,172.753546891414
"382",81.5031681845177,0,93.7186940213344,0,0,0,0
"383",0,0,0,0,0,0,0
"384",107.295106762632,0,115.767136775306,0,0,0,0
"385",83.4512675761845,0,100.512558036256,0,0,0,0
"386",0,0,0,0,0,0,0
"387",95.0312736265194,0,114.286830813906,0,0,0,0
"388",3.41090463440522,0,8.5196420940167,0,0,0,0
"389",78.1545279633376,93.0176615303863,82.5622414829649,84.3761251056294,85.35785532105,100.306926799957,88.2662638525896
"390",145.846579621682,94.1722939592634,152.2729526715,103.524203700993,106.890445676831,92.0701246214285,106.000314189207
"391",107.911753970975,0,127.378934204832,0,0,0,0
"392",0,0,0,0,0,0,0
"393",0,0,0,0,0,0,0
"394",89.5258398200124,41.8906692051155,98.5765324721968,0,0,0,0
"395",90.1937070206188,0,96.2249788832045,0,0,0,0
"396",98.4412762491723,138.350212938411,126.189449056747,136.903350672841,131.898453889122,127.249601820137,131.898453889122
"397",0,0,0,0,0,0,0
"398",80.80467496336,0,78.866463415386,0,0,0,0
"399",99.7732825370889,0,120.267749150022,0,0,0,0
"400",111.212324493353,106.543787212428,120.106463432313,102.094790154079,111.919351208976,98.7327841958692,99.562382604343
"401",105.304814603999,0,97.4232770483081,0,0,0,0
"402",0,0,0,0,0,0,0
"403",91.2139216443284,0,93.1787149469808,50.7601637078597,0,0,0
"404",203.430433832297,186.334502204193,199.738063030018,172.604023502862,177.707521513732,150.199142739763,177.707521513732
"405",92.3463835086419,157.488584648595,114.070086822666,153.324335661251,173.703159017228,134.251460008466,166.647644058489
"406",110.29701826842,147.882576981016,190.332786076845,165.052055628978,178.713517486167,159.686807917459,163.900128061426
"407",66.5880738988304,123.802530280759,89.8166509082649,125.818247593062,126.36194834819,121.898385890524,123.439093462792
"408",120.07701732115,0,110.515043144808,0,29.7439677754113,0,33.8631110219718
"409",78.1707612442155,129.988938737357,186.722162836148,130.214937162774,133.020967253131,134.643674615759,129.988938737357
"410",0.443658335586351,0,0,0,0,0,0
"411",69.3545182349889,155.984142800044,154.068808444214,150.210036481922,160.647779433232,154.068808444214,159.324907856256
"412",87.0198289061494,0,114.107096777696,0,0,0,0
"413",86.314805877707,50.5604385572324,111.622856975001,0,66.5441136271722,0,0
"414",0,0,0,0,0,0,0
"415",101.180566877695,145.859296321843,114.989291927727,161.683294829715,176.124653538271,154.645500726073,144.570033994095
"416",0,0,0,0,0,0,0
"417",85.9788866138271,75.507646881305,86.739013265475,76.9199044994071,74.1300709201614,0,0
"418",129.01609499112,119.770338843877,106.097074839445,126.477215744663,129.530437990183,116.268035636686,115.165330271537
"419",88.3736465369902,75.4492721480615,90.9034860386029,0,0,0,0
"420",90.173335299297,0,99.724140140324,0,0,0,0
"421",88.3595875697419,130.219256119832,137.839125889875,152.7392618331,154.822029060722,149.152535875728,150.810164305884
"422",93.6189976194625,168.161200358997,122.623859228054,137.34260514292,151.691721929773,156.920472798111,152.15914170713
"423",0,0,0,0,0,0,0
"424",110.477131649882,72.6041652012848,96.7540122854824,65.0796152462653,75.7593030356729,0,83.25211946796
"425",97.8695205586327,0,127.295032851564,0,0,0,0
"426",86.4739683539195,0,83.9848007403827,0,0,0,0
"427",91.4952833166969,0,102.602121484955,0,0,0,0
"428",78.4737042964815,161.009412149929,133.54378838203,178.385913469516,142.226001133467,140.196344210431,178.385913469516
"429",77.1820016508933,160.492079744119,195.612459321408,178.21876048357,182.731011620132,175.743692025174,188.92215605644
"430",13.7846197098771,0,0,0,0,0,0
"431",0,0,0,0,0,0,0
"432",0,0,0,0,0,0,0
"433",0,0,0,0,0,0,0
"434",0,0,0,0,0,0,0
"435",0,0,0,0,0,0,0
"436",85.0163849742285,0,101.087168384,0,0,0,0
"437",75.1218268068987,169.964166728359,112.874617063028,168.497712346281,178.302421398297,181.000770118555,180.073935877047
"438",179.655957679755,164.790158425724,173.304753577371,173.558544214994,174.943695802643,157.487632667917,181.947300790174
"439",100.490273822555,142.57797895094,109.218555251619,170.843506114674,179.113263823326,175.695621939407,151.873114456738
"440",73.3629608729402,132.607483230489,137.040457868733,117.350400803795,126.756523404088,119.124685083124,118.860734070447
"441",5.54964458180319,0,17.0854572149296,0,0,0,0
"442",1.90903461179589,0,0,0,0,0,0
"443",85.9645736061622,0,120.451279286444,0,0,0,0
"444",77.3358231014248,65.284701128071,86.6644023568572,46.4546973594445,0,50.5848341201565,0
"445",112.332587067206,112.972934856513,126.915470199057,121.327744636904,116.134256782538,99.5240222076527,114.009894189286
"446",102.439500899044,109.204604045502,91.1574484708829,122.167287975932,116.947983989565,123.919858666416,112.984562960772
"447",90.7259588810543,137.170593092069,173.980020915225,154.097630465838,147.681605439524,151.231400075521,134.944794414816
"448",0,0,0,0,0,0,0
"449",90.0234355759242,121.863417103238,124.844039066809,124.026214904526,126.177478289975,116.947450422917,114.525307442894
"450",82.1516943458091,0,91.5603778805444,72.1663595320428,0,0,0
"451",0,0,0,0,0,0,0
"452",86.5144203915602,0,117.72497507379,0,0,0,0
"453",77.8629428201506,0,105.72139378403,64.939042984637,48.6301851773583,0,0
"454",83.959495306284,136.370720618622,92.323183233192,131.489273228401,148.832601657656,194.697897432448,163.716672568558
"455",142.433209197817,141.749541722125,121.651164703859,145.76669499514,167.951488831494,151.96073219317,138.143515192882
"456",173.766648243417,150.030801062079,181.70430308683,152.254915720068,167.607509264122,148.058541244798,159.78612267016
"457",0,0,0,0,0,0,0
"458",92.4554855943103,118.307175110863,150.630263284309,167.480063989888,140.63003870396,163.707136221937,163.707136221937
"459",96.4665633326516,181.175884921674,162.134776363755,178.0928916802,175.73635177344,156.580303085729,175.952701723774
"460",81.5102574098914,0,106.915407317539,0,0,0,0
"461",90.7838373135863,148.02999129628,168.225019608686,158.876761864886,163.447859219939,141.713909071145,155.208536334801
"462",91.0180922172736,162.389055066497,149.010363385707,166.273050965365,161.631027877414,151.037473594297,147.811497699278
"463",0,0,0,0,0,0,0
"464",85.9465350206424,122.164044906858,128.556138296651,132.550494009315,143.118066304241,112.199260132212,132.891145820395
"465",76.1554467764644,112.151829401173,172.786725502516,113.709157177602,117.517110715591,105.33573793671,111.358054327056
"466",137.661180661991,0,135.100015650788,0,0,0,0
"467",0,0,5.13071553022104,0,0,0,0
"468",111.568389431486,0,130.12566071251,0,0,0,0
"469",70.9975011510654,0,91.1569224767435,0,47.4100995287496,0,0
"470",102.140704951546,0,106.484229309711,0,0,0,0
"471",97.0220575968562,174.641365895288,192.634703108313,179.467458983786,171.253006651623,148.834722541031,181.10342448653
"472",0,0,9.71494793543988,0,0,0,0
"473",119.293458261591,155.949836846545,143.176390373773,209.3470591237,202.614101071094,185.913623592284,178.302912783712
"474",102.033015344721,72.0783027871257,114.541324054734,69.9481425869134,0,0,0
"475",90.5325117792332,0,109.155465224344,0,0,0,0
"476",0,0,0,0,0,0,0
"477",82.3397851850951,127.580033733981,110.496456293527,134.950052596985,122.53433169554,122.39234143383,131.259135354038
"478",0,0,2.5614689533079,0,0,0,0
"479",0,0,0,0,0,0,0
"480",206.134173617438,179.138095251454,211.594228865324,198.035517898602,182.493883927425,170.173056161472,181.484008031426
"481",132.410150495264,147.565816961773,138.049200410034,142.0194818095,148.022675410278,137.654260110291,133.44068254811
"482",120.100468255709,163.779660211962,187.275019492971,171.346346561691,174.193082304594,165.234819101595,168.168068471575
"483",106.249981631797,163.238244323844,178.824037102545,163.598551102142,171.704412475107,167.587785711292,161.131224391306
"484",84.3793096826974,112.230469071101,110.077902898271,124.973692953918,117.116260109192,119.007368815198,114.661998088149
"485",75.7001254973439,130.547019132752,127.78876287579,118.398214328331,127.78876287579,159.745433452572,120.777772969538
"486",74.6010119377223,58.6247207168139,96.5074607495766,40.6639444567788,36.563922292542,0,0
"487",0,0,0,0,0,0,0
"488",97.4306644453855,210.579562055913,103.663527282786,199.230321234295,207.605396908874,208.968163377203,209.744075554428
"489",79.8188783566175,101.223176690992,81.2974382710444,147.527824038184,143.614212604107,146.453761252866,108.311537509751
"490",104.827266009765,142.50349253037,193.726930212255,169.019363649403,163.805661681213,166.518681125577,147.932291533293
"491",0,0,0,0,0,0,0
"492",90.412744394649,0,87.2514372512091,0,0,0,0
"493",0,0,0,0,0,0,0
"494",78.143525237438,198.056431290337,231.657814846072,202.683288364177,201.072373701712,196.474734219601,207.643467431558
"495",80.5765547864097,145.011533343862,114.685641278864,142.992787774791,130.701480920263,141.482982801747,153.262847132349
"496",101.719695759835,115.397107668496,113.076152474118,135.337145976417,126.857759569166,124.160440281817,140.37313437936
"497",95.7253747453512,196.470629567192,196.470629567192,179.044221695057,173.989379361381,164.006156018223,187.616895062289
"498",92.1796924805474,180.148666508056,107.280187963657,167.911404385979,177.841317069581,155.443690248726,160.185499056418
"499",93.7623581728432,0,99.6568221191506,0,61.1430597627467,0,0
"500",116.730640214943,0,146.210506239223,0,0,0,0
