"","age1.R","age2_no_comorbid.R","age2_comorbid.R","age3_no_comorbid.R","age3_comorbid.R"
"1",92.8746928746929,85.3503184713376,69.4888178913738,65.9090909090909,33.5120643431635
"2",91.7690417690418,85.031847133758,66.2939297124601,63.6363636363636,28.1501340482574
"3",91.5233415233415,85.4564755838641,66.2939297124601,63.6363636363636,34.8525469168901
"4",91.7690417690418,84.9256900212314,66.2939297124601,65.9090909090909,34.8525469168901
"5",91.8918918918919,84.3949044585987,67.0926517571885,54.5454545454545,42.8954423592493
"6",91.7690417690418,84.6072186836518,75.8785942492013,63.6363636363636,34.8525469168901
"7",0,0.106157112526539,0,0,0
"8",91.4004914004914,84.3949044585987,67.8913738019169,72.7272727272727,38.8739946380697
"9",91.2776412776413,85.1380042462845,67.0926517571885,59.0909090909091,20.1072386058981
"10",92.2604422604423,84.6072186836518,64.6964856230032,65.9090909090909,36.1930294906166
"11",0,0.106157112526539,0,0,0
"12",90.7862407862408,83.7579617834395,64.6964856230032,68.1818181818182,33.5120643431635
"13",91.8918918918919,86.0934182590234,70.2875399361022,56.8181818181818,34.8525469168901
"14",92.8746928746929,85.3503184713376,63.8977635782748,63.6363636363636,44.2359249329759
"15",90.9090909090909,84.7133757961784,66.2939297124601,52.2727272727273,29.4906166219839
"16",0,0.106157112526539,0,0,0
"17",0,0.106157112526539,0,0,0
"18",92.997542997543,84.3949044585987,65.4952076677316,63.6363636363636,38.8739946380697
"19",92.3832923832924,85.7749469214437,65.4952076677316,65.9090909090909,32.171581769437
"20",0,0.106157112526539,0,0,0
"21",90.9090909090909,85.244161358811,67.0926517571885,59.0909090909091,38.8739946380697
"22",92.6289926289926,85.4564755838641,79.073482428115,61.3636363636364,42.8954423592493
"23",0,0.106157112526539,0,0,0
"24",90.9090909090909,85.5626326963907,67.8913738019169,54.5454545454545,28.1501340482574
"25",91.031941031941,84.6072186836518,69.4888178913738,79.5454545454545,29.4906166219839
"26",91.7690417690418,85.6687898089172,77.4760383386581,63.6363636363636,30.8310991957105
"27",92.1375921375921,85.6687898089172,75.0798722044728,63.6363636363636,37.5335120643432
"28",92.997542997543,87.4734607218684,63.0990415335463,77.2727272727273,28.1501340482574
"29",90.04914004914,83.651804670913,67.0926517571885,75,34.8525469168901
"30",92.6289926289926,85.8811040339703,70.2875399361022,70.4545454545455,40.2144772117963
"31",90.9090909090909,86.5180467091295,65.4952076677316,45.4545454545455,34.8525469168901
"32",92.3832923832924,85.7749469214437,67.0926517571885,70.4545454545455,48.2573726541555
"33",91.031941031941,84.2887473460722,63.8977635782748,65.9090909090909,25.4691689008043
"34",89.6805896805897,85.7749469214437,70.2875399361022,70.4545454545455,42.8954423592493
"35",0,0.106157112526539,0,0,0
"36",0,0.106157112526539,0,0,0
"37",90.2948402948403,84.1825902335457,66.2939297124601,79.5454545454545,28.1501340482574
"38",0.122850122850123,0.106157112526539,0,0,0
"39",93.3660933660934,85.1380042462845,69.4888178913738,47.7272727272727,28.1501340482574
"40",92.7518427518427,85.1380042462845,63.8977635782748,61.3636363636364,38.8739946380697
"41",92.8746928746929,86.8365180467091,70.2875399361022,70.4545454545455,50.9383378016086
"42",90.9090909090909,83.2271762208068,68.6900958466454,56.8181818181818,32.171581769437
"43",89.8034398034398,84.3949044585987,65.4952076677316,63.6363636363636,36.1930294906166
"44",0,0.106157112526539,0,0,0
"45",92.014742014742,85.4564755838641,63.8977635782748,70.4545454545455,32.171581769437
"46",0,0.106157112526539,0,0,0
"47",92.7518427518427,87.3673036093418,72.6837060702875,63.6363636363636,32.171581769437
"48",92.014742014742,85.6687898089172,68.6900958466454,68.1818181818182,25.4691689008043
"49",92.3832923832924,85.3503184713376,68.6900958466454,70.4545454545455,38.8739946380697
"50",91.5233415233415,85.5626326963907,65.4952076677316,59.0909090909091,29.4906166219839
"51",91.4004914004914,84.9256900212314,73.482428115016,70.4545454545455,28.1501340482574
"52",0,0,0,0,0
"53",91.6461916461916,85.6687898089172,67.8913738019169,63.6363636363636,36.1930294906166
"54",91.2776412776413,83.651804670913,67.0926517571885,70.4545454545455,38.8739946380697
"55",0,0.106157112526539,0,0,0
"56",90.5405405405405,85.8811040339703,67.8913738019169,63.6363636363636,37.5335120643432
"57",91.4004914004914,85.3503184713376,67.8913738019169,63.6363636363636,26.8096514745308
"58",0,0.106157112526539,0,0,0
"59",89.9262899262899,87.8980891719745,67.0926517571885,77.2727272727273,37.5335120643432
"60",0.122850122850123,0,0,0,0
"61",89.9262899262899,84.9256900212314,71.0862619808307,72.7272727272727,38.8739946380697
"62",93.1203931203931,84.3949044585987,79.073482428115,59.0909090909091,28.1501340482574
"63",92.7518427518427,86.8365180467091,71.8849840255591,65.9090909090909,40.2144772117963
"64",93.6117936117936,87.3673036093418,65.4952076677316,50,45.5764075067024
"65",91.7690417690418,87.2611464968153,71.8849840255591,68.1818181818182,37.5335120643432
"66",92.2604422604423,86.6242038216561,64.6964856230032,70.4545454545455,34.8525469168901
"67",93.3660933660934,85.1380042462845,68.6900958466454,63.6363636363636,44.2359249329759
"68",88.9434889434889,85.8811040339703,72.6837060702875,52.2727272727273,33.5120643431635
"69",91.6461916461916,84.3949044585987,63.8977635782748,63.6363636363636,37.5335120643432
"70",0,0.106157112526539,0,0,0
"71",91.5233415233415,85.5626326963907,63.0990415335463,63.6363636363636,26.8096514745308
"72",91.4004914004914,85.1380042462845,63.0990415335463,70.4545454545455,33.5120643431635
"73",92.3832923832924,84.2887473460722,72.6837060702875,75,33.5120643431635
"74",91.7690417690418,84.6072186836518,63.8977635782748,70.4545454545455,33.5120643431635
"75",91.6461916461916,85.031847133758,69.4888178913738,65.9090909090909,33.5120643431635
"76",93.3660933660934,87.3673036093418,63.8977635782748,65.9090909090909,37.5335120643432
"77",93.7346437346437,86.411889596603,69.4888178913738,72.7272727272727,42.8954423592493
"78",89.6805896805897,85.1380042462845,70.2875399361022,63.6363636363636,34.8525469168901
"79",93.2432432432432,87.1549893842888,63.8977635782748,65.9090909090909,29.4906166219839
"80",90.6633906633907,86.6242038216561,68.6900958466454,61.3636363636364,34.8525469168901
"81",90.7862407862408,84.0764331210191,61.5015974440894,61.3636363636364,36.1930294906166
"82",0,0.106157112526539,0,0,0
"83",90.2948402948403,84.5010615711253,73.482428115016,72.7272727272727,38.8739946380697
"84",91.2776412776413,86.3057324840764,69.4888178913738,65.9090909090909,33.5120643431635
"85",92.8746928746929,86.0934182590234,68.6900958466454,63.6363636363636,34.8525469168901
"86",91.4004914004914,85.3503184713376,63.0990415335463,65.9090909090909,30.8310991957105
"87",92.1375921375921,86.5180467091295,63.8977635782748,63.6363636363636,32.171581769437
"88",89.4348894348894,84.0764331210191,68.6900958466454,65.9090909090909,37.5335120643432
"89",93.2432432432432,87.5796178343949,69.4888178913738,72.7272727272727,30.8310991957105
"90",93.3660933660934,84.5010615711253,57.5079872204473,65.9090909090909,33.5120643431635
"91",0,0.106157112526539,0,0,0
"92",91.1547911547912,83.9702760084926,59.1054313099042,63.6363636363636,36.1930294906166
"93",91.031941031941,86.3057324840764,67.0926517571885,56.8181818181818,34.8525469168901
"94",91.5233415233415,85.9872611464968,67.8913738019169,56.8181818181818,37.5335120643432
"95",91.031941031941,83.5456475583864,69.4888178913738,61.3636363636364,33.5120643431635
"96",89.8034398034398,85.5626326963907,66.2939297124601,52.2727272727273,32.171581769437
"97",90.9090909090909,86.411889596603,68.6900958466454,68.1818181818182,22.7882037533512
"98",92.1375921375921,84.7133757961784,67.8913738019169,63.6363636363636,38.8739946380697
"99",90.6633906633907,87.2611464968153,73.482428115016,65.9090909090909,33.5120643431635
"100",91.6461916461916,82.6963906581741,67.0926517571885,77.2727272727273,41.5549597855228
"101",92.3832923832924,84.3949044585987,71.8849840255591,65.9090909090909,36.1930294906166
"102",0,0.106157112526539,0,0,0
"103",0,0.106157112526539,0,0,0
"104",91.4004914004914,84.3949044585987,75.0798722044728,59.0909090909091,37.5335120643432
"105",92.5061425061425,85.031847133758,69.4888178913738,65.9090909090909,29.4906166219839
"106",0,0.106157112526539,0,0,0
"107",93.4889434889435,87.4734607218684,73.482428115016,68.1818181818182,41.5549597855228
"108",92.1375921375921,86.8365180467091,61.5015974440894,52.2727272727273,26.8096514745308
"109",90.2948402948403,86.8365180467091,68.6900958466454,68.1818181818182,37.5335120643432
"110",0.122850122850123,0.106157112526539,0,0,0
"111",92.014742014742,85.244161358811,75.8785942492013,68.1818181818182,26.8096514745308
"112",93.980343980344,84.5010615711253,69.4888178913738,65.9090909090909,49.597855227882
"113",92.8746928746929,84.6072186836518,73.482428115016,61.3636363636364,26.8096514745308
"114",91.5233415233415,85.3503184713376,72.6837060702875,54.5454545454545,42.8954423592493
"115",92.8746928746929,85.244161358811,66.2939297124601,65.9090909090909,37.5335120643432
"116",0,0.212314225053079,0,0,0
"117",90.04914004914,83.9702760084926,63.8977635782748,59.0909090909091,33.5120643431635
"118",91.1547911547912,85.4564755838641,60.702875399361,63.6363636363636,32.171581769437
"119",91.1547911547912,84.5010615711253,74.2811501597444,65.9090909090909,33.5120643431635
"120",92.014742014742,84.3949044585987,67.8913738019169,72.7272727272727,32.171581769437
"121",91.5233415233415,84.2887473460722,60.702875399361,63.6363636363636,29.4906166219839
"122",92.3832923832924,85.3503184713376,67.0926517571885,54.5454545454545,29.4906166219839
"123",91.6461916461916,84.9256900212314,71.0862619808307,68.1818181818182,32.171581769437
"124",92.3832923832924,83.7579617834395,68.6900958466454,65.9090909090909,30.8310991957105
"125",92.7518427518427,85.244161358811,62.3003194888179,68.1818181818182,34.8525469168901
"126",92.1375921375921,84.7133757961784,63.8977635782748,63.6363636363636,45.5764075067024
"127",93.2432432432432,83.4394904458599,61.5015974440894,61.3636363636364,40.2144772117963
"128",91.5233415233415,82.484076433121,69.4888178913738,65.9090909090909,36.1930294906166
"129",92.5061425061425,84.3949044585987,61.5015974440894,59.0909090909091,38.8739946380697
"130",93.2432432432432,82.6963906581741,62.3003194888179,61.3636363636364,24.1286863270778
"131",91.031941031941,84.5010615711253,55.111821086262,70.4545454545455,28.1501340482574
"132",0,0.106157112526539,0,0,0
"133",90.9090909090909,84.0764331210191,70.2875399361022,72.7272727272727,33.5120643431635
"134",91.031941031941,86.1995753715499,69.4888178913738,70.4545454545455,44.2359249329759
"135",0,0.106157112526539,0,0,0
"136",0,0.106157112526539,0,0,0
"137",92.2604422604423,85.8811040339703,64.6964856230032,65.9090909090909,34.8525469168901
"138",92.2604422604423,82.5902335456476,67.8913738019169,61.3636363636364,37.5335120643432
"139",91.2776412776413,86.6242038216561,73.482428115016,63.6363636363636,33.5120643431635
"140",91.5233415233415,86.0934182590234,62.3003194888179,63.6363636363636,21.4477211796247
"141",0,0.106157112526539,0,0,0
"142",91.2776412776413,82.5902335456476,75.0798722044728,50,33.5120643431635
"143",91.7690417690418,84.9256900212314,77.4760383386581,61.3636363636364,29.4906166219839
"144",0,0.106157112526539,0,0,0
"145",0,0.106157112526539,0,0,0
"146",92.014742014742,85.1380042462845,71.0862619808307,61.3636363636364,29.4906166219839
"147",92.8746928746929,87.2611464968153,59.9041533546326,68.1818181818182,28.1501340482574
"148",0,0.106157112526539,0,0,0
"149",91.7690417690418,84.5010615711253,65.4952076677316,70.4545454545455,30.8310991957105
"150",93.8574938574938,84.5010615711253,79.073482428115,72.7272727272727,30.8310991957105
"151",90.6633906633907,85.031847133758,62.3003194888179,54.5454545454545,26.8096514745308
"152",91.1547911547912,85.4564755838641,71.8849840255591,56.8181818181818,28.1501340482574
"153",93.1203931203931,85.6687898089172,57.5079872204473,47.7272727272727,30.8310991957105
"154",90.6633906633907,86.411889596603,73.482428115016,59.0909090909091,34.8525469168901
"155",93.6117936117936,84.2887473460722,64.6964856230032,68.1818181818182,38.8739946380697
"156",90.1719901719902,86.1995753715499,67.8913738019169,56.8181818181818,37.5335120643432
"157",91.1547911547912,84.1825902335457,72.6837060702875,59.0909090909091,37.5335120643432
"158",92.8746928746929,85.6687898089172,55.9105431309904,59.0909090909091,32.171581769437
"159",91.7690417690418,82.6963906581741,72.6837060702875,70.4545454545455,30.8310991957105
"160",91.2776412776413,86.3057324840764,69.4888178913738,63.6363636363636,36.1930294906166
"161",92.3832923832924,81.4225053078556,70.2875399361022,63.6363636363636,44.2359249329759
"162",92.6289926289926,85.8811040339703,66.2939297124601,75,32.171581769437
"163",0,0.106157112526539,0,0,0
"164",93.7346437346437,87.1549893842888,74.2811501597444,75,33.5120643431635
"165",0,0.106157112526539,0,0,0
"166",91.8918918918919,85.1380042462845,68.6900958466454,63.6363636363636,37.5335120643432
"167",91.4004914004914,83.651804670913,68.6900958466454,50,38.8739946380697
"168",91.031941031941,86.5180467091295,60.702875399361,59.0909090909091,36.1930294906166
"169",90.7862407862408,84.6072186836518,65.4952076677316,63.6363636363636,36.1930294906166
"170",0,0.106157112526539,0,0,0
"171",91.1547911547912,86.5180467091295,67.8913738019169,59.0909090909091,37.5335120643432
"172",91.8918918918919,83.1210191082803,68.6900958466454,68.1818181818182,34.8525469168901
"173",92.3832923832924,86.7303609341826,67.8913738019169,65.9090909090909,30.8310991957105
"174",92.5061425061425,85.031847133758,61.5015974440894,47.7272727272727,40.2144772117963
"175",91.031941031941,85.9872611464968,66.2939297124601,75,37.5335120643432
"176",91.4004914004914,84.0764331210191,72.6837060702875,59.0909090909091,34.8525469168901
"177",90.04914004914,86.6242038216561,59.9041533546326,68.1818181818182,30.8310991957105
"178",92.6289926289926,85.5626326963907,67.8913738019169,68.1818181818182,30.8310991957105
"179",92.3832923832924,84.8195329087049,68.6900958466454,68.1818181818182,22.7882037533512
"180",93.7346437346437,86.5180467091295,65.4952076677316,63.6363636363636,28.1501340482574
"181",93.3660933660934,85.9872611464968,69.4888178913738,75,34.8525469168901
"182",92.3832923832924,85.8811040339703,69.4888178913738,72.7272727272727,45.5764075067024
"183",0.122850122850123,0.106157112526539,0,0,0
"184",92.8746928746929,83.0148619957537,63.8977635782748,50,30.8310991957105
"185",92.1375921375921,85.7749469214437,66.2939297124601,68.1818181818182,34.8525469168901
"186",91.7690417690418,83.9702760084926,65.4952076677316,79.5454545454545,36.1930294906166
"187",0,0.106157112526539,0,0,0
"188",92.997542997543,83.7579617834395,72.6837060702875,70.4545454545455,38.8739946380697
"189",93.8574938574938,84.8195329087049,66.2939297124601,65.9090909090909,34.8525469168901
"190",92.8746928746929,86.1995753715499,67.8913738019169,56.8181818181818,32.171581769437
"191",91.6461916461916,88.9596602972399,73.482428115016,52.2727272727273,38.8739946380697
"192",0,0.106157112526539,0,0,0
"193",90.9090909090909,86.0934182590234,63.8977635782748,75,24.1286863270778
"194",91.1547911547912,86.8365180467091,67.8913738019169,65.9090909090909,44.2359249329759
"195",0.122850122850123,0.106157112526539,0,0,0
"196",90.9090909090909,84.0764331210191,70.2875399361022,63.6363636363636,44.2359249329759
"197",0,0.106157112526539,0,0,0
"198",92.014742014742,87.3673036093418,67.8913738019169,75,30.8310991957105
"199",0,0.106157112526539,0,0,0
"200",89.0663390663391,85.1380042462845,67.0926517571885,61.3636363636364,34.8525469168901
"201",0,0.106157112526539,0,0,0
"202",91.4004914004914,84.7133757961784,78.2747603833866,65.9090909090909,33.5120643431635
"203",91.2776412776413,84.9256900212314,68.6900958466454,68.1818181818182,41.5549597855228
"204",92.014742014742,87.3673036093418,63.0990415335463,63.6363636363636,38.8739946380697
"205",91.6461916461916,85.6687898089172,66.2939297124601,68.1818181818182,38.8739946380697
"206",92.014742014742,84.7133757961784,68.6900958466454,61.3636363636364,33.5120643431635
"207",92.8746928746929,85.9872611464968,69.4888178913738,68.1818181818182,28.1501340482574
"208",92.8746928746929,84.8195329087049,76.6773162939297,65.9090909090909,37.5335120643432
"209",91.4004914004914,84.3949044585987,66.2939297124601,61.3636363636364,29.4906166219839
"210",89.6805896805897,87.1549893842888,68.6900958466454,70.4545454545455,34.8525469168901
"211",90.5405405405405,84.8195329087049,73.482428115016,47.7272727272727,38.8739946380697
"212",91.2776412776413,85.1380042462845,66.2939297124601,68.1818181818182,33.5120643431635
"213",93.8574938574938,85.4564755838641,63.0990415335463,65.9090909090909,34.8525469168901
"214",0,0,0,0,0
"215",91.7690417690418,84.1825902335457,67.8913738019169,65.9090909090909,37.5335120643432
"216",90.4176904176904,84.1825902335457,67.0926517571885,72.7272727272727,26.8096514745308
"217",0,0.106157112526539,0,0,0
"218",90.6633906633907,86.3057324840764,72.6837060702875,47.7272727272727,30.8310991957105
"219",93.3660933660934,84.9256900212314,59.1054313099042,63.6363636363636,33.5120643431635
"220",90.2948402948403,85.8811040339703,65.4952076677316,54.5454545454545,33.5120643431635
"221",90.6633906633907,85.8811040339703,63.8977635782748,68.1818181818182,26.8096514745308
"222",91.5233415233415,85.6687898089172,75.0798722044728,63.6363636363636,41.5549597855228
"223",90.6633906633907,83.7579617834395,65.4952076677316,63.6363636363636,33.5120643431635
"224",90.9090909090909,83.3333333333333,67.8913738019169,52.2727272727273,21.4477211796247
"225",93.2432432432432,82.8025477707006,56.7092651757188,70.4545454545455,38.8739946380697
"226",91.5233415233415,86.0934182590234,71.8849840255591,72.7272727272727,42.8954423592493
"227",91.1547911547912,84.7133757961784,63.0990415335463,70.4545454545455,45.5764075067024
"228",91.031941031941,84.9256900212314,67.0926517571885,52.2727272727273,29.4906166219839
"229",92.1375921375921,85.3503184713376,69.4888178913738,61.3636363636364,33.5120643431635
"230",0,0.106157112526539,0,0,0
"231",93.6117936117936,85.244161358811,66.2939297124601,75,34.8525469168901
"232",92.1375921375921,85.7749469214437,70.2875399361022,77.2727272727273,53.6193029490617
"233",90.04914004914,85.9872611464968,71.0862619808307,75,30.8310991957105
"234",92.7518427518427,86.6242038216561,67.8913738019169,65.9090909090909,38.8739946380697
"235",89.9262899262899,86.1995753715499,68.6900958466454,68.1818181818182,38.8739946380697
"236",0,0.106157112526539,0,0,0
"237",90.1719901719902,84.7133757961784,67.8913738019169,59.0909090909091,38.8739946380697
"238",91.8918918918919,84.8195329087049,66.2939297124601,61.3636363636364,33.5120643431635
"239",90.7862407862408,87.791932059448,62.3003194888179,72.7272727272727,32.171581769437
"240",90.1719901719902,86.8365180467091,74.2811501597444,61.3636363636364,40.2144772117963
"241",92.5061425061425,86.0934182590234,62.3003194888179,56.8181818181818,37.5335120643432
"242",0,0.106157112526539,0,0,0
"243",91.8918918918919,84.0764331210191,72.6837060702875,65.9090909090909,37.5335120643432
"244",92.1375921375921,85.8811040339703,68.6900958466454,56.8181818181818,29.4906166219839
"245",91.031941031941,87.6857749469214,65.4952076677316,63.6363636363636,37.5335120643432
"246",92.3832923832924,83.1210191082803,75.0798722044728,54.5454545454545,33.5120643431635
"247",0,0.106157112526539,0,0,0
"248",90.9090909090909,87.3673036093418,62.3003194888179,61.3636363636364,33.5120643431635
"249",91.031941031941,83.651804670913,69.4888178913738,70.4545454545455,33.5120643431635
"250",91.1547911547912,85.9872611464968,71.0862619808307,47.7272727272727,33.5120643431635
"251",91.8918918918919,86.0934182590234,66.2939297124601,72.7272727272727,33.5120643431635
"252",90.2948402948403,84.8195329087049,62.3003194888179,59.0909090909091,25.4691689008043
"253",92.1375921375921,84.9256900212314,74.2811501597444,75,38.8739946380697
"254",92.7518427518427,83.3333333333333,67.0926517571885,56.8181818181818,32.171581769437
"255",93.4889434889435,84.2887473460722,68.6900958466454,65.9090909090909,33.5120643431635
"256",92.2604422604423,83.7579617834395,71.8849840255591,70.4545454545455,38.8739946380697
"257",91.2776412776413,86.1995753715499,66.2939297124601,47.7272727272727,30.8310991957105
"258",90.9090909090909,86.7303609341826,70.2875399361022,65.9090909090909,28.1501340482574
"259",93.8574938574938,83.9702760084926,71.0862619808307,52.2727272727273,40.2144772117963
"260",92.014742014742,84.9256900212314,70.2875399361022,72.7272727272727,45.5764075067024
"261",93.7346437346437,84.1825902335457,66.2939297124601,52.2727272727273,33.5120643431635
"262",91.8918918918919,83.9702760084926,72.6837060702875,65.9090909090909,30.8310991957105
"263",92.014742014742,83.7579617834395,69.4888178913738,68.1818181818182,21.4477211796247
"264",0.122850122850123,0.106157112526539,0,0,0
"265",92.5061425061425,83.864118895966,67.0926517571885,65.9090909090909,34.8525469168901
"266",91.8918918918919,84.0764331210191,67.8913738019169,70.4545454545455,38.8739946380697
"267",0.245700245700246,0.106157112526539,0,0,0
"268",92.3832923832924,83.864118895966,60.702875399361,63.6363636363636,37.5335120643432
"269",93.2432432432432,85.4564755838641,67.0926517571885,70.4545454545455,28.1501340482574
"270",90.4176904176904,85.244161358811,59.9041533546326,56.8181818181818,34.8525469168901
"271",92.6289926289926,85.5626326963907,65.4952076677316,63.6363636363636,33.5120643431635
"272",90.7862407862408,82.5902335456476,67.8913738019169,63.6363636363636,28.1501340482574
"273",91.4004914004914,86.6242038216561,72.6837060702875,54.5454545454545,42.8954423592493
"274",0.491400491400491,0.318471337579618,0,0,0
"275",0,0.106157112526539,0,0,0
"276",0.245700245700246,0,0,0,0
"277",91.5233415233415,83.1210191082803,68.6900958466454,75,30.8310991957105
"278",0,0.212314225053079,0,0,0
"279",93.1203931203931,86.5180467091295,67.8913738019169,61.3636363636364,36.1930294906166
"280",91.7690417690418,85.7749469214437,60.702875399361,63.6363636363636,38.8739946380697
"281",92.7518427518427,82.9087048832272,69.4888178913738,61.3636363636364,41.5549597855228
"282",91.8918918918919,87.6857749469214,73.482428115016,61.3636363636364,32.171581769437
"283",90.7862407862408,87.0488322717622,70.2875399361022,59.0909090909091,32.171581769437
"284",92.014742014742,86.1995753715499,63.8977635782748,63.6363636363636,34.8525469168901
"285",92.2604422604423,86.1995753715499,65.4952076677316,50,29.4906166219839
"286",92.6289926289926,84.3949044585987,69.4888178913738,63.6363636363636,38.8739946380697
"287",91.6461916461916,87.5796178343949,65.4952076677316,61.3636363636364,37.5335120643432
"288",0,0.424628450106157,0,0,1.34048257372654
"289",90.9090909090909,85.9872611464968,67.8913738019169,59.0909090909091,32.171581769437
"290",0,0.106157112526539,0,0,0
"291",90.1719901719902,83.2271762208068,70.2875399361022,52.2727272727273,29.4906166219839
"292",92.014742014742,85.3503184713376,72.6837060702875,65.9090909090909,30.8310991957105
"293",0,0.106157112526539,0,0,0
"294",92.997542997543,86.411889596603,67.8913738019169,75,33.5120643431635
"295",91.1547911547912,84.3949044585987,67.8913738019169,59.0909090909091,37.5335120643432
"296",90.9090909090909,86.411889596603,59.9041533546326,84.0909090909091,29.4906166219839
"297",92.2604422604423,85.1380042462845,64.6964856230032,63.6363636363636,24.1286863270778
"298",93.3660933660934,84.7133757961784,71.0862619808307,63.6363636363636,30.8310991957105
"299",92.3832923832924,84.8195329087049,73.482428115016,36.3636363636364,34.8525469168901
"300",92.1375921375921,84.2887473460722,69.4888178913738,68.1818181818182,30.8310991957105
"301",91.7690417690418,84.9256900212314,69.4888178913738,68.1818181818182,40.2144772117963
"302",90.9090909090909,85.244161358811,67.0926517571885,59.0909090909091,30.8310991957105
"303",91.5233415233415,85.1380042462845,66.2939297124601,65.9090909090909,34.8525469168901
"304",91.4004914004914,86.0934182590234,70.2875399361022,59.0909090909091,32.171581769437
"305",92.2604422604423,88.1104033970276,65.4952076677316,75,38.8739946380697
"306",91.8918918918919,86.7303609341826,74.2811501597444,56.8181818181818,21.4477211796247
"307",92.1375921375921,84.1825902335457,67.0926517571885,61.3636363636364,32.171581769437
"308",92.8746928746929,84.3949044585987,69.4888178913738,68.1818181818182,33.5120643431635
"309",91.7690417690418,81.6348195329087,69.4888178913738,50,41.5549597855228
"310",93.6117936117936,84.3949044585987,69.4888178913738,56.8181818181818,32.171581769437
"311",91.4004914004914,83.9702760084926,63.0990415335463,59.0909090909091,38.8739946380697
"312",91.6461916461916,86.0934182590234,66.2939297124601,65.9090909090909,41.5549597855228
"313",0,0.106157112526539,0,0,0
"314",93.3660933660934,84.8195329087049,75.0798722044728,70.4545454545455,33.5120643431635
"315",92.7518427518427,85.3503184713376,66.2939297124601,70.4545454545455,26.8096514745308
"316",0,0.106157112526539,0,0,0
"317",91.031941031941,85.8811040339703,61.5015974440894,56.8181818181818,33.5120643431635
"318",91.8918918918919,87.3673036093418,66.2939297124601,61.3636363636364,36.1930294906166
"319",92.6289926289926,85.6687898089172,64.6964856230032,52.2727272727273,40.2144772117963
"320",92.3832923832924,85.8811040339703,62.3003194888179,70.4545454545455,33.5120643431635
"321",0.122850122850123,0.106157112526539,0,0,0
"322",92.3832923832924,87.791932059448,74.2811501597444,59.0909090909091,44.2359249329759
"323",92.1375921375921,86.9426751592357,67.8913738019169,63.6363636363636,33.5120643431635
"324",91.7690417690418,85.8811040339703,68.6900958466454,47.7272727272727,32.171581769437
"325",91.2776412776413,85.5626326963907,59.1054313099042,86.3636363636364,37.5335120643432
"326",91.1547911547912,84.6072186836518,70.2875399361022,56.8181818181818,29.4906166219839
"327",93.2432432432432,84.1825902335457,61.5015974440894,68.1818181818182,37.5335120643432
"328",91.8918918918919,85.7749469214437,68.6900958466454,70.4545454545455,42.8954423592493
"329",90.1719901719902,86.6242038216561,66.2939297124601,70.4545454545455,42.8954423592493
"330",92.1375921375921,85.031847133758,69.4888178913738,72.7272727272727,34.8525469168901
"331",92.2604422604423,86.6242038216561,73.482428115016,65.9090909090909,37.5335120643432
"332",89.8034398034398,86.0934182590234,64.6964856230032,65.9090909090909,41.5549597855228
"333",93.7346437346437,85.9872611464968,60.702875399361,56.8181818181818,36.1930294906166
"334",93.980343980344,84.0764331210191,65.4952076677316,61.3636363636364,25.4691689008043
"335",93.2432432432432,83.3333333333333,72.6837060702875,65.9090909090909,34.8525469168901
"336",0,0.106157112526539,0,0,0
"337",91.2776412776413,86.0934182590234,67.0926517571885,70.4545454545455,36.1930294906166
"338",93.1203931203931,86.9426751592357,60.702875399361,50,33.5120643431635
"339",90.6633906633907,87.5796178343949,63.8977635782748,54.5454545454545,28.1501340482574
"340",90.2948402948403,85.244161358811,61.5015974440894,61.3636363636364,44.2359249329759
"341",90.6633906633907,83.3333333333333,71.8849840255591,63.6363636363636,32.171581769437
"342",92.014742014742,84.1825902335457,68.6900958466454,56.8181818181818,41.5549597855228
"343",92.2604422604423,88.5350318471338,60.702875399361,61.3636363636364,33.5120643431635
"344",0,0.212314225053079,0,0,0
"345",92.6289926289926,85.031847133758,70.2875399361022,63.6363636363636,30.8310991957105
"346",91.4004914004914,86.6242038216561,63.8977635782748,54.5454545454545,32.171581769437
"347",91.031941031941,85.3503184713376,68.6900958466454,61.3636363636364,45.5764075067024
"348",92.5061425061425,85.1380042462845,69.4888178913738,63.6363636363636,33.5120643431635
"349",92.7518427518427,84.9256900212314,70.2875399361022,59.0909090909091,30.8310991957105
"350",0,0.106157112526539,0,0,0
"351",91.2776412776413,85.4564755838641,65.4952076677316,68.1818181818182,32.171581769437
"352",92.997542997543,85.7749469214437,73.482428115016,61.3636363636364,33.5120643431635
"353",89.1891891891892,84.7133757961784,67.8913738019169,70.4545454545455,17.426273458445
"354",91.031941031941,84.1825902335457,67.0926517571885,59.0909090909091,34.8525469168901
"355",92.2604422604423,85.6687898089172,68.6900958466454,72.7272727272727,34.8525469168901
"356",91.4004914004914,84.0764331210191,69.4888178913738,52.2727272727273,32.171581769437
"357",91.031941031941,87.2611464968153,71.0862619808307,61.3636363636364,32.171581769437
"358",91.5233415233415,84.3949044585987,63.8977635782748,61.3636363636364,40.2144772117963
"359",91.5233415233415,84.3949044585987,72.6837060702875,65.9090909090909,40.2144772117963
"360",91.5233415233415,85.3503184713376,70.2875399361022,63.6363636363636,34.8525469168901
"361",0,0,0,0,0
"362",0.122850122850123,0.106157112526539,0,0,0
"363",89.5577395577396,85.031847133758,66.2939297124601,61.3636363636364,33.5120643431635
"364",91.6461916461916,85.5626326963907,70.2875399361022,63.6363636363636,33.5120643431635
"365",0,0.106157112526539,0,0,0
"366",91.6461916461916,84.1825902335457,70.2875399361022,65.9090909090909,34.8525469168901
"367",92.014742014742,85.8811040339703,66.2939297124601,61.3636363636364,34.8525469168901
"368",90.5405405405405,85.7749469214437,67.8913738019169,68.1818181818182,34.8525469168901
"369",92.7518427518427,86.3057324840764,74.2811501597444,52.2727272727273,44.2359249329759
"370",92.7518427518427,82.3779193205945,67.0926517571885,65.9090909090909,33.5120643431635
"371",91.5233415233415,84.3949044585987,70.2875399361022,63.6363636363636,24.1286863270778
"372",91.8918918918919,87.4734607218684,63.0990415335463,65.9090909090909,36.1930294906166
"373",91.5233415233415,85.5626326963907,67.8913738019169,61.3636363636364,29.4906166219839
"374",91.4004914004914,85.244161358811,63.8977635782748,63.6363636363636,33.5120643431635
"375",91.6461916461916,84.2887473460722,55.111821086262,59.0909090909091,36.1930294906166
"376",91.1547911547912,84.9256900212314,69.4888178913738,68.1818181818182,36.1930294906166
"377",92.2604422604423,86.6242038216561,67.0926517571885,63.6363636363636,29.4906166219839
"378",0,0.106157112526539,0,0,0
"379",91.8918918918919,84.5010615711253,70.2875399361022,70.4545454545455,26.8096514745308
"380",90.7862407862408,84.7133757961784,68.6900958466454,61.3636363636364,28.1501340482574
"381",91.1547911547912,86.5180467091295,72.6837060702875,68.1818181818182,29.4906166219839
"382",92.014742014742,84.7133757961784,71.0862619808307,54.5454545454545,34.8525469168901
"383",91.6461916461916,85.1380042462845,67.8913738019169,65.9090909090909,40.2144772117963
"384",92.014742014742,85.3503184713376,58.3067092651757,54.5454545454545,32.171581769437
"385",92.997542997543,85.244161358811,67.0926517571885,68.1818181818182,42.8954423592493
"386",0,0.106157112526539,0,0,0
"387",91.7690417690418,86.411889596603,66.2939297124601,56.8181818181818,33.5120643431635
"388",92.014742014742,88.0042462845011,70.2875399361022,56.8181818181818,37.5335120643432
"389",91.031941031941,84.8195329087049,61.5015974440894,72.7272727272727,37.5335120643432
"390",90.7862407862408,83.651804670913,68.6900958466454,63.6363636363636,30.8310991957105
"391",93.1203931203931,85.9872611464968,65.4952076677316,79.5454545454545,36.1930294906166
"392",91.1547911547912,83.3333333333333,75.8785942492013,75,36.1930294906166
"393",90.9090909090909,84.8195329087049,64.6964856230032,65.9090909090909,33.5120643431635
"394",92.7518427518427,83.2271762208068,70.2875399361022,52.2727272727273,26.8096514745308
"395",93.1203931203931,84.8195329087049,70.2875399361022,77.2727272727273,34.8525469168901
"396",90.1719901719902,83.864118895966,67.8913738019169,61.3636363636364,37.5335120643432
"397",92.8746928746929,87.0488322717622,59.9041533546326,77.2727272727273,38.8739946380697
"398",90.04914004914,85.6687898089172,71.8849840255591,61.3636363636364,34.8525469168901
"399",92.2604422604423,86.9426751592357,63.8977635782748,68.1818181818182,49.597855227882
"400",91.2776412776413,85.244161358811,67.0926517571885,68.1818181818182,33.5120643431635
"401",0.122850122850123,0.106157112526539,0.798722044728434,0,0
"402",92.1375921375921,85.7749469214437,65.4952076677316,63.6363636363636,36.1930294906166
"403",0,0.106157112526539,0,0,0
"404",91.031941031941,86.6242038216561,71.8849840255591,61.3636363636364,25.4691689008043
"405",0,0.106157112526539,0,0,0
"406",91.4004914004914,87.1549893842888,62.3003194888179,68.1818181818182,34.8525469168901
"407",91.5233415233415,86.411889596603,65.4952076677316,68.1818181818182,37.5335120643432
"408",0,0.106157112526539,0,0,0
"409",92.3832923832924,84.1825902335457,64.6964856230032,61.3636363636364,30.8310991957105
"410",92.014742014742,86.8365180467091,71.8849840255591,63.6363636363636,33.5120643431635
"411",0,0.106157112526539,0,0,0
"412",91.6461916461916,82.8025477707006,69.4888178913738,59.0909090909091,26.8096514745308
"413",91.7690417690418,85.3503184713376,67.8913738019169,68.1818181818182,41.5549597855228
"414",0,0.106157112526539,0,0,0
"415",91.2776412776413,84.1825902335457,60.702875399361,77.2727272727273,40.2144772117963
"416",91.4004914004914,85.7749469214437,73.482428115016,59.0909090909091,32.171581769437
"417",92.7518427518427,87.791932059448,60.702875399361,63.6363636363636,38.8739946380697
"418",93.2432432432432,83.651804670913,63.8977635782748,79.5454545454545,34.8525469168901
"419",92.2604422604423,84.9256900212314,72.6837060702875,56.8181818181818,34.8525469168901
"420",91.4004914004914,87.0488322717622,72.6837060702875,70.4545454545455,41.5549597855228
"421",92.8746928746929,84.5010615711253,67.8913738019169,68.1818181818182,38.8739946380697
"422",91.5233415233415,84.3949044585987,67.0926517571885,63.6363636363636,40.2144772117963
"423",91.4004914004914,87.8980891719745,69.4888178913738,65.9090909090909,38.8739946380697
"424",91.8918918918919,84.0764331210191,69.4888178913738,70.4545454545455,36.1930294906166
"425",0.122850122850123,0.106157112526539,0,0,0
"426",90.5405405405405,84.3949044585987,70.2875399361022,63.6363636363636,30.8310991957105
"427",92.1375921375921,85.244161358811,68.6900958466454,65.9090909090909,34.8525469168901
"428",92.8746928746929,85.5626326963907,68.6900958466454,45.4545454545455,34.8525469168901
"429",91.6461916461916,87.0488322717622,66.2939297124601,61.3636363636364,42.8954423592493
"430",91.4004914004914,84.2887473460722,61.5015974440894,63.6363636363636,41.5549597855228
"431",92.3832923832924,84.9256900212314,67.8913738019169,72.7272727272727,33.5120643431635
"432",93.4889434889435,83.2271762208068,68.6900958466454,75,41.5549597855228
"433",91.4004914004914,85.4564755838641,63.8977635782748,68.1818181818182,49.597855227882
"434",0,0.212314225053079,0,0,0
"435",0,0.106157112526539,0,0,0
"436",91.5233415233415,85.7749469214437,71.8849840255591,63.6363636363636,30.8310991957105
"437",0,0.106157112526539,0,0,0
"438",92.3832923832924,83.1210191082803,64.6964856230032,52.2727272727273,32.171581769437
"439",93.7346437346437,84.6072186836518,69.4888178913738,56.8181818181818,34.8525469168901
"440",92.997542997543,87.5796178343949,71.8849840255591,61.3636363636364,36.1930294906166
"441",92.014742014742,83.864118895966,71.8849840255591,56.8181818181818,37.5335120643432
"442",91.4004914004914,84.9256900212314,70.2875399361022,63.6363636363636,34.8525469168901
"443",92.6289926289926,85.031847133758,65.4952076677316,70.4545454545455,40.2144772117963
"444",92.1375921375921,84.7133757961784,68.6900958466454,59.0909090909091,37.5335120643432
"445",0,0.106157112526539,0,0,0
"446",0,0.106157112526539,0,0,0
"447",91.1547911547912,84.0764331210191,69.4888178913738,61.3636363636364,34.8525469168901
"448",90.7862407862408,85.6687898089172,66.2939297124601,56.8181818181818,37.5335120643432
"449",91.7690417690418,84.8195329087049,73.482428115016,63.6363636363636,24.1286863270778
"450",0,0.106157112526539,0,0,0
"451",91.4004914004914,84.2887473460722,64.6964856230032,52.2727272727273,25.4691689008043
"452",91.8918918918919,83.2271762208068,67.8913738019169,70.4545454545455,38.8739946380697
"453",91.2776412776413,87.2611464968153,70.2875399361022,77.2727272727273,26.8096514745308
"454",90.6633906633907,83.2271762208068,70.2875399361022,59.0909090909091,45.5764075067024
"455",91.6461916461916,85.1380042462845,68.6900958466454,61.3636363636364,28.1501340482574
"456",0,0.106157112526539,0,0,0
"457",0,0.106157112526539,0,0,0
"458",89.9262899262899,84.6072186836518,63.8977635782748,65.9090909090909,36.1930294906166
"459",91.6461916461916,83.2271762208068,71.0862619808307,68.1818181818182,36.1930294906166
"460",91.7690417690418,84.6072186836518,63.8977635782748,68.1818181818182,30.8310991957105
"461",92.1375921375921,83.651804670913,69.4888178913738,59.0909090909091,40.2144772117963
"462",91.5233415233415,87.1549893842888,63.8977635782748,70.4545454545455,40.2144772117963
"463",91.1547911547912,85.9872611464968,75.8785942492013,72.7272727272727,26.8096514745308
"464",90.1719901719902,87.1549893842888,70.2875399361022,75,36.1930294906166
"465",91.8918918918919,86.9426751592357,63.0990415335463,63.6363636363636,29.4906166219839
"466",94.4717444717445,86.7303609341826,64.6964856230032,81.8181818181818,40.2144772117963
"467",92.7518427518427,85.7749469214437,67.8913738019169,59.0909090909091,30.8310991957105
"468",91.5233415233415,86.5180467091295,64.6964856230032,56.8181818181818,24.1286863270778
"469",92.997542997543,86.7303609341826,71.0862619808307,77.2727272727273,36.1930294906166
"470",0,0.212314225053079,0,0,0
"471",90.6633906633907,83.1210191082803,66.2939297124601,79.5454545454545,30.8310991957105
"472",91.031941031941,84.5010615711253,70.2875399361022,59.0909090909091,40.2144772117963
"473",90.9090909090909,85.8811040339703,65.4952076677316,65.9090909090909,33.5120643431635
"474",0.245700245700246,0.106157112526539,0.798722044728434,0,0
"475",89.5577395577396,84.0764331210191,62.3003194888179,65.9090909090909,29.4906166219839
"476",91.2776412776413,85.3503184713376,71.8849840255591,65.9090909090909,37.5335120643432
"477",92.7518427518427,86.6242038216561,68.6900958466454,72.7272727272727,38.8739946380697
"478",92.1375921375921,84.9256900212314,61.5015974440894,75,32.171581769437
"479",92.5061425061425,86.411889596603,74.2811501597444,63.6363636363636,34.8525469168901
"480",92.7518427518427,85.4564755838641,68.6900958466454,59.0909090909091,32.171581769437
"481",0,0.106157112526539,0,0,0
"482",91.2776412776413,84.7133757961784,64.6964856230032,50,30.8310991957105
"483",91.5233415233415,87.6857749469214,64.6964856230032,63.6363636363636,37.5335120643432
"484",0.122850122850123,0.212314225053079,0,0,0
"485",89.9262899262899,85.6687898089172,68.6900958466454,61.3636363636364,44.2359249329759
"486",92.1375921375921,85.4564755838641,64.6964856230032,61.3636363636364,33.5120643431635
"487",91.4004914004914,84.3949044585987,70.2875399361022,65.9090909090909,36.1930294906166
"488",91.7690417690418,87.3673036093418,68.6900958466454,59.0909090909091,37.5335120643432
"489",0,0.106157112526539,0,0,0
"490",91.7690417690418,85.6687898089172,65.4952076677316,68.1818181818182,49.597855227882
"491",90.9090909090909,85.031847133758,67.0926517571885,61.3636363636364,28.1501340482574
"492",92.8746928746929,86.7303609341826,71.0862619808307,75,40.2144772117963
"493",0.122850122850123,0.106157112526539,0,0,0
"494",92.1375921375921,85.7749469214437,67.8913738019169,63.6363636363636,25.4691689008043
"495",91.031941031941,84.1825902335457,63.0990415335463,54.5454545454545,28.1501340482574
"496",0,0.106157112526539,0,0,0
"497",92.1375921375921,83.651804670913,67.0926517571885,70.4545454545455,38.8739946380697
"498",91.6461916461916,83.651804670913,67.0926517571885,65.9090909090909,40.2144772117963
"499",92.1375921375921,85.5626326963907,60.702875399361,47.7272727272727,37.5335120643432
"500",92.997542997543,84.3949044585987,70.2875399361022,75,32.171581769437
