"","age1_orange.S","age1_green.S","age2_no_comorbid_orange.S","age2_no_comorbid_green.S","age2_comorbid_green.S","age3_no_comorbid_green.S","age3_comorbid_green.S"
"1",6.56519540977851,0,11.167536407347,0,0,0,0
"2",0,0,0,0,0,0,0
"3",0,0,0,0,0,0,0
"4",0,0,0,0,0,0,0
"5",0,0,0,0,0,0,0
"6",0,0,0,0,0,0,0
"7",217.089978726428,0,215.567347135672,0,0,0,0
"8",0,0,0,0,0,0,0
"9",0,0,2.50112320610561,0,0,0,0
"10",0,0,0,0,0,0,0
"11",174.820267257275,0,161.456258979577,0,0,0,0
"12",9.44145263636847,0,0,0,0,0,0
"13",141.236936470124,0,140.022693554908,0,0,0,0
"14",0,0,0,0,0,0,0
"15",0,0,0,0,0,0,0
"16",0,0,0,0,0,0,0
"17",6.09544218608797,0,3.89870040104026,0,0,0,0
"18",27.0840285140474,0,18.9113144065139,0,0,0,0
"19",178.002393088424,0,177.562330799547,0,0,0,0
"20",48.5615032710429,0,56.813612616735,0,0,0,0
"21",31.7075900775211,0,31.6241924233359,0,0,0,0
"22",17.8824436626503,0,0,0,0,0,0
"23",22.3634548213931,0,28.4606467218628,0,0,0,0
"24",0,0,0,0,0,0,0
"25",0,0,0,0,0,0,0
"26",0,0,0,0,0,0,0
"27",0.657857941294209,0,0,0,0,0,0
"28",37.0417354674383,0,63.5404572406259,0,0,0,0
"29",41.5810848058061,0,34.0925253701273,0,0,0,0
"30",0,0,0,0,0,0,0
"31",0,0,0,0,0,0,0
"32",0,0,0,0,0,0,0
"33",0,0,0,0,0,0,0
"34",20.0239211587897,0,20.7036861541027,0,0,0,0
"35",0,0,0,0,0,0,0
"36",243.262425266923,0,246.59356922923,0,0,0,0
"37",184.682828770222,0,173.694357921336,0,0,0,0
"38",0,0,0,0,0,0,0
"39",0,0,0,0,0,0,0
"40",0,0,0,0,0,0,0
"41",0,0,0,0,0,0,0
"42",0,0,0,0,0,0,0
"43",0,0,0,0,0,0,0
"44",31.3664865628987,0,33.2812512778241,0,0,0,0
"45",0,0,0,0,0,0,0
"46",0,0,0,0,0,0,0
"47",0,0,0,0,0,0,0
"48",0,0,0,0,0,0,0
"49",0,0,0,0,0,0,0
"50",12.7797149029823,0,0,0,0,0,0
"51",0,0,0,0,0,0,0
"52",7.76159955751019,0,0,0,0,0,0
"53",9.06566959166208,0,3.80275365297085,0,0,0,0
"54",147.654198992505,0,151.151116387401,0,0,0,0
"55",135.729543670034,0,140.341439816231,0,0,0,0
"56",2.25944144796504,0,0,0,0,0,0
"57",145.42226873294,0,152.508533657999,0,0,0,0
"58",0,0,0,0,0,0,0
"59",105.112312828939,0,105.234576641317,0,0,0,0
"60",0,0,0,0,0,0,0
"61",12.9676353662102,0,21.6934140128587,0,0,0,0
"62",0,0,0,0,0,0,0
"63",45.2186963355715,0,43.3219093693287,0,0,0,0
"64",1.00429475160183,0,0,0,0,0,0
"65",97.9211447548974,0,113.774641353614,0,0,0,0
"66",83.8993669609691,0,90.7917557216855,0,0,0,0
"67",0,0,0,0,0,0,0
"68",0,0,0,0,0,0,0
"69",0,0,0,0,0,0,0
"70",38.3762326390884,0,25.294378745857,0,0,0,0
"71",0,0,0,0,0,0,0
"72",13.0759939481535,0,20.6567421068788,0,0,0,0
"73",0,0,0,0,0,0,0
"74",29.8347144716788,0,32.094960190534,0,0,0,0
"75",0,0,1.64618536950127,0,0,0,0
"76",0,0,0,0,0,0,0
"77",3.48219115947841,0,3.7096664408749,0,0,0,0
"78",0,0,0,0,0,0,0
"79",0,0,0,0,0,0,0
"80",0,0,0,0,0,0,0
"81",143.992786369416,0,146.066956460531,0,0,0,0
"82",0,0,0,0,0,0,0
"83",9.77722672218665,0,4.37694172112622,0,0,0,0
"84",69.4169292161566,0,65.3165289121206,0,0,0,0
"85",0,0,0,0,0,0,0
"86",5.0234129463737,0,0,0,0,0,0
"87",0,0,0,0,0,0,0
"88",7.48358441474817,0,13.5469872376114,0,0,0,0
"89",0,0,0,0,0,0,0
"90",0,0,0,0,0,0,0
"91",25.9813152834183,0,18.911151448588,0,0,0,0
"92",198.667513676066,0,202.368394392102,0,0,0,0
"93",0,0,0,0,0,0,0
"94",25.0825997096588,0,44.7737439406339,0,0,0,0
"95",0,0,0,0,0,0,0
"96",129.973096912186,0,134.884754089136,0,0,0,0
"97",131.739887161475,0,136.044496605246,0,0,0,0
"98",0,0,0,0,0,0,0
"99",0,0,0,0,0,0,0
"100",10.7349123436968,0,8.00571738992585,0,0,0,0
"101",0,0,0,0,0,0,0
"102",137.366369609306,0,136.867310259162,0,0,0,0
"103",0.46470771551217,0,0,0,0,0,0
"104",0.826386848899849,0,0,0,0,0,0
"105",0,0,0,0,0,0,0
"106",12.4238178311282,0,0,0,0,0,0
"107",19.7288179800647,0,18.3740304584795,0,0,0,0
"108",3.32287894603596,0,0,0,0,0,0
"109",0,0,0,0,0,0,0
"110",0,0,0,0,0,0,0
"111",125.605080545448,0,128.347279677797,0,0,0,0
"112",0,0,0,0,0,0,0
"113",0,0,0,0,0,0,0
"114",3.17194622301803,0,0,0,0,0,0
"115",0,0,0,0,0,0,0
"116",115.084809685749,0,126.323368903944,0,0,0,0
"117",0,0,0,0,0,0,0
"118",0,0,0,0,0,0,0
"119",0,0,0,0,0,0,0
"120",0,0,0,0,0,0,0
"121",0,0,0,0,0,0,0
"122",2.88398707997381,0,7.12829085531583,0,0,0,0
"123",8.52816914861423,0,7.7385227101773,0,0,0,0
"124",0,0,0,0,0,0,0
"125",16.5829021429071,0,19.9908309618464,0,0,0,0
"126",0,0,0,0,0,0,0
"127",0,0,0,0,0,0,0
"128",0.760984068303312,0,2.53854578657375,0,0,0,0
"129",163.92615633485,0,166.389070424744,0,0,0,0
"130",101.687748870273,0,99.2494615625584,0,0,0,0
"131",164.706553894774,0,164.983275387985,0,0,0,0
"132",31.708763881419,0,27.5190951238085,0,0,0,0
"133",5.99240592116229,0,0,0,0,0,0
"134",0,0,0,0,0,0,0
"135",12.8855856694704,0,9.9634917425995,0,0,0,0
"136",0,0,0,0,0,0,0
"137",0,0,0,0,0,0,0
"138",0,0,0,0,0,0,0
"139",15.1096485047065,0,6.5371029505723,0,0,0,0
"140",0,0,0,0,0,0,0
"141",0,0,1.07992561617284,0,0,0,0
"142",202.273538915639,0,198.08220079809,0,0,0,0
"143",0,0,0,0,0,0,0
"144",0,0,2.30009010554997,0,0,0,0
"145",182.23945435265,0,191.541573071519,0,0,0,0
"146",0,0,0,0,0,0,0
"147",0,0,0,0,0,0,0
"148",192.603480876522,0,200.884818931037,0,0,0,0
"149",0,0,0,0,0,0,0
"150",0,0,0,0,0,0,0
"151",0,0,0,0,0,0,0
"152",37.8199675717297,0,37.5672043213612,0,0,0,0
"153",0,0,0.910416369488692,0,0,0,0
"154",0,0,0,0,0,0,0
"155",0,0,0,0,0,0,0
"156",0,0,0,0,0,0,0
"157",0,0,0,0,0,0,0
"158",1.24330386128403,0,1.6392583642557,0,0,0,0
"159",133.937154463162,0,138.946196934373,0,0,0,0
"160",0,0,0,0,0,0,0
"161",0,0,0,0,0,0,0
"162",0,0,0,0,0,0,0
"163",0,0,4.00607585649617,0,0,0,0
"164",21.7979936604313,0,9.85656643863263,0,0,0,0
"165",0,0,0,0,0,0,0
"166",190.037049580957,0,199.660859357268,0,0,0,0
"167",173.898736459648,0,182.717579306425,0,0,0,0
"168",0.709821214816679,0,0,0,0,0,0
"169",0,0,0,0,0,0,0
"170",0,0,0,0,0,0,0
"171",0,0,0,0,0,0,0
"172",124.299299085351,0,123.595625709856,0,0,0,0
"173",0,0,0,0,0,0,0
"174",110.095212629063,0,115.66337783913,0,0,0,0
"175",2.3173953522693,0,0,0,0,0,0
"176",0,0,0,0,0,0,0
"177",3.36923254129551,0,3.7367677416749,0,0,0,0
"178",7.23299708962198,0,0,0,0,0,0
"179",0,0,0,0,0,0,0
"180",10.1328674691658,0,18.3928113520255,0,0,0,0
"181",0,0,0,0,0,0,0
"182",0,0,0,0,0,0,0
"183",17.7761804881861,0,18.0977083865654,0,0,0,0
"184",0.718635126979236,0,0,0,0,0,0
"185",32.8249213388366,0,27.0516738646281,0,0,0,0
"186",4.26623260497432,0,18.448624035819,0,0,0,0
"187",0,0,1.88685246559692,0,0,0,0
"188",0,0,0,0,0,0,0
"189",5.57899402725624,0,0,0,0,0,0
"190",117.563128306046,0,120.49528868364,0,0,0,0
"191",0,0,0,0,0,0,0
"192",0,0,0,0,0,0,0
"193",11.4559507460869,0,2.31975175008878,0,0,0,0
"194",214.229694471396,0,210.766340215068,0,0,0,0
"195",0,0,7.23953136901439,0,0,0,0
"196",0,0,0,0,0,0,0
"197",100.262028461795,0,98.7492220067423,0,0,0,0
"198",0.857749739811767,0,6.57401034281921,0,0,0,0
"199",0,0,0,0,0,0,0
"200",157.579847691159,0,152.793029541008,0,0,0,0
"201",149.863450311466,0,146.530403154814,0,0,0,0
"202",0,0,0,0,0,0,0
"203",0,0,0,0,0,0,0
"204",0,0,0,0,0,0,0
"205",0,0,0,0,0,0,0
"206",155.295460279593,0,153.181705647664,0,0,0,0
"207",9.25576675648476,0,6.11523534935996,0,0,0,0
"208",12.0356319125994,0,16.2000979794239,0,0,0,3.48751920621711
"209",0,0,0,0,0,0,0
"210",41.3816611711339,0,44.0609206340877,0,0,0,0
"211",0,0,0,0,0,0,0
"212",35.1532933426969,0,36.827402712281,0,0,0,0
"213",5.42041620521584,0,0,0,0,0,0
"214",0,0,0,0,0,0,0
"215",0,0,0,0,0,0,0
"216",172.03760495499,0,171.789401429668,0,0,0,0
"217",4.50115603275493,0,29.6393663737208,0,0,0,0
"218",0,0,0,0,0,0,0
"219",0,0,0,0,0,0,0
"220",0,0,0,0,0,0,0
"221",7.30786677874781,0,1.96258377754838,0,0,0,0
"222",0,0,0,0,0,0,0
"223",0,0,0,0,0,0,0
"224",3.6278507742627,0,31.6708826782211,0,0,0,0
"225",131.048116374622,0,119.387621670676,0,0,0,0
"226",0,0,0,0,0,0,0
"227",25.3792412317305,0,26.2917524430665,0,0,0,0
"228",121.088876768897,117.452715100108,115.686504489422,0,0,0,6.36763398366084
"229",8.57661552187134,0,0,0,0,0,0
"230",0,0,0,0,0,0,0
"231",0,0,9.19401750761553,0,0,0,0
"232",108.769592361717,0,120.875750179519,0,0,0,0
"233",67.6935608454944,0,62.3355703990391,0,0,0,0
"234",0,0,0,0,0,0,0
"235",0,0,0,0,0,0,0
"236",0,0,0,0,0,0,0
"237",0,0,0,0,0,0,0
"238",0,0,22.5551789619964,0,0,0,0
"239",0,0,3.36632625055899,0,0,0,0
"240",11.5292170225835,0,19.386712911864,0,0,0,0
"241",2.68821916934221,0,0,0,0,0,0
"242",7.29976809241488,0,0.168325487397249,0,0,0,0
"243",12.3705375485064,0,15.5900708258728,0,0,0,0
"244",87.8065199010869,0,89.0942708963053,0,0,0,0
"245",1.25626005254664,0,2.83150819741817,0,0,0,0
"246",0,0,0,0,0,0,0
"247",0,0,0,0,0,0,0
"248",0,0,0,0,0,0,0
"249",158.84634793296,73.8846691320867,164.006059830969,79.1477425089586,74.1983738508208,57.6477887164746,70.2189528942379
"250",0,0,0,0,0,0,0
"251",117.222072279541,0,139.252528849292,0,0,0,0
"252",0,0,0,0,0,0,0
"253",0,0,0,0,0,0,0
"254",31.5619494449521,0,24.0986343472402,0,0,0,0
"255",0,0,0,0,0,0,0
"256",28.9639303619169,0,25.4722556568844,0,0,0,0
"257",19.6045069279631,0,24.0869875253206,0,0,0,0
"258",0.850146095418761,0,0,0,0,0,0
"259",135.473416758983,0,132.475595825566,0,0,0,0
"260",0,0,0,0,0,0,0
"261",0,0,0,0,0,0,0
"262",0,0,7.99645769282323,0,0,0,0
"263",0,0,0,0,0,0,0
"264",0,0,0,0,0,0,0
"265",0,0,0,0,0,0,0
"266",4.18260799520294,0,11.1531302559309,0,0,0,0
"267",0,0,0,0,0,0,0
"268",0,0,0,0,0,0,0
"269",4.76569499334117,0,1.91137674606002,0,0,0,0
"270",0,0,0,0,0,0,0
"271",0,0,0,0,0,0,0
"272",147.149952090664,0,146.652237690231,0,0,0,0
"273",4.84244893446193,0,5.72461447328281,0,0,0,0
"274",0,0,0,0,0,0,0
"275",15.8384637973217,0,11.1434445583418,0,0,0,0
"276",0,0,4.0003314665951,0,0,0,0
"277",45.7668878862945,0,46.7740618431807,0,0,0,0
"278",21.816182648754,0,5.35910934767015,0,0,0,0
"279",0,0,2.36261441400093,0,0,0,0
"280",0,0,0,0,0,0,0
"281",10.0047571769967,0,0,0,0,0,0
"282",136.816330127193,0,133.134269660962,0,0,0,0
"283",41.7689435896255,0,42.2073115060632,0,0,0,0
"284",0,0,0,0,0,0,0
"285",54.354063713219,0,60.6597985671218,0,0,0,0
"286",49.0978765619714,0,53.6838678309856,0,0,0,0
"287",40.9954003463156,0,67.7813354957503,0,0,0,0
"288",5.51469796115238,0,14.1833184588356,0,0,0,0
"289",3.51220361919589,0,0,0,0,0,0
"290",0,0,0,0,0,0,0
"291",0,0,0,0,0,0,0
"292",0,0,0,0,0,0,0
"293",1.35060562986993,0,0,0,0,0,0
"294",0,0,0,0,0,0,0
"295",3.57976661302101,0,0,0,0,0,0
"296",99.7200282745629,0,96.0432932461044,0,0,0,0
"297",0,0,2.3126042249788,0,0,0,0
"298",0,0,0,0,0,0,0
"299",0,0,0,0,0,0,0
"300",74.8396162490751,0,77.7914590733642,0,0,0,0
"301",138.707513931411,0,135.206873034397,0,0,0,0
"302",12.1517788838771,0,0,0,0,0,0
"303",57.3651067466225,0,44.492857530694,0,0,0,0
"304",0,0,0,0,0,0,0
"305",14.7869387869735,0,14.7542089560695,0,0,0,0
"306",40.9715553507887,0,28.5233803252413,0,0,0,0
"307",0,0,0,0,0,0,0
"308",0,0,0,0,0,0,0
"309",0,0,0,0,0,0,0
"310",0,0,14.0278650690867,0,0,0,0
"311",5.69632423146543,0,14.9677600507653,0,0,0,0
"312",0,0,0,0,0,0,0
"313",157.789670473663,0,154.720007030426,0,0,0,0
"314",2.42333671741492,0,0,0,0,0,0
"315",94.4769574117142,0,85.9264047602639,0,0,0,0
"316",0,0,0,0,0,0,0
"317",0,0,2.94450903538318,0,0,0,0
"318",10.999415237173,0,0,0,0,0,0
"319",0,0,0,0,0,0,0
"320",0,0,0,0,0,0,0
"321",0,0,0,0,0,0,0
"322",7.89720043652728,0,8.26878853791938,0,0,0,0
"323",0,0,0,0,0,0,0
"324",8.07986138084465,0,2.10271938533877,0,0,0,0
"325",2.64948103374156,0,0,0,0,0,0
"326",0,0,0,0,0,0,0
"327",0,0,0,0,0,0,0
"328",42.5619943810205,0,36.2427047091847,0,0,0,0
"329",0,0,0,0,0,0,0
"330",0.801853459935324,0,0,0,0,0,0
"331",0,0,0,0,0,0,0
"332",0,0,0,0,0,0,0
"333",0,0,0,0,0,0,0
"334",105.312187545787,0,103.182805601439,0,0,0,0
"335",0,0,0,0,0,0,0
"336",84.4237249513156,78.0189621994633,83.1560903494385,80.374213465672,82.8782289260528,79.3510466273095,80.9631766944291
"337",178.080031449996,0,182.910637124737,0,0,0,0
"338",0,0,0,0,0,0,0
"339",143.20054491168,0,144.528866170188,0,0,0,0
"340",0,0,0,0,0,0,0
"341",271.231123522499,0,263.526474929511,0,0,0,0
"342",0,0,0,0,0,0,0
"343",0,0,0,0,0,0,0
"344",0,0,0,0,0,0,0
"345",133.646611425317,0,131.661250270024,0,0,0,0
"346",0,0,0,0,0,0,0
"347",13.3644267902366,0,12.8840323902085,0,0,0,0
"348",0,0,0,0,0,0,0
"349",0,0,0,0,0,0,0
"350",0,0,0,0,0,0,0
"351",0,0,0,0,0,0,0
"352",14.1464388880593,0,11.8881322581619,0,0,0,0
"353",185.18485311661,0,186.951542920802,0,0,0,0
"354",0,0,0,0,0,0,0
"355",0,0,0,0,0,0,0
"356",0,0,1.3122715312854,0,0,0,0
"357",5.06223237161684,0,0,0,0,0,0
"358",0,0,0,0,0,0,0
"359",152.95147969643,0,147.425525948172,0,0,0,0
"360",203.073365159711,0,217.176068999363,0,0,0,0
"361",0,0,0,0,0,0,0
"362",0,0,0,0,0,0,0
"363",124.32769335001,0,128.543256854053,0,0,0,0
"364",0,0,0,0,0,0,0
"365",0,0,0,0,0,0,0
"366",1.95495787963402,0,0,0,0,0,0
"367",0,0,0,0,0,0,0
"368",0,0,0,0,0,0,0
"369",135.898207267138,0,135.15327642331,0,0,0,0
"370",0,0,0,0,0,0,0
"371",0,0,0,0,0,0,0
"372",161.64416108141,0,168.845632234956,0,0,0,0
"373",164.961589353746,0,171.115484508943,0,0,0,0
"374",0,0,0,0,0,0,0
"375",0.935930294401137,0,0,0,0,0,0
"376",0,0,0,0,0,0,0
"377",17.3250417608486,0,19.1690665431973,0,0,0,0
"378",0,0,0,0,0,0,0
"379",0,0,0,0,0,0,0
"380",0,0,0,0,0,0,0
"381",0,0,0,0,0,0,0
"382",0,0,0,0,0,0,0
"383",0,0,0,0,0,0,0
"384",99.346323146446,0,116.687571082455,0,0,0,0
"385",0,0,0,0,0,0,0
"386",0,0,0,0,0,0,0
"387",0,0,0,0,0,0,0
"388",0,0,0,0,0,0,0
"389",5.67106347823021,0,0,0,0,0,0
"390",50.1402096223416,0,54.2507651329012,0,0,0,0
"391",84.3940532356569,0,90.5085064170366,0,0,0,0
"392",216.325900761067,0,231.629530946007,0,0,0,0
"393",0,0,0,0,0,0,0
"394",48.9613716383412,0,38.0909694881402,0,0,0,0
"395",11.1907604218616,0,0,0,0,0,0
"396",2.55000428227428,0,0,0,0,0,0
"397",1.25853116408965,0,0,0,0,0,0
"398",7.39106636451968,0,0,0,0,0,0
"399",112.480443663545,0,113.152522047499,0,0,0,0
"400",40.4754332606697,0,44.6341332383381,0,0,0,0
"401",0,0,0,0,0,0,0
"402",122.917788371012,0,127.284770564352,0,0,0,0
"403",12.1997053714592,0,5.53028191716246,0,0,0,0
"404",14.4580109740208,0,9.26760687491387,0,0,0,0
"405",13.1303589499628,0,12.4986233680525,0,0,0,0
"406",19.7259562532126,0,21.2579937690522,0,0,0,0
"407",116.410020596468,0,112.895714150018,0,0,0,0
"408",11.0938376105587,0,14.2670107697983,0,0,0,0
"409",194.048631380828,0,192.991353665462,0,0,0,0
"410",27.6270831343296,0,18.6391213811507,0,0,0,0
"411",222.438685261828,0,224.244563004762,0,0,0,0
"412",132.509916032396,0,128.299586984019,0,0,0,0
"413",0,0,0,0,0,0,0
"414",0,0,0,0,0,0,0
"415",69.6479854434622,0,84.5654116756185,0,0,0,0
"416",0,0,0,0,0,0,0
"417",64.4467108502442,0,58.1751894115802,0,0,0,0
"418",233.571852285277,0,239.58868676037,0,0,0,0
"419",0,0,0,0,0,0,0
"420",0,0,0,0,0,0,0
"421",0,0,0,0,0,0,0
"422",0,0,3.10512607414439,0,0,0,0
"423",221.944837490732,0,227.989026571255,0,0,0,0
"424",0,0,0,0,0,0,0
"425",0,0,4.86197323660087,0,0,0,0
"426",3.46286936237363,0,0,0,0,0,0
"427",0,0,0,0,0,0,0
"428",0,0,0,0,0,0,0
"429",0,0,0,0,0,0,0
"430",0,0,0,0,0,0,0
"431",0,0,0,0,0,0,0
"432",15.7685619516165,0,4.58490096429296,0,0,0,0
"433",15.848686310268,0,0,0,0,0,0
"434",0,0,0,0,0,0,0
"435",0,0,0,0,0,0,0
"436",122.683791744079,0,121.109968406955,0,0,0,0
"437",0,0,0,0,0,0,0
"438",0,0,0,0,0,0,0
"439",0,0,0.760586472702712,0,0,0,0
"440",0,0,4.38294287170622,0,0,0,0
"441",0,0,0,0,0,0,0
"442",0,0,0,0,0,0,0
"443",196.697122220619,0,198.816785457491,0,0,0,0
"444",4.54841844982939,0,0,0,0,0,0
"445",0,0,0,0,0,0,0
"446",1.49696641542779,0,0.841150101252714,0,0,0,0
"447",0,0,0,0,0,0,0
"448",0,0,0,0,0,0,0
"449",0,0,0,0,0,0,0
"450",0,0,0,0,0,0,0
"451",0,0,0,0,0,0,0
"452",0,0,0.453982820371597,0,0,0,0
"453",0,0,0,0,0,0,0
"454",12.2606009071299,0,13.8665506833623,0,0,0,0
"455",8.51955993482092,0,4.98555901245378,0,0,0,0
"456",72.6239603672176,0,83.1918427371507,0,0,0,0
"457",183.96451177883,0,186.472682485827,0,0,0,0
"458",168.283143757516,0,159.364170836392,0,0,0,0
"459",0,0,0,0,0,0,0
"460",0,0,0,0,0,0,0
"461",0,0,0,0,0,0,0
"462",0,0,0,0,0,0,0
"463",0,0,0,0,0,0,0
"464",0,0,0,0,0,0,0
"465",0,0,0,0,0,0,0
"466",4.75269330865254,0,8.85651263633956,0,0,0,0
"467",29.8579037020473,0,35.0484858947839,0,0,0,0
"468",0,0,0,0,0,0,0
"469",0,0,3.37622579456892,0,0,0,0
"470",6.02500773006976,0,3.95030991671655,0,0,0,0
"471",0,0,0,0,0,0,0
"472",0,0,16.8126457943585,0,0,0,0
"473",1.26028487374662,0,0,0,0,0,0
"474",4.01415274876937,0,0,0,0,0,0
"475",19.3741449068345,0,17.2564511906788,0,0,0,0
"476",0,0,0,0,0,0,0
"477",3.11943695245649,0,5.35759825661793,0,0,0,0
"478",0,0,0,0,0,0,0
"479",0,0,0,0,0,0,0
"480",141.454598936895,0,138.602201807173,0,0,0,0
"481",5.89233065700291,0,6.95840102072521,0,0,0,0
"482",0,0,0,0,0,0,0
"483",0,0,0,0,0,0,0
"484",47.2475971933396,0,40.3221148295237,0,0,0,0
"485",113.187886323026,0,115.196189651625,0,0,0,0
"486",0,0,0,0,0,0,0
"487",20.3046033512947,0,5.45651188769956,0,0,0,0
"488",0,0,0,0,0,0,0
"489",6.30060771696664,0,19.0858746360533,0,0,0,0
"490",0,0,0,0,0,0,0
"491",8.45198922318386,0,0,0,0,0,0
"492",0,0,0,0,0,0,0
"493",0,0,0,0,0,0,0
"494",0,0,0,0,0,0,0
"495",14.5014182362447,0,0,0,0,0,0
"496",113.326511273573,0,117.472891064441,0,0,0,0
"497",0,0,0,0,0,0,0
"498",3.49896120023154,0,1.57240045093971,0,0,0,0
"499",4.08192526285091,0,3.53253115855332,0,0,0,0
"500",42.0605243873948,0,26.8043170968046,0,0,0,0
"501",0,0,0,0,0,0,0
"502",206.606339743644,0,203.717300528005,0,0,0,0
"503",0,0,0,0,0,0,0
"504",25.4689272341232,0,23.4398526641632,0,0,0,0
"505",0,0,0,0,0,0,0
"506",3.04413235226281,0,0,0,0,0,0
"507",15.3192448259053,0,3.53087592520445,0,0,0,0
"508",2.72728193706043,0,2.97470838577744,0,0,0,0
"509",3.08912676129835,0,0,0,0,0,0
"510",0,0,0,0,0,0,0
"511",165.103614733655,0,168.464830487313,0,0,0,0
"512",0,0,0,0,0,0,0
"513",7.17032024512413,0,4.83735744873934,0,0,0,0
"514",0,0,0,0,0,0,0
"515",26.9441170154907,0,18.9139800442597,0,0,0,0
"516",0,0,0,0,0,0,0
"517",0,0,0,0,0,0,0
"518",0,0,0.714184979971458,0,0,0,0
"519",10.0106096538872,0,0,0,0,0,0
"520",0,0,0,0,0,0,0
"521",0,0,0,0,0,0,0
"522",51.647015004273,0,51.5869330127914,0,0,0,0
"523",0,0,0,0,0,0,0
"524",12.9995187004556,0,15.133308943306,0,0,0,0
"525",12.1537320784648,0,0,0,0,0,0
"526",0,0,0,0,0,0,0
"527",17.6686750332527,0,11.0325858004303,0,0,0,0
"528",0,0,6.236578443717,0,0,0,0
"529",0,0,0,0,0,0,0
"530",154.559944003566,0,162.944762932583,0,0,0,0
"531",0,0,0,0,0,0,0
"532",9.11204013219436,0,0,0,0,0,0
"533",11.288169878642,0,5.41382723450305,0,0,0,0
"534",0,0,0,0,0,0,0
"535",0,0,0,0,0,0,0
"536",1.24447927558318,0,1.6006372021587,0,0,0,0
"537",0,0,0,0,0,0,0
"538",0,0,0,0,0,0,0
"539",0,0,0,0,0,0,0
"540",6.83364605548966,0,4.16064966527713,0,0,0,0
"541",0,0,0,0,0,0,0
"542",3.51453779750509,0,0,0,0,0,0
"543",75.0254691942062,0,76.2883418336644,0,0,0,0
"544",0,0,0,0,0,0,0
"545",0,0,0,0,0,0,0
"546",0,0,0,0,0,0,0
"547",0,0,0,0,0,0,0
"548",4.41400442118144,0,6.12168607564632,0,0,0,0
"549",175.332279636241,0,170.913833461276,0,0,0,0
"550",0,0,0,0,0,0,0
"551",0,0,0,0,0,0,0
"552",14.7233893465983,0,18.1083463000702,0,0,0,0
"553",0,0,0,0,0,0,0
"554",0,0,0,0,0,0,0
"555",0,0,0,0,0,0,0
"556",23.3234525600924,0,24.3816754263874,0,0,0,0
"557",3.81316283553555,0,0,0,0,0,0
"558",0,0,0,0,0,0,0
"559",25.0395128910061,0,26.3026485951778,0,0,0,0
"560",0,0,0,0,0,0,0
"561",0,0,0,0,0,0,0
"562",0,0,0,0,0,0,0
"563",0,0,0,0,0,0,0
"564",0,0,0.470605625498476,0,0,0,0
"565",21.5740198124367,0,22.1284188317511,0,0,0,0
"566",0,0,0,0,0,0,0
"567",0,0,0.298387633484653,0,0,0,0
"568",0,0,0,0,0,0,0
"569",176.426945028801,0,170.482041547037,0,0,0,0
"570",0,0,0,0,0,0,0
"571",0,0,0,0,0,0,0
"572",0,0,0,0,0,0,0
"573",0,0,0,0,0,0,0
"574",0,0,0,0,0,0,0
"575",107.86137831121,0,109.689698080743,0,0,0,0
"576",83.2646833555929,0,85.4485009168576,0,0,0,0
"577",17.4227228409805,0,16.6329649844784,0,0,0,0
"578",174.09953539503,0,173.468219434347,0,0,0,0
"579",0,0,0,0,0,0,0
"580",0,0,0,0,0,0,0
"581",152.175732981172,0,153.791518403199,0,0,0,0
"582",0,0,0,0,0,0,0
"583",0,0,0,0,0,0,0
"584",2.12264155185571,0,0,0,0,0,0
"585",145.548248196846,0,152.822850180295,0,0,0,0
"586",46.4147813401836,0,29.8867950227509,0,0,0,0
"587",124.537190791069,0,135.715059855257,0,0,0,0
"588",0,0,0,0,0,0,0
"589",12.833087187862,0,12.2144822699547,0,0,0,0
"590",26.281272321391,0,26.8323560143389,0,0,0,0
"591",0,0,0,0,0,0,0
"592",0,0,0,0,0,0,0
"593",0,0,0,0,0,0,0
"594",1.81946216067293,0,0,0,0,0,0
"595",0,0,0,0,0,0,0
"596",0,0,0,0,0,0,0
"597",116.375756802846,0,112.502869635089,42.5575747607872,0,0,33.0629674020308
"598",0,0,0,0,0,0,0
"599",144.220093423093,0,158.182451957357,0,0,0,0
"600",58.8436081357477,0,58.6727837160572,0,0,0,0
"601",0,0,0,0,0,0,0
"602",0,0,0,0,0,0,0
"603",8.96141617713327,0,6.63163730842268,0,0,0,0
"604",2.04516750103443,0,0,0,0,0,0
"605",39.2715553081993,0,40.9549022612734,0,0,0,0
"606",88.0735467457334,39.6661498765857,60.237917863504,41.885683597483,42.7246966583631,0,0
"607",0,0,0,0,0,0,0
"608",0,0,15.9489084981289,0,0,0,0
"609",5.72215118531681,0,9.6251607323644,0,0,0,0
"610",150.535481357456,0,147.676546042034,0,0,0,0
"611",0,0,11.4939355175131,0,0,0,0
"612",0,0,0,0,0,0,0
"613",2.17221930267602,0,13.9186585828035,0,0,0,0
"614",127.789682057541,0,123.778425732285,0,0,0,0
"615",0,0,0,0,0,0,0
"616",0,0,0,0,0,0,0
"617",0,0,0,0,0,0,0
"618",8.99902078774433,0,6.15723966689821,0,0,0,0
"619",0,0,0,0,0,0,0
"620",7.76632839491093,0,9.90573199473794,0,0,0,0
"621",0,0,0,0,0,0,0
"622",0,0,0,0,0,0,0
"623",0,0,0,0,0,0,0
"624",2.14435798015943,0,0,0,0,0,0
"625",148.403106228528,24.4973339508024,139.135941676432,20.787859633074,0,17.3714512400981,21.608796802379
"626",0,0,0,0,0,0,0
"627",0,0,0,0,0,0,0
"628",25.3364549853364,0,22.8587145973055,0,0,0,0
"629",141.371070307986,0,143.470869581332,0,0,0,0
"630",119.075094481207,0,124.552466950531,0,0,0,0
"631",0,0,0,0,0,0,0
"632",0,0,10.0550613698839,0,0,0,0
"633",0,0,0,0,0,0,0
"634",0,0,0,0,0,0,0
"635",0,0,0,0,0,0,0
"636",0,0,0,0,0,0,0
"637",148.068931041836,0,154.969330784274,0,0,0,0
"638",0,0,0,0,0,0,0
"639",11.5037925191342,0,13.1160403990281,0,0,0,0
"640",0,0,0,0,0,0,0
"641",0,0,0,0,0,0,0
"642",29.2281200511232,0,32.7007219921104,0,0,0,0
"643",225.0857233984,0,212.729936868506,0,0,0,0
"644",11.0257366994886,0,0,0,0,0,0
"645",0,0,0,0,0,0,0
"646",0,0,0,0,0,0,0
"647",0.639053173862288,0,0,0,0,0,0
"648",9.24908347688085,0,6.19855560572619,0,0,0,0
"649",0,0,0,0,0,0,0
"650",0.408125973149621,0,0,0,0,0,0
"651",0,0,5.7497025933935,0,0,0,0
"652",0,0,0,0,0,0,0
"653",22.2976865526947,0,20.269930552758,0,0,0,0
"654",0,0,0,0,0,0,0
"655",0,0,0,0,0,0,0
"656",0,0,3.46715877196457,0,0,0,0
"657",8.46990944309389,0,9.71362548420501,0,0,0,0
"658",0,0,0.578352840504516,0,0,0,0
"659",0,0,0,0,0,0,0
"660",0,0,0,0,0,0,0
"661",6.06404026196776,0,0,0,0,0,0
"662",9.46249187910884,0,0,0,0,0,0
"663",160.412956359735,0,151.616769214798,0,0,0,0
"664",0,0,0,0,0,0,0
"665",129.380318797759,0,127.402097201786,0,0,0,0
"666",4.7244908797758,0,2.34011792247605,0,0,0,0
"667",11.0570976091904,0,0,0,0,0,0
"668",1.912303556064,0,0,0,0,0,0
"669",0,0,0,0,0,0,0
"670",9.34002783392512,0,15.0293450580755,0,0,0,0
"671",6.59102277450663,0,3.22985242874785,0,0,0,0
"672",0,0,0,0,0,0,0
"673",0,0,0,0,0,0,0
"674",0,0,0,0,0,0,0
"675",9.54022297189988,0,10.0800589546034,0,0,0,0
"676",0,0,0,0,0,0,0
"677",153.702994314366,0,155.170858781786,0,0,0,0
"678",0,0,0,0,0,0,0
"679",0,0,0,0,0,0,0
"680",0,0,4.36040696557945,0,0,0,0
"681",174.278367496776,0,176.009011466792,0,0,0,0
"682",2.60414600319468,0,0,0,0,0,0
"683",0,0,0,0,0,0,0
"684",0,0,0,0,0,0,0
"685",2.43253500475755,0,3.42159170156531,0,0,0,0
"686",40.1656110993913,0,38.7207394533493,0,0,0,0
"687",0,0,0,0,0,0,0
"688",21.1379940232556,0,20.1507821531925,0,0,0,0
"689",0,0,0,0,0,0,0
"690",0,0,4.54282675573042,0,0,0,0
"691",0,0,0,0,0,0,0
"692",0,0,0,0,0,0,0
"693",27.5238621236904,0,25.3384775109989,0,0,0,0
"694",0,0,0,0,0,0,0
"695",2.7938877083318,0,8.3119462150135,0,0,0,0
"696",8.18273471596671,0,8.21525034654277,0,0,0,0
"697",36.9034063519478,0,48.4355654698225,0,0,0,0
"698",0,0,9.13328547124647,0,0,0,0
"699",0,0,0,0,0,0,0
"700",0,0,0,0,0,0,0
"701",8.2486684161838,0,0,0,0,0,0
"702",0,0,0,0,0,0,0
"703",41.8611388146323,0,43.1913750862474,0,0,0,0
"704",0,0,0,0,0,0,0
"705",0,0,0,0,0,0,0
"706",0,0,9.25638264733995,0,0,0,0
"707",0,0,9.44965500892942,0,0,0,0
"708",157.750845432771,0,148.720407128729,0,0,0,0
"709",5.27658491067428,0,11.8009746683022,0,0,0,0
"710",57.3860736166707,0,49.9998456489606,0,0,0,0
"711",0,0,0,0,0,0,0
"712",0,0,0,0,0,0,0
"713",0,0,0,0,0,0,0
"714",0,0,0.737906127023012,0,0,0,0
"715",139.137246837488,0,155.865930291993,0,0,0,0
"716",0,0,0,0,0,0,0
"717",48.0544118424071,0,50.318426899103,0,0,0,0
"718",0,0,0,0,0,0,0
"719",7.3051850570539,0,12.7998742933039,0,0,0,0
"720",0,0,0,0,0,0,0
"721",0,0,0,0,0,0,0
"722",2.54647967570129,0,3.69117970284122,0,0,0,0
"723",18.8545947829635,0,14.1922185875594,0,0,0,0
"724",0,0,0,0,0,0,0
"725",0,0,0,0,0,0,0
"726",0,0,0,0,0,0,0
"727",0,0,0,0,0,0,0
"728",4.89276109457508,0,0,0,0,0,0
"729",0,0,0,0,0,0,0
"730",0,0,2.6536395905294,0,0,0,0
"731",0,0,0,0,0,0,0
"732",5.50404122478211,0,0,0,0,0,0
"733",150.547350571211,0,151.741195743222,0,0,0,0
"734",0,0,0,0,0,0,0
"735",7.74337467546875,0,3.3843866656431,0,0,0,0
"736",178.539389319519,0,166.553452317152,0,0,0,0
"737",0,0,0,0,0,0,0
"738",0,0,0,0,0,0,0
"739",176.339558470774,10.3535454866301,176.920571935511,132.244398638296,144.890396612019,135.69176955885,12.9302054678046
"740",0,0,0,0,0,0,0
"741",0,0,0,0,0,0,0
"742",13.0608147285896,0,7.09366045642527,0,0,0,0
"743",2.95963677526152,0,0,0,0,0,0
"744",0,0,0,0,0,0,0
"745",0.684311770322795,0,0,0,0,0,0
"746",0,0,9.97031455146876,0,0,0,0
"747",0,0,0,0,0,0,0
"748",1.91054918146093,0,4.64586721445105,0,0,0,0
"749",0,0,0,0,0,0,0
"750",5.67614145043938,0,9.36237330842575,0,0,0,0
"751",2.58768648771733,0,0,0,0,0,0
"752",20.440627884292,0,15.4414221300658,0,0,0,0
"753",15.3185113775481,0,12.5935087767591,0,0,0,0
"754",12.0663392166205,0,12.6357841046815,0,0,0,0
"755",4.02414014683585,0,6.59276848463853,0,0,0,0
"756",0,0,0,0,0,0,0
"757",0,0,0,0,0,0,0
"758",0,0,0,0,0,0,0
"759",1.47775704919137,0,0,0,0,0,0
"760",0,0,0,0,0,0,0
"761",0,0,0,0,0,0,0
"762",0,0,0,0,0,0,0
"763",3.65535604981724,0,0,0,0,0,0
"764",0,0,6.66366073491567,0,0,0,0
"765",0,0,0,0,0,0,0
"766",29.5007552952922,0,35.7810165027087,0,0,0,0
"767",0,0,0,0,0,0,0
"768",3.067942784224,0,9.48134032368931,0,0,0,0
"769",0,0,0,0,0,0,0
"770",0,0,0,0,0,0,0
"771",36.7614800114513,0,29.3713969962056,0,0,0,0
"772",0,0,0,0,0,0,0
"773",0,0,0,0,0,0,0
"774",0,0,0,0,0,0,0
"775",20.0880015825586,0,19.1913342197117,0,0,0,0
"776",0,0,0,0,0,0,0
"777",177.834495711672,0,177.495242981331,0,0,0,0
"778",13.7979225856008,0,13.6663969154156,0,0,0,0
"779",2.39285722522145,0,0,0,0,0,0
"780",0,0,0,0,0,0,0
"781",3.18476441675941,0,0,0,0,0,0
"782",0,0,0,0,0,0,0
"783",1.05911918302798,0,0,0,0,0,0
"784",109.401424565571,0,106.083733449186,0,0,0,0
"785",32.2185175290231,0,31.348265712356,0,0,0,0
"786",0,0,0,0,0,0,0
"787",0,0,0,0,0,0,0
"788",0,0,0,0,0,0,0
"789",141.702649058362,0,137.365927915817,0,0,0,0
"790",0,0,0,0,0,0,0
"791",182.223787021175,0,202.369677205897,0,0,0,0
"792",0,0,6.80175525370829,0,0,0,0
"793",17.7701109754819,0,22.2608599057394,0,0,0,0
"794",4.3041998185529,0,0,0,0,0,0
"795",32.5720230355176,0,29.338592707779,0,0,0,0
"796",0,0,0,0,0,0,0
"797",0,0,0,0,0,0,0
"798",1.66616679808167,0,0,0,0,0,0
"799",0.670646582663925,0,0,0,0,0,0
"800",0,0,0,0,0,0,0
"801",0,0,0,0,0,0,0
"802",5.74937528097233,0,5.38753645141295,0,0,0,0
"803",0,0,0,0,0,0,0
"804",0,0,0,0,0,0,0
"805",0,0,0,0,0,0,0
"806",0,0,0.456303224008166,0,0,0,0
"807",0,0,3.62534704538729,0,0,0,0
"808",19.9781606258041,0,11.5246944549584,0,0,0,0
"809",0,0,0,0,0,0,0
"810",2.55745643850985,0,0,0,0,0,0
"811",0,0,0,0,0,0,0
"812",0,0,0,0,0,0,0
"813",145.239168210443,0,139.295164322221,0,0,0,0
"814",0,0,0,0,0,0,0
"815",0,0,0,0,0,0,0
"816",0,0,0,0,0,0,0
"817",0,0,0,0,0,0,0
"818",4.37659100714355,0,0,0,0,0,0
"819",215.680134673075,0,216.639958110531,0,0,0,0
"820",20.4649012554682,0,18.8130667512787,0,0,0,0
"821",244.102437673151,0,223.243091961171,0,0,0,0
"822",117.485857329797,0,116.897933940474,0,0,0,0
"823",0,0,0,0,0,0,0
"824",0,0,0,0,0,0,0
"825",0,0,0,0,0,0,0
"826",0,0,0,0,0,0,0
"827",5.73295466509893,0,16.5793750094212,0,0,0,0
"828",18.5249662536116,0,39.447723160984,0,0,0,0
"829",0,0,0,0,0,0,0
"830",77.3872308642901,0,77.9762790368435,0,0,0,0
"831",28.5715240296985,0,19.8888143597427,0,0,0,0
"832",0,0,0,0,0,0,0
"833",0,0,0,0,0,0,0
"834",0,0,0,0,0,0,0
"835",0,0,0,0,0,0,0
"836",0,0,0,0,0,0,0
"837",151.817797968281,0,148.094247451542,0,0,0,0
"838",0,0,0,0,0,0,0
"839",0,0,0,0,0,0,0
"840",0,0,2.21267009229241,0,0,0,0
"841",0,0,0,0,0,0,0
"842",0,0,9.74118299222517,0,0,0,0
"843",0,0,7.19765177119287,0,0,0,0
"844",0,0,0,0,0,0,0
"845",0,0,0,0,0,0,0
"846",180.441341483762,0,182.152911690183,0,0,0,0
"847",0,0,0,0,0,0,0
"848",29.8994246646368,0,28.8586148250016,0,0,0,0
"849",6.27129762118932,0,5.49449953261894,0,0,0,0
"850",153.806903288637,0,150.837440040431,0,0,0,0
"851",0,0,0,0,0,0,0
"852",14.838902003309,0,13.799705895633,0,0,0,0
"853",3.26310701035945,0,0,0,0,0,0
"854",26.8190250871169,0,23.9901512210147,0,0,0,0
"855",0,0,0,0,0,0,0
"856",0,0,16.2142104250242,0,0,0,0
"857",0,0,0,0,0,0,0
"858",4.78605013254545,0,0,0,0,0,0
"859",0,0,0,0,0,0,0
"860",0,0,0,0,0,0,0
"861",24.2267379771107,0,32.8807976875129,0,0,0,0
"862",132.761645106205,0,135.91514546087,0,0,0,0
"863",13.3187965757901,0,16.4712986759264,0,0,0,0
"864",8.09356324035422,0,14.4092187771499,0,0,0,0
"865",0,0,0,0,0,0,0
"866",206.05598583587,0,215.772708192114,0,0,0,0
"867",0,0,0,0,0,0,0
"868",0,0,0,0,0,0,0
"869",0,0,0,0,0,0,0
"870",6.75252288586255,0,7.88638948835205,0,0,0,0
"871",0,0,0,0,0,0,0
"872",152.536979750792,0,143.551743631566,0,0,0,0
"873",0,0,26.6763316209147,0,0,0,0
"874",0,0,0,0,0,0,0
"875",153.737502064018,0,160.937328251246,0,0,0,0
"876",0,0,0,0,0,0,0
"877",230.495897950235,0,228.646571259056,0,0,0,0
"878",0,0,0,0,0,0,0
"879",8.26975874744813,0,0,0,0,0,0
"880",0,0,0,0,0,0,0
"881",24.0352950536748,0,26.4670173570269,0,0,0,0
"882",0,0,1.62947572691067,0,0,0,0
"883",7.41054596998402,0,8.66072640520956,0,0,0,0
"884",193.323144561335,0,192.280667260585,0,0,0,0
"885",0,0,0,0,0,0,0
"886",88.0532793282043,0,91.9501924905973,0,0,0,0
"887",9.81917508721659,0,10.1338097046998,0,0,0,0
"888",0,0,0,0,0,0,0
"889",0,0,0,0,0,0,0
"890",170.102130449112,0,167.613816252395,0,0,0,0
"891",173.847819181201,0,170.437079088863,0,0,0,0
"892",0,0,0,0,0,0,0
"893",3.19270549041279,0,0,0,0,0,0
"894",0,0,1.27243329083831,0,0,0,0
"895",0,0,0,0,0,0,0
"896",121.931351153726,0,123.191392651757,0,0,0,0
"897",96.0973669238278,0,87.2430633304902,0,0,0,0
"898",153.887809965164,0,138.505075239789,0,0,0,0
"899",0,0,0,0,0,0,0
"900",0,0,16.9821725117908,0,0,0,0
"901",5.27398179932753,0,0,0,0,0,0
"902",0,0,0,0,0,0,0
"903",0,0,0,0,0,0,0
"904",59.8882236755427,0,50.1647370574369,0,0,0,0
"905",0,0,0,0,0,0,0
"906",0,0,10.8230446866277,0,0,0,0
"907",141.036055167836,0,140.680945544791,0,0,0,0
"908",0,0,0,0,0,0,0
"909",0,0,0,0,0,0,0
"910",51.4964550961475,0,49.5555159003426,0,0,0,0
"911",0,0,0,0,0,0,0
"912",2.21368561951173,0,0,0,0,0,0
"913",0,0,0,0,0,0,0
"914",0,0,0,0,0,0,0
"915",0.921996156268069,0,4.77863229531263,0,0,0,0
"916",39.8015941230176,0,38.5835581035011,0,0,0,0
"917",24.4604110678965,0,24.8907170047446,0,0,0,0
"918",2.09205774291286,0,0,0,0,0,0
"919",0,0,0,0,0,0,0
"920",206.454656186032,0,191.539897239664,0,0,0,0
"921",0,0,0,0,0,0,0
"922",0,0,0,0,0,0,0
"923",16.5970925329773,0,17.3172610280844,0,0,0,0
"924",0,0,0,0,0,0,0
"925",4.69333853085942,0,9.88727354807182,0,0,0,0
"926",0,0,0,0,0,0,0
"927",0,0,0,0,0,0,0
"928",19.3962863686671,0,20.494288166699,0,0,0,0
"929",0,0,0,0,0,0,0
"930",67.6303535727685,0,66.5232004723402,0,0,0,0
"931",0,0,0,0,0,0,0
"932",0,0,0,0,0,0,0
"933",0,0,0,0,0,0,0
"934",0,0,0,0,0,0,0
"935",0,0,0,0,0,0,0
"936",5.73619506827816,0,0,0,0,0,0
"937",2.76134603670636,0,0,0,0,0,0
"938",0,0,1.51503485024972,0,0,0,0
"939",0,0,0,0,0,0,0
"940",2.62083065985269,0,2.09899520395714,0,0,0,0
"941",0,0,22.8689243852253,0,0,0,0
"942",187.502036603403,0,180.075186564372,0,0,0,0
"943",85.6262341990749,0,84.921941645272,0,0,0,0
"944",125.269461141108,0,130.722382207049,0,0,0,0
"945",0,0,0,0,0,0,0
"946",0,0,0,0,0,0,0
"947",0,0,0,0,0,0,0
"948",0,0,0,0,0,0,0
"949",55.579534441089,0,50.3652690810212,0,0,0,0
"950",149.972523664774,0,147.643562748884,0,0,0,0
"951",0,0,0,0,0,0,0
"952",0,0,1.70398645749797,0,0,0,0
"953",0,0,0,0,0,0,0
"954",30.5115255735331,0,39.5785066020653,0,0,0,0
"955",16.2909995863291,0,16.2097808728747,0,0,0,0
"956",4.24518210800084,0,0.933072372935102,0,0,0,0
"957",27.9735852974098,0,33.4413037853747,0,0,0,0
"958",15.9177302632363,0,0,0,0,0,0
"959",0,0,0,0,0,0,0
"960",3.81802923331936,0,0,0,0,0,0
"961",26.299395676307,0,32.1231767280121,0,0,0,0
"962",0,0,0,0,0,0,0
"963",44.0475589420507,0,34.4953555779439,0,0,0,0
"964",7.65664388354993,0,5.1910719665549,0,0,0,0
"965",137.296952872117,0,135.27637490356,0,0,0,0
"966",0,0,0,0,0,0,0
"967",170.501296367019,0,168.621421592769,0,0,0,0
"968",0,0,4.57615976807958,0,0,0,0
"969",201.057746962471,0,209.268048669059,0,0,0,0
"970",3.46469566936409,0,0,0,0,0,0
"971",0,0,0,0,0,0,0
"972",19.1814328824024,0,16.9908066489616,0,0,0,0
"973",0,0,0,0,0,0,0
"974",15.2338605974595,0,12.2163577765277,0,0,0,0
"975",199.321243761574,0,199.171014176524,0,0,0,0
"976",0,0,0,0,0,0,0
"977",203.576390260702,0,204.490343531878,0,0,0,0
"978",1.07920889483581,0,0,0,0,0,0
"979",157.731929805935,0,158.16781416331,0,0,0,0
"980",0,0,0,0,0,0,0
"981",3.89510627430832,0,0,0,0,0,0
"982",56.1640549656605,0,49.1394843600278,0,0,0,0
"983",0.606688276236817,0,10.0453753050685,0,0,0,0
"984",0,0,0,0,0,0,0
"985",12.4201361131178,0,0,0,0,0,0
"986",0,0,0,0,0,0,0
"987",0,0,2.99041329772214,0,0,0,0
"988",215.630773303879,0,217.071649484219,0,0,0,203.897909217173
"989",0,0,0,0,0,0,0
"990",0,0,0,0,0,0,0
"991",24.6896905880664,0,31.2408323425042,0,0,0,0
"992",0,0,0,0,0,0,0
"993",0,0,0,0,0,0,0
"994",0,0,0,0,0,0,0
"995",15.3848316348215,0,28.7179222378441,0,0,0,0
"996",13.4002121112611,0,4.38655396342108,0,0,0,0
"997",14.5379161169632,0,10.6079170905452,0,0,0,0
"998",0,0,0,0,0,0,0
"999",35.1223306355137,0,28.2235487917047,0,0,0,0
"1000",0,0,0,0,0,0,0
"1001",0,0,0,0,0,0,0
"1002",176.723828687953,0,176.195592244074,0,0,0,0
"1003",0,0,6.19420330941719,0,0,0,0
"1004",0,0,0,0,0,0,0
"1005",8.24593014636592,0,8.04605307201926,0,0,0,0
"1006",5.80748604038156,0,0,0,0,0,0
"1007",168.98471422525,0,170.072231201397,0,0,0,0
"1008",0,0,0,0,0,0,0
"1009",241.043915033549,0,244.640679772826,0,0,0,0
"1010",107.851116423195,0,108.74382978043,0,0,0,0
"1011",0,0,0,0,0,0,0
"1012",12.5861871985559,0,15.362301331741,0,0,0,0
"1013",6.18667949339342,0,3.09105440419335,0,0,0,0
"1014",4.57692332901106,0,0,0,0,0,0
"1015",91.4257436608019,0,83.7461925462437,0,0,0,0
"1016",0,0,4.33884535177118,0,0,0,0
"1017",0,0,0,0,0,0,0
"1018",8.94788321908198,0,6.33251801969759,0,0,0,0
"1019",4.08382774570674,0,0,0,0,0,0
"1020",8.33945451816009,0,0,0,0,0,0
"1021",0,0,0,0,0,0,0
"1022",124.221006256818,0,138.955145035943,0,0,0,0
"1023",0,0,0,0,0,0,0
"1024",0,0,0,0,0,0,0
"1025",6.52082879026424,0,6.35803996645065,0,0,0,0
"1026",23.6164152836683,0,19.9503524193113,0,0,0,0
"1027",0,0,0,0,0,0,0
"1028",53.7657418580387,0,55.714789214775,0,0,0,0
"1029",244.903536728136,0,245.023522044677,0,0,0,0
"1030",0,0,0,0,0,0,0
"1031",149.039378232587,0,140.379802038738,0,0,0,0
"1032",0,0,0,0,0,0,0
"1033",109.707679482509,0,112.535796476549,0,0,0,0
"1034",85.9374658428273,0,72.5464960057379,0,0,0,0
"1035",0,0,0,0,0,0,0
"1036",69.3015954257401,0,67.4843841025881,0,0,0,0
"1037",0,0,0,0,0,0,0
"1038",6.13199354696736,0,0,0,0,0,0
"1039",3.33226113333115,0,0,0,0,0,0
"1040",45.1781111793701,0,43.7004525092487,0,0,0,0
"1041",0,0,0,0,0,0,0
"1042",0,0,0,0,0,0,0
"1043",2.60439848464742,0,1.04415363533982,0,0,0,0
"1044",3.78687497860026,0,20.9624946892683,0,0,0,0
"1045",0,0,0,0,0,0,0
"1046",86.4770788004039,0,84.3845951729663,0,0,0,0
"1047",0,0,0,0,0,0,0
"1048",130.831492719289,0,123.980926840533,0,0,0,0
"1049",16.2606356368665,0,2.62009369489591,0,0,0,0
"1050",142.435379313021,0,141.755278482285,0,0,0,0
"1051",0,0,0,0,0,0,0
"1052",0,0,1.81850109494694,0,0,0,0
"1053",0,0,0,0,0,0,0
"1054",0,0,0,0,0,0,0
"1055",0,0,0,0,0,0,0
"1056",3.99769239453561,0,5.08807799466809,0,0,0,0
"1057",0,0,0,0,0,0,0
"1058",0,0,0,0,0,0,0
"1059",36.2741863289172,0,12.6123258050708,0,0,0,0
"1060",0,0,0,0,0,0,0
"1061",29.1701168825377,0,28.920599711974,0,0,0,0
"1062",0,0,0,0,0,0,0
"1063",138.664243426158,0,137.048259118832,0,0,0,0
"1064",0,0,0,0,0,0,0
"1065",0,0,0,0,0,0,0
"1066",0,0,0,0,0,0,0
"1067",24.2906866534403,0,32.5258231187256,0,0,0,0
"1068",2.72694285253264,0,2.25545664087026,0,0,0,0
"1069",0,0,0,0,0,0,0
"1070",15.9431631192294,0,7.47213477193012,0,0,0,0
"1071",0,0,0,0,0,0,0
"1072",0,0,11.9013764039514,0,0,0,0
"1073",0,0,0,0,0,0,0
"1074",0,0,0,0,0,0,0
"1075",145.69100399158,0,144.919643970499,0,0,0,0
"1076",0,0,3.46294168769678,0,0,0,0
"1077",0,0,0,0,0,0,0
"1078",0,0,0,0,0,0,0
"1079",0,0,3.81815592674628,0,0,0,0
"1080",0,0,0,0,0,0,0
"1081",0,0,0,0,0,0,0
"1082",0,0,0,0,0,0,0
"1083",0,0,0,0,0,0,0
"1084",131.253466518966,0,128.767830996349,0,0,0,0
"1085",39.2023505919639,0,26.2458348443024,0,0,0,0
"1086",21.7883008854777,0,25.6453636946232,0,0,0,0
"1087",8.82894664630042,0,0,0,0,0,0
"1088",0,0,0,0,0,0,0
"1089",95.2856491299968,0,85.3216881663366,0,0,0,0
"1090",5.04062615649833,0,9.06904796476576,0,0,0,0
"1091",2.35083376999934,0,0,0,0,0,0
"1092",0,0,0,0,0,0,0
"1093",27.2810796502158,0,22.7702281330838,0,0,0,0
"1094",0,0,0,0,0,0,0
"1095",0,0,0,0,0,0,0
"1096",0,0,0,0,0,0,0
"1097",0,0,0,0,0,0,0
"1098",0,0,0,0,0,0,0
"1099",0.540573263133846,0,10.2479594404958,0,0,0,0
"1100",0,0,0,0,0,0,0
"1101",0,0,0,0,0,0,0
"1102",0,0,0,0,0,0,0
"1103",0,0,0,0,0,0,0
"1104",0,0,0,0,0,0,0
"1105",5.57989306224099,0,0,0,0,0,0
"1106",132.342735702162,0,129.148869397918,0,0,0,0
"1107",0,0,0,0,0,0,0
"1108",0,0,0,0,0,0,0
"1109",65.0796196059035,0,66.1507564442141,0,0,0,0
"1110",7.98678753189304,0,0,0,0,0,0
"1111",116.5162045455,0,116.412363750627,0,0,0,0
"1112",127.129671241319,0,111.166229709141,0,0,0,0
"1113",156.264181943122,0,157.164101971521,0,0,0,0
"1114",131.153803633444,0,132.388860448268,0,0,0,0
"1115",0,0,0,0,0,0,0
"1116",161.819110795801,0,167.110521264578,0,0,0,0
"1117",0,0,0.938406111060984,0,0,0,0
"1118",9.35082184878658,0,6.07994547439115,0,0,0,0
"1119",15.5378204289482,0,8.47677166369383,0,0,0,0
"1120",1.53033593816388,0,0,0,0,0,0
"1121",4.46307235872074,0,4.49947539782242,0,0,0,0
"1122",0,0,0,0,0,0,0
"1123",129.496505365778,0,128.244490675698,0,0,0,0
"1124",48.0080065834037,0,36.2735961211822,0,0,0,0
"1125",0,0,0,0,0,0,0
"1126",181.047846932324,0,183.205406088506,0,0,0,59.3623268775654
"1127",0,0,0,0,0,0,0
"1128",26.3296295182902,0,25.1000088023768,0,0,0,0
"1129",0,0,3.61954789859507,0,0,0,0
"1130",6.53919506591555,0,0,0,0,0,0
"1131",3.93135329660261,0,0.54866830757889,0,0,0,0
"1132",0,0,0,0,0,0,0
"1133",37.9765336186894,0,34.0156299331746,0,0,0,0
"1134",0,0,0,0,0,0,0
"1135",5.3937274590678,0,0,0,0,0,0
"1136",11.9365372975678,0,6.86115114974791,0,0,0,0
"1137",1.56178655214261,0,0,0,0,0,0
"1138",3.99312019048241,0,0,0,0,0,0
"1139",102.699604213979,0,105.93770363059,0,0,0,0
"1140",0,0,0,0,0,0,0
"1141",0,0,0,0,0,0,0
"1142",195.044663147669,0,221.020341097523,0,0,0,0
"1143",0,0,0,0,0,0,0
"1144",0,0,0,0,0,0,0
"1145",117.461464893284,0,110.006720872794,0,0,0,0
"1146",0,0,0,0,0,0,0
"1147",0,0,0,0,0,0,0
"1148",34.1865283863459,0,38.2574803206039,0,0,0,0
"1149",0,0,0,0,0,0,0
"1150",0,0,0,0,0,0,0
"1151",0,0,0,0,0,0,0
"1152",0,0,0,0,0,0,0
"1153",0,0,0,0,0,0,0
"1154",1.03916148310591,0,0,0,0,0,0
"1155",0,0,0,0,0,0,0
"1156",42.3397018015107,19.4115345649974,42.4426922311113,24.3879176100569,33.4667586354851,0,34.6614461248054
"1157",2.58462328640946,0,0,0,0,0,0
"1158",0,0,3.61658550174606,0,0,0,0
"1159",0,0,0,0,0,0,0
"1160",15.7559547678087,0,20.6509880877665,0,0,0,0
"1161",0,0,0,0,0,0,0
"1162",0,0,0,0,0,0,0
"1163",0,0,0,0,0,0,0
"1164",0,0,0,0,0,0,0
"1165",24.4008291821712,0,0,0,0,0,0
"1166",1.69618366473396,0,0,0,0,0,0
"1167",0,0,0,0,0,0,0
"1168",0,0,0,0,0,0,0
"1169",0,0,0,0,0,0,0
"1170",255.200950313378,0,242.637751538969,0,0,0,0
"1171",0,0,0,0,0,0,0
"1172",3.46539659406186,0,0,0,0,0,0
"1173",0,0,0,0,0,0,0
"1174",0,0,0,0,0,0,0
"1175",2.08520623548257,0,10.2642482865866,0,0,0,0
"1176",0,0,0,0,0,0,0
"1177",0,0,0,0,0,0,0
"1178",185.297749999775,0,195.490825527903,0,0,0,0
"1179",0,0,0,0,0,0,0
"1180",4.53598305599805,0,0,0,0,0,0
"1181",0,0,0,0,0,0,0
"1182",0,0,0,0,0,0,0
"1183",0,0,0.127149203003279,0,0,0,0
"1184",29.1446792299284,0,30.6777920650653,0,0,0,0
"1185",0,0,0,0,0,0,0
"1186",0,0,0,0,0,0,0
"1187",8.75635693241783,0,7.13200607111266,0,0,0,0
"1188",104.159386751673,0,126.729734403818,0,0,0,0
"1189",0,0,0,0,0,0,0
"1190",4.21220309153369,0,4.2607840724736,0,0,0,0
"1191",0,0,0,0,0,0,0
"1192",31.1142772100306,0,19.0577865496782,0,0,0,0
"1193",0,0,0,0,0,0,0
"1194",63.7455690051917,0,57.1711559634275,0,0,0,0
"1195",3.86674606800574,0,3.50347239117493,0,0,0,0
"1196",163.499053679621,0,160.792030213229,0,0,0,0
"1197",0,0,0,0,0,0,0
"1198",23.6556473159158,0,21.8001001867819,0,0,0,0
"1199",175.41031394662,0,165.026335916877,0,0,0,0
"1200",5.18827857792619,0,9.42840170885548,0,0,0,0
"1201",1.23704852518453,0,0,0,0,0,0
"1202",0,0,0,0,0,0,0
"1203",221.20829843706,0,220.154857902613,0,0,0,0
"1204",0,0,0,0,0,0,0
"1205",0,0,0,0,0,0,0
"1206",0,0,0,0,0,0,0
"1207",0,0,0,0,0,0,0
"1208",30.9906569850161,0,28.3543789625346,0,0,0,0
"1209",0,0,0,0,0,0,0
"1210",31.2864234716336,0,7.21923475962371,0,0,0,0
"1211",0,0,0,0,0,0,0
"1212",0,0,0,0,0,0,0
"1213",4.57302143935715,0,8.94523884024776,0,0,0,0
"1214",4.65529163308309,0,0,0,0,0,0
"1215",1.52889320398298,0,0,0,0,0,0
"1216",244.311075285339,0,251.668320576085,0,0,0,0
"1217",0,0,0,0,0,0,0
"1218",160.26436914424,0,170.462252912032,0,0,0,0
"1219",0,0,9.34248037548787,0,0,0,0
"1220",0,0,0,0,0,0,0
"1221",101.411083658505,0,107.261223955299,0,0,0,0
"1222",0.541374119849965,0,0,0,0,0,0
"1223",135.422125541204,0,133.053503588705,0,0,0,0
"1224",0,0,0,0,0,0,0
"1225",192.258413699836,0,184.201108164527,0,0,0,0
"1226",196.712824862716,0,198.251369304498,0,0,0,0
"1227",133.534937079423,0,134.212873007172,0,0,0,0
"1228",2.72280842642158,0,3.075694965404,0,0,0,0
"1229",0,0,0,0,0,0,0
"1230",0.32311399993894,0,0,0,0,0,0
"1231",0,0,0,0,0,0,0
"1232",0,0,5.62944940905155,0,0,0,0
"1233",112.650222453867,0,86.6803494594779,0,0,0,0
"1234",0,0,0,0,0,0,0
"1235",56.0280568229466,0,42.2617772770827,0,0,0,0
"1236",112.457693507445,0,112.680346643069,0,0,0,0
"1237",0,0,0,0,0,0,0
"1238",8.90305756236378,0,1.59623378425116,0,0,0,0
"1239",91.0995897903341,0,87.2125012508785,0,0,0,0
"1240",92.1347748651709,0,80.4566632516376,0,0,0,0
"1241",22.0812492645443,0,24.5445466734001,0,0,0,0
"1242",13.363264833754,0,5.00299689853297,0,0,0,0
"1243",159.495542683595,0,155.910548493869,0,0,0,0
"1244",117.732167648584,0,116.519674399706,0,0,0,0
"1245",0,0,2.60514481861463,0,0,0,0
"1246",0,0,0,0,0,0,0
"1247",3.90429787640626,0,4.12257671134821,0,0,0,0
"1248",0,0,0,0,0,0,0
"1249",179.364125946251,0,189.375490544085,0,0,0,0
"1250",0,0,1.53909186015123,0,0,0,0
"1251",23.7868093744763,0,17.005933332843,0,0,0,0
"1252",0,0,0,0,0,0,0
"1253",0,0,0,0,0,0,0
"1254",0,0,0,0,0,0,0
"1255",0,0,0,0,0,0,0
"1256",185.807904868476,0,180.77832626567,0,0,0,0
"1257",74.353956716533,0,72.1270091119169,0,0,0,0
"1258",9.5734625091259,0,6.8810995636243,0,0,0,0
"1259",0,0,0,0,0,0,0
"1260",0,0,0,0,0,0,0
"1261",0,0,0,0,0,0,0
"1262",0,0,0,0,0,0,0
"1263",0,0,0,0,0,0,0
"1264",0,0,8.37607287264279,0,0,0,0
"1265",0,0,5.21866299770098,0,0,0,0
"1266",0,0,0,0,0,0,0
"1267",0,0,0,0,0,0,0
"1268",0,0,0,0,0,0,0
"1269",0,0,0,0,0,0,0
"1270",10.3975696566186,0,0,0,0,0,0
"1271",5.10558675770683,0,0,0,0,0,0
"1272",0,0,0,0,0,0,0
"1273",0,0,0,0,0,0,0
"1274",12.2322022496169,0,7.7492777608217,0,0,0,0
"1275",101.193042479864,0,100.218405278636,0,0,0,0
"1276",150.739163036396,0,155.868144885639,0,0,0,0
"1277",0,0,0,0,0,0,0
"1278",101.18498385222,0,102.200144598714,0,0,0,0
"1279",22.1906111736484,0,26.3373602263702,0,0,0,0
"1280",15.5039598992939,0,26.773305203662,0,0,0,0
"1281",0,0,0,0,0,0,0
"1282",0,0,0,0,0,0,0
"1283",9.83865880879902,0,10.250536878694,0,0,0,0
"1284",0.771756525964703,0,0,0,0,0,0
"1285",0,0,0,0,0,0,0
"1286",319.307813246843,0,319.976486478915,0,0,0,0
"1287",0,0,0,0,0,0,0
"1288",0,0,0,0,0,0,0
"1289",37.1013959571504,0,36.2064680629632,0,0,0,0
"1290",0,0,0,0,0,0,0
"1291",175.167067340643,0,173.268563598841,0,0,0,0
"1292",1.37277673920332,0,0,0,0,0,0
"1293",0,0,0,0,0,0,0
"1294",5.97689700403882,0,5.78610964695638,0,0,0,0
"1295",0,0,0,0,0,0,0
"1296",0,0,3.35478751518127,0,0,0,0
"1297",56.9025003301313,0,56.846046191563,0,0,0,0
"1298",162.412572087096,0,161.064273356469,0,0,0,0
"1299",61.1763270967367,0,50.2681273068789,0,0,0,0
"1300",0,0,7.51863536913014,0,0,0,0
"1301",0,0,0,0,0,0,0
"1302",14.7711925822026,0,3.84429360918979,0,0,0,0
"1303",0,0,0,0,0,0,0
"1304",88.7477380549922,0,88.7753384266011,0,0,0,0
"1305",0,0,0,0,0,0,0
"1306",2.87246722281176,0,0,0,0,0,0
"1307",0,0,0,0,0,0,0
"1308",146.441679520935,0,138.754662118758,0,0,0,0
"1309",21.0352927036515,0,16.8233933931896,0,0,0,0
"1310",0,0,0,0,0,0,0
"1311",0,0,0,0,0,0,0
"1312",129.892860059157,0,126.977914481068,0,0,0,0
"1313",0,0,0,0,0,0,0
"1314",36.9181737336229,0,40.4042310303544,0,0,0,0
"1315",0,0,0,0,0,0,0
"1316",168.283450108743,0,160.103536188104,0,0,0,0
"1317",1.25827972760605,0,0,0,0,0,0
"1318",2.32920301442537,0,2.81681600801377,0,0,0,0
"1319",0,0,0,0,0,0,0
"1320",0,0,0,0,0,0,0
"1321",41.2596194624835,0,42.657956975256,0,0,0,0
"1322",0,0,0,0,0,0,0
"1323",0,0,0,0,0,0,0
"1324",0,0,0,0,0,0,0
"1325",145.11811533016,0,143.31673353946,0,0,0,0
"1326",28.0550603954419,0,26.5472782993907,0,0,0,0
"1327",0,0,0,0,0,0,0
"1328",0,0,0,0,0,0,0
"1329",0,0,0,0,0,0,0
"1330",0,0,0,0,0,0,0
"1331",0,0,0,0,0,0,0
"1332",0,0,0,0,0,0,0
"1333",0,0,0,0,0,0,0
"1334",0,0,0,0,0,0,0
"1335",0,0,0,0,0,0,0
"1336",0,0,0,0,0,0,0
"1337",0,0,0,0,0,0,0
"1338",6.21262239386316,0,3.79448927581007,0,0,0,0
"1339",0,0,0,0,0,0,0
"1340",53.4687703464627,0,45.5015385791744,0,0,0,0
"1341",17.1276147028276,0,30.1227887649208,0,0,0,0
"1342",0,0,0,0,0,0,0
"1343",0,0,0,0,0,0,0
"1344",0,0,0,0,0,0,0
"1345",187.077969481979,0,178.9763409723,0,0,0,0
"1346",0,0,0,0,0,0,0
"1347",0,0,0,0,0,0,0
"1348",0,0,0,0,0,0,0
"1349",0,0,0,0,0,0,0
"1350",42.3734466997711,0,48.7338589400077,0,0,0,0
"1351",0,0,0,0,0,0,0
"1352",53.2584732092889,0,44.692003489675,0,0,0,0
"1353",0,0,0,0,0,0,0
"1354",0,0,0,0,0,0,0
"1355",0,0,3.88309419061111,0,0,0,0
"1356",22.6170268091921,0,15.6199581663017,0,0,0,0
"1357",29.31089668696,0,34.6881970318948,0,0,0,0
"1358",14.7862286533134,0,11.3445413965409,0,0,0,0
"1359",0,0,0,0,0,0,0
"1360",7.52481106630276,0,0,0,0,0,0
"1361",0,0,0,0,0,0,0
"1362",10.0199487430794,0,9.4022626474596,0,0,0,0
"1363",0,0,0,0,0,0,0
"1364",0,0,0,0,0,0,0
"1365",0,0,0,0,0,0,0
"1366",0,0,0,0,0,0,0
"1367",112.31436871048,0,105.823554432973,0,0,0,0
"1368",0,0,0,0,0,0,0
"1369",5.98327322007214,0,3.24501880426532,0,0,0,0
"1370",0,0,0,0,0,0,0
"1371",38.5520542590827,0,35.4842179683816,0,0,0,0
"1372",0,0,16.702111526354,0,0,0,0
"1373",0,0,0,0,0,0,0
"1374",0,0,0,0,0,0,0
"1375",0,0,0,0,0,0,0
"1376",0,0,0,0,0,0,0
"1377",13.7411290674274,0,10.8771260348709,0,0,0,0
"1378",0,0,0,0,0,0,0
"1379",0,0,3.22495122068449,0,0,0,0
"1380",3.95114734290448,0,0,0,0,0,0
"1381",0,0,0,0,0,0,0
"1382",157.189356175456,0,159.403692860508,0,0,0,0
"1383",235.306938038209,0,235.429825561851,0,0,0,0
"1384",5.63569691694156,0,1.11600957691547,0,0,0,0
"1385",0,0,5.36334328270105,0,0,0,0
"1386",0,0,0,0,0,0,0
"1387",256.485258128486,0,237.757212685246,0,0,0,0
"1388",53.8077060206385,0,49.0598114991299,45.1026766661668,0,0,0
"1389",128.611770132822,0,130.763867644017,0,0,0,0
"1390",62.225022301363,0,56.1566387319889,0,0,0,0
"1391",141.797880030121,0,133.881969807324,0,0,0,0
"1392",0,0,0,0,0,0,0
"1393",2.11795815728173,0,3.03994964573268,0,0,0,0
"1394",0,0,0,0,0,0,0
"1395",0,0,0,0,0,0,0
"1396",0,0,0,0,0,0,0
"1397",108.313849279691,0,104.739227216207,0,0,0,0
"1398",0,0,0,0,0,0,0
"1399",53.097969447248,0,48.753890567278,0,0,0,0
"1400",0,0,0,0,0,0,0
"1401",147.42372901955,0,156.262528666921,0,0,0,0
"1402",93.250195755263,0,83.779464517118,0,0,0,0
"1403",62.8622292754502,0,58.7228165887901,0,0,0,0
"1404",0,0,0,0,0,0,0
"1405",0,0,0,0,0,0,0
"1406",5.07341412873855,0,6.88088937217638,0,0,0,0
"1407",0,0,0,0,0,0,0
"1408",10.9365424802569,0,14.399738605895,0,0,0,0
"1409",73.8249519335845,0,31.082892617491,0,0,0,0
"1410",8.26416656546684,0,4.81359000323009,0,0,0,0
"1411",12.6278439607765,0,9.07036434511295,0,0,0,0
"1412",2.6561606631138,0,10.1602793106544,0,0,0,0
"1413",0,0,0,0,0,0,0
"1414",68.2508880755556,0,75.0596903747295,0,0,0,0
"1415",2.33159930130797,0,11.8749677879411,0,0,0,0
"1416",0,0,0,0,0,0,0
"1417",0,0,0,0,0,0,0
"1418",145.919330085989,0,142.815941004818,0,0,0,0
"1419",0,0,0,0,0,0,0
"1420",6.13503935599065,0,6.66620219985661,0,0,0,0
"1421",27.1408443110777,0,10.382414085626,0,0,0,0
"1422",18.855811459687,0,0,0,0,0,0
"1423",156.57854222626,0,166.772587918424,0,0,0,0
"1424",0,0,0,0,0,0,0
"1425",0,0,0,0,0,0,0
"1426",0.799085125447999,0,2.74114809612592,0,0,0,0
"1427",0,0,0,0,0,0,0
"1428",69.8488650998751,0,63.0006315467633,0,0,0,0
"1429",0,0,0,0,0,0,0
"1430",161.67491421507,0,154.291249307376,0,0,0,0
"1431",0,0,0,0,0,0,0
"1432",5.62287124197159,0,0,0,0,0,0
"1433",0,0,0,0,0,0,0
"1434",0,0,0,0,0,0,0
"1435",6.90418543053669,0,0,0,0,0,0
"1436",10.4045357959884,0,13.6046625389522,0,0,0,0
"1437",0,0,0,0,0,0,0
"1438",0,0,0,0,0,0,0
"1439",330.920876134462,131.679939139245,316.619487598014,0,0,0,133.974339509219
"1440",125.420477337734,0,118.900409622971,0,0,0,0
"1441",0,0,0,0,0,0,0
"1442",0,0,5.97681874074717,0,0,0,0
"1443",84.6127184908421,0,70.6370983497225,0,0,0,0
"1444",0,0,0,0,0,0,0
"1445",0,0,0,0,0,0,0
"1446",0,0,0,0,0,0,0
"1447",0,0,0,0,0,0,0
"1448",191.532400319714,0,193.259914974488,0,0,0,0
"1449",31.6559353893841,0,43.9216938122772,0,0,0,0
"1450",102.126907142756,0,102.301515296448,0,0,0,0
"1451",0,0,0,0,0,0,0
"1452",0,0,6.43341178561745,0,0,0,0
"1453",42.3601826728198,0,48.6395206652669,0,0,0,0
"1454",3.44411038996923,0,0,0,0,0,0
"1455",0,0,0,0,0,0,0
"1456",216.65332569664,0,213.684494408665,0,0,0,0
"1457",38.0534675566241,0,34.8439916997074,0,0,0,0
"1458",0,0,0,0,0,0,0
"1459",13.683460614733,0,20.5075853450167,0,0,0,0
"1460",11.0343577741129,0,15.8477705063912,0,0,0,0
"1461",15.3562041439764,0,4.83010297667739,0,0,0,0
"1462",10.0554383664041,0,0,0,0,0,0
"1463",0,0,0,0,0,0,0
"1464",4.73210363823888,0,0,0,0,0,0
"1465",6.31857137207402,0,0,0,0,0,0
"1466",0,0,0,0,0,0,0
"1467",2.30786163187053,0,4.78172722176558,0,0,0,0
"1468",131.045684088218,0,138.747714704997,0,0,0,0
"1469",0,0,0,0,0,0,0
"1470",0,0,0,0,0,0,0
"1471",35.4326035446594,0,35.8345765466483,0,0,0,0
"1472",0,0,0,0,0,0,0
"1473",123.631169173113,0,129.66239656345,0,0,0,0
"1474",0,0,0,0,0,0,0
"1475",1.66697075414817,0,0,0,0,0,0
"1476",12.8355076619891,0,17.0416340135037,0,0,0,0
"1477",7.18688224676232,0,5.36204211074845,0,0,0,0
"1478",0,0,0,0,0,0,0
"1479",0,0,0,0,0,0,0
"1480",0,0,0,0,0,0,0
"1481",187.395945113865,0,194.224162918607,0,0,0,0
"1482",0,0,0,0,0,0,0
"1483",0,0,8.33452066662052,0,0,0,0
"1484",235.491404495603,0,236.026172088791,0,0,0,0
"1485",0,0,0,0,0,0,0
"1486",34.994436822015,0,30.3764474208712,0,0,0,0
"1487",0,0,1.72537780618724,0,0,0,0
"1488",0,0,7.37788730518682,0,0,0,0
"1489",210.887877213268,0,205.362048057021,0,0,0,0
"1490",0,0,0,0,0,0,0
"1491",0,0,0,0,0,0,0
"1492",170.802903695696,0,158.466789032006,0,0,0,0
"1493",0,0,0,0,0,0,0
"1494",108.940796991861,0,110.311063485625,0,0,0,0
"1495",73.7020839200795,0,69.3167916620349,0,0,0,0
"1496",0,0,0,0,0,0,0
"1497",61.688348008776,0,57.0664292856647,0,0,0,0
"1498",0,0,0,0,0,0,0
"1499",0,0,0,0,0,0,0
"1500",218.573887470924,0,236.16897796714,0,0,0,0
"1501",0,0,0,0,0,0,0
"1502",0,0,0,0,0,0,0
"1503",0,0,0,0,0,0,0
"1504",0,0,12.3100192320841,0,0,0,0
"1505",0,0,0,0,0,0,0
"1506",0,0,0,0,0,0,0
"1507",0,0,0,0,0,0,0
"1508",0,0,0,0,0,0,0
"1509",0,0,0,0,0,0,0
"1510",0,0,0,0,0,0,0
"1511",37.2303674519862,0,30.1747776282868,0,0,0,0
"1512",10.1983705698637,0,16.5790828629417,0,0,0,0
"1513",0,0,0,0,0,0,0
"1514",7.39534498245975,0,4.16121808301225,0,0,0,0
"1515",0,0,1.67071519636989,0,0,0,0
"1516",14.8741017648389,0,14.8083963381825,0,0,0,0
"1517",0,0,1.87956010377557,0,0,0,0
"1518",0,0,0,0,0,0,0
"1519",0,0,0,0,0,0,0
"1520",46.2343458005832,0,38.1593302370851,0,0,0,0
"1521",0,0,0,0,0,0,0
"1522",106.962239930671,0,101.633709381465,0,0,0,0
"1523",0,0,0,0,0,0,0
"1524",0,0,0,0,0,0,0
"1525",17.0415429272698,0,10.6771527618553,0,0,0,0
"1526",0,0,0,0,0,0,0
"1527",5.34649289370252,0,10.2343587139764,0,0,0,0
"1528",0,0,0,0,0,0,0
"1529",140.931824328831,0,138.888415470796,0,0,0,0
"1530",28.509564015856,0,30.0590491381798,0,0,0,0
"1531",42.9697935078882,0,47.5124387089471,0,0,0,0
"1532",0,0,0,0,0,0,0
"1533",0,0,0,0,0,0,0
"1534",25.8013757155021,0,14.11864724777,0,0,0,0
"1535",28.9565425631949,0,23.0082594929822,0,0,0,0
"1536",2.2220543852543,0,0,0,0,0,0
"1537",0,0,0,0,0,0,0
"1538",0,0,0,0,0,0,0
"1539",1.63026040562469,0,0,0,0,0,0
"1540",148.887939867184,0,155.425642650567,0,0,0,0
"1541",131.850880645662,0,132.671549290419,0,0,0,0
"1542",0,0,0,0,0,0,0
"1543",143.259147657861,0,146.405647331378,0,114.023183475201,0,0
"1544",1.3889373068092,0,0.921251994742773,0,0,0,0
"1545",95.7287616972851,0,96.7852160471899,0,0,0,0
"1546",178.443841938127,0,173.724481051479,0,0,0,0
"1547",0,0,1.67575406011967,0,0,0,0
"1548",0,0,0,0,0,0,0
"1549",3.84573017437204,0,5.39886320137205,0,0,0,0
"1550",191.473755056302,0,205.284140138344,96.8540841847987,0,0,0
"1551",18.2403756985782,0,18.7130839179048,0,0,0,0
"1552",11.6457139994917,0,3.01178836804073,0,0,0,0
"1553",190.489026042434,0,184.163608076606,0,0,0,0
"1554",35.2282480091912,0,43.0519569153274,0,0,0,0
"1555",3.95526166233991,0,0,0,0,0,0
"1556",152.311733275165,0,172.961166975501,0,0,0,0
"1557",142.036368313811,0,132.813349005822,0,0,0,0
"1558",0,0,5.39093242421002,0,0,0,0
"1559",0,0,0,0,0,0,0
"1560",0,0,2.41523339264176,0,0,0,0
"1561",103.776091073203,0,100.686625063757,0,0,0,0
"1562",85.9808933183405,0,90.3821622956623,0,0,0,0
"1563",35.8850612583248,0,37.4614924569364,0,0,0,0
"1564",0,0,0,0,0,0,0
"1565",0,0,0,0,0,0,0
"1566",0,0,12.0841686118578,0,0,0,0
"1567",0,0,0,0,0,0,0
"1568",0,0,0,0,0,0,0
"1569",0,0,0,0,0,0,0
"1570",0,0,0,0,0,0,0
"1571",144.659300032254,0,140.806655208935,0,0,0,0
"1572",169.457188107879,0,168.260281327151,0,0,0,0
"1573",0,0,0,0,0,0,0
"1574",97.237753411865,0,106.82116500813,0,0,0,0
"1575",0,0,0,0,0,0,0
"1576",0,0,6.0382916932439,0,0,0,0
"1577",149.951670748879,0,147.596378612616,0,0,0,0
"1578",0,0,0,0,0,0,0
"1579",71.6655494663848,0,57.4503977431834,0,0,0,0
"1580",146.025153056367,0,149.946550420223,0,0,0,0
"1581",167.494771828991,0,182.415169523379,0,0,0,0
"1582",0,0,0,0,0,0,0
"1583",0,0,0,0,0,0,0
"1584",169.803965427594,0,189.830068409479,0,0,0,0
"1585",2.62824264670814,0,0,0,0,0,0
"1586",0,0,4.2540575497885,0,0,0,0
"1587",21.5104720295833,0,18.0605950574766,0,0,0,0
"1588",0,0,0,0,0,0,0
"1589",0,0,0,0,0,0,0
"1590",55.9880804130122,0,43.5592863782275,0,0,0,0
"1591",4.30919652746081,0,0,0,0,0,0
"1592",0.504092645328809,0,0,0,0,0,0
"1593",8.97249280411744,0,5.60028096465262,0,0,0,0
"1594",6.34241346316135,0,11.4869664868336,0,0,0,0
"1595",166.471528915445,0,146.898068426524,0,0,0,0
"1596",0,0,0,0,0,0,0
"1597",0,0,6.27193250031053,0,0,0,0
"1598",0,0,0,0,0,0,0
"1599",0,0,0,0,0,0,0
"1600",0,0,2.39538645940103,0,0,0,0
"1601",0,0,0,0,0,0,0
"1602",15.4358868994624,0,18.4140616602295,0,0,0,0
"1603",0,0,0,0,0,0,0
"1604",6.33789967749934,0,2.94960510749375,0,0,0,0
"1605",0,0,0,0,0,0,0
"1606",0,0,0,0,0,0,0
"1607",0,0,0,0,0,0,0
"1608",0,0,0,0,0,0,0
"1609",0,0,0,0,0,0,0
"1610",0,0,0,0,0,0,0
"1611",16.1667083366432,0,12.413083050737,0,0,0,0
"1612",149.034006219416,0,142.628369111678,0,0,0,0
"1613",15.1064459343285,0,7.09951547472054,0,0,0,0
"1614",0,0,0,0,0,0,0
"1615",1.69500783531019,0,0,0,0,0,0
"1616",0,0,0,0,0,0,0
"1617",0,0,0,0,0,0,0
"1618",0,0,0,0,0,0,0
"1619",89.2421689885222,0,85.6220456181808,0,0,0,0
"1620",0,0,0,0,0,0,0
"1621",1.16141803593502,0,0.539667913644868,0,0,0,0
"1622",0,0,0,0,0,0,0
"1623",4.7807062064391,0,6.94835967409706,0,0,0,0
"1624",45.8765958943732,0,43.828362384714,0,0,0,0
"1625",22.9039248741849,0,15.5224722497085,0,0,0,0
"1626",0,0,0,0,0,0,0
"1627",12.7590526143308,0,13.552553391817,0,0,0,0
"1628",77.411599728566,0,82.4697467815907,0,0,0,0
"1629",0,0,0,0,0,0,0
"1630",0,0,0,0,0,0,0
"1631",165.131368944863,0,164.156625579331,0,0,0,0
"1632",0,0,0,0,0,0,0
"1633",124.837976271686,0,131.220643662923,0,0,0,0
"1634",0,0,0,0,0,0,0
"1635",8.52821225278065,0,4.08468875878729,0,0,0,0
"1636",104.949444365848,0,94.3603578309774,0,0,0,0
"1637",140.555020731543,0,144.812014524171,0,0,0,0
"1638",199.973197368661,82.4746198165622,192.008104980108,0,0,0,0
"1639",11.6247673870792,0,8.95375756415458,0,0,0,0
"1640",98.5683120857226,0,98.7172654818161,0,0,0,0
"1641",0,0,0,0,0,0,0
"1642",0,0,0,0,0,0,0
"1643",0,0,0,0,0,0,0
"1644",0,0,0,0,0,0,0
"1645",0,0,0,0,0,0,0
"1646",12.6490382163164,0,9.26529496702952,0,0,0,0
"1647",0,0,0.889992640680873,0,0,0,0
"1648",9.26695551392433,0,0,0,0,0,0
"1649",3.78024603265936,0,2.88993683089479,0,0,0,0
"1650",187.288675626754,0,190.068339573059,0,0,0,0
"1651",110.457143954399,0,110.660904206358,0,0,0,0
"1652",43.7416556057912,0,48.4246684659331,0,0,0,0
"1653",0,0,5.33711302313772,0,0,0,0
"1654",25.848366352691,0,27.9029971311174,0,0,0,0
"1655",0,0,0,0,0,0,0
"1656",0,0,0,0,0,0,0
"1657",0,0,0,0,0,0,0
"1658",0,0,0,0,0,0,0
"1659",0,0,0,0,0,0,0
"1660",0,0,0,0,0,0,0
"1661",0,0,0,0,0,0,0
"1662",184.190685759288,0,177.465807264773,0,0,0,0
"1663",0,0,0,0,0,0,0
"1664",0,0,11.8017788291224,0,0,0,0
"1665",164.332312039215,0,156.925293241559,0,0,0,0
"1666",0,0,0,0,0,0,0
"1667",7.18516475917618,0,6.39736134358083,0,0,0,0
"1668",5.42536423886188,0,11.7175806132771,0,0,0,0
"1669",0,0,0,0,0,0,0
"1670",6.16994558429396,0,0,0,0,0,0
"1671",125.891627456506,0,115.540412181463,0,0,0,0
"1672",0,0,0,0,0,0,0
"1673",0,0,0,0,0,0,0
"1674",0,0,3.21608576995832,0,0,0,0
"1675",18.3370024958828,0,14.1792911779426,0,0,0,0
"1676",1.7841370230146,0,6.77935249215205,0,0,0,0
"1677",4.74865185501788,0,0,0,0,0,0
"1678",10.9938911063384,0,15.5688036151804,0,0,0,0
"1679",0,0,0,0,0,0,0
"1680",0,0,0,0,0,0,0
"1681",0,0,0,0,0,0,0
"1682",17.3224651027998,0,2.91812221466104,0,0,0,0
"1683",21.5120385615684,0,34.766176815377,0,0,0,0
"1684",31.9399752965716,0,26.0923661885473,0,0,0,0
"1685",0,0,0,0,0,0,0
"1686",137.217005950903,0,128.665849182417,0,0,0,0
"1687",3.78762073698312,0,1.3106009795606,0,0,0,0
"1688",14.6040521089344,0,9.70427013187079,0,0,0,0
"1689",2.49231707015011,0,0,0,0,0,0
"1690",0,0,6.28076058461545,0,0,0,0
"1691",158.85329271344,0,158.503591756408,0,0,0,0
"1692",0,0,0,0,0,0,0
"1693",0,0,0,0,0,0,0
"1694",0,0,0,0,0,0,0
"1695",0,0,1.35288402347002,0,0,0,0
"1696",0,0,0,0,0,0,0
"1697",9.15269553228284,0,2.57622650284694,0,0,0,0
"1698",0,0,0,0,0,0,0
"1699",2.12910457860062,0,4.19300998365423,0,0,0,0
"1700",4.15908133585136,0,4.40849405415612,0,0,0,0
"1701",0,0,0,0,0,0,0
"1702",2.15719444404374,0,0,0,0,0,0
"1703",0,0,0,0,0,0,0
"1704",0,0,0,0,0,0,0
"1705",24.6806842077782,0,23.7851259339005,0,0,0,0
"1706",21.3256934390026,0,22.2327058429806,0,0,0,0
"1707",0,0,0,0,0,0,0
"1708",5.90943619107185,0,8.70346382883428,0,0,0,0
"1709",0,0,0,0,0,0,0
"1710",24.8838438671456,0,23.9280493619729,0,0,0,0
"1711",0,0,0,0,0,0,0
"1712",30.3156701676237,0,38.4922024147068,0,0,0,0
"1713",0,0,5.47865429442083,0,0,0,0
"1714",0,0,0,0,0,0,0
"1715",0,0,0,0,0,0,0
"1716",12.6445800194159,0,10.7564192635948,0,0,0,0
"1717",16.4856189539958,0,0,0,0,0,0
"1718",0,0,0,0,0,0,0
"1719",144.049603674151,0,144.278747808791,0,0,0,0
"1720",248.556891746885,0,249.199344173019,0,0,0,0
"1721",1.65088256753894,0,0,0,0,0,0
"1722",0,0,0,0,0,0,0
"1723",0,0,0.584198227333979,0,0,0,0
"1724",0,0,1.83029982199771,0,0,0,0
"1725",0,0,5.384192571393,0,0,0,0
"1726",0,0,0,0,0,0,0
"1727",0,0,0,0,0,0,0
"1728",26.1725644278944,0,24.5354258468717,0,0,0,0
"1729",3.58287558521966,0,3.20582512018338,0,0,0,0
"1730",0,0,0,0,0,0,0
"1731",100.197323220227,0,108.05760216305,0,0,0,0
"1732",0,0,0,0,0,0,0
"1733",0,0,0,0,0,0,0
"1734",6.3512116628768,0,4.39579953829674,0,0,0,0
"1735",0,0,1.65606799046713,0,0,0,0
"1736",0,0,0,0,0,0,0
"1737",0,0,0,0,0,0,0
"1738",0,0,0,0,0,0,0
"1739",38.4945305388744,0,41.4934184643608,0,0,0,0
"1740",0,0,0,0,0,0,0
"1741",189.852034091121,0,191.193458239101,0,0,0,0
"1742",0,0,0,0,0,0,0
"1743",0,0,0,0,0,0,0
"1744",4.05226143918243,0,0,0,0,0,0
"1745",3.70023806969707,0,0,0,0,0,0
"1746",0,0,0,0,0,0,0
"1747",0,0,0,0,0,0,0
"1748",17.1955043587095,0,16.5118629610302,0,0,0,0
"1749",0,0,0,0,0,0,0
"1750",0,0,0,0,0,0,0
"1751",0,0,0,0,0,0,0
"1752",1.60804580054135,0,0,0,0,0,0
"1753",12.6696782724054,0,6.94074056932064,0,0,0,0
"1754",20.7564184761121,0,41.4694684612042,0,0,0,0
"1755",3.43148906817128,0,0,0,0,0,0
"1756",0,0,0,0,0,0,0
"1757",159.218173786353,0,160.791992552534,0,0,0,0
"1758",0,0,0,0,0,0,0
"1759",0,0,0.396862421509004,0,0,0,0
"1760",0,0,0,0,0,0,0
"1761",0.775299163928911,0,0,0,0,0,0
"1762",7.91072899677342,0,0,0,0,0,0
"1763",0,0,0,0,0,0,0
"1764",78.9741961223594,0,75.8261324863108,0,0,0,0
"1765",0,0,0,0,0,0,0
"1766",7.66482676070469,0,15.7408965069702,0,0,0,0
"1767",10.3345955320523,0,0,0,0,0,0
"1768",2.23621200692494,0,0,0,0,0,0
"1769",0,0,0,0,0,0,0
"1770",4.46918371161486,0,0,0,0,0,0
"1771",0,0,0,0,0,0,0
"1772",0,0,14.4785804206458,0,0,0,0
"1773",0,0,0,0,0,0,0
"1774",0,0,10.4918946360175,0,0,0,0
"1775",0,0,0,0,0,0,0
"1776",0,0,0,0,0,0,0
"1777",186.8635219192,0,197.255060512518,0,0,0,0
"1778",17.3941656765259,0,29.7102138210492,0,0,0,0
"1779",0,0,2.60194647658332,0,0,0,0
"1780",0,0,0,0,0,0,0
"1781",0,0,0,0,0,0,0
"1782",0,0,0,0,0,0,0
"1783",0,0,0,0,0,0,0
"1784",0,0,1.03162925189822,0,0,0,0
"1785",140.215923596161,0,135.713829855502,0,0,0,0
"1786",0,0,0,0,0,0,0
"1787",0,0,0,0,0,0,0
"1788",15.5277669173839,0,0,0,0,0,0
"1789",0,0,0,0,0,0,0
"1790",10.0342822237892,0,1.65708370733965,0,0,0,0
"1791",11.6823390163528,0,12.2938621173364,0,0,0,0
"1792",14.8302470299482,0,12.1028195281351,0,0,0,0
"1793",0,0,0,0,0,0,0
"1794",21.9444320949993,0,21.7434624944688,0,0,0,0
"1795",0,0,0,0,0,0,0
"1796",0,0,0,0,0,0,0
"1797",0,0,0,0,0,0,0
"1798",0,0,0,0,0,0,0
"1799",0,0,0,0,0,0,0
"1800",0,0,0,0,0,0,0
"1801",0,0,0,0,0,0,0
"1802",0,0,0,0,0,0,0
"1803",0,0,0,0,0,0,0
"1804",47.1988037705259,0,47.8556074621687,0,0,0,0
"1805",0,0,0,0,0,0,0
"1806",0,0,0,0,0,0,0
"1807",0,0,0,0,0,0,0
"1808",0,0,0,0,0,0,0
"1809",0,0,0,0,0,0,0
"1810",1.79652249318447,0,0,0,0,0,0
"1811",0,0,0,0,0,0,0
"1812",0,0,0,0,0,0,0
"1813",121.094863365105,0,121.094863365105,0,0,0,0
"1814",157.337723440336,0,153.160939458216,0,0,0,0
"1815",0,0,0,0,0,0,0
"1816",0,0,3.75841091421603,0,0,0,0
"1817",69.2994323700303,0,35.9969243227632,0,0,0,0
"1818",204.620783650132,113.361870933217,160.651838610066,121.465427374483,115.299482197171,115.380990480381,114.881145163196
"1819",0,0,0,0,0,0,0
"1820",0,0,0,0,0,0,0
"1821",0,0,0,0,0,0,0
"1822",134.181300275701,0,134.379816174086,0,0,0,0
"1823",26.4491495860996,0,18.6094118186247,0,0,0,0
"1824",0,0,0,0,0,0,0
"1825",6.81716538909193,0,9.97814933777364,0,0,0,0
"1826",0,0,0,0,0,0,0
"1827",0,0,0,0,0,0,0
"1828",0,0,0,0,0,0,0
"1829",211.952148116161,0,204.181713920859,0,0,0,0
"1830",0,0,0,0,0,0,0
"1831",11.0784375208167,0,18.6321632521092,0,0,0,0
"1832",4.15127651321916,0,7.84378481939511,0,0,0,0
"1833",0,0,0,0,0,0,0
"1834",0,0,0,0,0,0,0
"1835",27.9579377126311,0,29.6624983766554,0,0,0,0
"1836",12.0225337974782,0,6.46359604212084,0,0,0,0
"1837",10.9064639347917,0,0,0,0,0,0
"1838",0,0,0,0,0,0,0
"1839",0,0,0,0,0,0,0
"1840",0,0,0,0,0,0,0
"1841",159.005501356426,0,160.523024823959,0,0,0,0
"1842",7.51483247147716,0,28.9295289803548,0,0,0,0
"1843",0,0,0,0,0,0,0
"1844",114.471205686611,0,110.210354820451,0,0,0,0
"1845",57.2403053580639,0,62.9026776873583,0,0,0,0
"1846",7.73770559732591,0,0,0,0,0,0
"1847",0,0,0,0,0,0,0
"1848",0,0,0,0,0,0,0
"1849",127.402873036002,0,126.77548025367,0,0,0,0
"1850",13.8372762947205,0,0,0,0,0,0
"1851",0,0,0,0,0,0,0
"1852",2.60685127591654,0,0,0,0,0,0
"1853",16.3451781793967,0,14.6817565268917,0,0,0,0
"1854",5.72014123343098,0,5.57252470395438,0,0,0,0
"1855",137.780371526856,0,137.084465305192,0,0,0,0
"1856",0,0,0,0,0,0,0
"1857",0,0,0,0,0,0,0
"1858",0,0,0,0,0,0,0
"1859",0,0,0,0,0,0,0
"1860",0,0,10.9310152015602,0,0,0,0
"1861",0,0,0,0,0,0,0
"1862",0,0,0,0,0,0,0
"1863",6.6079199009658,0,0,0,0,0,0
"1864",0,0,0,0,0,0,0
"1865",106.611606194854,0,118.56768355722,0,0,0,0
"1866",0,0,0,0,0,0,0
"1867",1.71300389349324,0,0,0,0,0,0
"1868",0,0,0,0,0,0,0
"1869",0,0,0,0,0,0,0
"1870",0,0,0,0,0,0,0
"1871",0,0,0,0,0,0,0
"1872",0,0,0,0,0,0,0
"1873",4.66982946190869,0,0,0,0,0,0
"1874",0,0,0,0,0,0,0
"1875",0,0,0,0,0,0,0
"1876",16.2065927062381,0,4.77505951061714,0,0,0,0
"1877",198.74096049467,0,198.431821435788,0,0,0,0
"1878",0,0,0,0,0,0,0
"1879",0,0,0,0,0,0,0
"1880",0,0,0,0,0,0,0
"1881",9.19508922619724,0,0,0,0,0,0
"1882",0,0,0,0,0,0,0
"1883",6.23618838858811,0,0,0,0,0,0
"1884",0,0,8.89860586714373,0,0,0,0
"1885",8.35823483924623,0,2.02240414030033,0,0,0,0
"1886",0,0,0,0,0,0,0
"1887",0,0,0,0,0,0,0
"1888",0,0,0,0,0,0,0
"1889",47.4275930800586,0,44.0260108759587,0,0,0,0
"1890",0,0,0,0,0,0,0
"1891",0,0,0,0,0,0,0
"1892",0,0,0,0,0,0,0
"1893",49.5649328135892,0,52.5848653095005,0,0,0,0
"1894",14.619788732275,0,20.6387367192618,0,0,0,0
"1895",95.9579064098896,0,74.9108556930952,0,0,0,0
"1896",132.706798894321,0,151.62067120082,0,0,0,0
"1897",191.926417561509,0,180.414349067065,0,0,0,0
"1898",0,0,0,0,0,0,0
"1899",39.7417189055795,0,38.4004981451025,0,0,0,0
"1900",59.1288378219296,0,57.6531257331925,0,0,0,0
"1901",3.82326957471152,0,4.54196259379211,0,0,0,0
"1902",0,0,0,0,0,0,0
"1903",0,0,0,0,0,0,0
"1904",51.5432362964798,0,51.3386303033172,0,0,0,0
"1905",0,0,0,0,0,0,0
"1906",3.705011983204,0,4.86558802124832,0,0,0,0
"1907",2.34241184581174,0,0.690578321067674,0,0,0,0
"1908",29.307767100124,0,22.6836151624047,0,0,0,0
"1909",14.8836355242266,0,13.2168584705772,0,0,0,0
"1910",161.107065719304,0,175.35483308015,0,0,0,0
"1911",5.61401889252616,0,17.9307544556634,0,0,0,0
"1912",0,0,1.33442797061472,0,0,0,0
"1913",4.71308670683674,0,0,0,0,0,0
"1914",13.9760462960188,0,15.1282754112401,0,0,0,0
"1915",0,0,0,0,0,0,0
"1916",11.5289863178822,0,0,0,0,0,0
"1917",0,0,0,0,0,0,0
"1918",15.1196006502316,0,9.51884232067578,0,0,0,0
"1919",52.7405841215897,0,42.2516748236412,0,0,0,0
"1920",199.084242012791,0,198.898162471077,0,0,0,0
"1921",0,0,3.00612208825296,0,0,0,0
"1922",0,0,0,0,0,0,0
"1923",11.6149811302237,0,12.0257607236538,0,0,0,0
"1924",2.26798283423981,0,0,0,0,0,0
"1925",7.90396003862497,0,3.44651779992578,0,0,0,0
"1926",19.087014802009,0,17.7936524825527,0,0,0,0
"1927",0,0,0,0,0,0,0
"1928",0,0,0,0,0,0,0
"1929",4.97720405792899,0,10.0665559140754,0,0,0,0
"1930",0,0,0,0,0,0,0
"1931",5.22145026067344,0,0,0,0,0,0
"1932",206.73911463053,0,218.153966111313,0,0,0,0
"1933",4.01168583660616,0,0,0,0,0,0
"1934",41.9563962732151,0,26.9300679098222,0,0,0,0
"1935",0,0,0,0,0,0,0
"1936",0,0,0,0,0,0,0
"1937",5.71844357490777,0,17.9964631791201,0,0,0,0
"1938",4.38265948878695,0,0,0,0,0,0
"1939",0,0,0,0,0,0,0
"1940",22.9797495280887,0,0,0,0,0,0
"1941",0,0,0,0,0,0,0
"1942",175.771974951186,0,176.379816132221,0,0,0,0
"1943",0,0,2.80795497266303,0,0,0,0
"1944",0,0,0,0,0,0,0
"1945",0,0,0,0,0,0,0
"1946",0,0,0,0,0,0,0
"1947",113.013924421177,0,109.307980088419,0,0,0,0
"1948",0,0,0,0,0,0,0
"1949",0,0,0,0,0,0,0
"1950",257.735085271856,0,252.028328106318,0,0,0,0
"1951",95.8017655456716,0,100.97310686824,0,0,0,0
"1952",0,0,0,0,0,0,0
"1953",0,0,0,0,0,0,0
"1954",0,0,0,0,0,0,0
"1955",102.77406174129,0,99.7029075528663,0,0,0,0
"1956",10.5988934529535,0,0,0,0,0,0
"1957",0,0,0,0,0,0,0
"1958",167.232265938266,0,173.926749309844,0,0,0,0
"1959",10.7093089693439,0,14.3824668667801,0,0,0,0
"1960",167.914277599367,0,172.328770060393,0,0,0,0
"1961",0,0,0,0,0,0,0
"1962",9.28671378478444,0,8.67242729923324,0,0,0,0
"1963",0,0,0,0,0,0,0
"1964",0,0,0,0,0,0,0
"1965",0,0,0,0,0,0,0
"1966",5.45612747445844,0,1.41612785961176,0,0,0,0
"1967",7.32051002011019,0,7.8854030026969,0,0,0,0
"1968",0,0,0,0,0,0,0
"1969",10.1266720807471,0,19.9511539144829,0,0,0,0
"1970",0,0,0,0,0,0,0
"1971",0,0,0,0,0,0,0
"1972",0,0,0,0,0,0,0
"1973",137.552344429739,0,118.341984777833,0,0,0,0
"1974",0,0,5.16279388948635,0,0,0,0
"1975",150.084797042439,0,140.28735640682,0,0,0,0
"1976",25.4916248295671,0,20.4969666622179,0,0,0,0
"1977",6.80328736344148,0,0,0,0,0,0
"1978",0,0,0,0,0,0,0
"1979",56.5372989652599,0,50.7859600532142,0,0,0,0
"1980",207.317471536446,0,211.628446193628,0,0,0,0
"1981",6.38554029852487,0,0,0,0,0,0
"1982",10.5295980908282,0,7.27609631478403,0,0,0,0
"1983",0,0,6.30253200102553,0,0,0,0
"1984",12.4648346360851,0,14.2079141388976,0,0,0,0
"1985",94.884435235789,0,89.4162551477558,0,0,0,0
"1986",138.624458325668,0,136.885715515794,0,0,0,0
"1987",0,0,6.57753743509022,0,0,0,0
"1988",0,0,0,0,0,0,0
"1989",0,0,0,0,0,0,0
"1990",171.940083878181,0,177.841424247425,0,0,0,0
"1991",0,0,5.22752728134119,0,0,0,0
"1992",0,0,0,0,0,0,0
"1993",192.553733612137,0,197.423812545364,0,0,0,0
"1994",0,0,0,0,0,0,0
"1995",0,0,0,0,0,0,0
"1996",113.992557389911,0,107.858954205785,0,0,0,0
"1997",2.01677972763816,0,0,0,0,0,0
"1998",0,0,0,0,0,0,0
"1999",7.56159142125444,0,2.90813497750273,0,0,0,0
"2000",0,0,0,0,0,0,0
"2001",180.889282570483,0,170.852424018964,0,0,0,0
"2002",0,0,0,0,0,0,0
"2003",22.7815349304036,0,0,0,0,0,0
"2004",5.20641724014529,0,1.9636028314272,0,0,0,0
"2005",0,0,0,0,0,0,0
"2006",2.37648605172318,0,0,0,0,0,0
"2007",0,0,0,0,0,0,0
"2008",2.7517673548587,0,0,0,0,0,0
"2009",3.87941255902883,0,3.95806380459835,0,0,0,0
"2010",0,0,0,0,0,0,0
"2011",0,0,0,0,0,0,0
"2012",19.8201820676938,0,29.6062736052083,0,0,0,0
"2013",0,0,0.420978013783241,0,0,0,0
"2014",8.23886320719084,0,5.84558503752448,0,0,0,0
"2015",0,0,0,0,0,0,0
"2016",130.427922273605,0,117.670592855102,0,0,0,0
"2017",0,0,0,0,0,0,0
"2018",127.440954203621,0,130.960177100654,0,0,0,0
"2019",64.5383356354481,0,62.8322589163011,0,0,0,0
"2020",0,0,0,0,0,0,0
"2021",5.61938705570389,0,0,0,0,0,0
"2022",139.902007679131,0,146.236271524418,0,0,0,0
"2023",0,0,3.81075315965961,0,0,0,0
"2024",0,0,0,0,0,0,0
"2025",2.36603849171821,0,2.17100919898572,0,0,0,0
"2026",0,0,0,0,0,0,0
"2027",0,0,0,0,0,0,0
"2028",0,0,0,0,0,0,0
"2029",0,0,0.478772334309158,0,0,0,0
"2030",0,0,0,0,0,0,0
"2031",291.539880181755,0,286.398744639765,0,0,0,0
"2032",0,0,0,0,0,0,0
"2033",2.1727429246392,0,0,0,0,0,0
"2034",0,0,0,0,0,0,0
"2035",0,0,0,0,0,0,0
"2036",8.34718080055304,0,7.76694424756586,0,0,0,0
"2037",0,0,0,0,0,0,0
"2038",0,0,0,0,0,0,0
"2039",220.23455571346,0,220.635257523892,0,0,0,0
"2040",179.580137191805,0,182.256298030625,0,0,0,0
"2041",137.585910208231,0,127.074250430503,0,0,0,0
"2042",199.774494068578,0,193.269069673714,0,0,0,0
"2043",0,0,0,0,0,0,0
"2044",0,0,0,0,0,0,0
"2045",1.25514988837998,0,0,0,0,0,0
"2046",0,0,0.968371365178137,0,0,0,0
"2047",0,0,0,0,0,0,0
"2048",0,0,0,0,0,0,0
"2049",0,0,0,0,0,0,0
"2050",0,0,0,0,0,0,0
"2051",0,0,0,0,0,0,0
"2052",0,0,0,0,0,0,0
"2053",64.6689722726502,0,70.1747604178718,0,0,0,0
"2054",0,0,0,0,0,0,0
"2055",0,0,0,0,0,0,0
"2056",0,0,0,0,0,0,0
"2057",28.1307210078694,0,23.8918977111613,0,0,0,0
"2058",0,0,0,0,0,0,0
"2059",36.7123481673829,0,30.3397255053345,0,0,0,0
"2060",0,0,0,0,0,0,0
"2061",0,0,0,0,0,0,0
"2062",0,0,3.02576763706423,0,0,0,0
"2063",0,0,0,0,0,0,0
"2064",132.992019770337,0,148.937143473591,0,0,0,0
"2065",120.863911930105,0,120.907610978435,0,0,0,0
"2066",23.0084249178187,0,28.9150843978818,0,0,0,0
"2067",9.98947857993575,0,6.88384328475339,0,0,0,0
"2068",25.2688516262504,0,25.8000810411965,0,0,0,0
"2069",198.4116444651,0,181.113265410752,0,0,0,0
"2070",64.6196823169504,0,73.9742472313976,0,0,0,0
"2071",10.444998940947,0,0,0,0,0,0
"2072",5.42202124357497,0,8.29445667781211,0,0,0,0
"2073",0,0,0,0,0,0,0
"2074",2.66975451136328,0,0,0,0,0,0
"2075",0,0,0,0,0,0,0
"2076",0,0,0,0,0,0,0
"2077",0,0,0,0,0,0,0
"2078",0,0,0,0,0,0,0
"2079",0,0,0,0,0,0,0
"2080",150.851339319053,0,151.661691494858,0,0,0,0
"2081",176.927660787061,0,163.247494906915,0,0,0,0
"2082",46.6837095994427,67.2952732221452,23.2347049205121,77.2837933314232,70.1161623732638,0,58.6270571441457
"2083",123.628677024821,0,126.436313961937,0,0,0,0
"2084",0,0,0,0,0,0,0
"2085",0,0,0,0,0,0,0
"2086",0,0,0,0,0,0,0
"2087",0,0,0,0,0,0,0
"2088",0,0,0,0,0,0,0
"2089",1.31906521151338,0,6.72887211092718,0,0,0,0
"2090",0,0,0,0,0,0,0
"2091",3.73398767581354,0,3.69225559966665,0,0,0,0
"2092",0,0,0,0,0,0,0
"2093",25.1688307580016,0,29.1636114348428,0,0,0,0
"2094",0,0,0,0,0,0,0
"2095",7.66515623569416,0,0,0,0,0,0
"2096",2.35019986157727,0,0,0,0,0,0
"2097",197.424047953414,0,198.027065115912,0,0,0,0
"2098",3.77951452624217,0,5.78815809144958,0,0,0,0
"2099",0,0,3.25349090009049,0,0,0,0
"2100",42.766484522953,0,47.3534546548609,0,0,0,0
"2101",0,0,0,0,0,0,0
"2102",0,0,0,0,0,0,0
"2103",144.670764130033,0,138.757850379069,0,0,0,0
"2104",0,0,18.1013673133162,0,0,0,0
"2105",0,0,0,0,0,0,0
"2106",0,0,0,0,0,0,0
"2107",0,0,0,0,0,0,0
"2108",69.908375359905,0,78.6075548415646,0,0,0,0
"2109",14.4993317512882,0,13.8290965080024,0,0,0,0
"2110",3.24496372521911,0,7.42224072745663,0,0,0,0
"2111",0,0,0,0,0,0,0
"2112",0,0,0,0,0,0,0
"2113",0,0,0,0,0,0,0
"2114",0,0,0,0,0,0,0
"2115",0,0,0,0,0,0,0
"2116",16.3491051925044,0,11.7095062432912,0,0,0,0
"2117",0,0,0,0,0,0,0
"2118",0,0,0,0,0,0,0
"2119",0,0,0,0,0,0,0
"2120",91.597810818686,0,90.7869526164086,0,0,0,0
"2121",168.073241554454,0,156.113199101581,0,0,0,0
"2122",3.59949192848873,0,0,0,0,0,0
"2123",0,0,0,0,0,0,0
"2124",33.7881956311367,0,47.7085327904841,0,0,0,0
"2125",0,0,0,0,0,0,0
"2126",2.61951793470917,0,4.37360129704063,0,0,0,0
"2127",0,0,0,0,0,0,0
"2128",0,0,0,0,0,0,0
"2129",0,0,0,0,0,0,0
"2130",0,0,0,0,0,0,0
"2131",0,0,2.99680084563166,0,0,0,0
"2132",0,0,0,0,0,0,0
"2133",4.72626692894321,0,2.62041831049326,0,0,0,0
"2134",128.589106667926,0,130.871297824992,0,0,0,0
"2135",0,0,8.17420665346663,0,0,0,0
"2136",0,0,0,0,0,0,0
"2137",0,0,0,0,0,0,0
"2138",30.6814350002425,0,31.1950768052929,0,0,0,0
"2139",0,0,0,0,0,0,0
"2140",148.411037686309,0,137.070101917171,0,0,0,0
"2141",0,0,0,0,0,0,0
"2142",113.14475475799,0,119.489987872815,0,0,0,0
"2143",0,0,0,0,0,0,0
"2144",0,0,5.34604019119062,0,0,0,0
"2145",0,0,0,0,0,0,0
"2146",0,0,1.44401651688078,0,0,0,0
"2147",36.5947494837242,0,31.8107572883019,0,0,0,0
"2148",0,0,0,0,0,0,0
"2149",0,0,0,0,0,0,0
"2150",213.921321292459,0,213.429151806579,0,0,0,0
"2151",0,0,0,0,0,0,0
"2152",0,0,0,0,0,0,0
"2153",49.0760169403466,0,50.5354213654812,0,0,0,0
"2154",0.284635967607841,0,0,0,0,0,0
"2155",0,0,3.43810653027445,0,0,0,0
"2156",97.4589256366616,73.641253346225,104.127096490897,84.4425095319848,85.5249468665567,0,75.7186643579652
"2157",0,0,0,0,0,0,0
"2158",0,0,1.37886653773461,0,0,0,0
"2159",0,0,0,0,0,0,0
"2160",27.2572767299169,0,23.0822215737437,0,0,0,0
"2161",363.126700187959,0,363.020902213565,0,0,0,0
"2162",0,0,0,0,0,0,0
"2163",0,0,0,0,0,0,0
"2164",20.4246379198558,0,2.32728261242194,0,0,0,0
"2165",0,0,0,0,0,0,0
"2166",0,0,0,0,0,0,0
"2167",0,0,0,0,0,0,0
"2168",0,0,0,0,0,0,0
"2169",1.50749828047876,0,0,0,0,0,0
"2170",30.3215176153284,0,41.0902714404666,0,0,0,0
"2171",0,0,0,0,0,0,0
"2172",0,0,0,0,0,0,0
"2173",0,0,0,0,0,0,0
"2174",0,0,2.85022104718111,0,0,0,0
"2175",192.703323282568,0,191.160527459523,0,0,0,0
"2176",0,0,0,0,0,0,0
"2177",13.5220896694011,0,13.0297317636668,0,0,0,0
"2178",18.181428819882,0,1.00227954356268,0,0,0,0
"2179",0,0,0,0,0,0,0
"2180",0.654509113339768,0,0,0,0,0,0
"2181",0,0,0,0,0,0,0
"2182",1.62543499321554,0,0,0,0,0,0
"2183",0,0,6.9340595889866,0,0,0,0
"2184",0,0,0,0,0,0,0
"2185",13.7797676027457,0,0,0,0,0,0
"2186",0,0,0,0,0,0,0
"2187",9.21558728241612,0,15.1382299159409,0,0,0,0
"2188",0,0,3.47281589479226,0,0,0,0
"2189",0,0,8.06354891905132,0,0,0,0
"2190",28.7337937338439,0,26.9189365074077,0,0,0,0
"2191",4.47312063938954,0,0,0,0,0,0
"2192",0,0,0,0,0,0,0
"2193",0,0,0,0,0,0,0
"2194",0,0,0,0,0,0,0
"2195",0,0,7.93257282216342,0,0,0,0
"2196",0,0,0,0,0,0,0
"2197",173.211899629781,0,153.8172977961,0,0,0,0
"2198",0,0,0,0,0,0,0
"2199",124.403386353883,0,126.492413958663,0,0,0,62.3339875282261
"2200",0,0,0,0,0,0,0
"2201",0,0,0,0,0,0,0
"2202",86.7063277506728,0,81.7983388275914,0,0,0,0
"2203",150.255485880282,0,140.990879967894,0,0,0,0
"2204",0,0,0,0,0,0,0
"2205",90.5539562484457,0,92.6875495265743,0,0,0,0
"2206",128.938016747421,0,124.569000691841,0,0,0,0
"2207",117.172402730009,0,113.052522884894,0,0,0,0
"2208",99.7222986370025,0,84.6845830898381,0,0,0,0
"2209",0,0,0,0,0,0,0
"2210",54.7032946003233,0,56.9713658338839,0,0,0,0
"2211",0,0,0,0,0,0,0
"2212",0,0,0,0,0,0,0
"2213",196.158748230393,0,200.751905869014,0,0,0,0
"2214",32.2246595560605,0,31.8987601071878,0,0,0,0
"2215",26.114275182573,0,29.6732401940768,0,0,0,0
"2216",0,0,0,0,0,0,0
"2217",4.01290640571125,0,0,0,0,0,0
"2218",0,0,0,0,0,0,0
"2219",0,0,0,0,0,0,0
"2220",0,0,0,0,0,0,0
"2221",180.76874816981,0,177.309125918637,0,0,0,0
"2222",0,0,0,0,0,0,0
"2223",31.8912877614707,0,38.0209312661297,0,0,0,0
"2224",118.53634531003,0,126.89424260875,0,0,0,0
"2225",0,0,0,0,0,0,0
"2226",117.145483871183,0,112.213464742982,0,0,0,0
"2227",116.415499557473,0,107.502784535384,0,0,0,0
"2228",0,0,5.01673883488251,0,0,0,0
"2229",0,0,0,0,0,0,0
"2230",0,0,0,0,0,0,0
"2231",0,0,5.57244204334735,0,0,0,0
"2232",0,0,0,0,0,0,0
"2233",0,0,0,0,0,0,0
"2234",91.7290625536021,0,97.1385925462379,0,0,0,0
"2235",0,0,0,0,0,0,0
"2236",166.389983267644,0,158.947064371411,0,0,0,0
"2237",139.249346828082,0,138.958623980412,0,0,0,0
"2238",0,0,0,0,0,0,0
"2239",15.0829332709895,0,4.33486925600327,0,0,0,0
"2240",181.684009043149,0,175.439113936457,0,0,0,89.0347838986453
"2241",1.85724046961466,0,1.42586950894607,0,0,0,0
"2242",0,0,0,0,0,0,0
"2243",18.4723237705937,0,17.0085136088128,0,0,0,0
"2244",3.93867936187304,0,0,0,0,0,0
"2245",0,0,0,0,0,0,0
"2246",0,0,0,0,0,0,0
"2247",0,0,0,0,0,0,0
"2248",233.643772184187,0,232.688517862849,0,0,0,19.8766813819775
"2249",0,0,0,0,0,0,0
"2250",0,0,0,0,0,0,0
"2251",0,0,0,0,0,0,0
"2252",11.3517270432092,0,5.34679315141886,0,0,0,0
"2253",7.63674178946796,0,8.53616820998437,0,0,0,0
"2254",105.096050715537,0,122.144185743882,0,0,0,0
"2255",0,0,0,0,0,0,0
"2256",17.14970966558,0,11.384829462459,0,0,0,0
"2257",3.47632622397466,0,4.17761860978778,0,0,0,0
"2258",0,0,0,0,0,0,0
"2259",0,0,0,0,0,0,0
"2260",0,0,0,0,0,0,0
"2261",8.06278178866353,0,0,0,0,0,0
"2262",0,0,2.67439503471559,0,0,0,0
"2263",0,0,0,0,0,0,0
"2264",0,0,0,0,0,0,0
"2265",0,0,0,0,0,0,0
"2266",0,0,0,0,0,0,0
"2267",108.751182381437,0,109.43904796002,0,0,0,0
"2268",0,0,0,0,0,0,0
"2269",171.262780087865,0,176.980666122459,0,0,0,0
"2270",69.6121087623578,0,71.1479345286866,0,0,0,0
"2271",29.4486204217717,0,30.186268694471,0,0,0,0
"2272",5.52603220366616,0,8.93155970381514,0,0,0,0
"2273",0,0,0,0,0,0,0
"2274",9.67137156581129,0,8.53167980108579,0,0,0,0
"2275",0,0,9.02392478950013,0,0,0,0
"2276",0,0,0,0,0,0,0
"2277",0,0,0,0,0,0,0
"2278",1.66000311216731,0,1.76073938470446,0,0,0,0
"2279",0,0,0,0,0,0,0
"2280",4.63538794067663,0,5.99381702622753,0,0,0,0
"2281",7.61759725108011,0,4.64835036261667,0,0,0,0
"2282",0,0,0,0,0,0,0
"2283",15.815052112347,0,16.1095128189356,0,0,0,0
"2284",0,0,0,0,0,0,0
"2285",0,0,0,0,0,0,0
"2286",18.4904311607964,0,16.1830157855337,0,0,0,0
"2287",1.14237879793303,0,0,0,0,0,0
"2288",217.802285274863,7.8786879129738,220.582260218875,0,213.6971477447,0,0
"2289",1.751315362478,0,2.13652715866493,0,0,0,0
"2290",23.6016182514144,0,23.6173249878033,0,0,0,0
"2291",4.09962260871524,0,5.17963699235348,0,0,0,0
"2292",0,0,0,0,0,0,0
"2293",0,0,0,0,0,0,0
"2294",29.528694463526,0,31.3747238837441,0,0,0,0
"2295",65.7719996161378,0,57.1885834354109,0,0,0,0
"2296",0,0,0,0,0,0,0
"2297",0,0,0,0,0,0,0
"2298",152.094461320299,0,152.903442089673,0,0,0,0
"2299",0,0,0,0,0,0,0
"2300",181.992527854489,0,175.306243817888,0,0,0,0
"2301",0,0,6.16773315540327,0,0,0,0
"2302",48.6056654672193,0,47.8574699127194,0,0,0,0
"2303",19.1334153557746,0,15.6437279273018,0,0,0,0
"2304",0,0,0,0,0,0,0
"2305",0,0,0,0,0,0,0
"2306",0,0,0,0,0,0,0
"2307",148.417194930304,0,174.015305626924,0,0,0,0
"2308",73.9569596047372,0,67.4805275777132,0,0,0,0
"2309",0,0,0,0,0,0,0
"2310",119.834067439354,0,114.572247469188,0,0,0,0
"2311",108.58205372314,0,91.386991852801,0,0,0,0
"2312",0,0,0,0,0,0,0
"2313",0,0,6.72229216546679,0,0,0,0
"2314",2.89600648267511,0,5.86180893143123,0,0,0,0
"2315",0,0,0,0,0,0,0
"2316",110.767478582183,0,108.020347885547,0,0,0,0
"2317",190.924284136931,0,189.31370581812,0,0,0,0
"2318",7.49063944953987,0,7.50379597202556,0,0,0,0
"2319",0,0,0,0,0,0,0
"2320",159.39923988877,0,175.212004815786,0,0,0,0
"2321",0,0,0,0,0,0,0
"2322",1.84000259645101,0,0,0,0,0,0
"2323",0,0,0.0560504177321851,0,0,0,0
"2324",0,0,0,0,0,0,0
"2325",135.348113277435,0,137.669624098483,0,0,0,0
"2326",0,0,0,0,0,0,0
"2327",18.4749533703062,0,5.99067100844897,0,0,0,0
"2328",0,0,16.3140841320964,0,0,0,0
"2329",139.276144572282,0,141.270494926744,0,0,0,0
"2330",0,0,0,0,0,0,0
"2331",0,0,0,0,0,0,0
"2332",7.20699535627447,0,0,0,0,0,0
"2333",94.2745316912153,0,93.9915254080979,0,0,0,0
"2334",0,0,0,0,0,0,0
"2335",0,0,5.85328863222785,0,0,0,0
"2336",16.7352293158009,0,16.6441205908628,0,0,0,0
"2337",0,0,0,0,0,0,0
"2338",0.512137308532646,0,0,0,0,0,0
"2339",0,0,0,0,0,0,0
"2340",4.32697359397015,0,0,0,0,0,0
"2341",0,0,0,0,0,0,0
"2342",0,0,0,0,0,0,0
"2343",4.2669945331074,0,3.83570102053564,0,0,0,0
"2344",0,0,0,0,0,0,0
"2345",15.628031297384,0,0,0,0,0,0
"2346",0,0,0,0,0,0,0
"2347",1.28522296771142,0,0,0,0,0,0
"2348",121.669226499889,0,125.154116124002,0,0,0,0
"2349",135.123930572407,0,121.062794265668,0,0,0,0
"2350",0,0,0,0,0,0,0
"2351",8.3230026474617,0,7.0334000238917,0,0,0,0
"2352",164.242027949871,0,191.302503491129,0,0,0,0
"2353",0,0,0,0,0,0,0
"2354",191.021688837011,0,189.717982651945,0,0,0,0
"2355",166.460896569026,0,154.616755730512,0,0,0,0
"2356",0,0,0,0,0,0,0
"2357",23.0553949904033,0,21.3713506592492,0,0,0,0
"2358",0,0,0,0,0,0,0
"2359",0,0,0,0,0,0,0
"2360",1.5674217707268,0,10.7893210012066,0,0,13.7974316144857,0
"2361",0,0,14.1700336163018,0,0,0,0
"2362",0,0,0,0,0,0,0
"2363",16.2805510637947,0,9.77085187790108,0,0,0,0
"2364",8.38509556967109,0,19.0594607549512,0,0,0,0
"2365",0,0,0,0,0,0,0
"2366",30.3658595739691,0,30.4329622002048,0,0,0,0
"2367",42.6933743861096,0,30.4177256959545,0,0,0,0
"2368",0,0,0,0,0,0,0
"2369",0,0,0,0,0,0,0
"2370",0,0,0,0,0,0,0
"2371",16.4536367646415,0,10.2931648293044,0,0,0,0
"2372",2.59944870835792,0,0,0,0,0,0
"2373",2.660152496844,0,17.37607063321,0,0,0,0
"2374",0,0,0,0,0,0,0
"2375",0,0,0,0,0,0,0
"2376",0,0,0,0,0,0,0
"2377",139.686206080911,0,140.676264983257,0,0,0,0
"2378",3.75696108171019,0,0,0,0,0,0
"2379",13.8735683356245,0,7.13371615834588,0,0,0,0
"2380",0,0,0,0,0,0,0
"2381",0,0,0,0,0,0,0
"2382",0,0,6.63185771736134,0,0,0,0
"2383",33.6698606521862,0,36.0580751430578,0,0,0,0
"2384",51.7406747737778,0,48.4479412589035,0,0,0,0
"2385",0,0,0,0,0,0,0
"2386",4.62503605641908,0,0,0,0,0,0
"2387",0,0,0,0,0,0,0
"2388",65.8472947736579,0,65.151454183488,0,0,0,0
"2389",17.5253539012582,0,15.2012502822452,0,0,0,0
"2390",0,0,0,0,0,0,0
"2391",28.9700588629687,0,23.5247992120162,0,0,0,0
"2392",0,0,0,0,0,0,0
"2393",31.8933098915034,0,12.1634271990613,0,0,0,0
"2394",0,0,4.00134405531063,0,0,0,0
"2395",2.03546989024173,0,8.08527445034013,0,0,0,0
"2396",270.00582708268,0,268.848989932588,0,0,0,0
"2397",0.205356130082009,0,0,0,0,0,0
"2398",2.88076505680997,0,3.14007930749124,0,0,0,0
"2399",2.5589379460852,0,0,0,0,0,0
"2400",7.99604430215531,0,3.01504991054449,0,0,0,0
"2401",1.36213865435217,0,0,0,0,0,0
"2402",0,0,0,0,0,0,0
"2403",5.90614555679151,0,0,0,0,0,0
"2404",3.73140943769517,0,0,0,0,0,0
"2405",0,0,0,0,0,0,0
"2406",7.97746809015597,0,7.67274752168017,0,0,0,0
"2407",131.147110301758,88.9772238433108,133.060088720446,89.7186091437599,0,0,0
"2408",0,0,0,0,0,0,0
"2409",0,0,0,0,0,0,0
"2410",139.63459303555,0,139.753566414764,0,0,0,0
"2411",3.0208554091203,0,4.92980637361015,0,0,0,0
"2412",70.280793010898,0,60.8457799253078,0,0,0,0
"2413",0,0,0,0,0,0,0
"2414",0,0,0,0,0,0,0
"2415",73.9462273813304,0,65.7512450048157,0,0,0,0
"2416",134.901848402863,0,141.081551916261,0,0,0,0
"2417",0,0,2.77023395102437,0,0,0,0
"2418",0,0,0,0,0,0,0
"2419",1.41454994898025,0,0,0,0,0,0
"2420",0,0,0,0,0,0,0
"2421",70.2315345186375,0,61.9634198305303,0,0,0,0
"2422",0,0,0,0,0,0,0
"2423",134.534350516422,0,135.067781745449,0,0,0,0
"2424",125.959698324051,0,127.031457632602,0,0,0,0
"2425",6.80218470970899,0,2.62438260530406,0,0,0,0
"2426",0,0,0,0,0,0,0
"2427",152.811988933779,0,158.516204452028,0,0,0,0
"2428",0,0,0,0,0,0,0
"2429",0,0,0,0,0,0,0
"2430",0,0,0,0,0,0,0
"2431",14.3776489432173,0,10.6096968132083,0,0,0,0
"2432",0,0,0,0,0,0,0
"2433",8.62886927507577,0,6.1010884322037,0,0,0,0
"2434",2.42372792537752,0,0,0,0,0,0
"2435",0,0,6.01028827843938,0,0,0,0
"2436",0,0,0,0,0,0,0
"2437",5.24632727626857,0,0,0,0,0,0
"2438",0,0,0,0,0,0,0
"2439",0,0,0,0,0,0,0
"2440",0.824487765739861,0,0,0,0,0,0
"2441",86.1293560503595,0,84.8591685294759,0,0,0,0
"2442",0,0,0,0,0,0,0
"2443",15.2512468915988,0,15.2085981271764,0,0,0,0
"2444",0,0,0,0,0,0,0
"2445",0,0,0,0,0,0,0
"2446",4.96734172213216,0,3.4674264246463,0,0,0,0
"2447",4.36034212567803,0,0,0,0,0,0
"2448",0,0,0,0,0,0,0
"2449",0,0,0,0,0,0,0
"2450",0,0,8.00467820987171,0,0,0,0
"2451",0,0,0,0,0,0,0
"2452",0,0,1.04402219111135,0,0,0,0
"2453",0,0,0,0,0,0,0
"2454",0.347467666270782,0,0,0,0,0,0
"2455",0,0,0,0,0,0,0
"2456",0,0,0,0,0,0,0
"2457",7.24874912927761,0,0,0,0,0,0
"2458",12.7357008456248,0,10.2622701939841,0,0,0,0
"2459",166.943193926862,0,161.908179759568,0,0,0,0
"2460",131.542331625948,0,132.415015471753,0,0,0,0
"2461",0,0,0,0,0,0,0
"2462",0,0,0,0,0,0,0
"2463",1.28474187519395,0,0,0,0,0,0
"2464",161.404052897355,0,146.925270417944,0,0,0,0
"2465",0,0,0,0,0,0,0
"2466",0,0,0,0,0,0,0
"2467",125.792138210295,0,116.099429677916,0,0,0,0
"2468",8.59543542725105,0,0,0,0,0,0
"2469",0,0,0,0,0,0,0
"2470",0,0,0,0,0,0,0
"2471",0,0,0,0,0,0,0
"2472",0,0,0,0,0,0,0
"2473",0,0,0,0,0,0,0
"2474",110.129522245823,0,110.543087407558,0,0,0,0
"2475",0,0,0,0,0,0,0
"2476",0,0,0,0,0,0,0
"2477",8.25315757857568,0,1.05563249258833,0,0,0,0
"2478",0,0,0,0,0,0,0
"2479",0,0,5.56758979170899,0,0,0,0
"2480",0,0,0,0,0,0,0
"2481",69.3501328220607,0,58.6519972372293,0,0,0,0
"2482",0,0,0,0,0,0,0
"2483",0,0,13.686379685616,0,0,0,0
"2484",0,0,0,0,0,0,0
"2485",126.071141645928,0,127.063559936773,0,0,0,0
"2486",0,0,0,0,0,0,0
"2487",20.0577191889218,0,12.3528675403946,0,0,0,0
"2488",0,0,0,0,0,0,0
"2489",0,0,0,0,0,0,0
"2490",5.30831411153781,0,2.30430606143389,0,0,0,0
"2491",0,0,0,0,0,0,0
"2492",0,0,0.261119309405906,0,0,0,0
"2493",11.2805560589306,0,13.0358371818691,0,0,0,0
"2494",0,0,0,0,0,0,0
"2495",39.6151833599793,0,46.1232229235144,0,0,0,0
"2496",6.26765749811027,0,0,0,0,0,0
"2497",179.374924347665,0,174.800705796393,0,0,0,0
"2498",12.5647167833843,0,0,0,0,0,0
"2499",88.8686025127162,0,90.1860745006388,0,0,0,0
"2500",0,0,0,0,0,0,0
