"","age1.S","age2_no_comorbid.S","age2_comorbid.S","age3_no_comorbid.S","age3_comorbid.S"
"1",7.37100737100737,19.7452229299363,18.370607028754,29.5454545454545,28.1501340482574
"2",100,99.8938428874735,99.8402555910543,100,100.536193029491
"3",100,99.7876857749469,99.8402555910543,100,100.536193029491
"4",9.58230958230958,21.2314225053079,19.1693290734824,38.6363636363636,36.1930294906166
"5",100,99.8938428874735,99.8402555910543,100,100.536193029491
"6",10.0737100737101,23.4607218683652,22.3642172523962,34.0909090909091,45.5764075067024
"7",10.1965601965602,23.6730360934183,25.5591054313099,22.7272727272727,41.5549597855228
"8",9.7051597051597,27.7070063694268,19.1693290734824,29.5454545454545,38.8739946380697
"9",8.47665847665848,26.6454352441614,20.7667731629393,36.3636363636364,41.5549597855228
"10",14.4963144963145,26.8577494692144,28.7539936102236,43.1818181818182,44.2359249329759
"11",100,99.8938428874735,99.8402555910543,100,100.536193029491
"12",100,99.8938428874735,99.8402555910543,100,100.536193029491
"13",99.7542997542998,99.7876857749469,99.8402555910543,100,100.536193029491
"14",11.7936117936118,26.7515923566879,22.3642172523962,36.3636363636364,40.2144772117963
"15",100,99.8938428874735,99.8402555910543,100,100.536193029491
"16",10.0737100737101,24.416135881104,28.7539936102236,38.6363636363636,49.597855227882
"17",10.6879606879607,24.203821656051,31.9488817891374,45.4545454545455,36.1930294906166
"18",10.3194103194103,24.203821656051,23.1629392971246,36.3636363636364,44.2359249329759
"19",8.5995085995086,23.3545647558386,31.9488817891374,29.5454545454545,42.8954423592493
"20",100,99.8938428874735,99.8402555910543,100,100.536193029491
"21",11.1793611793612,24.0976645435244,23.961661341853,36.3636363636364,34.8525469168901
"22",11.1793611793612,25.0530785562633,29.5527156549521,36.3636363636364,44.2359249329759
"23",11.7936117936118,30.0424628450106,25.5591054313099,47.7272727272727,37.5335120643432
"24",11.7936117936118,24.203821656051,22.3642172523962,36.3636363636364,45.5764075067024
"25",100,99.8938428874735,99.8402555910543,100,100.536193029491
"26",13.5135135135135,30.0424628450106,30.3514376996805,40.9090909090909,54.9597855227882
"27",99.8771498771499,99.8938428874735,99.8402555910543,100,100.536193029491
"28",10.0737100737101,23.4607218683652,21.5654952076677,27.2727272727273,41.5549597855228
"29",8.84520884520884,22.9299363057325,24.7603833865815,50,34.8525469168901
"30",7.49385749385749,21.4437367303609,25.5591054313099,36.3636363636364,46.916890080429
"31",9.7051597051597,20.3821656050955,16.7731629392971,31.8181818181818,36.1930294906166
"32",10.3194103194103,26.5392781316348,35.1437699680511,31.8181818181818,36.1930294906166
"33",99.8771498771499,99.8938428874735,99.8402555910543,100,100.536193029491
"34",100,99.8938428874735,99.8402555910543,100,100.536193029491
"35",8.72235872235872,23.4607218683652,27.1565495207668,43.1818181818182,33.5120643431635
"36",7.49385749385749,21.4437367303609,23.961661341853,45.4545454545455,37.5335120643432
"37",8.35380835380835,25.1592356687898,24.7603833865815,40.9090909090909,26.8096514745308
"38",9.95085995085995,25.3715498938429,29.5527156549521,34.0909090909091,36.1930294906166
"39",7.12530712530713,24.8407643312102,22.3642172523962,29.5454545454545,34.8525469168901
"40",7.61670761670762,21.3375796178344,15.1757188498403,34.0909090909091,41.5549597855228
"41",12.8992628992629,30.6794055201699,28.7539936102236,40.9090909090909,44.2359249329759
"42",10.1965601965602,23.1422505307856,23.961661341853,31.8181818181818,45.5764075067024
"43",7.61670761670762,18.6836518046709,19.1693290734824,29.5454545454545,34.8525469168901
"44",9.33660933660934,22.9299363057325,25.5591054313099,45.4545454545455,36.1930294906166
"45",10.6879606879607,22.1868365180467,24.7603833865815,43.1818181818182,44.2359249329759
"46",11.9164619164619,27.7070063694268,31.1501597444089,43.1818181818182,48.2573726541555
"47",100,99.7876857749469,99.8402555910543,100,100.536193029491
"48",10.0737100737101,22.7176220806794,26.3578274760383,43.1818181818182,33.5120643431635
"49",10.3194103194103,23.8853503184713,22.3642172523962,29.5454545454545,33.5120643431635
"50",8.96805896805897,25.2653927813163,27.9552715654952,40.9090909090909,33.5120643431635
"51",11.7936117936118,29.8301486199575,31.9488817891374,52.2727272727273,44.2359249329759
"52",100,99.8938428874735,99.8402555910543,100,100.536193029491
"53",10.6879606879607,24.8407643312102,19.9680511182109,59.0909090909091,46.916890080429
"54",13.7592137592138,27.9193205944798,31.9488817891374,50,41.5549597855228
"55",100,99.8938428874735,99.8402555910543,100,100.536193029491
"56",12.5307125307125,22.9299363057325,20.7667731629393,56.8181818181818,52.2788203753351
"57",10.5651105651106,27.0700636942675,23.1629392971246,47.7272727272727,49.597855227882
"58",9.95085995085995,24.5222929936306,31.1501597444089,27.2727272727273,38.8739946380697
"59",9.7051597051597,24.5222929936306,19.9680511182109,34.0909090909091,49.597855227882
"60",8.47665847665848,22.1868365180467,15.9744408945687,29.5454545454545,38.8739946380697
"61",8.72235872235872,24.203821656051,28.7539936102236,29.5454545454545,40.2144772117963
"62",10.0737100737101,26.1146496815287,27.9552715654952,45.4545454545455,48.2573726541555
"63",10.9336609336609,22.7176220806794,24.7603833865815,47.7272727272727,36.1930294906166
"64",10.6879606879607,24.0976645435244,27.1565495207668,50,40.2144772117963
"65",9.45945945945946,25.1592356687898,22.3642172523962,31.8181818181818,45.5764075067024
"66",100,99.8938428874735,99.8402555910543,100,100.536193029491
"67",6.75675675675676,20.4883227176221,23.1629392971246,29.5454545454545,36.1930294906166
"68",100,99.8938428874735,99.8402555910543,100,100.536193029491
"69",13.5135135135135,29.1932059447983,31.9488817891374,54.5454545454545,45.5764075067024
"70",13.2678132678133,25.796178343949,23.1629392971246,25,44.2359249329759
"71",11.9164619164619,27.3885350318471,27.1565495207668,36.3636363636364,37.5335120643432
"72",11.6707616707617,28.1316348195329,27.9552715654952,40.9090909090909,40.2144772117963
"73",12.4078624078624,27.8131634819533,23.1629392971246,31.8181818181818,34.8525469168901
"74",11.4250614250614,26.2208067940552,27.1565495207668,52.2727272727273,38.8739946380697
"75",9.45945945945946,23.6730360934183,30.3514376996805,38.6363636363636,33.5120643431635
"76",10.4422604422604,24.3099787685775,22.3642172523962,31.8181818181818,44.2359249329759
"77",99.7542997542998,99.8938428874735,99.8402555910543,100,100.536193029491
"78",9.7051597051597,22.5053078556263,27.9552715654952,38.6363636363636,45.5764075067024
"79",9.95085995085995,23.6730360934183,28.7539936102236,40.9090909090909,42.8954423592493
"80",12.6535626535627,28.8747346072187,27.9552715654952,47.7272727272727,36.1930294906166
"81",99.7542997542998,99.6815286624204,99.0415335463259,100,100.536193029491
"82",14.004914004914,31.8471337579618,35.9424920127796,34.0909090909091,52.2788203753351
"83",10.8108108108108,25.1592356687898,28.7539936102236,52.2727272727273,49.597855227882
"84",11.3022113022113,27.7070063694268,27.9552715654952,47.7272727272727,50.9383378016086
"85",99.7542997542998,99.4692144373673,99.8402555910543,100,100.536193029491
"86",99.7542997542998,99.7876857749469,99.8402555910543,100,100.536193029491
"87",13.1449631449631,25.3715498938429,19.1693290734824,40.9090909090909,44.2359249329759
"88",9.95085995085995,25.6900212314225,23.961661341853,31.8181818181818,52.2788203753351
"89",13.5135135135135,26.1146496815287,31.9488817891374,45.4545454545455,41.5549597855228
"90",9.21375921375921,21.3375796178344,27.9552715654952,34.0909090909091,34.8525469168901
"91",11.5479115479115,25.0530785562633,23.961661341853,40.9090909090909,52.2788203753351
"92",12.2850122850123,25.583864118896,25.5591054313099,34.0909090909091,44.2359249329759
"93",11.6707616707617,23.7791932059448,27.9552715654952,38.6363636363636,36.1930294906166
"94",10.6879606879607,22.0806794055202,23.1629392971246,40.9090909090909,37.5335120643432
"95",9.82800982800983,21.2314225053079,25.5591054313099,34.0909090909091,38.8739946380697
"96",8.84520884520884,23.6730360934183,20.7667731629393,36.3636363636364,42.8954423592493
"97",8.72235872235872,26.3269639065817,27.1565495207668,47.7272727272727,45.5764075067024
"98",100,99.8938428874735,99.8402555910543,100,100.536193029491
"99",12.7764127764128,25.3715498938429,29.5527156549521,29.5454545454545,40.2144772117963
"100",100,99.8938428874735,99.8402555910543,100,100.536193029491
"101",100,99.8938428874735,99.8402555910543,100,100.536193029491
"102",99.8771498771499,99.8938428874735,99.8402555910543,100,100.536193029491
"103",99.8771498771499,99.8938428874735,99.8402555910543,100,100.536193029491
"104",100,99.8938428874735,99.8402555910543,100,100.536193029491
"105",11.5479115479115,24.6284501061571,21.5654952076677,36.3636363636364,36.1930294906166
"106",8.10810810810811,22.1868365180467,23.1629392971246,34.0909090909091,34.8525469168901
"107",100,99.8938428874735,99.8402555910543,100,100.536193029491
"108",11.1793611793612,24.7346072186837,28.7539936102236,54.5454545454545,36.1930294906166
"109",9.09090909090909,22.1868365180467,22.3642172523962,36.3636363636364,32.171581769437
"110",9.82800982800983,24.3099787685775,26.3578274760383,31.8181818181818,44.2359249329759
"111",10.5651105651106,27.2823779193206,29.5527156549521,63.6363636363636,46.916890080429
"112",10.0737100737101,25.4777070063694,19.9680511182109,43.1818181818182,50.9383378016086
"113",100,99.8938428874735,99.8402555910543,100,100.536193029491
"114",10.0737100737101,27.6008492569002,27.1565495207668,43.1818181818182,29.4906166219839
"115",17.3218673218673,32.3779193205945,37.5399361022364,47.7272727272727,49.597855227882
"116",11.0565110565111,27.7070063694268,23.1629392971246,45.4545454545455,38.8739946380697
"117",10.4422604422604,22.5053078556263,27.1565495207668,27.2727272727273,36.1930294906166
"118",7.73955773955774,21.5498938428875,28.7539936102236,36.3636363636364,38.8739946380697
"119",12.2850122850123,23.5668789808917,21.5654952076677,36.3636363636364,42.8954423592493
"120",10.6879606879607,26.5392781316348,28.7539936102236,43.1818181818182,45.5764075067024
"121",10.8108108108108,25.1592356687898,23.961661341853,34.0909090909091,42.8954423592493
"122",100,99.8938428874735,99.8402555910543,100,100.536193029491
"123",100,99.8938428874735,99.8402555910543,100,100.536193029491
"124",9.21375921375921,27.1762208067941,23.1629392971246,38.6363636363636,44.2359249329759
"125",100,99.8938428874735,99.8402555910543,100,100.536193029491
"126",100,99.8938428874735,99.8402555910543,100,100.536193029491
"127",10.5651105651106,24.8407643312102,21.5654952076677,36.3636363636364,41.5549597855228
"128",9.58230958230958,21.656050955414,27.9552715654952,38.6363636363636,38.8739946380697
"129",100,99.8938428874735,99.8402555910543,100,100.536193029491
"130",12.5307125307125,29.5116772823779,28.7539936102236,47.7272727272727,40.2144772117963
"131",10.0737100737101,25.0530785562633,28.7539936102236,40.9090909090909,40.2144772117963
"132",100,99.8938428874735,99.8402555910543,100,100.536193029491
"133",10.9336609336609,23.036093418259,19.9680511182109,34.0909090909091,45.5764075067024
"134",9.21375921375921,24.9469214437367,21.5654952076677,31.8181818181818,29.4906166219839
"135",11.4250614250614,25.3715498938429,31.9488817891374,36.3636363636364,41.5549597855228
"136",100,99.8938428874735,99.8402555910543,100,100.536193029491
"137",9.09090909090909,25.796178343949,19.9680511182109,36.3636363636364,46.916890080429
"138",9.33660933660934,21.1252653927813,19.9680511182109,34.0909090909091,37.5335120643432
"139",10.4422604422604,24.8407643312102,27.1565495207668,52.2727272727273,36.1930294906166
"140",9.45945945945946,22.8237791932059,19.9680511182109,50,36.1930294906166
"141",11.1793611793612,25.0530785562633,18.370607028754,31.8181818181818,42.8954423592493
"142",12.2850122850123,25.583864118896,25.5591054313099,38.6363636363636,42.8954423592493
"143",9.95085995085995,25.3715498938429,27.1565495207668,29.5454545454545,42.8954423592493
"144",100,99.8938428874735,99.8402555910543,100,100.536193029491
"145",9.95085995085995,26.5392781316348,25.5591054313099,27.2727272727273,52.2788203753351
"146",9.7051597051597,26.7515923566879,28.7539936102236,45.4545454545455,37.5335120643432
"147",100,99.8938428874735,99.8402555910543,100,100.536193029491
"148",12.1621621621622,20.9129511677282,23.1629392971246,36.3636363636364,49.597855227882
"149",11.9164619164619,25.2653927813163,31.1501597444089,47.7272727272727,32.171581769437
"150",100,99.8938428874735,99.8402555910543,100,100.536193029491
"151",9.7051597051597,25.4777070063694,27.1565495207668,45.4545454545455,37.5335120643432
"152",10.8108108108108,24.8407643312102,29.5527156549521,40.9090909090909,44.2359249329759
"153",9.95085995085995,27.0700636942675,23.1629392971246,36.3636363636364,48.2573726541555
"154",100,99.8938428874735,99.8402555910543,100,100.536193029491
"155",11.1793611793612,29.0870488322718,24.7603833865815,43.1818181818182,44.2359249329759
"156",9.7051597051597,24.203821656051,27.1565495207668,40.9090909090909,37.5335120643432
"157",9.09090909090909,26.0084925690021,20.7667731629393,50,42.8954423592493
"158",100,99.8938428874735,99.8402555910543,100,100.536193029491
"159",12.4078624078624,28.7685774946921,29.5527156549521,47.7272727272727,41.5549597855228
"160",7.86240786240786,24.8407643312102,26.3578274760383,40.9090909090909,28.1501340482574
"161",9.09090909090909,23.6730360934183,25.5591054313099,38.6363636363636,36.1930294906166
"162",10.6879606879607,25.583864118896,35.1437699680511,22.7272727272727,42.8954423592493
"163",11.1793611793612,24.0976645435244,23.1629392971246,36.3636363636364,38.8739946380697
"164",8.5995085995086,20.276008492569,22.3642172523962,29.5454545454545,42.8954423592493
"165",9.45945945945946,22.5053078556263,25.5591054313099,45.4545454545455,38.8739946380697
"166",100,99.8938428874735,99.8402555910543,100,100.536193029491
"167",99.8771498771499,99.8938428874735,99.8402555910543,100,100.536193029491
"168",13.3906633906634,29.2993630573248,30.3514376996805,43.1818181818182,54.9597855227882
"169",99.8771498771499,99.7876857749469,99.8402555910543,100,100.536193029491
"170",11.0565110565111,24.3099787685775,27.9552715654952,45.4545454545455,61.6621983914209
"171",8.47665847665848,21.1252653927813,23.961661341853,38.6363636363636,22.7882037533512
"172",100,99.8938428874735,99.8402555910543,100,100.536193029491
"173",10.0737100737101,25.3715498938429,29.5527156549521,31.8181818181818,40.2144772117963
"174",100,99.7876857749469,99.8402555910543,100,100.536193029491
"175",100,99.8938428874735,99.8402555910543,100,100.536193029491
"176",9.45945945945946,20.3821656050955,24.7603833865815,31.8181818181818,38.8739946380697
"177",9.21375921375921,23.8853503184713,22.3642172523962,29.5454545454545,42.8954423592493
"178",100,99.8938428874735,99.8402555910543,100,100.536193029491
"179",10.1965601965602,25.1592356687898,27.9552715654952,40.9090909090909,45.5764075067024
"180",10.5651105651106,23.3545647558386,24.7603833865815,40.9090909090909,36.1930294906166
"181",99.7542997542998,99.8938428874735,99.8402555910543,100,100.536193029491
"182",7.37100737100737,19.2144373673036,25.5591054313099,36.3636363636364,32.171581769437
"183",9.95085995085995,24.0976645435244,27.1565495207668,52.2727272727273,38.8739946380697
"184",10.6879606879607,23.9915074309979,19.1693290734824,34.0909090909091,32.171581769437
"185",100,99.8938428874735,99.8402555910543,100,100.536193029491
"186",99.6314496314496,99.6815286624204,99.8402555910543,100,100.536193029491
"187",10.8108108108108,24.6284501061571,28.7539936102236,38.6363636363636,38.8739946380697
"188",10.6879606879607,27.6008492569002,30.3514376996805,54.5454545454545,50.9383378016086
"189",7.98525798525798,22.2929936305732,20.7667731629393,36.3636363636364,42.8954423592493
"190",100,99.8938428874735,99.8402555910543,100,100.536193029491
"191",8.96805896805897,21.2314225053079,16.7731629392971,40.9090909090909,36.1930294906166
"192",7.86240786240786,17.7282377919321,24.7603833865815,22.7272727272727,34.8525469168901
"193",100,99.8938428874735,99.8402555910543,100,100.536193029491
"194",11.6707616707617,25.796178343949,24.7603833865815,38.6363636363636,44.2359249329759
"195",100,99.8938428874735,99.8402555910543,100,100.536193029491
"196",10.6879606879607,23.8853503184713,24.7603833865815,29.5454545454545,41.5549597855228
"197",9.33660933660934,23.6730360934183,24.7603833865815,40.9090909090909,37.5335120643432
"198",11.5479115479115,26.2208067940552,27.1565495207668,43.1818181818182,45.5764075067024
"199",9.21375921375921,24.0976645435244,24.7603833865815,38.6363636363636,38.8739946380697
"200",9.7051597051597,21.1252653927813,18.370607028754,29.5454545454545,33.5120643431635
"201",99.8771498771499,99.6815286624204,99.8402555910543,100,100.536193029491
"202",10.5651105651106,24.6284501061571,29.5527156549521,54.5454545454545,42.8954423592493
"203",7.49385749385749,21.0191082802548,22.3642172523962,34.0909090909091,24.1286863270778
"204",99.8771498771499,99.8938428874735,99.8402555910543,100,100.536193029491
"205",99.8771498771499,99.8938428874735,99.8402555910543,100,100.536193029491
"206",99.8771498771499,99.8938428874735,99.8402555910543,100,100.536193029491
"207",7.37100737100737,19.7452229299363,23.1629392971246,43.1818181818182,32.171581769437
"208",12.7764127764128,25.9023354564756,26.3578274760383,40.9090909090909,44.2359249329759
"209",9.45945945945946,26.1146496815287,15.9744408945687,31.8181818181818,44.2359249329759
"210",8.96805896805897,20.4883227176221,27.1565495207668,43.1818181818182,33.5120643431635
"211",7.98525798525798,25.4777070063694,18.370607028754,45.4545454545455,30.8310991957105
"212",13.2678132678133,27.1762208067941,29.5527156549521,43.1818181818182,50.9383378016086
"213",10.4422604422604,26.4331210191083,28.7539936102236,43.1818181818182,44.2359249329759
"214",7.73955773955774,20.1698513800425,23.1629392971246,43.1818181818182,44.2359249329759
"215",11.0565110565111,27.4946921443737,25.5591054313099,45.4545454545455,44.2359249329759
"216",8.35380835380835,20.0636942675159,20.7667731629393,43.1818181818182,41.5549597855228
"217",9.09090909090909,20.9129511677282,21.5654952076677,34.0909090909091,33.5120643431635
"218",10.6879606879607,25.796178343949,19.9680511182109,38.6363636363636,33.5120643431635
"219",12.4078624078624,27.0700636942675,28.7539936102236,36.3636363636364,34.8525469168901
"220",9.7051597051597,20.3821656050955,21.5654952076677,43.1818181818182,37.5335120643432
"221",100,99.8938428874735,99.8402555910543,100,100.536193029491
"222",8.72235872235872,23.1422505307856,28.7539936102236,50,38.8739946380697
"223",100,99.6815286624204,99.8402555910543,100,100.536193029491
"224",12.8992628992629,25.3715498938429,30.3514376996805,27.2727272727273,32.171581769437
"225",11.5479115479115,26.963906581741,30.3514376996805,34.0909090909091,32.171581769437
"226",11.3022113022113,24.7346072186837,31.9488817891374,43.1818181818182,37.5335120643432
"227",9.58230958230958,23.6730360934183,18.370607028754,22.7272727272727,42.8954423592493
"228",100,99.8938428874735,99.8402555910543,100,100.536193029491
"229",11.5479115479115,25.0530785562633,22.3642172523962,36.3636363636364,34.8525469168901
"230",100,99.8938428874735,99.8402555910543,100,100.536193029491
"231",10.6879606879607,25.6900212314225,26.3578274760383,54.5454545454545,30.8310991957105
"232",10.4422604422604,23.2484076433121,28.7539936102236,40.9090909090909,42.8954423592493
"233",100,99.8938428874735,99.8402555910543,100,100.536193029491
"234",12.039312039312,27.4946921443737,24.7603833865815,45.4545454545455,46.916890080429
"235",11.7936117936118,26.5392781316348,31.1501597444089,36.3636363636364,38.8739946380697
"236",11.4250614250614,27.3885350318471,32.7476038338658,38.6363636363636,34.8525469168901
"237",10.0737100737101,22.7176220806794,23.1629392971246,34.0909090909091,44.2359249329759
"238",100,99.8938428874735,99.8402555910543,100,100.536193029491
"239",100,99.8938428874735,99.8402555910543,100,100.536193029491
"240",11.7936117936118,25.3715498938429,23.1629392971246,36.3636363636364,42.8954423592493
"241",100,99.8938428874735,99.8402555910543,100,100.536193029491
"242",100,99.8938428874735,99.8402555910543,100,100.536193029491
"243",10.4422604422604,21.4437367303609,23.961661341853,20.4545454545455,42.8954423592493
"244",15.3562653562654,32.8025477707006,32.7476038338658,56.8181818181818,53.6193029490617
"245",9.33660933660934,24.0976645435244,21.5654952076677,43.1818181818182,46.916890080429
"246",11.6707616707617,26.963906581741,31.1501597444089,43.1818181818182,44.2359249329759
"247",10.4422604422604,23.8853503184713,27.9552715654952,43.1818181818182,32.171581769437
"248",7.61670761670762,21.5498938428875,20.7667731629393,43.1818181818182,33.5120643431635
"249",11.0565110565111,28.9808917197452,30.3514376996805,43.1818181818182,42.8954423592493
"250",9.33660933660934,24.0976645435244,26.3578274760383,47.7272727272727,37.5335120643432
"251",10.9336609336609,25.796178343949,19.1693290734824,25,45.5764075067024
"252",9.09090909090909,20.5944798301486,15.9744408945687,38.6363636363636,45.5764075067024
"253",7.86240786240786,20.3821656050955,24.7603833865815,38.6363636363636,33.5120643431635
"254",8.47665847665848,21.9745222929936,19.1693290734824,47.7272727272727,44.2359249329759
"255",100,99.8938428874735,99.8402555910543,100,100.536193029491
"256",100,99.8938428874735,99.8402555910543,100,100.536193029491
"257",11.7936117936118,24.203821656051,25.5591054313099,50,26.8096514745308
"258",9.7051597051597,24.8407643312102,23.1629392971246,34.0909090909091,36.1930294906166
"259",100,99.8938428874735,99.8402555910543,100,100.536193029491
"260",8.72235872235872,24.203821656051,24.7603833865815,50,36.1930294906166
"261",11.3022113022113,26.6454352441614,28.7539936102236,45.4545454545455,37.5335120643432
"262",12.2850122850123,26.5392781316348,26.3578274760383,36.3636363636364,49.597855227882
"263",10.5651105651106,22.2929936305732,19.1693290734824,36.3636363636364,36.1930294906166
"264",14.004914004914,32.2717622080679,27.9552715654952,50,49.597855227882
"265",10.1965601965602,25.0530785562633,22.3642172523962,47.7272727272727,48.2573726541555
"266",100,99.8938428874735,99.8402555910543,100,100.536193029491
"267",11.4250614250614,30.1486199575372,22.3642172523962,36.3636363636364,50.9383378016086
"268",16.7076167076167,32.1656050955414,31.1501597444089,47.7272727272727,41.5549597855228
"269",9.45945945945946,24.416135881104,25.5591054313099,29.5454545454545,30.8310991957105
"270",100,99.8938428874735,99.8402555910543,100,100.536193029491
"271",10.6879606879607,23.3545647558386,29.5527156549521,63.6363636363636,42.8954423592493
"272",99.8771498771499,99.8938428874735,99.8402555910543,100,100.536193029491
"273",100,99.2569002123142,99.8402555910543,100,100.536193029491
"274",8.72235872235872,22.1868365180467,26.3578274760383,34.0909090909091,38.8739946380697
"275",7.86240786240786,24.203821656051,22.3642172523962,52.2727272727273,34.8525469168901
"276",100,99.7876857749469,99.8402555910543,100,100.536193029491
"277",9.95085995085995,27.8131634819533,26.3578274760383,36.3636363636364,44.2359249329759
"278",100,99.8938428874735,99.8402555910543,100,100.536193029491
"279",11.0565110565111,25.6900212314225,21.5654952076677,45.4545454545455,42.8954423592493
"280",10.1965601965602,23.7791932059448,19.1693290734824,40.9090909090909,49.597855227882
"281",11.4250614250614,27.3885350318471,37.5399361022364,40.9090909090909,42.8954423592493
"282",15.7248157248157,29.4055201698514,28.7539936102236,40.9090909090909,44.2359249329759
"283",10.1965601965602,25.0530785562633,29.5527156549521,52.2727272727273,50.9383378016086
"284",8.47665847665848,23.6730360934183,30.3514376996805,50,42.8954423592493
"285",7.98525798525798,21.0191082802548,20.7667731629393,29.5454545454545,37.5335120643432
"286",100,99.8938428874735,99.8402555910543,100,100.536193029491
"287",10.9336609336609,23.6730360934183,23.961661341853,47.7272727272727,37.5335120643432
"288",8.96805896805897,21.5498938428875,18.370607028754,25,34.8525469168901
"289",12.4078624078624,24.5222929936306,27.9552715654952,56.8181818181818,36.1930294906166
"290",7.73955773955774,24.0976645435244,28.7539936102236,34.0909090909091,50.9383378016086
"291",100,99.8938428874735,99.8402555910543,100,100.536193029491
"292",100,99.8938428874735,99.8402555910543,100,100.536193029491
"293",11.9164619164619,28.6624203821656,29.5527156549521,43.1818181818182,50.9383378016086
"294",13.022113022113,30.4670912951168,27.1565495207668,34.0909090909091,38.8739946380697
"295",100,99.8938428874735,99.8402555910543,100,100.536193029491
"296",12.7764127764128,30.1486199575372,31.9488817891374,50,54.9597855227882
"297",9.09090909090909,22.3991507430998,28.7539936102236,34.0909090909091,36.1930294906166
"298",11.5479115479115,25.3715498938429,30.3514376996805,40.9090909090909,36.1930294906166
"299",100,99.8938428874735,99.8402555910543,100,100.536193029491
"300",100,99.8938428874735,99.8402555910543,100,100.536193029491
"301",100,99.8938428874735,99.8402555910543,100,100.536193029491
"302",10.4422604422604,24.416135881104,27.1565495207668,40.9090909090909,40.2144772117963
"303",100,99.8938428874735,99.8402555910543,100,100.536193029491
"304",9.82800982800983,25.1592356687898,25.5591054313099,43.1818181818182,40.2144772117963
"305",12.1621621621622,28.4501061571125,30.3514376996805,40.9090909090909,46.916890080429
"306",11.6707616707617,27.0700636942675,29.5527156549521,50,44.2359249329759
"307",8.84520884520884,26.4331210191083,25.5591054313099,40.9090909090909,38.8739946380697
"308",9.95085995085995,25.1592356687898,23.961661341853,40.9090909090909,34.8525469168901
"309",100,99.8938428874735,99.8402555910543,100,100.536193029491
"310",100,99.8938428874735,99.8402555910543,100,100.536193029491
"311",9.95085995085995,27.2823779193206,23.1629392971246,38.6363636363636,32.171581769437
"312",100,99.8938428874735,99.8402555910543,100,100.536193029491
"313",11.7936117936118,23.4607218683652,35.1437699680511,43.1818181818182,42.8954423592493
"314",11.4250614250614,24.9469214437367,23.961661341853,56.8181818181818,41.5549597855228
"315",13.5135135135135,27.4946921443737,35.9424920127796,36.3636363636364,49.597855227882
"316",7.24815724815725,19.4267515923567,18.370607028754,50,44.2359249329759
"317",11.7936117936118,25.9023354564756,30.3514376996805,29.5454545454545,37.5335120643432
"318",9.45945945945946,23.4607218683652,23.961661341853,40.9090909090909,45.5764075067024
"319",10.8108108108108,22.3991507430998,31.9488817891374,50,37.5335120643432
"320",100,99.8938428874735,99.8402555910543,100,100.536193029491
"321",11.1793611793612,23.8853503184713,24.7603833865815,43.1818181818182,41.5549597855228
"322",12.2850122850123,26.963906581741,30.3514376996805,47.7272727272727,46.916890080429
"323",9.58230958230958,21.5498938428875,26.3578274760383,50,40.2144772117963
"324",9.09090909090909,22.5053078556263,23.961661341853,38.6363636363636,40.2144772117963
"325",9.33660933660934,20.7006369426752,20.7667731629393,47.7272727272727,46.916890080429
"326",8.23095823095823,22.2929936305732,23.961661341853,47.7272727272727,33.5120643431635
"327",11.6707616707617,29.5116772823779,22.3642172523962,54.5454545454545,40.2144772117963
"328",11.6707616707617,24.7346072186837,29.5527156549521,40.9090909090909,38.8739946380697
"329",10.4422604422604,25.1592356687898,26.3578274760383,38.6363636363636,46.916890080429
"330",9.7051597051597,24.3099787685775,31.9488817891374,27.2727272727273,32.171581769437
"331",7.86240786240786,20.5944798301486,23.961661341853,38.6363636363636,36.1930294906166
"332",9.82800982800983,25.4777070063694,20.7667731629393,34.0909090909091,42.8954423592493
"333",9.82800982800983,25.3715498938429,30.3514376996805,40.9090909090909,30.8310991957105
"334",100,99.8938428874735,99.8402555910543,100,100.536193029491
"335",11.0565110565111,21.3375796178344,27.1565495207668,40.9090909090909,32.171581769437
"336",9.09090909090909,24.5222929936306,27.9552715654952,40.9090909090909,33.5120643431635
"337",100,99.8938428874735,99.8402555910543,100,100.536193029491
"338",10.5651105651106,25.2653927813163,27.1565495207668,38.6363636363636,54.9597855227882
"339",7.73955773955774,22.0806794055202,23.1629392971246,34.0909090909091,44.2359249329759
"340",12.039312039312,29.0870488322718,27.9552715654952,50,52.2788203753351
"341",11.4250614250614,27.1762208067941,23.1629392971246,36.3636363636364,45.5764075067024
"342",12.8992628992629,24.5222929936306,23.961661341853,38.6363636363636,41.5549597855228
"343",100,99.8938428874735,99.8402555910543,100,100.536193029491
"344",100,99.8938428874735,99.8402555910543,100,100.536193029491
"345",100,99.8938428874735,99.8402555910543,100,100.536193029491
"346",11.0565110565111,23.9915074309979,31.1501597444089,43.1818181818182,36.1930294906166
"347",10.0737100737101,22.6114649681529,26.3578274760383,34.0909090909091,32.171581769437
"348",8.72235872235872,25.583864118896,27.9552715654952,34.0909090909091,41.5549597855228
"349",12.8992628992629,28.0254777070064,24.7603833865815,54.5454545454545,41.5549597855228
"350",8.96805896805897,20.1698513800425,20.7667731629393,45.4545454545455,36.1930294906166
"351",100,99.8938428874735,99.8402555910543,100,100.536193029491
"352",8.96805896805897,21.656050955414,16.7731629392971,36.3636363636364,38.8739946380697
"353",12.7764127764128,27.3885350318471,23.961661341853,34.0909090909091,44.2359249329759
"354",100,99.8938428874735,99.8402555910543,100,100.536193029491
"355",11.0565110565111,24.3099787685775,27.9552715654952,45.4545454545455,33.5120643431635
"356",7.73955773955774,23.3545647558386,27.1565495207668,40.9090909090909,38.8739946380697
"357",11.3022113022113,27.7070063694268,27.1565495207668,34.0909090909091,34.8525469168901
"358",9.7051597051597,21.8683651804671,27.9552715654952,34.0909090909091,34.8525469168901
"359",10.1965601965602,25.796178343949,25.5591054313099,27.2727272727273,41.5549597855228
"360",100,99.8938428874735,99.8402555910543,100,100.536193029491
"361",12.2850122850123,29.0870488322718,29.5527156549521,40.9090909090909,48.2573726541555
"362",10.0737100737101,24.3099787685775,20.7667731629393,27.2727272727273,28.1501340482574
"363",8.47665847665848,23.4607218683652,28.7539936102236,38.6363636363636,40.2144772117963
"364",11.7936117936118,26.3269639065817,31.9488817891374,40.9090909090909,37.5335120643432
"365",100,99.6815286624204,99.0415335463259,97.7272727272727,100.536193029491
"366",11.7936117936118,23.5668789808917,22.3642172523962,25,48.2573726541555
"367",100,99.8938428874735,99.8402555910543,100,100.536193029491
"368",9.09090909090909,25.1592356687898,25.5591054313099,36.3636363636364,40.2144772117963
"369",99.8771498771499,99.8938428874735,99.8402555910543,100,100.536193029491
"370",13.6363636363636,31.8471337579618,27.9552715654952,54.5454545454545,42.8954423592493
"371",8.23095823095823,24.5222929936306,20.7667731629393,34.0909090909091,49.597855227882
"372",100,99.8938428874735,99.8402555910543,100,100.536193029491
"373",8.72235872235872,22.9299363057325,26.3578274760383,43.1818181818182,45.5764075067024
"374",9.09090909090909,26.8577494692144,31.1501597444089,38.6363636363636,34.8525469168901
"375",10.1965601965602,23.5668789808917,25.5591054313099,40.9090909090909,24.1286863270778
"376",100,99.8938428874735,99.8402555910543,100,100.536193029491
"377",100,99.8938428874735,99.8402555910543,100,100.536193029491
"378",9.33660933660934,23.4607218683652,20.7667731629393,31.8181818181818,38.8739946380697
"379",10.1965601965602,24.9469214437367,25.5591054313099,40.9090909090909,36.1930294906166
"380",9.09090909090909,23.036093418259,19.9680511182109,45.4545454545455,40.2144772117963
"381",11.4250614250614,23.036093418259,25.5591054313099,40.9090909090909,32.171581769437
"382",8.84520884520884,27.1762208067941,25.5591054313099,45.4545454545455,42.8954423592493
"383",8.5995085995086,24.0976645435244,20.7667731629393,31.8181818181818,38.8739946380697
"384",100,99.7876857749469,99.8402555910543,100,100.536193029491
"385",8.47665847665848,21.8683651804671,19.1693290734824,45.4545454545455,40.2144772117963
"386",100,99.8938428874735,99.8402555910543,100,100.536193029491
"387",10.3194103194103,23.5668789808917,25.5591054313099,34.0909090909091,42.8954423592493
"388",8.47665847665848,21.5498938428875,23.961661341853,43.1818181818182,37.5335120643432
"389",10.9336609336609,26.0084925690021,26.3578274760383,43.1818181818182,52.2788203753351
"390",14.987714987715,32.3779193205945,35.9424920127796,52.2727272727273,50.9383378016086
"391",100,99.7876857749469,99.8402555910543,100,100.536193029491
"392",11.1793611793612,23.7791932059448,30.3514376996805,40.9090909090909,42.8954423592493
"393",11.7936117936118,30.9978768577495,31.9488817891374,43.1818181818182,44.2359249329759
"394",10.3194103194103,25.0530785562633,26.3578274760383,40.9090909090909,29.4906166219839
"395",100,99.8938428874735,99.8402555910543,97.7272727272727,100.536193029491
"396",11.9164619164619,28.343949044586,26.3578274760383,29.5454545454545,48.2573726541555
"397",6.87960687960688,21.9745222929936,20.7667731629393,22.7272727272727,26.8096514745308
"398",8.47665847665848,25.796178343949,30.3514376996805,27.2727272727273,41.5549597855228
"399",100,99.8938428874735,99.8402555910543,100,100.536193029491
"400",10.5651105651106,19.9575371549894,19.9680511182109,34.0909090909091,36.1930294906166
"401",9.09090909090909,21.2314225053079,23.1629392971246,52.2727272727273,41.5549597855228
"402",10.1965601965602,23.7791932059448,24.7603833865815,40.9090909090909,41.5549597855228
"403",9.7051597051597,22.7176220806794,26.3578274760383,34.0909090909091,38.8739946380697
"404",100,99.8938428874735,99.8402555910543,100,100.536193029491
"405",13.8820638820639,26.963906581741,26.3578274760383,40.9090909090909,46.916890080429
"406",100,99.7876857749469,99.8402555910543,100,100.536193029491
"407",9.7051597051597,27.4946921443737,24.7603833865815,50,37.5335120643432
"408",9.82800982800983,24.203821656051,20.7667731629393,36.3636363636364,38.8739946380697
"409",100,99.8938428874735,99.8402555910543,100,100.536193029491
"410",12.4078624078624,30.0424628450106,31.9488817891374,40.9090909090909,50.9383378016086
"411",9.09090909090909,23.5668789808917,23.961661341853,43.1818181818182,34.8525469168901
"412",99.8771498771499,99.8938428874735,99.8402555910543,100,100.536193029491
"413",13.3906633906634,27.7070063694268,29.5527156549521,29.5454545454545,32.171581769437
"414",9.82800982800983,25.583864118896,26.3578274760383,43.1818181818182,41.5549597855228
"415",11.6707616707617,23.8853503184713,27.1565495207668,38.6363636363636,41.5549597855228
"416",11.0565110565111,23.8853503184713,26.3578274760383,47.7272727272727,36.1930294906166
"417",99.7542997542998,99.7876857749469,99.0415335463259,100,100.536193029491
"418",10.3194103194103,23.036093418259,22.3642172523962,43.1818181818182,36.1930294906166
"419",11.7936117936118,27.3885350318471,26.3578274760383,50,42.8954423592493
"420",100,99.8938428874735,99.8402555910543,100,100.536193029491
"421",100,99.8938428874735,99.8402555910543,100,100.536193029491
"422",11.0565110565111,25.0530785562633,24.7603833865815,45.4545454545455,40.2144772117963
"423",12.4078624078624,25.3715498938429,23.1629392971246,47.7272727272727,45.5764075067024
"424",12.2850122850123,25.583864118896,19.9680511182109,31.8181818181818,44.2359249329759
"425",8.5995085995086,26.5392781316348,26.3578274760383,36.3636363636364,37.5335120643432
"426",8.72235872235872,24.416135881104,25.5591054313099,29.5454545454545,44.2359249329759
"427",8.72235872235872,24.5222929936306,19.1693290734824,40.9090909090909,21.4477211796247
"428",99.8771498771499,99.8938428874735,99.8402555910543,100,100.536193029491
"429",100,99.8938428874735,99.8402555910543,100,100.536193029491
"430",11.0565110565111,26.4331210191083,28.7539936102236,43.1818181818182,38.8739946380697
"431",100,99.8938428874735,99.8402555910543,100,100.536193029491
"432",9.45945945945946,24.416135881104,23.1629392971246,45.4545454545455,28.1501340482574
"433",100,99.8938428874735,99.8402555910543,100,100.536193029491
"434",10.0737100737101,23.8853503184713,30.3514376996805,61.3636363636364,37.5335120643432
"435",100,99.8938428874735,99.8402555910543,100,100.536193029491
"436",10.6879606879607,24.416135881104,29.5527156549521,38.6363636363636,36.1930294906166
"437",11.4250614250614,24.0976645435244,34.3450479233227,43.1818181818182,42.8954423592493
"438",7.24815724815725,21.3375796178344,15.9744408945687,25,38.8739946380697
"439",7.98525798525798,22.5053078556263,32.7476038338658,45.4545454545455,30.8310991957105
"440",11.4250614250614,25.1592356687898,27.1565495207668,47.7272727272727,46.916890080429
"441",10.6879606879607,24.8407643312102,25.5591054313099,34.0909090909091,52.2788203753351
"442",9.33660933660934,22.1868365180467,26.3578274760383,43.1818181818182,45.5764075067024
"443",10.6879606879607,25.9023354564756,25.5591054313099,36.3636363636364,40.2144772117963
"444",14.987714987715,27.2823779193206,26.3578274760383,54.5454545454545,33.5120643431635
"445",10.0737100737101,22.6114649681529,14.3769968051118,47.7272727272727,41.5549597855228
"446",12.5307125307125,27.8131634819533,18.370607028754,45.4545454545455,37.5335120643432
"447",9.21375921375921,23.7791932059448,19.9680511182109,47.7272727272727,49.597855227882
"448",8.5995085995086,22.7176220806794,22.3642172523962,38.6363636363636,45.5764075067024
"449",9.21375921375921,26.7515923566879,21.5654952076677,34.0909090909091,25.4691689008043
"450",100,99.8938428874735,99.8402555910543,100,100.536193029491
"451",9.09090909090909,21.9745222929936,27.9552715654952,40.9090909090909,40.2144772117963
"452",12.6535626535627,27.1762208067941,34.3450479233227,43.1818181818182,49.597855227882
"453",100,99.8938428874735,99.8402555910543,100,100.536193029491
"454",8.47665847665848,25.9023354564756,24.7603833865815,45.4545454545455,40.2144772117963
"455",100,99.8938428874735,99.8402555910543,100,100.536193029491
"456",9.95085995085995,23.1422505307856,27.1565495207668,43.1818181818182,33.5120643431635
"457",9.7051597051597,23.3545647558386,22.3642172523962,38.6363636363636,40.2144772117963
"458",8.96805896805897,22.5053078556263,15.1757188498403,50,37.5335120643432
"459",8.23095823095823,20.9129511677282,22.3642172523962,43.1818181818182,25.4691689008043
"460",11.7936117936118,23.1422505307856,32.7476038338658,50,49.597855227882
"461",8.47665847665848,21.1252653927813,23.1629392971246,36.3636363636364,37.5335120643432
"462",12.039312039312,27.7070063694268,25.5591054313099,45.4545454545455,44.2359249329759
"463",99.7542997542998,99.5753715498938,99.8402555910543,100,100.536193029491
"464",100,99.8938428874735,99.8402555910543,100,100.536193029491
"465",100,99.8938428874735,99.8402555910543,100,100.536193029491
"466",12.039312039312,23.9915074309979,34.3450479233227,29.5454545454545,46.916890080429
"467",99.8771498771499,99.8938428874735,99.8402555910543,100,100.536193029491
"468",9.21375921375921,25.796178343949,28.7539936102236,47.7272727272727,33.5120643431635
"469",10.4422604422604,23.3545647558386,30.3514376996805,36.3636363636364,36.1930294906166
"470",7.86240786240786,20.4883227176221,23.1629392971246,40.9090909090909,30.8310991957105
"471",9.33660933660934,24.0976645435244,19.9680511182109,40.9090909090909,36.1930294906166
"472",100,99.8938428874735,99.8402555910543,100,100.536193029491
"473",100,99.8938428874735,99.8402555910543,100,100.536193029491
"474",13.8820638820639,28.4501061571125,26.3578274760383,59.0909090909091,49.597855227882
"475",11.9164619164619,22.6114649681529,22.3642172523962,31.8181818181818,36.1930294906166
"476",11.9164619164619,29.5116772823779,21.5654952076677,40.9090909090909,29.4906166219839
"477",100,99.8938428874735,99.8402555910543,100,100.536193029491
"478",11.4250614250614,26.4331210191083,23.961661341853,40.9090909090909,40.2144772117963
"479",100,99.5753715498938,99.8402555910543,100,100.536193029491
"480",99.8771498771499,99.8938428874735,99.8402555910543,100,100.536193029491
"481",6.63390663390663,19.7452229299363,22.3642172523962,27.2727272727273,34.8525469168901
"482",100,99.8938428874735,99.8402555910543,100,100.536193029491
"483",13.2678132678133,27.2823779193206,31.1501597444089,38.6363636363636,49.597855227882
"484",10.4422604422604,27.6008492569002,29.5527156549521,38.6363636363636,45.5764075067024
"485",8.72235872235872,20.9129511677282,22.3642172523962,34.0909090909091,29.4906166219839
"486",9.33660933660934,24.7346072186837,24.7603833865815,36.3636363636364,45.5764075067024
"487",100,99.7876857749469,99.8402555910543,100,100.536193029491
"488",10.0737100737101,24.8407643312102,24.7603833865815,47.7272727272727,45.5764075067024
"489",6.87960687960688,21.9745222929936,21.5654952076677,29.5454545454545,29.4906166219839
"490",10.6879606879607,22.9299363057325,27.1565495207668,31.8181818181818,44.2359249329759
"491",100,99.8938428874735,99.8402555910543,100,100.536193029491
"492",9.58230958230958,21.0191082802548,25.5591054313099,20.4545454545455,30.8310991957105
"493",100,99.7876857749469,99.8402555910543,100,100.536193029491
"494",12.5307125307125,28.7685774946921,35.9424920127796,52.2727272727273,50.9383378016086
"495",9.21375921375921,19.7452229299363,27.9552715654952,34.0909090909091,42.8954423592493
"496",100,99.8938428874735,99.8402555910543,100,100.536193029491
"497",7.86240786240786,20.0636942675159,22.3642172523962,25,37.5335120643432
"498",100,99.8938428874735,99.8402555910543,100,100.536193029491
"499",10.9336609336609,27.8131634819533,34.3450479233227,65.9090909090909,49.597855227882
"500",12.1621621621622,26.7515923566879,29.5527156549521,54.5454545454545,40.2144772117963
