"","age1.H","age2_no_comorbid.H","age2_comorbid.H","age3_no_comorbid.H","age3_comorbid.H"
"1",0,0,0,1,0
"2",0,0,0,0,0
"3",0,0,0,0,0
"4",0,0,0,0,0
"5",4,3,1,1,1
"6",0,0,0,0,0
"7",0,0,0,0,0
"8",0,0,0,0,0
"9",0,1,0,0,0
"10",3,1,1,0,0
"11",3,2,3,1,2
"12",0,0,0,0,0
"13",0,1,1,0,0
"14",0,0,0,0,0
"15",3,2,0,0,1
"16",0,0,0,0,0
"17",0,0,0,0,0
"18",0,0,0,0,0
"19",0,0,0,0,0
"20",0,0,0,0,0
"21",0,0,0,0,0
"22",0,0,0,0,0
"23",0,0,0,0,0
"24",0,0,0,0,0
"25",3,5,2,1,2
"26",0,0,1,0,0
"27",0,0,0,0,0
"28",0,1,0,0,0
"29",0,0,0,0,0
"30",0,0,0,0,0
"31",0,0,0,0,0
"32",0,0,0,0,0
"33",0,0,1,0,0
"34",0,0,0,0,0
"35",0,0,0,0,0
"36",0,1,0,0,1
"37",0,0,0,0,0
"38",0,0,0,0,0
"39",0,1,0,0,0
"40",0,0,0,0,0
"41",0,0,0,0,0
"42",1,1,0,0,0
"43",2,3,2,1,1
"44",0,0,0,0,1
"45",4,3,3,1,2
"46",0,0,0,0,0
"47",1,2,2,0,1
"48",3,2,2,1,2
"49",1,1,0,0,1
"50",4,2,1,0,2
"51",0,1,0,0,0
"52",1,0,0,1,0
"53",2,1,1,0,0
"54",2,2,1,1,1
"55",3,3,2,1,1
"56",0,0,0,0,0
"57",0,0,0,0,0
"58",0,0,0,0,0
"59",0,0,0,0,0
"60",0,0,0,0,0
"61",0,0,0,0,0
"62",7,3,1,1,2
"63",0,0,0,0,0
"64",4,5,2,1,1
"65",0,0,0,0,0
"66",0,0,0,0,0
"67",0,0,0,0,0
"68",0,0,0,0,0
"69",0,0,0,0,0
"70",2,1,0,0,0
"71",0,0,0,0,0
"72",0,0,0,0,0
"73",0,0,0,0,0
"74",0,1,0,1,0
"75",0,0,0,0,0
"76",0,0,0,0,0
"77",0,0,0,0,0
"78",0,0,0,0,0
"79",0,0,0,0,0
"80",3,2,2,1,1
"81",0,0,0,0,0
"82",2,2,1,0,4
"83",0,0,0,0,0
"84",3,3,2,1,2
"85",0,0,0,0,0
"86",0,0,0,0,0
"87",2,4,1,2,2
"88",2,0,0,0,0
"89",1,1,0,1,0
"90",3,2,1,1,1
"91",5,3,2,1,3
"92",0,0,0,0,0
"93",0,0,0,0,0
"94",0,0,0,0,0
"95",3,2,1,1,1
"96",2,0,1,0,0
"97",3,2,2,1,1
"98",2,1,0,0,0
"99",0,0,0,0,0
"100",0,0,0,0,0
"101",0,1,0,0,0
"102",0,0,0,0,0
"103",0,0,1,0,0
"104",2,2,1,0,1
"105",1,1,1,0,1
"106",0,0,0,0,0
"107",0,0,0,0,0
"108",0,0,0,0,0
"109",0,0,0,0,0
"110",1,1,0,0,0
"111",0,0,0,0,0
"112",5,3,2,1,2
"113",0,0,0,0,0
"114",3,6,2,0,2
"115",0,1,0,0,0
"116",0,0,0,0,0
"117",2,4,1,1,1
"118",0,0,0,0,0
"119",4,3,2,1,2
"120",1,0,0,0,0
"121",3,4,3,1,2
"122",0,0,0,0,0
"123",1,1,0,0,0
"124",0,0,0,0,0
"125",0,0,0,0,0
"126",9,4,4,0,1
"127",0,0,0,0,0
"128",0,0,0,0,0
"129",0,0,0,0,0
"130",0,0,0,0,0
"131",0,0,1,0,0
"132",0,0,0,0,0
"133",0,0,0,0,0
"134",0,0,0,0,0
"135",2,2,1,1,1
"136",0,0,0,0,0
"137",3,3,1,0,1
"138",0,0,0,0,1
"139",0,0,0,0,0
"140",4,5,1,1,1
"141",0,1,0,0,0
"142",1,0,0,0,0
"143",0,0,0,0,0
"144",1,1,2,0,1
"145",0,0,0,0,0
"146",0,1,0,0,0
"147",0,0,0,0,0
"148",0,0,0,0,0
"149",0,0,0,0,0
"150",0,0,0,0,0
"151",0,0,0,0,0
"152",0,0,1,0,0
"153",0,0,0,0,0
"154",5,2,2,0,0
"155",4,2,0,0,2
"156",2,1,0,0,1
"157",0,0,0,0,0
"158",0,0,0,0,0
"159",1,1,0,0,0
"160",1,0,0,0,0
"161",0,0,0,0,0
"162",1,1,0,0,2
"163",0,0,1,0,1
"164",0,0,0,0,0
"165",4,3,2,1,1
"166",0,0,0,0,0
"167",0,0,0,0,0
"168",0,0,0,0,0
"169",0,1,0,0,1
"170",0,0,0,0,0
"171",0,0,0,0,0
"172",3,4,1,1,1
"173",0,0,0,0,0
"174",2,2,2,1,2
"175",0,0,0,0,0
"176",4,4,1,0,1
"177",0,0,0,0,0
"178",2,2,0,1,1
"179",0,0,0,1,0
"180",3,2,1,2,3
"181",0,0,0,0,0
"182",4,3,1,1,2
"183",3,5,1,0,1
"184",0,0,0,0,0
"185",0,0,0,0,0
"186",0,0,0,0,0
"187",3,4,1,1,1
"188",6,5,2,1,3
"189",0,0,0,0,0
"190",0,0,0,0,0
"191",0,0,0,0,0
"192",0,0,0,0,0
"193",0,1,0,0,0
"194",0,0,0,0,0
"195",1,1,0,0,0
"196",0,0,0,0,0
"197",3,3,1,1,2
"198",0,0,0,0,0
"199",0,0,0,0,0
"200",2,3,1,1,1
"201",0,1,0,0,0
"202",0,0,0,0,0
"203",0,0,0,0,0
"204",3,1,1,0,2
"205",0,0,0,0,0
"206",4,2,3,1,2
"207",0,0,0,0,0
"208",2,3,1,1,1
"209",1,0,0,0,0
"210",0,0,0,0,0
"211",0,2,0,0,0
"212",0,0,0,0,0
"213",0,0,0,0,0
"214",0,0,0,0,0
"215",0,1,0,0,0
"216",0,0,0,0,0
"217",0,0,0,0,0
"218",0,0,0,0,0
"219",0,0,0,0,0
"220",0,0,0,0,0
"221",0,0,0,0,0
"222",1,0,0,0,1
"223",0,0,0,0,0
"224",0,0,0,0,0
"225",0,0,0,0,0
"226",0,1,0,0,0
"227",0,0,0,0,0
"228",0,0,0,0,0
"229",4,2,1,0,1
"230",0,0,0,0,0
"231",0,0,0,0,0
"232",0,0,0,0,0
"233",0,1,0,0,0
"234",0,0,0,0,0
"235",0,0,0,0,0
"236",4,4,2,1,2
"237",0,0,0,0,0
"238",0,0,0,0,0
"239",0,0,0,0,0
"240",0,1,0,0,0
"241",1,1,1,0,1
"242",3,1,1,0,1
"243",0,0,0,0,0
"244",0,0,0,0,0
"245",0,0,0,0,0
"246",0,0,0,0,0
"247",0,0,0,0,0
"248",0,1,0,0,0
"249",0,0,0,0,0
"250",0,0,0,0,0
"251",0,1,0,0,0
"252",0,0,0,0,0
"253",6,4,3,1,2
"254",0,0,0,0,0
"255",0,0,0,0,0
"256",0,0,0,0,0
"257",0,1,0,0,0
"258",4,4,2,1,2
"259",0,0,0,0,0
"260",0,0,0,0,0
"261",0,0,0,0,0
"262",1,0,0,0,0
"263",0,0,0,0,0
"264",1,0,0,0,1
"265",0,0,0,0,0
"266",0,1,0,0,0
"267",2,2,1,0,1
"268",0,0,0,0,0
"269",4,2,2,1,1
"270",0,1,0,0,0
"271",2,1,1,0,1
"272",0,0,0,0,0
"273",0,1,1,0,0
"274",0,0,0,0,0
"275",0,0,0,0,0
"276",0,0,0,0,0
"277",3,3,1,0,1
"278",0,1,0,0,0
"279",0,0,0,0,0
"280",2,1,1,0,1
"281",0,1,0,0,0
"282",0,1,0,0,1
"283",0,1,0,0,0
"284",0,0,0,0,0
"285",1,0,0,0,0
"286",0,0,0,0,0
"287",6,3,2,1,2
"288",0,0,0,0,0
"289",3,2,1,1,2
"290",0,0,0,0,0
"291",1,0,0,0,0
"292",0,0,0,0,0
"293",0,0,0,0,0
"294",0,0,0,0,0
"295",0,0,0,0,0
"296",0,1,0,0,0
"297",0,0,0,0,0
"298",0,0,0,0,0
"299",2,1,1,2,1
"300",0,0,0,0,0
"301",0,0,0,0,0
"302",0,0,0,0,0
"303",3,5,1,1,2
"304",0,0,0,0,0
"305",0,0,0,0,0
"306",0,0,0,0,0
"307",3,4,1,1,2
"308",0,0,0,0,0
"309",0,0,0,0,0
"310",0,0,0,0,0
"311",0,2,0,0,0
"312",4,4,1,0,2
"313",0,0,0,0,0
"314",0,0,0,0,0
"315",0,1,0,0,0
"316",0,0,0,0,0
"317",0,0,0,0,0
"318",3,3,1,1,2
"319",0,0,0,0,0
"320",0,0,0,0,0
"321",3,2,2,0,1
"322",0,0,0,1,0
"323",3,2,3,1,2
"324",2,2,0,0,1
"325",0,0,0,0,0
"326",0,1,0,0,0
"327",3,4,1,1,1
"328",0,1,0,0,0
"329",0,0,0,0,0
"330",0,0,0,0,0
"331",4,2,1,1,1
"332",0,0,0,0,0
"333",2,1,0,0,1
"334",0,0,0,0,0
"335",0,0,0,0,0
"336",2,3,1,0,2
"337",4,3,1,0,2
"338",0,0,0,0,0
"339",1,0,0,0,0
"340",0,0,0,0,0
"341",0,0,0,0,0
"342",2,3,1,1,1
"343",1,0,0,0,0
"344",1,0,0,0,0
"345",0,0,0,0,0
"346",0,0,0,0,0
"347",6,2,2,1,2
"348",5,4,2,0,1
"349",0,0,0,0,0
"350",0,0,0,0,0
"351",0,0,0,0,0
"352",0,0,0,0,0
"353",0,0,0,0,0
"354",0,0,0,0,0
"355",0,0,0,0,0
"356",2,1,1,0,0
"357",0,0,0,0,0
"358",0,0,0,0,0
"359",2,0,0,0,0
"360",2,1,1,0,1
"361",0,0,0,0,0
"362",0,0,0,0,0
"363",0,0,0,0,0
"364",0,0,0,0,0
"365",0,0,0,0,0
"366",0,0,0,0,0
"367",0,0,0,0,0
"368",4,2,2,1,1
"369",3,2,2,1,1
"370",0,0,0,0,0
"371",0,0,0,0,0
"372",0,0,0,0,0
"373",0,0,0,0,0
"374",2,3,2,0,2
"375",0,0,0,0,0
"376",0,0,0,0,0
"377",1,1,0,0,0
"378",0,0,0,0,0
"379",0,0,0,0,0
"380",2,3,1,1,1
"381",1,0,0,0,0
"382",0,0,0,0,0
"383",1,0,0,0,0
"384",0,0,0,0,0
"385",0,0,0,0,0
"386",0,1,1,0,0
"387",1,1,1,0,0
"388",0,1,0,0,0
"389",1,0,0,0,0
"390",0,0,0,0,0
"391",1,1,0,0,1
"392",1,2,0,0,0
"393",2,2,2,1,2
"394",1,1,0,0,0
"395",0,1,0,0,0
"396",0,0,0,0,0
"397",1,2,0,1,0
"398",0,0,0,0,0
"399",0,1,1,0,0
"400",1,0,0,0,0
"401",0,0,0,0,0
"402",0,0,0,0,0
"403",3,2,1,1,1
"404",0,0,0,0,0
"405",0,0,0,0,0
"406",0,1,0,1,0
"407",0,0,0,0,0
"408",3,4,2,2,1
"409",0,0,0,0,0
"410",0,0,0,0,0
"411",1,0,0,0,0
"412",4,2,1,2,1
"413",0,0,0,0,0
"414",0,0,0,0,0
"415",3,3,1,1,2
"416",1,1,0,0,0
"417",0,1,1,0,0
"418",0,0,0,0,0
"419",0,0,0,0,0
"420",1,1,1,0,0
"421",3,3,1,1,2
"422",0,0,0,0,0
"423",0,0,0,0,0
"424",0,0,0,0,0
"425",0,0,0,0,0
"426",0,0,0,0,0
"427",0,0,0,0,0
"428",2,3,1,2,1
"429",0,0,0,0,0
"430",0,0,0,0,0
"431",0,0,0,0,0
"432",0,0,0,0,0
"433",0,0,0,0,0
"434",0,0,0,0,0
"435",0,0,0,0,0
"436",0,0,0,0,0
"437",1,1,1,0,1
"438",1,0,0,0,0
"439",0,0,0,0,0
"440",0,0,0,0,0
"441",0,1,0,0,0
"442",0,0,0,0,0
"443",0,0,0,0,0
"444",0,0,0,0,0
"445",0,0,0,0,0
"446",0,0,0,0,0
"447",0,0,0,0,0
"448",0,0,0,0,0
"449",0,0,0,0,0
"450",0,0,0,0,0
"451",0,0,0,0,0
"452",0,0,0,0,0
"453",0,0,0,0,0
"454",0,0,0,0,0
"455",0,0,0,0,0
"456",4,5,1,1,1
"457",0,0,0,0,1
"458",4,3,2,1,1
"459",0,0,0,0,0
"460",1,1,0,0,0
"461",4,3,3,1,0
"462",1,0,0,0,0
"463",0,0,0,0,0
"464",0,0,0,0,0
"465",0,1,0,0,0
"466",0,0,0,0,0
"467",0,0,0,0,0
"468",0,0,0,0,0
"469",0,0,0,0,0
"470",4,4,1,1,1
"471",2,4,1,1,1
"472",4,3,1,0,2
"473",0,0,0,0,0
"474",0,0,0,0,0
"475",3,3,1,1,1
"476",0,0,0,0,0
"477",0,0,0,0,0
"478",0,1,0,0,0
"479",0,0,0,0,0
"480",0,0,0,0,0
"481",0,0,0,0,0
"482",0,0,0,0,0
"483",2,2,1,0,1
"484",2,1,0,0,1
"485",0,0,0,0,0
"486",1,1,0,0,0
"487",0,0,0,0,0
"488",0,0,0,0,0
"489",0,0,0,0,0
"490",0,0,0,0,0
"491",0,1,0,0,0
"492",0,0,0,0,0
"493",0,1,0,0,0
"494",0,0,0,0,0
"495",3,3,2,1,2
"496",0,1,0,0,0
"497",0,0,0,0,0
"498",0,0,0,0,0
"499",0,0,0,0,0
"500",0,0,0,0,0
"501",0,0,0,0,0
"502",0,0,0,0,0
"503",0,0,0,0,0
"504",2,3,2,1,2
"505",3,1,1,1,2
"506",4,3,3,1,1
"507",0,0,0,0,0
"508",0,0,0,0,0
"509",2,3,1,1,1
"510",1,0,0,0,0
"511",0,0,0,0,0
"512",0,0,0,0,0
"513",0,0,0,0,0
"514",1,4,1,0,1
"515",2,2,1,1,2
"516",0,1,0,0,0
"517",0,0,0,0,0
"518",0,0,0,0,0
"519",0,0,0,0,0
"520",0,0,0,0,0
"521",2,2,1,1,0
"522",0,0,1,0,0
"523",0,0,0,0,0
"524",0,0,0,0,0
"525",0,0,0,0,0
"526",4,3,1,1,1
"527",0,0,0,0,0
"528",0,0,0,0,0
"529",2,2,0,0,1
"530",0,1,0,0,0
"531",0,0,0,0,0
"532",0,0,0,0,0
"533",1,1,0,0,0
"534",6,3,1,1,2
"535",0,0,1,0,0
"536",6,2,1,1,1
"537",0,0,0,0,0
"538",0,0,0,0,0
"539",0,0,0,0,0
"540",0,0,0,0,0
"541",0,0,0,0,0
"542",2,2,2,0,1
"543",1,0,0,0,0
"544",0,0,0,0,0
"545",0,0,0,0,0
"546",0,0,0,0,0
"547",2,4,1,1,2
"548",1,0,0,0,0
"549",0,0,0,0,0
"550",2,2,0,0,1
"551",0,0,0,0,0
"552",1,0,0,0,0
"553",0,0,0,0,0
"554",2,3,1,1,1
"555",0,0,0,0,0
"556",4,4,1,1,2
"557",1,1,0,0,0
"558",0,1,0,0,0
"559",3,2,3,0,2
"560",1,2,2,0,0
"561",0,0,0,0,0
"562",0,0,0,0,0
"563",0,0,0,0,0
"564",0,0,0,0,0
"565",0,0,0,0,0
"566",3,2,0,0,1
"567",4,5,2,0,1
"568",0,0,0,0,0
"569",0,0,0,0,0
"570",0,0,0,0,0
"571",0,0,0,0,0
"572",0,0,0,0,0
"573",0,0,0,0,0
"574",0,0,0,0,0
"575",0,0,0,0,0
"576",1,1,1,1,1
"577",0,0,0,0,0
"578",0,1,0,0,0
"579",0,0,0,0,0
"580",0,1,0,0,0
"581",2,2,1,1,2
"582",0,0,0,0,0
"583",4,3,1,0,2
"584",0,0,0,0,0
"585",0,0,0,0,0
"586",0,0,0,0,0
"587",1,0,0,0,0
"588",0,0,0,0,0
"589",2,3,1,1,0
"590",0,0,0,0,0
"591",0,0,0,0,0
"592",4,4,1,1,1
"593",3,2,2,1,1
"594",0,0,0,0,0
"595",0,0,0,0,0
"596",0,1,0,0,0
"597",0,0,0,0,0
"598",0,0,0,0,0
"599",0,0,0,0,0
"600",0,0,0,0,0
"601",4,2,2,1,2
"602",4,3,1,0,1
"603",0,0,0,0,0
"604",2,2,1,0,1
"605",0,1,0,0,0
"606",0,0,0,0,0
"607",0,0,0,0,0
"608",0,0,0,0,0
"609",0,1,0,0,0
"610",0,1,0,0,0
"611",0,1,0,0,0
"612",1,0,0,0,0
"613",0,0,0,0,0
"614",0,0,0,0,0
"615",0,0,0,0,0
"616",0,1,0,0,0
"617",0,0,0,0,0
"618",2,2,1,1,1
"619",0,0,0,0,0
"620",0,0,0,0,0
"621",0,0,0,0,0
"622",4,2,1,1,1
"623",0,0,0,0,0
"624",1,2,1,0,2
"625",0,0,0,0,0
"626",0,0,0,0,0
"627",0,0,0,0,0
"628",1,1,0,0,1
"629",0,0,0,0,0
"630",1,1,1,0,0
"631",0,0,0,0,0
"632",0,0,0,0,0
"633",0,0,0,0,0
"634",1,0,0,0,0
"635",0,0,0,0,0
"636",0,0,0,0,0
"637",0,0,0,0,0
"638",2,0,1,0,0
"639",0,0,0,0,0
"640",0,0,0,0,0
"641",0,0,0,0,0
"642",0,0,0,0,0
"643",0,0,0,0,0
"644",0,1,0,0,1
"645",4,4,1,1,1
"646",0,0,0,0,0
"647",0,0,0,0,0
"648",6,5,1,0,1
"649",0,0,0,0,0
"650",0,0,0,0,0
"651",0,0,0,0,0
"652",0,0,0,0,0
"653",1,0,0,0,0
"654",2,1,2,1,0
"655",2,3,1,1,1
"656",0,1,0,0,1
"657",0,1,0,0,0
"658",0,0,0,0,0
"659",0,0,0,0,0
"660",0,1,0,0,0
"661",3,2,0,0,0
"662",0,0,0,0,0
"663",0,0,0,0,0
"664",0,0,0,0,0
"665",2,1,0,0,0
"666",0,0,0,0,0
"667",0,0,0,0,0
"668",0,0,0,0,0
"669",2,2,1,1,1
"670",0,0,0,0,0
"671",0,0,0,0,0
"672",2,2,1,1,2
"673",0,0,0,0,0
"674",0,0,0,0,0
"675",0,0,0,0,0
"676",0,0,0,0,0
"677",0,0,0,0,0
"678",0,0,0,0,0
"679",0,0,0,0,0
"680",2,0,0,0,0
"681",0,0,0,0,0
"682",0,0,0,0,0
"683",3,2,1,1,1
"684",0,0,0,0,0
"685",3,3,1,1,2
"686",0,0,0,0,0
"687",0,1,0,0,0
"688",0,0,0,0,0
"689",0,0,0,0,0
"690",0,0,0,0,0
"691",0,0,0,0,0
"692",0,0,0,0,0
"693",0,0,0,0,0
"694",0,0,0,0,0
"695",0,0,0,0,0
"696",0,0,0,0,0
"697",0,0,0,0,0
"698",2,2,2,1,2
"699",0,0,0,0,0
"700",1,2,1,0,2
"701",0,0,0,0,0
"702",0,0,0,0,0
"703",0,0,0,0,0
"704",0,0,0,0,0
"705",0,0,0,0,0
"706",1,1,0,0,0
"707",0,0,0,0,0
"708",0,1,0,0,0
"709",2,3,2,1,1
"710",3,2,3,1,1
"711",0,0,0,0,0
"712",0,0,0,0,0
"713",2,3,2,1,1
"714",0,0,0,0,0
"715",0,0,0,0,0
"716",0,0,0,0,0
"717",0,0,0,0,0
"718",0,0,0,0,0
"719",0,0,0,0,0
"720",4,2,2,1,3
"721",3,2,1,0,2
"722",1,1,1,0,1
"723",2,2,0,0,1
"724",4,2,1,0,1
"725",0,0,0,0,0
"726",1,1,0,0,0
"727",0,0,0,0,0
"728",0,0,0,0,0
"729",0,0,0,0,0
"730",0,0,0,0,0
"731",1,0,0,0,0
"732",3,4,2,0,2
"733",0,0,0,0,0
"734",0,0,0,0,0
"735",0,0,0,0,0
"736",6,2,1,1,1
"737",0,0,0,0,0
"738",0,0,0,0,0
"739",1,0,0,0,0
"740",0,0,0,0,0
"741",0,0,0,0,0
"742",0,0,0,0,0
"743",0,0,1,0,0
"744",0,0,0,0,0
"745",0,0,0,0,0
"746",0,0,0,0,0
"747",0,0,0,0,0
"748",0,0,0,0,0
"749",3,1,1,1,1
"750",0,0,0,0,0
"751",1,0,0,0,0
"752",0,0,0,0,0
"753",0,0,0,1,0
"754",0,0,0,0,0
"755",0,0,0,0,0
"756",1,1,0,0,1
"757",0,0,0,0,0
"758",0,0,0,0,0
"759",0,0,0,0,0
"760",0,0,0,0,0
"761",2,6,2,1,2
"762",3,4,1,1,1
"763",0,1,1,1,1
"764",0,0,0,0,0
"765",0,0,0,0,0
"766",0,0,0,0,0
"767",1,0,0,0,0
"768",0,0,0,0,0
"769",0,0,0,0,0
"770",0,0,0,0,0
"771",0,0,0,0,0
"772",0,0,0,0,0
"773",0,0,0,0,0
"774",0,1,0,0,0
"775",0,0,0,0,0
"776",0,0,0,0,0
"777",6,4,2,2,3
"778",0,0,0,0,0
"779",0,1,0,0,0
"780",0,0,0,0,0
"781",0,0,0,0,0
"782",0,0,0,0,0
"783",0,0,0,0,0
"784",0,1,0,0,0
"785",5,4,1,0,3
"786",6,3,2,1,2
"787",0,1,0,0,0
"788",0,0,0,0,0
"789",0,0,0,0,0
"790",0,0,0,0,0
"791",2,2,1,0,1
"792",0,1,0,0,0
"793",0,0,0,0,0
"794",0,0,0,0,0
"795",0,0,0,0,0
"796",4,4,2,0,2
"797",2,3,1,1,1
"798",0,0,0,0,0
"799",5,4,2,1,2
"800",0,0,0,0,0
"801",0,0,0,0,0
"802",0,0,0,0,0
"803",4,3,2,1,2
"804",0,0,0,0,0
"805",1,0,0,0,0
"806",3,3,2,0,1
"807",5,3,1,1,2
"808",0,0,0,0,0
"809",0,0,0,0,0
"810",0,1,0,0,0
"811",1,0,0,0,0
"812",0,1,0,0,0
"813",0,0,0,0,0
"814",0,0,0,0,0
"815",0,0,0,0,0
"816",0,0,0,0,0
"817",4,5,2,1,2
"818",0,0,0,0,0
"819",3,3,2,2,1
"820",0,0,0,0,0
"821",0,0,1,0,0
"822",0,0,0,0,0
"823",0,1,0,0,0
"824",2,2,2,1,1
"825",0,0,0,0,0
"826",0,1,0,0,0
"827",4,3,1,0,1
"828",0,1,0,0,0
"829",0,0,0,0,0
"830",3,3,1,1,1
"831",0,0,0,0,0
"832",0,0,0,0,0
"833",0,0,0,0,0
"834",2,2,2,1,0
"835",3,2,2,1,2
"836",0,0,0,0,0
"837",2,2,2,0,0
"838",0,0,0,0,0
"839",0,0,0,0,0
"840",0,0,1,0,1
"841",0,0,1,1,0
"842",2,1,0,0,1
"843",0,0,0,0,0
"844",0,0,0,0,0
"845",0,0,0,0,0
"846",0,0,0,0,0
"847",1,2,2,0,2
"848",0,0,0,0,0
"849",4,2,2,1,1
"850",4,3,4,1,1
"851",0,0,0,0,0
"852",0,0,0,0,0
"853",0,0,0,0,0
"854",1,1,0,0,0
"855",0,0,0,0,0
"856",0,0,0,0,0
"857",2,0,0,0,0
"858",0,1,0,0,0
"859",0,0,0,0,0
"860",0,0,0,0,0
"861",0,0,0,0,0
"862",0,0,0,0,0
"863",0,0,0,0,0
"864",0,0,0,0,0
"865",3,3,5,1,1
"866",4,2,1,0,1
"867",3,2,1,1,2
"868",0,0,0,0,0
"869",1,0,0,0,0
"870",1,1,0,0,0
"871",0,0,0,0,0
"872",0,0,0,0,0
"873",0,1,0,0,0
"874",0,0,0,0,0
"875",0,0,0,0,0
"876",0,0,0,0,0
"877",0,0,0,0,0
"878",0,0,0,0,0
"879",4,3,1,1,2
"880",0,0,0,0,0
"881",0,0,0,0,0
"882",3,3,2,1,1
"883",1,0,0,0,0
"884",0,0,0,0,0
"885",0,0,0,0,0
"886",0,0,0,0,0
"887",0,1,0,0,0
"888",0,0,0,0,0
"889",2,2,0,1,1
"890",0,0,0,0,0
"891",2,3,1,1,1
"892",0,0,0,0,0
"893",0,0,0,0,0
"894",0,0,0,0,0
"895",0,2,0,0,0
"896",1,0,0,0,0
"897",0,0,0,0,0
"898",1,1,0,0,1
"899",0,0,0,0,0
"900",0,1,0,0,0
"901",3,2,1,0,1
"902",4,3,2,0,1
"903",1,1,0,0,0
"904",0,0,0,0,0
"905",0,0,0,0,0
"906",0,0,0,0,1
"907",0,0,0,0,0
"908",0,0,0,0,0
"909",0,0,0,0,0
"910",0,0,0,0,0
"911",0,0,0,0,0
"912",0,0,0,0,0
"913",2,4,1,0,1
"914",4,6,3,1,2
"915",0,0,0,0,0
"916",0,0,0,0,0
"917",0,0,0,0,0
"918",0,0,0,0,0
"919",0,1,0,0,1
"920",7,4,2,0,2
"921",0,0,0,0,0
"922",0,0,0,0,0
"923",1,3,1,0,1
"924",0,0,0,0,0
"925",2,3,1,0,1
"926",2,1,1,0,1
"927",0,0,0,0,0
"928",0,0,0,0,0
"929",3,2,1,1,1
"930",5,5,2,1,2
"931",0,0,0,0,0
"932",0,0,0,0,0
"933",0,0,0,0,0
"934",0,0,0,0,0
"935",0,0,0,0,0
"936",0,0,0,0,0
"937",0,0,0,0,0
"938",0,0,0,0,0
"939",3,3,2,1,1
"940",2,2,1,1,1
"941",0,1,0,0,0
"942",0,0,0,0,0
"943",0,0,0,0,0
"944",0,0,0,0,0
"945",0,0,0,0,0
"946",0,0,0,0,0
"947",0,0,0,0,0
"948",0,0,0,0,0
"949",0,0,0,0,0
"950",0,0,0,0,0
"951",3,2,1,0,2
"952",0,0,0,0,0
"953",0,0,0,0,0
"954",0,1,1,0,0
"955",0,0,0,0,0
"956",0,0,0,0,0
"957",0,0,0,0,0
"958",0,1,0,0,0
"959",0,0,0,0,0
"960",0,0,0,0,0
"961",0,0,0,0,0
"962",0,0,0,0,0
"963",3,3,2,1,1
"964",3,3,1,0,3
"965",1,0,0,0,0
"966",0,0,0,0,0
"967",0,0,0,0,0
"968",0,0,0,0,0
"969",0,0,0,0,0
"970",0,0,0,0,0
"971",0,0,0,0,0
"972",0,1,0,0,0
"973",0,0,0,0,0
"974",0,0,0,0,0
"975",0,0,0,0,0
"976",0,0,0,0,0
"977",3,3,1,1,2
"978",3,2,3,1,2
"979",0,0,0,0,0
"980",0,0,0,0,0
"981",0,0,0,0,0
"982",0,0,0,0,0
"983",0,0,0,0,0
"984",1,2,0,0,1
"985",0,0,0,0,0
"986",0,1,0,0,0
"987",0,0,0,0,0
"988",0,0,0,0,0
"989",1,1,0,0,0
"990",0,0,0,0,0
"991",0,0,0,0,0
"992",0,0,0,0,0
"993",0,0,0,0,0
"994",1,0,0,0,0
"995",0,0,0,0,0
"996",0,0,0,0,0
"997",0,0,0,0,0
"998",0,0,0,0,0
"999",0,0,0,0,0
"1000",0,0,0,0,0
"1001",1,0,0,0,0
"1002",1,1,0,0,1
"1003",3,1,1,0,1
"1004",0,0,0,0,0
"1005",1,1,0,1,0
"1006",3,3,1,0,1
"1007",3,3,1,1,1
"1008",4,3,2,0,2
"1009",0,0,0,0,0
"1010",0,0,0,0,0
"1011",1,1,0,0,0
"1012",4,4,1,1,1
"1013",5,2,2,1,1
"1014",0,0,0,0,0
"1015",0,0,0,0,0
"1016",0,0,0,0,0
"1017",0,0,0,0,0
"1018",0,0,0,0,0
"1019",0,0,0,0,0
"1020",1,1,0,0,0
"1021",0,1,0,0,0
"1022",0,0,0,0,0
"1023",0,0,0,0,0
"1024",1,0,0,0,0
"1025",0,0,0,0,0
"1026",0,0,0,0,0
"1027",0,0,0,0,0
"1028",0,0,0,0,0
"1029",0,0,0,0,0
"1030",0,0,0,0,0
"1031",0,0,1,1,0
"1032",0,0,1,0,0
"1033",0,0,0,0,0
"1034",0,0,0,0,0
"1035",1,1,0,0,0
"1036",0,0,0,0,0
"1037",1,0,0,0,0
"1038",1,1,0,0,0
"1039",0,0,0,0,0
"1040",0,0,0,0,0
"1041",0,1,0,0,0
"1042",0,0,0,0,0
"1043",6,3,1,1,2
"1044",0,0,0,0,0
"1045",4,3,2,0,3
"1046",0,0,0,0,0
"1047",0,0,0,0,0
"1048",0,0,1,0,0
"1049",0,0,0,0,0
"1050",0,0,0,0,0
"1051",0,0,0,0,0
"1052",0,0,0,0,0
"1053",0,0,0,0,0
"1054",0,0,0,0,0
"1055",2,1,1,1,0
"1056",1,2,0,1,1
"1057",1,0,0,0,0
"1058",0,0,0,0,0
"1059",3,2,1,1,2
"1060",0,0,0,0,0
"1061",2,3,2,1,2
"1062",4,2,1,0,1
"1063",0,0,0,0,0
"1064",0,0,0,0,0
"1065",0,1,0,0,0
"1066",0,0,0,0,0
"1067",0,0,0,0,0
"1068",0,0,0,0,0
"1069",3,3,3,1,1
"1070",1,0,0,0,0
"1071",4,4,2,1,1
"1072",4,2,2,1,2
"1073",0,1,0,0,0
"1074",0,0,0,0,0
"1075",0,0,0,0,0
"1076",0,0,0,0,0
"1077",1,0,0,0,0
"1078",0,0,0,0,0
"1079",0,0,0,0,0
"1080",0,0,0,0,0
"1081",0,0,0,0,1
"1082",0,0,0,0,0
"1083",1,0,0,0,0
"1084",0,0,0,0,0
"1085",0,0,0,0,0
"1086",0,0,0,0,0
"1087",5,3,2,1,2
"1088",0,0,0,0,0
"1089",0,0,0,0,0
"1090",0,0,0,0,0
"1091",2,1,1,0,0
"1092",0,0,0,0,0
"1093",0,1,0,0,0
"1094",1,0,0,0,0
"1095",2,3,1,1,1
"1096",0,0,0,0,0
"1097",1,0,0,0,0
"1098",0,0,0,0,0
"1099",0,0,0,0,0
"1100",0,0,0,0,0
"1101",0,0,0,1,0
"1102",3,2,1,1,1
"1103",0,0,0,0,0
"1104",0,0,0,0,0
"1105",4,2,2,1,2
"1106",0,0,0,0,0
"1107",6,4,1,1,2
"1108",0,0,0,0,0
"1109",0,0,0,0,0
"1110",1,0,0,0,0
"1111",2,2,1,0,1
"1112",0,0,0,0,0
"1113",0,0,0,0,0
"1114",4,4,1,1,2
"1115",0,0,0,0,0
"1116",1,0,0,0,0
"1117",0,0,0,0,0
"1118",0,0,0,0,0
"1119",4,6,2,1,2
"1120",3,5,2,0,2
"1121",0,0,0,0,0
"1122",0,0,0,0,0
"1123",0,1,0,0,0
"1124",0,0,0,0,0
"1125",0,1,0,0,0
"1126",8,6,3,1,2
"1127",0,0,0,0,0
"1128",0,1,0,1,0
"1129",0,0,0,0,0
"1130",0,0,0,0,0
"1131",0,0,0,0,0
"1132",0,0,0,0,0
"1133",0,0,0,0,0
"1134",0,2,0,0,0
"1135",0,0,0,0,0
"1136",0,0,0,0,0
"1137",4,2,1,0,2
"1138",0,0,0,0,0
"1139",0,0,0,0,0
"1140",0,0,0,0,0
"1141",1,2,0,0,0
"1142",2,2,2,0,1
"1143",0,1,0,0,0
"1144",0,1,0,0,0
"1145",0,0,0,0,0
"1146",0,0,0,0,0
"1147",1,1,0,0,0
"1148",0,0,0,0,0
"1149",0,1,0,0,0
"1150",2,2,1,0,1
"1151",0,0,0,0,0
"1152",0,0,0,0,0
"1153",0,1,0,0,0
"1154",1,0,0,0,0
"1155",0,0,0,0,0
"1156",0,0,0,0,0
"1157",2,3,3,0,3
"1158",0,0,0,0,0
"1159",0,0,0,0,0
"1160",0,0,0,0,0
"1161",0,0,0,0,0
"1162",0,0,0,0,0
"1163",0,1,0,0,0
"1164",0,0,0,0,0
"1165",0,0,0,0,0
"1166",5,3,2,1,1
"1167",0,0,0,0,0
"1168",0,0,0,0,0
"1169",3,4,2,1,1
"1170",0,0,0,0,0
"1171",0,0,0,0,0
"1172",0,1,0,0,0
"1173",3,3,1,1,2
"1174",3,3,1,0,1
"1175",1,1,0,0,0
"1176",1,0,0,0,0
"1177",0,0,0,0,0
"1178",0,0,0,0,0
"1179",0,0,0,0,0
"1180",0,0,0,0,0
"1181",0,0,0,0,0
"1182",0,0,0,0,0
"1183",0,0,0,0,0
"1184",0,0,0,0,0
"1185",0,0,0,0,0
"1186",0,0,0,0,0
"1187",0,0,0,0,0
"1188",3,3,1,2,2
"1189",2,1,1,0,1
"1190",1,1,0,0,0
"1191",5,3,1,0,2
"1192",0,0,0,0,0
"1193",0,0,0,0,0
"1194",0,1,0,0,0
"1195",1,0,0,0,0
"1196",0,0,0,0,0
"1197",0,0,0,0,0
"1198",0,1,0,0,0
"1199",0,0,0,0,0
"1200",0,0,0,0,0
"1201",0,0,0,0,0
"1202",1,0,0,0,0
"1203",0,1,0,0,0
"1204",0,0,0,0,0
"1205",0,0,0,0,0
"1206",0,0,0,0,0
"1207",0,0,0,0,0
"1208",3,3,1,0,3
"1209",3,2,1,0,1
"1210",0,0,0,0,0
"1211",0,1,0,0,0
"1212",0,1,0,0,0
"1213",0,0,0,0,0
"1214",1,2,0,0,1
"1215",1,0,1,0,1
"1216",2,2,1,0,1
"1217",0,1,0,0,1
"1218",0,0,1,0,0
"1219",0,0,0,0,0
"1220",0,0,0,0,0
"1221",1,0,0,0,0
"1222",0,0,0,0,0
"1223",0,0,0,0,0
"1224",3,2,2,1,2
"1225",0,0,0,0,0
"1226",0,1,0,0,0
"1227",0,0,0,0,0
"1228",0,0,0,0,0
"1229",0,0,0,0,0
"1230",2,2,1,0,1
"1231",0,0,0,0,0
"1232",0,0,0,0,0
"1233",0,0,0,0,0
"1234",0,0,0,0,0
"1235",0,0,0,0,0
"1236",0,0,0,0,0
"1237",0,0,0,0,0
"1238",0,0,0,0,0
"1239",0,0,0,0,0
"1240",0,0,0,0,0
"1241",0,0,0,0,0
"1242",0,0,0,0,0
"1243",1,1,0,1,0
"1244",0,0,0,0,0
"1245",0,0,0,0,0
"1246",0,0,0,0,0
"1247",0,0,0,0,0
"1248",1,0,0,0,0
"1249",0,0,0,0,0
"1250",0,0,0,0,0
"1251",3,4,2,1,1
"1252",0,0,0,0,0
"1253",0,0,0,0,0
"1254",3,2,1,0,0
"1255",0,0,0,0,0
"1256",3,2,1,1,1
"1257",0,1,0,0,0
"1258",0,0,0,0,0
"1259",1,2,1,1,2
"1260",2,2,1,0,1
"1261",0,0,0,0,0
"1262",0,0,0,0,0
"1263",0,1,1,0,0
"1264",0,0,0,0,0
"1265",0,0,0,0,0
"1266",0,0,0,0,0
"1267",0,1,0,0,0
"1268",0,0,0,0,0
"1269",0,0,0,0,0
"1270",0,0,0,0,0
"1271",4,2,1,1,1
"1272",0,0,0,0,0
"1273",0,0,0,0,0
"1274",3,4,1,1,2
"1275",0,1,0,0,0
"1276",6,3,1,2,1
"1277",0,0,0,0,0
"1278",3,2,2,1,2
"1279",0,0,0,0,0
"1280",0,0,0,0,0
"1281",0,0,0,0,0
"1282",0,1,1,0,0
"1283",0,0,0,0,0
"1284",0,0,0,0,0
"1285",0,0,0,0,0
"1286",0,0,0,0,0
"1287",0,0,0,0,0
"1288",0,0,0,0,0
"1289",0,0,0,0,0
"1290",0,0,0,0,0
"1291",0,0,0,0,0
"1292",0,0,0,0,0
"1293",3,3,1,1,2
"1294",5,5,1,1,1
"1295",0,0,0,0,0
"1296",3,3,2,1,1
"1297",0,0,0,0,0
"1298",0,0,0,0,0
"1299",0,0,0,0,0
"1300",4,2,2,0,2
"1301",0,0,0,0,0
"1302",0,0,0,0,0
"1303",1,0,0,0,0
"1304",0,0,0,0,0
"1305",0,0,0,0,0
"1306",2,3,2,1,1
"1307",5,4,1,1,1
"1308",0,0,0,0,0
"1309",0,0,0,0,0
"1310",0,0,0,0,0
"1311",4,3,1,1,2
"1312",0,0,0,0,0
"1313",0,0,0,0,0
"1314",0,0,0,0,0
"1315",0,0,0,0,0
"1316",0,0,0,0,0
"1317",0,0,0,0,0
"1318",0,1,0,0,0
"1319",0,0,0,0,0
"1320",2,3,1,1,1
"1321",0,0,0,0,0
"1322",4,4,3,0,2
"1323",1,1,0,0,0
"1324",0,1,0,0,0
"1325",0,0,0,0,0
"1326",0,0,1,0,0
"1327",3,3,2,1,1
"1328",0,1,0,0,0
"1329",0,0,1,0,0
"1330",0,0,0,0,0
"1331",0,1,0,0,1
"1332",0,0,0,0,1
"1333",0,0,0,0,0
"1334",1,0,0,1,0
"1335",0,0,0,0,0
"1336",0,0,0,0,0
"1337",0,0,0,0,0
"1338",0,0,0,0,0
"1339",2,2,1,1,1
"1340",3,2,2,1,2
"1341",0,0,0,0,0
"1342",2,2,2,1,1
"1343",0,0,0,0,0
"1344",1,0,0,0,0
"1345",1,2,1,0,0
"1346",0,0,0,0,0
"1347",0,0,0,0,0
"1348",0,0,0,0,0
"1349",0,0,0,0,0
"1350",0,0,0,0,0
"1351",0,0,0,0,0
"1352",0,0,0,0,0
"1353",0,0,0,0,0
"1354",3,3,1,1,1
"1355",0,1,0,0,0
"1356",0,0,0,0,0
"1357",0,0,0,0,0
"1358",0,0,0,0,0
"1359",1,1,1,0,1
"1360",0,0,0,0,0
"1361",2,1,1,0,1
"1362",0,0,0,0,0
"1363",0,0,0,0,0
"1364",0,0,0,0,0
"1365",2,1,1,1,0
"1366",0,0,0,0,0
"1367",0,0,0,0,0
"1368",1,0,0,0,0
"1369",0,0,0,0,0
"1370",0,0,0,0,0
"1371",0,0,0,0,0
"1372",0,0,0,0,0
"1373",2,1,1,0,0
"1374",1,0,0,0,0
"1375",3,2,2,1,1
"1376",5,4,3,0,1
"1377",0,0,0,0,0
"1378",0,0,0,0,0
"1379",1,0,0,0,0
"1380",0,1,0,0,0
"1381",0,0,0,0,0
"1382",0,0,0,0,0
"1383",0,0,0,0,0
"1384",0,0,0,0,0
"1385",4,5,2,1,2
"1386",0,0,0,0,0
"1387",4,4,1,1,2
"1388",0,0,0,0,0
"1389",0,0,0,0,0
"1390",0,0,0,0,0
"1391",2,4,1,1,2
"1392",0,0,0,0,0
"1393",0,1,0,0,0
"1394",0,0,0,0,0
"1395",0,0,0,0,0
"1396",0,0,0,0,0
"1397",2,2,1,0,1
"1398",0,0,0,0,0
"1399",1,2,1,1,0
"1400",0,0,0,0,0
"1401",0,0,0,0,0
"1402",1,0,0,0,0
"1403",0,0,0,0,0
"1404",3,2,2,1,2
"1405",0,0,0,0,0
"1406",4,3,2,1,2
"1407",0,0,0,0,0
"1408",0,0,0,0,0
"1409",0,0,0,0,0
"1410",4,2,1,1,1
"1411",3,3,3,1,2
"1412",0,0,0,0,0
"1413",0,1,0,0,1
"1414",0,0,0,0,0
"1415",0,0,0,0,0
"1416",0,1,0,0,0
"1417",5,4,3,0,2
"1418",4,2,3,1,2
"1419",0,0,0,0,0
"1420",0,0,0,0,0
"1421",4,2,2,0,2
"1422",0,1,0,0,0
"1423",0,0,0,0,0
"1424",0,0,0,0,0
"1425",0,0,0,0,0
"1426",0,0,0,0,0
"1427",0,0,0,0,0
"1428",0,0,0,0,0
"1429",0,0,0,0,0
"1430",1,0,0,0,0
"1431",0,0,0,0,0
"1432",0,1,0,0,0
"1433",0,0,0,0,0
"1434",0,0,0,0,0
"1435",0,0,0,0,0
"1436",0,0,0,0,0
"1437",0,0,0,0,0
"1438",0,0,0,0,0
"1439",0,1,0,0,1
"1440",0,0,0,0,0
"1441",0,0,0,0,0
"1442",4,2,2,1,1
"1443",0,0,0,0,0
"1444",1,1,1,0,2
"1445",0,0,0,0,0
"1446",1,0,0,1,0
"1447",0,1,0,0,0
"1448",2,3,1,1,1
"1449",0,0,0,0,0
"1450",0,0,0,0,0
"1451",4,3,1,1,1
"1452",0,0,0,0,0
"1453",0,0,0,0,0
"1454",0,1,0,0,1
"1455",0,0,0,0,0
"1456",0,0,0,0,0
"1457",0,0,0,0,0
"1458",4,5,2,1,1
"1459",0,0,0,0,0
"1460",0,0,0,0,0
"1461",0,0,0,0,0
"1462",0,0,0,0,0
"1463",0,0,0,0,0
"1464",0,0,0,0,0
"1465",0,0,0,0,0
"1466",3,2,1,1,0
"1467",3,1,1,0,1
"1468",3,4,3,1,2
"1469",0,0,0,0,0
"1470",1,0,1,0,1
"1471",0,0,0,0,0
"1472",2,2,1,1,2
"1473",0,0,0,0,0
"1474",0,0,0,0,0
"1475",0,0,1,0,0
"1476",3,2,1,1,1
"1477",0,0,0,0,0
"1478",4,2,2,1,1
"1479",0,0,0,0,0
"1480",0,0,0,0,0
"1481",0,0,0,0,0
"1482",0,0,0,0,0
"1483",0,0,0,0,0
"1484",2,2,1,0,1
"1485",4,3,1,0,1
"1486",0,0,0,0,0
"1487",0,0,0,0,0
"1488",0,0,0,0,0
"1489",3,3,1,1,2
"1490",1,2,1,0,0
"1491",0,0,0,0,0
"1492",0,0,0,0,0
"1493",0,0,0,0,0
"1494",0,1,0,0,0
"1495",2,2,2,1,1
"1496",0,0,0,0,0
"1497",0,0,0,0,0
"1498",0,0,0,0,0
"1499",0,1,0,0,0
"1500",0,0,0,0,0
"1501",1,1,1,0,0
"1502",4,3,2,1,1
"1503",0,1,0,0,0
"1504",0,0,0,0,0
"1505",1,1,2,0,0
"1506",0,0,0,0,0
"1507",0,0,0,0,0
"1508",0,0,0,0,0
"1509",0,0,0,0,0
"1510",0,0,0,0,0
"1511",1,1,0,0,1
"1512",0,0,0,0,0
"1513",0,0,0,0,0
"1514",2,2,1,1,1
"1515",0,0,0,0,0
"1516",0,0,0,0,0
"1517",0,0,0,0,0
"1518",1,0,0,0,0
"1519",0,0,0,0,0
"1520",0,0,0,0,0
"1521",0,0,0,0,0
"1522",3,2,1,1,2
"1523",2,1,2,0,1
"1524",0,0,0,0,0
"1525",0,0,0,0,0
"1526",0,0,0,0,0
"1527",0,0,0,0,0
"1528",1,2,0,0,0
"1529",0,0,0,0,0
"1530",0,0,0,0,0
"1531",0,0,0,0,0
"1532",1,0,0,0,0
"1533",0,0,0,0,0
"1534",0,1,0,0,0
"1535",0,0,0,0,0
"1536",0,0,0,0,0
"1537",0,0,0,0,0
"1538",0,1,0,0,0
"1539",0,0,0,0,0
"1540",0,0,0,0,0
"1541",0,0,0,0,0
"1542",0,1,0,0,0
"1543",0,0,0,0,0
"1544",0,0,0,0,0
"1545",0,1,0,0,0
"1546",4,4,3,1,1
"1547",0,0,0,0,0
"1548",0,0,0,0,0
"1549",2,1,1,0,0
"1550",0,0,0,0,0
"1551",3,3,2,1,3
"1552",0,0,0,0,0
"1553",0,0,0,0,0
"1554",0,0,0,0,0
"1555",0,0,0,0,0
"1556",0,0,0,0,0
"1557",3,3,1,1,1
"1558",2,1,1,0,0
"1559",1,0,2,0,0
"1560",0,0,0,0,0
"1561",0,0,0,0,0
"1562",0,0,0,0,0
"1563",0,0,0,0,0
"1564",0,0,0,0,0
"1565",1,0,0,0,0
"1566",2,1,2,1,1
"1567",0,0,0,0,0
"1568",0,0,0,0,0
"1569",0,0,0,0,0
"1570",0,0,0,0,0
"1571",0,0,0,0,0
"1572",0,0,0,0,0
"1573",4,3,2,1,1
"1574",0,0,0,0,0
"1575",2,3,3,1,1
"1576",0,0,0,0,0
"1577",0,1,0,0,0
"1578",0,1,0,0,0
"1579",0,0,0,0,0
"1580",0,0,0,0,0
"1581",0,0,0,0,0
"1582",4,3,1,1,2
"1583",3,2,1,0,2
"1584",0,0,0,0,0
"1585",1,0,0,0,0
"1586",0,0,0,0,0
"1587",2,2,1,1,1
"1588",0,0,0,0,0
"1589",0,0,0,0,0
"1590",2,2,1,1,1
"1591",0,0,0,0,0
"1592",0,0,0,0,0
"1593",3,4,2,1,2
"1594",0,0,0,0,0
"1595",0,0,0,0,0
"1596",0,0,0,0,0
"1597",0,0,0,0,0
"1598",1,1,0,0,1
"1599",1,1,0,0,1
"1600",0,0,0,0,0
"1601",0,0,0,0,0
"1602",0,0,0,0,0
"1603",4,3,1,0,1
"1604",0,0,0,0,0
"1605",0,0,0,0,0
"1606",5,2,1,1,2
"1607",0,0,0,0,0
"1608",0,0,0,0,0
"1609",0,0,0,0,0
"1610",0,1,0,0,0
"1611",2,4,2,0,1
"1612",0,0,0,0,0
"1613",2,4,1,2,2
"1614",3,4,1,1,1
"1615",1,0,0,0,0
"1616",0,0,0,0,0
"1617",0,0,0,0,0
"1618",2,1,0,0,0
"1619",0,0,0,0,0
"1620",0,0,0,0,0
"1621",0,0,0,0,0
"1622",0,0,0,0,0
"1623",0,0,0,0,0
"1624",3,3,2,1,2
"1625",0,0,0,0,0
"1626",1,1,0,0,0
"1627",0,0,0,0,0
"1628",3,3,1,1,2
"1629",0,0,0,0,0
"1630",0,0,1,0,0
"1631",0,1,0,0,0
"1632",0,0,0,0,0
"1633",0,0,1,0,0
"1634",0,0,0,0,0
"1635",1,1,0,0,0
"1636",0,0,0,0,0
"1637",0,0,0,0,0
"1638",0,0,0,0,0
"1639",0,0,0,0,0
"1640",0,0,0,0,0
"1641",4,3,1,1,2
"1642",3,2,1,1,1
"1643",0,0,0,0,0
"1644",1,1,1,0,1
"1645",0,0,0,0,0
"1646",1,1,1,1,1
"1647",0,0,0,0,0
"1648",2,3,1,0,2
"1649",0,1,0,0,0
"1650",0,0,0,0,0
"1651",0,0,0,0,0
"1652",0,0,0,0,0
"1653",0,0,0,0,0
"1654",1,0,0,0,0
"1655",0,0,0,0,1
"1656",0,0,0,0,0
"1657",0,0,0,0,0
"1658",0,0,0,0,0
"1659",1,2,1,1,1
"1660",0,0,0,0,0
"1661",0,0,0,0,0
"1662",0,0,0,0,0
"1663",0,0,0,0,0
"1664",0,0,0,0,0
"1665",0,0,0,0,0
"1666",3,4,2,1,2
"1667",1,0,1,0,0
"1668",0,0,0,0,0
"1669",0,0,0,0,0
"1670",0,0,0,0,0
"1671",3,2,2,1,1
"1672",0,0,0,0,0
"1673",0,0,0,0,0
"1674",0,0,0,0,0
"1675",4,3,1,1,1
"1676",3,4,2,1,1
"1677",0,0,0,0,0
"1678",0,0,0,0,0
"1679",0,0,0,0,0
"1680",0,1,0,0,1
"1681",0,1,0,0,0
"1682",1,4,2,0,1
"1683",0,0,0,0,0
"1684",0,1,0,0,0
"1685",0,0,0,0,0
"1686",0,0,0,0,0
"1687",0,0,0,0,0
"1688",0,1,0,0,0
"1689",0,0,0,0,0
"1690",0,0,0,0,0
"1691",1,0,0,0,0
"1692",4,3,2,0,1
"1693",0,0,0,0,0
"1694",0,1,0,0,0
"1695",1,1,0,0,1
"1696",0,1,0,0,0
"1697",0,0,0,0,0
"1698",1,1,0,0,1
"1699",0,0,0,0,0
"1700",0,0,0,0,0
"1701",0,1,0,0,0
"1702",0,0,0,0,0
"1703",0,0,0,0,0
"1704",0,0,0,0,0
"1705",0,0,0,0,0
"1706",1,0,0,0,0
"1707",0,0,0,0,0
"1708",0,0,0,0,0
"1709",0,1,0,0,0
"1710",1,1,0,0,0
"1711",7,4,2,2,2
"1712",5,5,5,1,2
"1713",1,1,1,0,0
"1714",0,0,0,0,0
"1715",0,0,0,0,0
"1716",0,0,0,0,0
"1717",5,4,2,1,1
"1718",0,0,0,0,0
"1719",0,0,0,0,0
"1720",0,0,0,0,0
"1721",0,0,0,0,0
"1722",0,0,0,0,0
"1723",0,0,0,0,0
"1724",0,0,0,0,0
"1725",0,0,0,0,0
"1726",0,0,0,0,0
"1727",0,1,0,0,0
"1728",0,0,0,0,0
"1729",0,0,0,0,0
"1730",0,0,0,0,1
"1731",0,0,0,0,0
"1732",0,0,0,0,0
"1733",0,0,0,0,0
"1734",0,1,0,0,0
"1735",0,1,0,0,0
"1736",0,0,0,0,0
"1737",2,1,2,0,1
"1738",2,2,1,1,3
"1739",1,0,0,0,0
"1740",0,0,0,0,0
"1741",1,0,1,1,1
"1742",0,0,0,0,0
"1743",0,0,0,0,0
"1744",1,2,1,0,0
"1745",1,1,1,0,0
"1746",1,0,0,0,0
"1747",1,0,0,0,0
"1748",1,1,0,0,0
"1749",0,0,0,0,0
"1750",0,0,0,0,0
"1751",0,1,0,0,0
"1752",0,0,0,0,0
"1753",4,3,2,1,3
"1754",0,0,0,0,0
"1755",0,0,0,0,0
"1756",0,0,0,0,0
"1757",0,0,0,0,0
"1758",0,0,0,0,0
"1759",0,0,0,0,0
"1760",3,2,2,0,2
"1761",0,1,0,0,0
"1762",0,0,0,0,0
"1763",0,0,0,0,0
"1764",0,0,0,0,0
"1765",0,0,0,0,0
"1766",0,0,0,0,0
"1767",4,3,1,0,1
"1768",0,0,0,0,0
"1769",0,0,0,0,0
"1770",0,0,0,0,0
"1771",0,0,0,0,0
"1772",0,0,0,0,0
"1773",0,0,0,0,0
"1774",2,3,2,0,1
"1775",0,2,0,0,0
"1776",1,0,1,0,0
"1777",0,0,0,0,0
"1778",0,0,0,0,0
"1779",1,1,0,0,0
"1780",4,2,1,1,1
"1781",0,1,0,0,0
"1782",0,0,0,0,0
"1783",0,0,0,0,0
"1784",0,0,0,0,0
"1785",4,3,1,0,2
"1786",0,0,0,0,0
"1787",0,0,0,0,0
"1788",0,0,0,0,0
"1789",1,1,0,0,0
"1790",0,0,0,0,0
"1791",0,0,0,0,0
"1792",1,1,0,0,0
"1793",0,0,0,0,0
"1794",0,0,0,0,0
"1795",3,5,2,0,1
"1796",0,0,0,0,0
"1797",0,1,0,0,0
"1798",0,0,0,0,0
"1799",0,0,0,0,0
"1800",0,0,0,0,0
"1801",0,0,0,0,0
"1802",0,0,0,0,0
"1803",0,0,0,0,0
"1804",1,0,0,1,0
"1805",1,0,1,0,0
"1806",0,0,0,0,0
"1807",0,0,0,0,0
"1808",2,3,1,1,1
"1809",0,0,0,0,0
"1810",0,0,0,0,0
"1811",0,0,0,0,0
"1812",0,0,0,0,0
"1813",0,0,0,0,0
"1814",0,0,0,0,0
"1815",0,0,0,0,0
"1816",0,0,0,0,0
"1817",0,0,0,0,0
"1818",0,0,0,0,0
"1819",0,1,0,0,0
"1820",2,2,2,1,2
"1821",2,1,1,0,1
"1822",0,0,0,0,0
"1823",0,1,0,0,0
"1824",1,0,0,0,0
"1825",4,2,1,1,1
"1826",0,1,0,0,0
"1827",0,0,0,0,0
"1828",0,0,0,0,0
"1829",0,0,0,0,0
"1830",0,0,0,0,0
"1831",0,1,0,0,0
"1832",0,1,0,0,0
"1833",0,0,0,0,0
"1834",0,1,0,0,0
"1835",2,1,2,0,1
"1836",2,1,1,0,1
"1837",0,0,0,0,0
"1838",0,0,0,0,0
"1839",0,0,0,0,0
"1840",2,4,2,0,1
"1841",0,0,0,0,0
"1842",3,3,2,1,1
"1843",0,0,0,0,0
"1844",4,3,1,1,1
"1845",0,0,0,0,0
"1846",0,1,0,0,0
"1847",0,0,0,0,0
"1848",0,0,0,0,0
"1849",0,1,0,0,0
"1850",0,0,0,0,0
"1851",0,0,0,0,0
"1852",2,1,1,1,1
"1853",0,0,0,0,0
"1854",0,0,0,0,0
"1855",0,0,0,0,0
"1856",0,0,0,0,0
"1857",0,0,0,0,0
"1858",0,0,0,0,0
"1859",0,0,0,0,0
"1860",0,0,0,0,0
"1861",0,0,0,0,0
"1862",0,0,0,0,0
"1863",0,0,0,0,0
"1864",0,0,0,0,0
"1865",0,0,0,0,0
"1866",0,0,0,0,0
"1867",0,0,0,0,0
"1868",3,6,2,1,2
"1869",3,3,1,1,2
"1870",0,0,0,0,0
"1871",0,0,1,0,0
"1872",0,0,0,0,0
"1873",0,0,0,0,0
"1874",0,0,0,0,0
"1875",0,0,0,0,0
"1876",0,0,0,0,0
"1877",0,0,0,0,0
"1878",3,4,1,0,1
"1879",0,1,0,0,0
"1880",1,1,0,0,0
"1881",2,1,0,0,0
"1882",4,3,2,1,2
"1883",0,0,0,0,0
"1884",0,0,0,0,0
"1885",0,0,0,0,0
"1886",0,0,0,0,0
"1887",3,3,1,1,1
"1888",5,3,2,1,2
"1889",0,0,0,0,0
"1890",0,1,0,0,0
"1891",0,0,0,0,0
"1892",3,2,2,0,1
"1893",0,0,0,0,0
"1894",0,0,0,0,0
"1895",0,0,0,0,0
"1896",0,0,0,0,0
"1897",0,0,1,0,0
"1898",1,1,0,0,0
"1899",2,3,2,1,1
"1900",0,0,0,0,0
"1901",2,3,2,1,1
"1902",0,1,0,0,0
"1903",2,2,3,1,1
"1904",0,0,0,0,0
"1905",3,3,2,1,2
"1906",0,0,0,0,0
"1907",0,0,0,0,0
"1908",0,0,0,0,0
"1909",0,1,0,0,0
"1910",1,0,0,0,0
"1911",0,0,0,0,0
"1912",0,0,1,0,0
"1913",0,0,0,0,0
"1914",0,0,0,0,0
"1915",2,2,1,0,1
"1916",0,0,0,0,0
"1917",4,2,2,0,1
"1918",0,0,0,0,0
"1919",4,2,1,1,2
"1920",0,1,0,0,0
"1921",0,0,0,0,0
"1922",0,0,0,0,0
"1923",3,4,3,1,2
"1924",0,0,0,0,0
"1925",0,0,0,0,0
"1926",0,0,0,0,0
"1927",0,0,0,0,0
"1928",0,0,0,0,0
"1929",0,0,0,0,0
"1930",3,2,1,1,2
"1931",0,0,0,0,0
"1932",1,1,0,0,0
"1933",0,0,0,0,0
"1934",4,5,1,1,2
"1935",4,3,2,1,2
"1936",3,5,2,1,3
"1937",0,0,0,0,0
"1938",0,0,0,0,0
"1939",5,3,1,1,1
"1940",4,1,2,0,1
"1941",0,0,0,0,0
"1942",0,0,0,0,0
"1943",0,0,0,0,0
"1944",0,0,0,0,0
"1945",1,1,0,0,1
"1946",0,0,0,0,0
"1947",0,0,0,0,0
"1948",0,0,0,0,0
"1949",1,1,1,1,0
"1950",0,0,0,0,0
"1951",0,0,0,0,0
"1952",0,0,0,0,0
"1953",3,2,1,1,1
"1954",0,0,0,0,0
"1955",0,0,0,0,0
"1956",0,0,0,0,0
"1957",3,3,1,2,2
"1958",2,2,2,0,1
"1959",3,4,1,1,1
"1960",0,0,0,0,0
"1961",0,0,0,0,0
"1962",0,0,0,0,0
"1963",3,5,1,0,1
"1964",1,2,1,0,0
"1965",0,0,0,0,0
"1966",0,0,0,0,1
"1967",0,0,0,0,0
"1968",0,0,0,0,0
"1969",0,0,0,0,0
"1970",0,0,0,0,0
"1971",0,0,0,0,0
"1972",0,0,0,0,0
"1973",0,0,0,0,0
"1974",0,0,0,0,0
"1975",0,1,0,0,0
"1976",0,0,0,0,0
"1977",3,2,2,1,2
"1978",3,1,0,0,0
"1979",0,1,0,0,0
"1980",3,2,0,0,1
"1981",0,1,0,0,0
"1982",0,0,0,0,0
"1983",0,0,0,0,0
"1984",0,0,0,0,0
"1985",0,0,0,0,0
"1986",0,0,0,0,0
"1987",0,0,0,0,0
"1988",0,0,0,0,0
"1989",1,0,0,0,0
"1990",0,1,0,0,0
"1991",0,0,0,0,0
"1992",0,0,0,0,0
"1993",0,0,0,0,0
"1994",0,0,0,0,0
"1995",0,0,0,0,0
"1996",0,0,0,0,0
"1997",0,2,0,0,0
"1998",0,0,0,0,0
"1999",0,0,0,0,0
"2000",0,0,0,0,0
"2001",1,0,0,0,0
"2002",0,0,0,0,0
"2003",0,0,0,0,1
"2004",3,4,2,0,1
"2005",0,0,0,0,0
"2006",0,0,0,0,0
"2007",0,1,0,0,0
"2008",3,1,2,0,1
"2009",1,2,0,0,0
"2010",1,1,0,0,0
"2011",0,0,0,0,0
"2012",0,0,0,0,0
"2013",0,0,0,0,0
"2014",0,0,0,0,0
"2015",0,0,0,0,0
"2016",0,0,0,0,0
"2017",0,1,0,0,0
"2018",1,0,0,0,0
"2019",0,0,0,0,0
"2020",2,4,2,1,1
"2021",0,0,0,0,0
"2022",0,0,0,0,0
"2023",0,0,1,0,0
"2024",0,0,0,0,0
"2025",1,1,0,0,0
"2026",0,0,0,0,0
"2027",0,0,0,0,0
"2028",0,0,0,0,0
"2029",0,0,0,0,0
"2030",0,0,0,0,0
"2031",1,1,0,0,0
"2032",0,0,0,0,0
"2033",0,0,0,0,0
"2034",4,3,2,1,1
"2035",5,3,2,1,2
"2036",3,2,1,0,1
"2037",1,0,1,0,0
"2038",0,0,0,0,0
"2039",0,0,0,0,0
"2040",0,0,0,0,0
"2041",3,2,1,1,2
"2042",0,0,0,0,0
"2043",0,0,0,0,0
"2044",3,2,1,1,2
"2045",0,0,0,0,0
"2046",0,0,0,0,0
"2047",0,0,0,0,0
"2048",5,3,3,1,2
"2049",0,0,0,0,0
"2050",0,0,0,0,0
"2051",7,6,1,1,1
"2052",0,0,0,0,0
"2053",0,0,0,0,0
"2054",0,0,0,0,0
"2055",4,4,1,1,3
"2056",0,0,0,0,0
"2057",0,1,0,0,0
"2058",0,0,0,0,0
"2059",0,0,0,0,0
"2060",3,3,3,1,2
"2061",0,0,0,0,0
"2062",0,0,0,0,0
"2063",0,1,0,0,0
"2064",1,0,0,0,0
"2065",3,2,1,0,2
"2066",0,0,0,0,0
"2067",0,0,0,0,0
"2068",0,1,0,0,0
"2069",0,0,0,0,0
"2070",3,3,1,0,1
"2071",0,0,0,0,0
"2072",1,2,0,1,0
"2073",0,0,0,0,0
"2074",0,0,0,0,0
"2075",0,1,0,0,0
"2076",4,3,2,1,1
"2077",3,3,1,1,1
"2078",0,0,0,0,0
"2079",0,0,0,0,0
"2080",0,0,0,0,0
"2081",1,0,0,0,0
"2082",0,0,0,0,0
"2083",0,0,0,0,0
"2084",0,1,0,0,0
"2085",0,0,0,0,0
"2086",0,0,0,0,0
"2087",0,0,0,0,0
"2088",0,0,0,0,0
"2089",0,0,0,0,0
"2090",0,0,0,0,0
"2091",1,0,0,0,0
"2092",2,3,2,1,1
"2093",0,0,0,0,0
"2094",0,0,0,0,0
"2095",0,0,0,0,0
"2096",0,0,0,0,0
"2097",3,2,2,0,1
"2098",3,5,2,0,3
"2099",0,0,0,0,0
"2100",0,0,0,0,0
"2101",0,0,0,0,0
"2102",0,0,0,0,0
"2103",0,0,0,0,0
"2104",0,0,0,0,0
"2105",1,0,0,0,0
"2106",0,0,0,0,0
"2107",0,0,0,0,0
"2108",0,0,0,0,0
"2109",0,0,0,0,0
"2110",0,0,0,0,0
"2111",0,0,0,0,0
"2112",1,0,0,0,0
"2113",0,0,0,0,0
"2114",1,2,1,0,0
"2115",0,0,0,0,0
"2116",0,0,0,0,0
"2117",0,0,1,0,0
"2118",0,0,0,0,0
"2119",0,0,0,0,0
"2120",0,0,0,0,0
"2121",0,0,0,0,1
"2122",2,1,1,0,1
"2123",2,1,1,0,1
"2124",1,0,0,0,1
"2125",0,0,0,0,0
"2126",0,0,0,0,0
"2127",2,0,0,0,0
"2128",0,0,0,0,0
"2129",0,1,0,0,0
"2130",0,0,0,0,0
"2131",0,0,0,0,0
"2132",1,1,0,0,0
"2133",4,3,1,0,1
"2134",0,0,0,0,0
"2135",0,0,0,0,0
"2136",0,0,0,0,0
"2137",0,0,0,0,0
"2138",3,1,3,0,2
"2139",0,0,0,0,0
"2140",0,0,0,0,0
"2141",4,5,3,1,2
"2142",0,0,0,0,0
"2143",1,1,0,0,0
"2144",0,0,0,0,0
"2145",0,0,0,0,0
"2146",2,2,1,1,1
"2147",0,0,0,0,0
"2148",1,0,1,0,0
"2149",0,0,0,0,0
"2150",1,1,1,0,0
"2151",0,0,0,0,0
"2152",0,1,0,0,0
"2153",0,1,0,0,0
"2154",0,1,0,0,0
"2155",0,0,0,0,0
"2156",0,0,0,0,0
"2157",2,2,1,1,2
"2158",0,0,0,0,0
"2159",0,0,0,0,0
"2160",0,0,0,0,0
"2161",0,0,0,0,0
"2162",3,1,1,1,1
"2163",0,0,0,0,0
"2164",0,0,0,0,0
"2165",3,1,1,0,1
"2166",0,0,0,0,0
"2167",1,1,0,0,0
"2168",1,2,1,0,1
"2169",3,2,2,3,1
"2170",3,3,1,1,1
"2171",0,0,0,0,0
"2172",0,0,0,0,0
"2173",0,0,0,0,0
"2174",0,0,0,0,0
"2175",0,0,0,0,0
"2176",0,0,0,0,0
"2177",0,0,0,0,0
"2178",0,0,0,0,0
"2179",0,0,0,0,0
"2180",0,0,0,0,0
"2181",4,2,2,1,2
"2182",0,0,0,0,0
"2183",2,1,0,0,0
"2184",0,0,0,0,0
"2185",2,4,2,1,3
"2186",0,0,0,0,0
"2187",0,0,0,0,0
"2188",0,0,0,0,0
"2189",0,1,0,0,0
"2190",2,1,0,0,2
"2191",0,0,0,0,0
"2192",0,1,0,0,0
"2193",0,0,0,0,0
"2194",4,3,2,0,1
"2195",0,1,0,0,0
"2196",0,0,0,0,0
"2197",0,0,0,0,0
"2198",0,0,0,0,0
"2199",0,0,0,0,0
"2200",0,0,0,0,0
"2201",0,0,0,0,0
"2202",0,0,0,0,0
"2203",0,0,0,0,0
"2204",0,0,0,0,0
"2205",0,0,0,0,0
"2206",0,0,0,0,0
"2207",0,0,0,0,0
"2208",0,0,0,0,0
"2209",1,0,0,0,0
"2210",2,2,1,1,1
"2211",3,3,1,1,1
"2212",2,1,0,0,0
"2213",0,0,0,0,0
"2214",0,1,0,0,0
"2215",0,0,0,0,0
"2216",0,1,0,0,0
"2217",0,1,1,0,0
"2218",0,0,0,0,0
"2219",0,0,0,0,0
"2220",0,0,0,0,0
"2221",0,0,0,0,0
"2222",0,0,0,0,0
"2223",0,0,0,0,0
"2224",0,0,0,0,0
"2225",1,0,0,0,0
"2226",1,1,1,0,0
"2227",1,1,1,0,1
"2228",1,2,1,1,0
"2229",2,2,2,1,1
"2230",0,0,0,0,0
"2231",0,0,0,0,0
"2232",0,1,0,0,0
"2233",0,0,0,0,0
"2234",0,0,0,0,0
"2235",0,0,0,0,0
"2236",0,0,0,0,0
"2237",1,1,0,0,0
"2238",3,2,2,2,1
"2239",0,0,0,0,0
"2240",0,0,0,0,0
"2241",0,0,0,0,0
"2242",0,0,0,0,0
"2243",0,0,0,0,0
"2244",2,4,1,1,1
"2245",4,4,1,0,3
"2246",4,3,1,1,2
"2247",0,0,0,0,0
"2248",1,0,0,0,0
"2249",0,0,0,0,0
"2250",0,0,0,0,0
"2251",0,0,0,0,0
"2252",1,1,0,0,0
"2253",2,1,0,0,0
"2254",0,0,0,0,0
"2255",0,0,0,0,0
"2256",0,0,0,0,0
"2257",0,0,0,0,0
"2258",0,0,0,0,0
"2259",0,0,0,0,0
"2260",2,0,0,0,0
"2261",2,1,1,1,0
"2262",0,0,0,0,0
"2263",1,0,1,0,0
"2264",0,1,0,0,0
"2265",0,1,0,0,0
"2266",0,0,0,0,0
"2267",0,0,0,0,0
"2268",0,0,0,0,1
"2269",3,4,1,0,2
"2270",0,0,0,0,0
"2271",3,3,2,1,2
"2272",3,3,3,0,2
"2273",0,0,0,0,0
"2274",0,0,0,0,0
"2275",0,0,0,0,0
"2276",5,1,2,1,1
"2277",0,0,0,0,0
"2278",0,0,0,0,0
"2279",0,0,0,0,0
"2280",2,1,3,1,2
"2281",0,1,0,0,0
"2282",0,0,0,0,0
"2283",0,0,0,0,0
"2284",0,0,0,0,0
"2285",1,0,1,0,1
"2286",0,0,0,0,0
"2287",0,0,0,0,0
"2288",0,0,0,0,0
"2289",3,1,1,1,1
"2290",4,3,2,1,3
"2291",0,0,0,0,0
"2292",4,2,1,1,1
"2293",0,0,0,0,0
"2294",0,0,0,0,0
"2295",0,0,0,0,0
"2296",0,0,0,0,0
"2297",0,0,0,0,0
"2298",0,1,0,0,0
"2299",0,0,0,0,0
"2300",0,0,0,0,0
"2301",0,0,0,0,0
"2302",0,0,0,0,0
"2303",0,0,0,0,0
"2304",0,0,0,0,0
"2305",0,0,0,0,0
"2306",0,0,0,0,0
"2307",0,0,0,0,0
"2308",0,0,0,0,0
"2309",6,5,2,1,1
"2310",0,0,0,0,0
"2311",2,1,2,1,1
"2312",0,0,0,0,0
"2313",0,0,0,0,0
"2314",0,0,0,0,0
"2315",0,0,0,0,0
"2316",0,0,0,0,0
"2317",0,0,0,0,0
"2318",1,2,0,0,0
"2319",5,4,2,1,2
"2320",0,0,0,0,0
"2321",1,2,1,0,0
"2322",1,0,0,0,0
"2323",5,3,3,1,1
"2324",0,0,0,0,0
"2325",0,0,0,0,0
"2326",0,0,0,0,0
"2327",0,0,0,0,0
"2328",5,5,1,1,2
"2329",0,0,0,0,0
"2330",0,0,0,0,0
"2331",1,0,0,0,0
"2332",3,2,2,2,3
"2333",2,2,2,0,0
"2334",0,0,0,0,0
"2335",0,0,0,0,0
"2336",0,0,0,0,0
"2337",0,0,0,0,0
"2338",0,0,0,0,0
"2339",0,0,0,0,0
"2340",4,3,1,0,1
"2341",1,0,0,0,0
"2342",0,0,0,0,0
"2343",4,2,1,1,2
"2344",0,0,0,0,0
"2345",2,3,1,1,1
"2346",4,2,0,1,0
"2347",0,0,0,0,0
"2348",0,0,0,0,0
"2349",0,0,0,0,0
"2350",2,1,1,0,0
"2351",0,0,0,0,0
"2352",5,4,2,1,2
"2353",0,0,0,0,0
"2354",3,1,2,1,2
"2355",0,0,0,0,0
"2356",0,0,0,0,0
"2357",0,0,0,0,0
"2358",0,0,0,0,0
"2359",0,1,1,0,0
"2360",0,0,0,0,0
"2361",0,0,0,0,0
"2362",0,0,0,0,0
"2363",3,3,1,1,1
"2364",2,2,2,0,0
"2365",0,0,0,0,0
"2366",6,3,2,1,2
"2367",0,0,0,0,0
"2368",0,0,0,0,0
"2369",0,0,0,0,0
"2370",0,0,0,0,0
"2371",0,0,0,0,0
"2372",0,0,0,0,0
"2373",1,3,2,0,2
"2374",0,0,0,0,0
"2375",0,0,0,0,0
"2376",0,0,0,0,0
"2377",0,0,0,0,0
"2378",4,4,1,1,2
"2379",4,2,1,1,2
"2380",0,0,0,0,0
"2381",0,0,0,0,0
"2382",4,2,2,1,1
"2383",0,0,0,0,0
"2384",0,0,0,0,0
"2385",0,0,0,0,0
"2386",0,0,0,0,0
"2387",0,0,0,0,0
"2388",1,1,0,0,1
"2389",0,0,0,0,0
"2390",0,0,0,0,0
"2391",2,2,2,0,1
"2392",0,0,0,0,0
"2393",0,0,0,0,0
"2394",0,0,0,0,0
"2395",0,0,0,0,0
"2396",0,1,0,0,0
"2397",0,0,0,0,0
"2398",0,0,0,0,0
"2399",0,0,0,0,0
"2400",0,0,0,0,0
"2401",0,0,0,0,0
"2402",3,3,2,0,1
"2403",0,1,0,0,0
"2404",1,1,1,0,1
"2405",1,1,1,0,1
"2406",0,0,0,0,0
"2407",2,2,1,0,0
"2408",3,2,1,1,1
"2409",0,0,0,0,0
"2410",0,0,0,0,0
"2411",0,1,0,0,0
"2412",1,1,1,0,0
"2413",0,1,0,0,0
"2414",0,0,0,0,0
"2415",3,3,2,1,2
"2416",0,0,0,0,0
"2417",0,0,0,0,0
"2418",0,0,0,0,0
"2419",0,0,0,0,0
"2420",0,0,0,0,0
"2421",0,0,0,0,0
"2422",0,0,0,0,0
"2423",0,0,0,0,0
"2424",0,0,0,0,0
"2425",0,0,0,0,0
"2426",0,0,0,0,0
"2427",0,0,0,0,0
"2428",0,0,0,0,0
"2429",0,1,0,0,0
"2430",0,0,0,0,0
"2431",3,2,1,1,1
"2432",1,1,1,0,1
"2433",0,0,0,0,0
"2434",0,0,0,0,0
"2435",3,3,1,2,1
"2436",0,0,0,0,0
"2437",0,0,0,0,0
"2438",0,0,0,0,0
"2439",0,0,0,0,0
"2440",0,0,0,0,0
"2441",1,1,1,0,0
"2442",0,0,0,0,0
"2443",2,2,1,0,2
"2444",0,0,0,0,0
"2445",1,0,0,0,0
"2446",5,2,2,0,2
"2447",0,1,0,0,0
"2448",5,2,1,0,1
"2449",0,0,0,0,0
"2450",1,1,1,0,0
"2451",1,1,0,0,0
"2452",0,0,0,0,0
"2453",2,3,1,0,1
"2454",0,0,0,0,0
"2455",0,0,0,0,0
"2456",1,2,0,0,0
"2457",1,1,1,0,1
"2458",0,0,0,0,0
"2459",0,0,0,0,0
"2460",0,0,0,0,0
"2461",0,0,0,0,0
"2462",5,2,2,1,3
"2463",0,0,0,0,0
"2464",0,0,0,0,0
"2465",0,0,0,0,0
"2466",0,0,0,0,0
"2467",1,0,0,0,0
"2468",1,1,0,0,0
"2469",0,0,0,0,0
"2470",0,0,0,0,0
"2471",0,2,0,0,0
"2472",1,1,0,0,0
"2473",0,0,0,0,0
"2474",0,0,0,0,0
"2475",0,0,0,0,0
"2476",0,0,0,0,0
"2477",0,0,0,0,0
"2478",0,0,0,0,0
"2479",0,0,0,0,0
"2480",4,2,1,0,1
"2481",0,0,0,0,0
"2482",0,1,0,0,0
"2483",0,0,0,0,0
"2484",0,0,0,0,0
"2485",1,0,0,0,0
"2486",3,1,1,1,1
"2487",2,3,0,0,1
"2488",2,1,1,1,1
"2489",0,2,0,0,0
"2490",0,0,0,0,1
"2491",0,0,0,0,0
"2492",0,0,0,0,0
"2493",0,0,0,0,0
"2494",1,0,0,0,1
"2495",0,0,0,0,0
"2496",0,0,0,0,0
"2497",0,0,0,0,0
"2498",4,3,1,1,1
"2499",1,0,0,0,0
"2500",0,0,0,0,0
