"","age1_orange.S","age1_green.S","age2_no_comorbid_orange.S","age2_no_comorbid_green.S","age2_comorbid_green.S","age3_no_comorbid_green.S","age3_comorbid_green.S"
"1",2.52659574468085,99.3589743589744,12.0283018867925,100.213219616205,99.8402555910543,100,100.536193029491
"2",3.19148936170213,99.3589743589744,12.2641509433962,100.213219616205,99.8402555910543,100,100.536193029491
"3",2.12765957446809,6.41025641025641,8.49056603773585,19.1897654584222,11.1821086261981,27.2727272727273,29.4906166219839
"4",100,99.3589743589744,99.8820754716981,100.213219616205,99.8402555910543,100,100.536193029491
"5",99.8670212765958,99.3589743589744,99.8820754716981,100.213219616205,99.8402555910543,100,100.536193029491
"6",3.32446808510638,4.80769230769231,12.5,21.3219616204691,23.961661341853,25,37.5335120643432
"7",99.7340425531915,99.3589743589744,99.8820754716981,100.213219616205,99.8402555910543,100,100.536193029491
"8",100,99.3589743589744,99.8820754716981,100.213219616205,99.8402555910543,100,100.536193029491
"9",3.45744680851064,9.61538461538462,9.90566037735849,25.5863539445629,23.1629392971246,47.7272727272727,40.2144772117963
"10",3.32446808510638,97.7564102564102,10.0235849056604,97.0149253731343,98.2428115015974,97.7272727272727,100.536193029491
"11",2.65957446808511,99.3589743589744,10.2594339622642,100.213219616205,99.8402555910543,100,100.536193029491
"12",3.98936170212766,8.01282051282051,8.0188679245283,30.9168443496802,19.9680511182109,34.0909090909091,40.2144772117963
"13",100,99.3589743589744,99.8820754716981,100.213219616205,99.8402555910543,100,100.536193029491
"14",2.3936170212766,9.61538461538462,10.0235849056604,15.9914712153518,15.1757188498403,43.1818181818182,37.5335120643432
"15",100,99.3589743589744,99.8820754716981,100.213219616205,99.8402555910543,100,100.536193029491
"16",100,99.3589743589744,99.8820754716981,100.213219616205,99.8402555910543,100,100.536193029491
"17",3.59042553191489,9.61538461538462,11.438679245283,18.1236673773987,21.5654952076677,29.5454545454545,25.4691689008043
"18",3.32446808510638,99.3589743589744,12.0283018867925,100.213219616205,99.8402555910543,100,100.536193029491
"19",2.3936170212766,99.3589743589744,10.8490566037736,100.213219616205,99.8402555910543,100,100.536193029491
"20",100,99.3589743589744,99.8820754716981,100.213219616205,99.8402555910543,100,100.536193029491
"21",1.59574468085106,19.2307692307692,10.2594339622642,35.181236673774,26.3578274760383,43.1818181818182,44.2359249329759
"22",3.98936170212766,6.41025641025641,12.7358490566038,24.5202558635394,18.370607028754,27.2727272727273,42.8954423592493
"23",3.32446808510638,99.3589743589744,8.37264150943396,100.213219616205,99.8402555910543,100,100.536193029491
"24",3.98936170212766,99.3589743589744,11.0849056603774,100.213219616205,99.0415335463259,100,100.536193029491
"25",100,99.3589743589744,99.8820754716981,100.213219616205,99.8402555910543,100,100.536193029491
"26",2.3936170212766,8.01282051282051,9.66981132075472,28.7846481876333,23.1629392971246,43.1818181818182,33.5120643431635
"27",3.72340425531915,6.41025641025641,10.8490566037736,22.3880597014925,19.9680511182109,40.9090909090909,36.1930294906166
"28",2.92553191489362,11.2179487179487,9.7877358490566,21.3219616204691,27.1565495207668,40.9090909090909,45.5764075067024
"29",2.52659574468085,99.3589743589744,10.4952830188679,100.213219616205,99.8402555910543,100,100.536193029491
"30",2.52659574468085,14.4230769230769,13.561320754717,22.3880597014925,20.7667731629393,43.1818181818182,28.1501340482574
"31",2.26063829787234,19.2307692307692,11.2028301886792,35.181236673774,32.7476038338658,65.9090909090909,56.3002680965147
"32",2.65957446808511,99.3589743589744,8.9622641509434,100.213219616205,99.8402555910543,100,99.1957104557641
"33",100,99.3589743589744,99.8820754716981,100.213219616205,99.8402555910543,100,100.536193029491
"34",1.46276595744681,6.41025641025641,8.9622641509434,17.0575692963753,26.3578274760383,34.0909090909091,36.1930294906166
"35",3.19148936170213,99.3589743589744,11.5566037735849,100.213219616205,99.8402555910543,100,100.536193029491
"36",4.38829787234043,11.2179487179487,13.0896226415094,22.3880597014925,17.5718849840256,29.5454545454545,37.5335120643432
"37",1.32978723404255,99.3589743589744,8.37264150943396,100.213219616205,99.8402555910543,100,100.536193029491
"38",100,99.3589743589744,99.8820754716981,100.213219616205,99.8402555910543,100,100.536193029491
"39",100,99.3589743589744,99.8820754716981,100.213219616205,99.8402555910543,100,100.536193029491
"40",3.98936170212766,99.3589743589744,12.5,100.213219616205,99.8402555910543,100,99.1957104557641
"41",3.98936170212766,11.2179487179487,11.0849056603774,21.3219616204691,18.370607028754,40.9090909090909,42.8954423592493
"42",1.72872340425532,11.2179487179487,11.438679245283,25.5863539445629,28.7539936102236,40.9090909090909,33.5120643431635
"43",100,99.3589743589744,99.7641509433962,100.213219616205,99.8402555910543,100,100.536193029491
"44",1.59574468085106,9.61538461538462,9.31603773584906,22.3880597014925,26.3578274760383,43.1818181818182,46.916890080429
"45",100,99.3589743589744,99.8820754716981,100.213219616205,99.8402555910543,100,100.536193029491
"46",3.72340425531915,3.20512820512821,13.0896226415094,14.9253731343284,17.5718849840256,43.1818181818182,40.2144772117963
"47",2.26063829787234,99.3589743589744,12.0283018867925,100.213219616205,99.0415335463259,100,100.536193029491
"48",2.79255319148936,9.61538461538462,12.2641509433962,27.7185501066098,19.1693290734824,34.0909090909091,38.8739946380697
"49",3.19148936170213,12.8205128205128,10.6132075471698,27.7185501066098,21.5654952076677,36.3636363636364,34.8525469168901
"50",4.65425531914894,99.3589743589744,11.3207547169811,100.213219616205,99.8402555910543,100,100.536193029491
"51",2.92553191489362,4.80769230769231,11.5566037735849,13.8592750533049,23.1629392971246,31.8181818181818,34.8525469168901
"52",3.59042553191489,99.3589743589744,15.4481132075472,100.213219616205,99.8402555910543,100,100.536193029491
"53",2.92553191489362,99.3589743589744,10.8490566037736,100.213219616205,99.8402555910543,100,100.536193029491
"54",2.26063829787234,11.2179487179487,9.43396226415094,25.5863539445629,21.5654952076677,31.8181818181818,41.5549597855228
"55",1.86170212765957,4.80769230769231,7.54716981132075,7.46268656716418,11.9808306709265,31.8181818181818,20.1072386058981
"56",1.86170212765957,99.3589743589744,9.31603773584906,99.1471215351812,98.2428115015974,100,100.536193029491
"57",100,99.3589743589744,99.8820754716981,100.213219616205,99.8402555910543,100,100.536193029491
"58",2.79255319148936,3.20512820512821,11.438679245283,23.454157782516,31.1501597444089,38.6363636363636,48.2573726541555
"59",2.79255319148936,99.3589743589744,12.1462264150943,100.213219616205,99.8402555910543,100,100.536193029491
"60",100,99.3589743589744,99.8820754716981,100.213219616205,99.8402555910543,100,100.536193029491
"61",1.72872340425532,6.41025641025641,9.19811320754717,12.7931769722815,25.5591054313099,36.3636363636364,40.2144772117963
"62",1.99468085106383,12.8205128205128,9.31603773584906,31.9829424307036,27.9552715654952,54.5454545454545,41.5549597855228
"63",100,99.3589743589744,99.8820754716981,100.213219616205,99.8402555910543,100,100.536193029491
"64",3.45744680851064,6.41025641025641,11.3207547169811,24.5202558635394,28.7539936102236,36.3636363636364,46.916890080429
"65",4.52127659574468,99.3589743589744,13.561320754717,100.213219616205,99.8402555910543,100,100.536193029491
"66",1.99468085106383,99.3589743589744,10.7311320754717,100.213219616205,98.2428115015974,100,100.536193029491
"67",4.38829787234043,9.61538461538462,15.2122641509434,26.6524520255864,24.7603833865815,47.7272727272727,46.916890080429
"68",2.79255319148936,96.1538461538462,8.49056603773585,97.0149253731343,99.8402555910543,100,100.536193029491
"69",2.79255319148936,6.41025641025641,10.4952830188679,17.0575692963753,16.7731629392971,43.1818181818182,29.4906166219839
"70",2.79255319148936,99.3589743589744,11.0849056603774,100.213219616205,99.8402555910543,100,99.1957104557641
"71",4.52127659574468,99.3589743589744,10.0235849056604,100.213219616205,99.8402555910543,100,100.536193029491
"72",3.19148936170213,99.3589743589744,10.8490566037736,99.1471215351812,99.8402555910543,100,100.536193029491
"73",2.12765957446809,99.3589743589744,10.377358490566,100.213219616205,99.8402555910543,100,100.536193029491
"74",3.05851063829787,99.3589743589744,12.6179245283019,100.213219616205,97.444089456869,100,100.536193029491
"75",2.79255319148936,11.2179487179487,10.9669811320755,30.9168443496802,27.1565495207668,38.6363636363636,44.2359249329759
"76",1.32978723404255,99.3589743589744,8.37264150943396,99.1471215351812,99.8402555910543,100,100.536193029491
"77",2.3936170212766,99.3589743589744,12.2641509433962,100.213219616205,99.8402555910543,97.7272727272727,100.536193029491
"78",3.59042553191489,8.01282051282051,9.90566037735849,17.0575692963753,23.961661341853,22.7272727272727,46.916890080429
"79",100,99.3589743589744,99.8820754716981,100.213219616205,99.8402555910543,100,100.536193029491
"80",2.65957446808511,8.01282051282051,7.90094339622642,24.5202558635394,20.7667731629393,29.5454545454545,40.2144772117963
"81",3.19148936170213,3.20512820512821,9.08018867924528,24.5202558635394,26.3578274760383,31.8181818181818,36.1930294906166
"82",2.65957446808511,4.80769230769231,12.6179245283019,10.6609808102345,13.5782747603834,29.5454545454545,38.8739946380697
"83",2.52659574468085,99.3589743589744,8.37264150943396,99.1471215351812,99.8402555910543,100,100.536193029491
"84",99.6010638297872,99.3589743589744,99.8820754716981,100.213219616205,99.8402555910543,100,100.536193029491
"85",100,99.3589743589744,99.8820754716981,100.213219616205,99.8402555910543,100,100.536193029491
"86",3.98936170212766,11.2179487179487,8.49056603773585,23.454157782516,20.7667731629393,43.1818181818182,38.8739946380697
"87",1.99468085106383,3.20512820512821,10.9669811320755,24.5202558635394,20.7667731629393,40.9090909090909,41.5549597855228
"88",2.3936170212766,0,9.43396226415094,28.7846481876333,18.370607028754,34.0909090909091,33.5120643431635
"89",2.65957446808511,99.3589743589744,12.8537735849057,100.213219616205,99.8402555910543,100,100.536193029491
"90",3.32446808510638,12.8205128205128,12.0283018867925,28.7846481876333,23.961661341853,36.3636363636364,41.5549597855228
"91",3.72340425531915,11.2179487179487,11.9103773584906,19.1897654584222,19.1693290734824,38.6363636363636,46.916890080429
"92",2.12765957446809,4.80769230769231,12.0283018867925,23.454157782516,20.7667731629393,27.2727272727273,24.1286863270778
"93",4.38829787234043,99.3589743589744,10.1415094339623,99.1471215351812,99.8402555910543,100,100.536193029491
"94",100,99.3589743589744,99.8820754716981,100.213219616205,99.8402555910543,100,100.536193029491
"95",100,99.3589743589744,99.8820754716981,100.213219616205,99.8402555910543,100,100.536193029491
"96",2.65957446808511,99.3589743589744,12.3820754716981,100.213219616205,99.8402555910543,100,100.536193029491
"97",4.25531914893617,99.3589743589744,12.6179245283019,100.213219616205,99.8402555910543,100,100.536193029491
"98",4.65425531914894,99.3589743589744,13.4433962264151,100.213219616205,99.8402555910543,100,100.536193029491
"99",2.79255319148936,6.41025641025641,11.438679245283,13.8592750533049,16.7731629392971,29.5454545454545,33.5120643431635
"100",100,99.3589743589744,99.8820754716981,100.213219616205,99.8402555910543,100,100.536193029491
"101",3.32446808510638,97.7564102564102,12.3820754716981,100.213219616205,99.8402555910543,100,100.536193029491
"102",2.12765957446809,20.8333333333333,10.8490566037736,26.6524520255864,31.9488817891374,45.4545454545455,48.2573726541555
"103",100,99.3589743589744,99.8820754716981,100.213219616205,99.8402555910543,100,100.536193029491
"104",2.92553191489362,99.3589743589744,11.5566037735849,100.213219616205,99.8402555910543,100,100.536193029491
"105",2.92553191489362,0,8.37264150943396,17.0575692963753,16.7731629392971,22.7272727272727,18.7667560321716
"106",2.79255319148936,6.41025641025641,10.7311320754717,21.3219616204691,27.9552715654952,34.0909090909091,42.8954423592493
"107",2.26063829787234,14.4230769230769,9.43396226415094,19.1897654584222,23.961661341853,43.1818181818182,37.5335120643432
"108",1.99468085106383,99.3589743589744,8.9622641509434,100.213219616205,99.8402555910543,100,100.536193029491
"109",2.92553191489362,99.3589743589744,9.66981132075472,100.213219616205,98.2428115015974,100,100.536193029491
"110",2.12765957446809,1.6025641025641,10.4952830188679,20.2558635394456,15.9744408945687,27.2727272727273,36.1930294906166
"111",3.05851063829787,12.8205128205128,11.7924528301887,23.454157782516,23.1629392971246,36.3636363636364,41.5549597855228
"112",2.79255319148936,4.80769230769231,11.5566037735849,19.1897654584222,15.1757188498403,29.5454545454545,38.8739946380697
"113",4.52127659574468,99.3589743589744,12.1462264150943,100.213219616205,99.0415335463259,100,100.536193029491
"114",100,99.3589743589744,99.6462264150943,100.213219616205,99.8402555910543,100,100.536193029491
"115",5.71808510638298,4.80769230769231,14.1509433962264,25.5863539445629,27.1565495207668,31.8181818181818,37.5335120643432
"116",2.92553191489362,99.3589743589744,12.9716981132075,100.213219616205,99.8402555910543,100,100.536193029491
"117",2.3936170212766,9.61538461538462,8.49056603773585,27.7185501066098,27.1565495207668,38.6363636363636,36.1930294906166
"118",3.32446808510638,99.3589743589744,13.4433962264151,100.213219616205,99.8402555910543,100,100.536193029491
"119",2.12765957446809,99.3589743589744,12.8537735849057,100.213219616205,99.8402555910543,100,100.536193029491
"120",3.05851063829787,99.3589743589744,12.5,100.213219616205,99.8402555910543,100,100.536193029491
"121",100,99.3589743589744,99.8820754716981,100.213219616205,99.8402555910543,100,100.536193029491
"122",2.52659574468085,6.41025641025641,8.84433962264151,12.7931769722815,18.370607028754,40.9090909090909,33.5120643431635
"123",2.65957446808511,99.3589743589744,10.6132075471698,100.213219616205,99.8402555910543,100,100.536193029491
"124",1.86170212765957,99.3589743589744,9.66981132075472,100.213219616205,99.8402555910543,100,100.536193029491
"125",4.25531914893617,99.3589743589744,16.5094339622642,100.213219616205,99.8402555910543,100,100.536193029491
"126",3.19148936170213,99.3589743589744,9.7877358490566,100.213219616205,99.8402555910543,100,100.536193029491
"127",100,99.3589743589744,99.8820754716981,100.213219616205,99.8402555910543,100,100.536193029491
"128",100,99.3589743589744,99.7641509433962,100.213219616205,99.8402555910543,100,100.536193029491
"129",99.7340425531915,99.3589743589744,99.8820754716981,100.213219616205,99.8402555910543,100,100.536193029491
"130",2.92553191489362,9.61538461538462,12.7358490566038,21.3219616204691,27.9552715654952,27.2727272727273,30.8310991957105
"131",3.32446808510638,6.41025641025641,10.6132075471698,12.7931769722815,27.9552715654952,31.8181818181818,37.5335120643432
"132",1.06382978723404,6.41025641025641,9.43396226415094,25.5863539445629,22.3642172523962,40.9090909090909,36.1930294906166
"133",3.19148936170213,8.01282051282051,11.9103773584906,26.6524520255864,23.1629392971246,36.3636363636364,33.5120643431635
"134",3.98936170212766,99.3589743589744,13.9150943396226,100.213219616205,99.8402555910543,100,100.536193029491
"135",3.05851063829787,8.01282051282051,7.07547169811321,30.9168443496802,27.1565495207668,31.8181818181818,30.8310991957105
"136",1.59574468085106,6.41025641025641,9.7877358490566,19.1897654584222,20.7667731629393,40.9090909090909,32.171581769437
"137",100,99.3589743589744,99.8820754716981,100.213219616205,99.8402555910543,100,100.536193029491
"138",1.46276595744681,99.3589743589744,8.49056603773585,100.213219616205,99.8402555910543,100,100.536193029491
"139",3.32446808510638,99.3589743589744,12.2641509433962,100.213219616205,99.8402555910543,100,100.536193029491
"140",2.3936170212766,99.3589743589744,8.25471698113208,100.213219616205,99.8402555910543,100,100.536193029491
"141",100,99.3589743589744,99.7641509433962,100.213219616205,99.8402555910543,100,100.536193029491
"142",2.3936170212766,4.80769230769231,10.1415094339623,23.454157782516,27.9552715654952,47.7272727272727,45.5764075067024
"143",3.8563829787234,99.3589743589744,13.2075471698113,100.213219616205,98.2428115015974,97.7272727272727,100.536193029491
"144",1.99468085106383,6.41025641025641,10.9669811320755,20.2558635394456,17.5718849840256,34.0909090909091,30.8310991957105
"145",2.65957446808511,99.3589743589744,10.4952830188679,100.213219616205,99.8402555910543,100,100.536193029491
"146",1.59574468085106,6.41025641025641,11.6745283018868,23.454157782516,35.1437699680511,43.1818181818182,45.5764075067024
"147",3.05851063829787,9.61538461538462,11.3207547169811,31.9829424307036,28.7539936102236,36.3636363636364,49.597855227882
"148",3.32446808510638,99.3589743589744,11.7924528301887,100.213219616205,99.8402555910543,100,100.536193029491
"149",2.92553191489362,19.2307692307692,7.54716981132075,39.4456289978678,42.332268370607,47.7272727272727,46.916890080429
"150",100,99.3589743589744,99.7641509433962,100.213219616205,99.8402555910543,100,100.536193029491
"151",2.65957446808511,99.3589743589744,11.7924528301887,100.213219616205,99.8402555910543,100,100.536193029491
"152",2.12765957446809,4.80769230769231,10.0235849056604,22.3880597014925,23.1629392971246,25,40.2144772117963
"153",2.52659574468085,9.61538461538462,10.2594339622642,15.9914712153518,12.779552715655,31.8181818181818,37.5335120643432
"154",2.12765957446809,99.3589743589744,10.1415094339623,100.213219616205,99.8402555910543,100,100.536193029491
"155",3.05851063829787,9.61538461538462,11.5566037735849,26.6524520255864,12.779552715655,34.0909090909091,37.5335120643432
"156",3.8563829787234,99.3589743589744,10.9669811320755,100.213219616205,99.8402555910543,100,100.536193029491
"157",3.72340425531915,6.41025641025641,11.6745283018868,19.1897654584222,19.9680511182109,31.8181818181818,37.5335120643432
"158",2.79255319148936,99.3589743589744,12.1462264150943,100.213219616205,99.8402555910543,100,100.536193029491
"159",100,99.3589743589744,99.8820754716981,100.213219616205,99.8402555910543,100,100.536193029491
"160",2.92553191489362,99.3589743589744,11.6745283018868,100.213219616205,99.0415335463259,100,100.536193029491
"161",4.12234042553191,99.3589743589744,14.5047169811321,100.213219616205,99.8402555910543,100,100.536193029491
"162",2.92553191489362,99.3589743589744,9.55188679245283,100.213219616205,99.8402555910543,100,100.536193029491
"163",100,99.3589743589744,99.8820754716981,100.213219616205,99.8402555910543,100,100.536193029491
"164",100,99.3589743589744,99.8820754716981,100.213219616205,99.8402555910543,100,100.536193029491
"165",2.65957446808511,12.8205128205128,10.6132075471698,35.181236673774,29.5527156549521,43.1818181818182,40.2144772117963
"166",1.32978723404255,99.3589743589744,8.9622641509434,100.213219616205,99.8402555910543,100,100.536193029491
"167",3.98936170212766,96.1538461538462,12.1462264150943,98.0810234541578,99.0415335463259,100,95.1742627345845
"168",3.45744680851064,4.80769230769231,10.2594339622642,23.454157782516,18.370607028754,31.8181818181818,32.171581769437
"169",2.3936170212766,96.1538461538462,11.5566037735849,99.1471215351812,99.8402555910543,100,100.536193029491
"170",4.12234042553191,8.01282051282051,10.8490566037736,20.2558635394456,23.1629392971246,47.7272727272727,32.171581769437
"171",1.72872340425532,1.6025641025641,8.9622641509434,8.52878464818763,14.3769968051118,25,28.1501340482574
"172",2.3936170212766,4.80769230769231,8.72641509433962,14.9253731343284,18.370607028754,25,29.4906166219839
"173",3.45744680851064,99.3589743589744,11.5566037735849,100.213219616205,99.8402555910543,100,100.536193029491
"174",2.12765957446809,99.3589743589744,8.9622641509434,100.213219616205,99.8402555910543,100,100.536193029491
"175",3.19148936170213,96.1538461538462,9.43396226415094,100.213219616205,99.0415335463259,97.7272727272727,99.1957104557641
"176",2.79255319148936,99.3589743589744,10.377358490566,100.213219616205,99.8402555910543,100,100.536193029491
"177",3.32446808510638,99.3589743589744,13.561320754717,100.213219616205,99.8402555910543,100,100.536193029491
"178",2.92553191489362,99.3589743589744,9.19811320754717,100.213219616205,99.8402555910543,100,100.536193029491
"179",2.92553191489362,22.4358974358974,12.7358490566038,36.2473347547974,35.9424920127796,52.2727272727273,64.343163538874
"180",4.92021276595745,99.3589743589744,10.8490566037736,100.213219616205,99.8402555910543,100,100.536193029491
"181",1.86170212765957,99.3589743589744,11.3207547169811,100.213219616205,99.8402555910543,100,100.536193029491
"182",2.79255319148936,8.01282051282051,9.31603773584906,29.8507462686567,27.1565495207668,29.5454545454545,41.5549597855228
"183",4.12234042553191,3.20512820512821,12.0283018867925,29.8507462686567,30.3514376996805,40.9090909090909,33.5120643431635
"184",2.92553191489362,97.7564102564102,9.43396226415094,98.0810234541578,98.2428115015974,97.7272727272727,99.1957104557641
"185",0.930851063829787,9.61538461538462,7.90094339622642,26.6524520255864,16.7731629392971,36.3636363636364,48.2573726541555
"186",2.92553191489362,99.3589743589744,12.0283018867925,100.213219616205,99.8402555910543,100,100.536193029491
"187",2.12765957446809,9.61538461538462,11.0849056603774,24.5202558635394,26.3578274760383,47.7272727272727,42.8954423592493
"188",3.98936170212766,99.3589743589744,13.2075471698113,100.213219616205,99.8402555910543,100,100.536193029491
"189",3.32446808510638,99.3589743589744,12.3820754716981,99.1471215351812,99.8402555910543,100,100.536193029491
"190",3.59042553191489,99.3589743589744,13.3254716981132,100.213219616205,99.8402555910543,100,100.536193029491
"191",1.46276595744681,99.3589743589744,9.7877358490566,100.213219616205,99.8402555910543,100,100.536193029491
"192",1.99468085106383,4.80769230769231,9.43396226415094,27.7185501066098,23.1629392971246,27.2727272727273,41.5549597855228
"193",2.12765957446809,8.01282051282051,9.7877358490566,28.7846481876333,18.370607028754,31.8181818181818,44.2359249329759
"194",1.59574468085106,99.3589743589744,5.66037735849057,100.213219616205,99.8402555910543,100,100.536193029491
"195",3.45744680851064,3.20512820512821,12.5,20.2558635394456,19.1693290734824,29.5454545454545,41.5549597855228
"196",3.72340425531915,99.3589743589744,12.2641509433962,100.213219616205,99.8402555910543,100,100.536193029491
"197",100,99.3589743589744,99.8820754716981,100.213219616205,99.8402555910543,100,100.536193029491
"198",2.3936170212766,6.41025641025641,9.90566037735849,15.9914712153518,23.961661341853,43.1818181818182,49.597855227882
"199",2.26063829787234,99.3589743589744,10.377358490566,100.213219616205,99.8402555910543,100,99.1957104557641
"200",3.32446808510638,8.01282051282051,11.7924528301887,23.454157782516,31.9488817891374,59.0909090909091,28.1501340482574
"201",3.32446808510638,3.20512820512821,11.7924528301887,21.3219616204691,21.5654952076677,34.0909090909091,29.4906166219839
"202",2.26063829787234,6.41025641025641,7.66509433962264,25.5863539445629,21.5654952076677,40.9090909090909,48.2573726541555
"203",100,99.3589743589744,99.8820754716981,100.213219616205,99.8402555910543,100,100.536193029491
"204",3.45744680851064,99.3589743589744,11.0849056603774,100.213219616205,99.8402555910543,100,100.536193029491
"205",2.79255319148936,6.41025641025641,10.0235849056604,23.454157782516,28.7539936102236,20.4545454545455,44.2359249329759
"206",2.52659574468085,9.61538461538462,10.0235849056604,26.6524520255864,18.370607028754,20.4545454545455,42.8954423592493
"207",3.72340425531915,9.61538461538462,12.0283018867925,28.7846481876333,24.7603833865815,45.4545454545455,32.171581769437
"208",3.19148936170213,11.2179487179487,10.377358490566,24.5202558635394,22.3642172523962,43.1818181818182,37.5335120643432
"209",2.79255319148936,99.3589743589744,11.5566037735849,100.213219616205,99.8402555910543,100,100.536193029491
"210",2.65957446808511,9.61538461538462,9.31603773584906,26.6524520255864,21.5654952076677,38.6363636363636,42.8954423592493
"211",3.72340425531915,99.3589743589744,11.7924528301887,100.213219616205,99.0415335463259,100,99.1957104557641
"212",100,99.3589743589744,99.8820754716981,100.213219616205,99.8402555910543,100,100.536193029491
"213",4.25531914893617,99.3589743589744,13.0896226415094,100.213219616205,99.8402555910543,100,99.1957104557641
"214",1.59574468085106,99.3589743589744,10.9669811320755,100.213219616205,98.2428115015974,100,100.536193029491
"215",2.12765957446809,99.3589743589744,11.0849056603774,100.213219616205,99.8402555910543,100,100.536193029491
"216",100,99.3589743589744,99.8820754716981,100.213219616205,99.8402555910543,100,100.536193029491
"217",4.25531914893617,99.3589743589744,15.2122641509434,100.213219616205,99.8402555910543,100,100.536193029491
"218",3.32446808510638,99.3589743589744,10.9669811320755,100.213219616205,99.8402555910543,100,100.536193029491
"219",2.79255319148936,6.41025641025641,11.7924528301887,25.5863539445629,23.1629392971246,34.0909090909091,37.5335120643432
"220",2.52659574468085,96.1538461538462,11.9103773584906,100.213219616205,99.0415335463259,97.7272727272727,99.1957104557641
"221",3.45744680851064,99.3589743589744,13.3254716981132,99.1471215351812,99.8402555910543,100,100.536193029491
"222",3.32446808510638,97.7564102564102,14.8584905660377,100.213219616205,99.0415335463259,100,100.536193029491
"223",3.05851063829787,11.2179487179487,9.43396226415094,28.7846481876333,27.9552715654952,29.5454545454545,29.4906166219839
"224",3.05851063829787,22.4358974358974,12.3820754716981,27.7185501066098,31.1501597444089,45.4545454545455,49.597855227882
"225",2.92553191489362,12.8205128205128,9.19811320754717,10.6609808102345,26.3578274760383,36.3636363636364,36.1930294906166
"226",2.12765957446809,99.3589743589744,11.3207547169811,100.213219616205,99.8402555910543,100,100.536193029491
"227",2.79255319148936,6.41025641025641,11.6745283018868,13.8592750533049,15.9744408945687,27.2727272727273,36.1930294906166
"228",2.79255319148936,99.3589743589744,9.90566037735849,100.213219616205,99.8402555910543,100,100.536193029491
"229",1.86170212765957,99.3589743589744,10.6132075471698,99.1471215351812,99.8402555910543,100,100.536193029491
"230",3.45744680851064,6.41025641025641,10.9669811320755,27.7185501066098,23.1629392971246,36.3636363636364,33.5120643431635
"231",2.79255319148936,99.3589743589744,10.8490566037736,100.213219616205,98.2428115015974,100,100.536193029491
"232",2.92553191489362,99.3589743589744,13.561320754717,100.213219616205,99.8402555910543,100,100.536193029491
"233",2.12765957446809,99.3589743589744,13.3254716981132,100.213219616205,99.8402555910543,100,100.536193029491
"234",2.65957446808511,99.3589743589744,11.3207547169811,100.213219616205,99.8402555910543,100,100.536193029491
"235",2.3936170212766,99.3589743589744,11.2028301886792,100.213219616205,99.8402555910543,100,100.536193029491
"236",3.32446808510638,16.025641025641,11.5566037735849,30.9168443496802,39.9361022364217,40.9090909090909,48.2573726541555
"237",1.99468085106383,8.01282051282051,8.9622641509434,27.7185501066098,28.7539936102236,45.4545454545455,37.5335120643432
"238",100,99.3589743589744,99.8820754716981,100.213219616205,99.8402555910543,100,100.536193029491
"239",2.26063829787234,3.20512820512821,11.9103773584906,23.454157782516,15.9744408945687,43.1818181818182,29.4906166219839
"240",3.32446808510638,99.3589743589744,13.9150943396226,99.1471215351812,99.8402555910543,100,100.536193029491
"241",2.52659574468085,99.3589743589744,11.9103773584906,100.213219616205,99.8402555910543,100,100.536193029491
"242",2.92553191489362,11.2179487179487,11.5566037735849,29.8507462686567,16.7731629392971,43.1818181818182,34.8525469168901
"243",3.19148936170213,20.8333333333333,9.7877358490566,24.5202558635394,31.1501597444089,36.3636363636364,44.2359249329759
"244",3.72340425531915,4.80769230769231,10.377358490566,12.7931769722815,15.9744408945687,43.1818181818182,26.8096514745308
"245",100,99.3589743589744,99.8820754716981,100.213219616205,99.8402555910543,100,100.536193029491
"246",2.92553191489362,99.3589743589744,9.7877358490566,100.213219616205,99.8402555910543,100,100.536193029491
"247",3.32446808510638,99.3589743589744,11.5566037735849,100.213219616205,99.8402555910543,100,100.536193029491
"248",1.86170212765957,99.3589743589744,12.3820754716981,100.213219616205,99.8402555910543,100,100.536193029491
"249",100,99.3589743589744,99.8820754716981,100.213219616205,99.8402555910543,100,100.536193029491
"250",3.05851063829787,16.025641025641,13.0896226415094,30.9168443496802,40.7348242811502,59.0909090909091,54.9597855227882
"251",1.86170212765957,99.3589743589744,7.07547169811321,100.213219616205,99.8402555910543,100,100.536193029491
"252",4.38829787234043,99.3589743589744,13.3254716981132,100.213219616205,99.8402555910543,100,100.536193029491
"253",2.52659574468085,99.3589743589744,9.08018867924528,100.213219616205,99.0415335463259,100,100.536193029491
"254",5.45212765957447,4.80769230769231,12.2641509433962,24.5202558635394,18.370607028754,22.7272727272727,34.8525469168901
"255",3.19148936170213,12.8205128205128,10.8490566037736,12.7931769722815,21.5654952076677,38.6363636363636,32.171581769437
"256",4.52127659574468,99.3589743589744,12.1462264150943,100.213219616205,99.8402555910543,100,100.536193029491
"257",2.65957446808511,14.4230769230769,14.622641509434,33.0490405117271,26.3578274760383,45.4545454545455,42.8954423592493
"258",2.92553191489362,16.025641025641,10.6132075471698,11.727078891258,20.7667731629393,34.0909090909091,33.5120643431635
"259",100,99.3589743589744,99.8820754716981,100.213219616205,99.8402555910543,100,100.536193029491
"260",3.05851063829787,99.3589743589744,10.8490566037736,100.213219616205,99.8402555910543,100,100.536193029491
"261",2.26063829787234,99.3589743589744,10.7311320754717,100.213219616205,99.8402555910543,100,100.536193029491
"262",1.59574468085106,8.01282051282051,7.66509433962264,17.0575692963753,19.1693290734824,22.7272727272727,22.7882037533512
"263",2.92553191489362,8.01282051282051,9.19811320754717,18.1236673773987,16.7731629392971,38.6363636363636,40.2144772117963
"264",3.32446808510638,6.41025641025641,11.3207547169811,22.3880597014925,23.1629392971246,36.3636363636364,34.8525469168901
"265",4.25531914893617,17.6282051282051,12.0283018867925,33.0490405117271,30.3514376996805,61.3636363636364,48.2573726541555
"266",4.52127659574468,12.8205128205128,10.1415094339623,25.5863539445629,17.5718849840256,34.0909090909091,28.1501340482574
"267",1.99468085106383,99.3589743589744,11.7924528301887,99.1471215351812,98.2428115015974,100,100.536193029491
"268",3.8563829787234,99.3589743589744,12.5,99.1471215351812,99.8402555910543,100,100.536193029491
"269",2.79255319148936,6.41025641025641,9.55188679245283,20.2558635394456,19.9680511182109,54.5454545454545,33.5120643431635
"270",3.32446808510638,97.7564102564102,11.3207547169811,95.9488272921109,98.2428115015974,97.7272727272727,97.8552278820375
"271",2.65957446808511,3.20512820512821,11.3207547169811,13.8592750533049,16.7731629392971,43.1818181818182,33.5120643431635
"272",2.79255319148936,1.6025641025641,11.2028301886792,9.59488272921109,13.5782747603834,20.4545454545455,21.4477211796247
"273",100,99.3589743589744,99.8820754716981,100.213219616205,99.8402555910543,100,100.536193029491
"274",3.59042553191489,99.3589743589744,12.9716981132075,99.1471215351812,99.8402555910543,100,100.536193029491
"275",100,99.3589743589744,99.8820754716981,100.213219616205,99.8402555910543,100,100.536193029491
"276",3.8563829787234,99.3589743589744,14.1509433962264,100.213219616205,99.8402555910543,100,100.536193029491
"277",2.26063829787234,9.61538461538462,10.7311320754717,36.2473347547974,26.3578274760383,36.3636363636364,38.8739946380697
"278",3.19148936170213,99.3589743589744,13.0896226415094,99.1471215351812,99.8402555910543,100,99.1957104557641
"279",2.65957446808511,6.41025641025641,9.66981132075472,19.1897654584222,24.7603833865815,38.6363636363636,36.1930294906166
"280",100,99.3589743589744,99.8820754716981,100.213219616205,99.8402555910543,100,100.536193029491
"281",3.05851063829787,6.41025641025641,9.43396226415094,21.3219616204691,16.7731629392971,38.6363636363636,38.8739946380697
"282",3.45744680851064,8.01282051282051,13.6792452830189,21.3219616204691,27.9552715654952,31.8181818181818,34.8525469168901
"283",99.8670212765958,99.3589743589744,99.8820754716981,100.213219616205,99.8402555910543,100,100.536193029491
"284",2.52659574468085,97.7564102564102,11.5566037735849,100.213219616205,99.8402555910543,100,99.1957104557641
"285",100,99.3589743589744,99.7641509433962,100.213219616205,99.8402555910543,100,100.536193029491
"286",3.45744680851064,19.2307692307692,11.7924528301887,44.7761194029851,35.1437699680511,59.0909090909091,67.0241286863271
"287",3.59042553191489,99.3589743589744,12.8537735849057,100.213219616205,99.8402555910543,100,100.536193029491
"288",100,99.3589743589744,99.8820754716981,100.213219616205,99.8402555910543,100,100.536193029491
"289",3.98936170212766,99.3589743589744,11.7924528301887,100.213219616205,99.8402555910543,100,100.536193029491
"290",1.99468085106383,99.3589743589744,8.37264150943396,99.1471215351812,99.8402555910543,100,100.536193029491
"291",2.3936170212766,99.3589743589744,10.1415094339623,100.213219616205,99.8402555910543,100,100.536193029491
"292",2.65957446808511,99.3589743589744,9.66981132075472,100.213219616205,99.8402555910543,100,100.536193029491
"293",100,99.3589743589744,99.8820754716981,100.213219616205,99.8402555910543,100,100.536193029491
"294",3.45744680851064,9.61538461538462,11.438679245283,26.6524520255864,27.9552715654952,31.8181818181818,38.8739946380697
"295",4.38829787234043,99.3589743589744,13.2075471698113,100.213219616205,99.8402555910543,100,100.536193029491
"296",2.79255319148936,3.20512820512821,12.6179245283019,21.3219616204691,22.3642172523962,31.8181818181818,36.1930294906166
"297",2.52659574468085,8.01282051282051,10.6132075471698,14.9253731343284,21.5654952076677,20.4545454545455,38.8739946380697
"298",100,99.3589743589744,99.8820754716981,100.213219616205,99.8402555910543,100,100.536193029491
"299",2.52659574468085,8.01282051282051,9.19811320754717,20.2558635394456,30.3514376996805,34.0909090909091,34.8525469168901
"300",100,99.3589743589744,99.8820754716981,100.213219616205,99.8402555910543,100,100.536193029491
"301",5.0531914893617,99.3589743589744,14.1509433962264,100.213219616205,99.8402555910543,100,100.536193029491
"302",2.65957446808511,4.80769230769231,11.438679245283,29.8507462686567,27.9552715654952,43.1818181818182,41.5549597855228
"303",100,99.3589743589744,99.8820754716981,100.213219616205,99.8402555910543,100,100.536193029491
"304",1.06382978723404,9.61538461538462,8.84433962264151,20.2558635394456,20.7667731629393,43.1818181818182,38.8739946380697
"305",100,99.3589743589744,99.8820754716981,100.213219616205,99.8402555910543,100,100.536193029491
"306",2.65957446808511,20.8333333333333,8.9622641509434,28.7846481876333,23.1629392971246,43.1818181818182,34.8525469168901
"307",1.86170212765957,96.1538461538462,8.84433962264151,100.213219616205,99.0415335463259,100,100.536193029491
"308",2.92553191489362,99.3589743589744,10.4952830188679,100.213219616205,99.8402555910543,100,100.536193029491
"309",1.46276595744681,16.025641025641,6.60377358490566,29.8507462686567,27.1565495207668,54.5454545454545,36.1930294906166
"310",2.65957446808511,99.3589743589744,8.9622641509434,100.213219616205,99.8402555910543,100,100.536193029491
"311",2.65957446808511,99.3589743589744,12.5,100.213219616205,99.8402555910543,100,100.536193029491
"312",1.99468085106383,8.01282051282051,8.37264150943396,21.3219616204691,22.3642172523962,31.8181818181818,41.5549597855228
"313",2.65957446808511,8.01282051282051,9.19811320754717,15.9914712153518,22.3642172523962,29.5454545454545,34.8525469168901
"314",3.59042553191489,1.6025641025641,10.2594339622642,14.9253731343284,18.370607028754,36.3636363636364,37.5335120643432
"315",3.72340425531915,6.41025641025641,12.1462264150943,19.1897654584222,21.5654952076677,31.8181818181818,34.8525469168901
"316",2.79255319148936,8.01282051282051,9.66981132075472,24.5202558635394,31.1501597444089,54.5454545454545,45.5764075067024
"317",99.8670212765958,99.3589743589744,99.8820754716981,100.213219616205,99.8402555910543,100,100.536193029491
"318",2.12765957446809,16.025641025641,9.19811320754717,33.0490405117271,32.7476038338658,45.4545454545455,48.2573726541555
"319",2.12765957446809,99.3589743589744,9.31603773584906,100.213219616205,99.8402555910543,100,100.536193029491
"320",2.3936170212766,99.3589743589744,11.3207547169811,100.213219616205,99.0415335463259,97.7272727272727,100.536193029491
"321",1.72872340425532,4.80769230769231,8.60849056603774,8.52878464818763,13.5782747603834,29.5454545454545,34.8525469168901
"322",4.12234042553191,99.3589743589744,11.438679245283,100.213219616205,99.8402555910543,100,100.536193029491
"323",3.8563829787234,99.3589743589744,14.1509433962264,100.213219616205,99.8402555910543,100,100.536193029491
"324",2.3936170212766,99.3589743589744,8.60849056603774,100.213219616205,99.8402555910543,100,100.536193029491
"325",3.59042553191489,99.3589743589744,12.9716981132075,99.1471215351812,99.8402555910543,100,100.536193029491
"326",1.72872340425532,99.3589743589744,11.0849056603774,100.213219616205,99.8402555910543,100,100.536193029491
"327",2.12765957446809,0,7.19339622641509,28.7846481876333,17.5718849840256,18.1818181818182,30.8310991957105
"328",4.52127659574468,8.01282051282051,13.0896226415094,10.6609808102345,17.5718849840256,36.3636363636364,28.1501340482574
"329",2.79255319148936,99.3589743589744,11.9103773584906,100.213219616205,99.8402555910543,100,100.536193029491
"330",1.99468085106383,3.20512820512821,8.13679245283019,19.1897654584222,16.7731629392971,40.9090909090909,28.1501340482574
"331",3.59042553191489,6.41025641025641,13.0896226415094,15.9914712153518,19.9680511182109,34.0909090909091,36.1930294906166
"332",3.98936170212766,99.3589743589744,10.8490566037736,100.213219616205,99.8402555910543,100,100.536193029491
"333",2.52659574468085,8.01282051282051,10.0235849056604,19.1897654584222,26.3578274760383,38.6363636363636,38.8739946380697
"334",2.3936170212766,99.3589743589744,10.377358490566,100.213219616205,99.8402555910543,100,100.536193029491
"335",3.32446808510638,8.01282051282051,9.66981132075472,15.9914712153518,20.7667731629393,34.0909090909091,30.8310991957105
"336",2.92553191489362,4.80769230769231,6.48584905660377,17.0575692963753,20.7667731629393,27.2727272727273,30.8310991957105
"337",100,99.3589743589744,99.8820754716981,100.213219616205,99.8402555910543,100,100.536193029491
"338",1.59574468085106,99.3589743589744,7.07547169811321,100.213219616205,99.8402555910543,100,100.536193029491
"339",2.52659574468085,99.3589743589744,10.7311320754717,100.213219616205,99.8402555910543,100,100.536193029491
"340",3.05851063829787,99.3589743589744,13.3254716981132,100.213219616205,99.8402555910543,100,100.536193029491
"341",3.19148936170213,9.61538461538462,11.438679245283,30.9168443496802,26.3578274760383,47.7272727272727,46.916890080429
"342",2.12765957446809,99.3589743589744,9.19811320754717,100.213219616205,99.8402555910543,100,100.536193029491
"343",1.06382978723404,99.3589743589744,6.95754716981132,100.213219616205,99.8402555910543,100,100.536193029491
"344",4.92021276595745,99.3589743589744,13.2075471698113,100.213219616205,99.8402555910543,100,100.536193029491
"345",3.32446808510638,99.3589743589744,10.4952830188679,100.213219616205,99.8402555910543,97.7272727272727,100.536193029491
"346",2.52659574468085,97.7564102564102,9.55188679245283,100.213219616205,99.8402555910543,100,100.536193029491
"347",3.05851063829787,12.8205128205128,13.7971698113208,29.8507462686567,27.1565495207668,47.7272727272727,40.2144772117963
"348",3.72340425531915,8.01282051282051,12.2641509433962,18.1236673773987,23.961661341853,40.9090909090909,42.8954423592493
"349",4.12234042553191,94.551282051282,13.0896226415094,100.213219616205,99.8402555910543,100,100.536193029491
"350",100,99.3589743589744,99.8820754716981,100.213219616205,99.8402555910543,100,100.536193029491
"351",3.8563829787234,97.7564102564102,12.9716981132075,99.1471215351812,99.8402555910543,100,100.536193029491
"352",4.12234042553191,14.4230769230769,11.3207547169811,24.5202558635394,31.1501597444089,47.7272727272727,37.5335120643432
"353",1.99468085106383,99.3589743589744,10.1415094339623,100.213219616205,99.8402555910543,100,100.536193029491
"354",100,99.3589743589744,99.8820754716981,100.213219616205,99.8402555910543,100,100.536193029491
"355",2.3936170212766,97.7564102564102,10.9669811320755,100.213219616205,99.8402555910543,100,100.536193029491
"356",3.98936170212766,99.3589743589744,13.4433962264151,100.213219616205,99.8402555910543,97.7272727272727,100.536193029491
"357",2.3936170212766,99.3589743589744,10.9669811320755,100.213219616205,99.8402555910543,100,100.536193029491
"358",2.26063829787234,3.20512820512821,9.7877358490566,13.8592750533049,21.5654952076677,29.5454545454545,29.4906166219839
"359",1.72872340425532,99.3589743589744,9.19811320754717,99.1471215351812,99.0415335463259,100,100.536193029491
"360",2.52659574468085,99.3589743589744,10.7311320754717,100.213219616205,99.8402555910543,100,100.536193029491
"361",2.12765957446809,99.3589743589744,10.0235849056604,100.213219616205,99.8402555910543,100,97.8552278820375
"362",3.59042553191489,97.7564102564102,10.9669811320755,100.213219616205,99.8402555910543,100,97.8552278820375
"363",3.19148936170213,99.3589743589744,10.9669811320755,100.213219616205,99.8402555910543,100,100.536193029491
"364",3.98936170212766,19.2307692307692,11.7924528301887,31.9829424307036,24.7603833865815,40.9090909090909,46.916890080429
"365",3.05851063829787,9.61538461538462,10.377358490566,25.5863539445629,21.5654952076677,29.5454545454545,36.1930294906166
"366",100,99.3589743589744,99.8820754716981,100.213219616205,99.8402555910543,100,100.536193029491
"367",3.19148936170213,6.41025641025641,13.3254716981132,13.8592750533049,14.3769968051118,34.0909090909091,30.8310991957105
"368",100,99.3589743589744,99.8820754716981,100.213219616205,99.8402555910543,100,100.536193029491
"369",2.65957446808511,14.4230769230769,12.5,36.2473347547974,24.7603833865815,59.0909090909091,48.2573726541555
"370",3.32446808510638,1.6025641025641,10.2594339622642,21.3219616204691,12.779552715655,43.1818181818182,32.171581769437
"371",2.3936170212766,99.3589743589744,11.9103773584906,100.213219616205,99.8402555910543,100,100.536193029491
"372",1.59574468085106,99.3589743589744,8.13679245283019,100.213219616205,99.8402555910543,100,100.536193029491
"373",100,99.3589743589744,99.8820754716981,100.213219616205,99.8402555910543,100,100.536193029491
"374",100,99.3589743589744,99.7641509433962,100.213219616205,99.8402555910543,100,100.536193029491
"375",1.99468085106383,8.01282051282051,12.3820754716981,26.6524520255864,27.9552715654952,43.1818181818182,37.5335120643432
"376",2.65957446808511,99.3589743589744,10.4952830188679,100.213219616205,99.8402555910543,100,100.536193029491
"377",3.45744680851064,8.01282051282051,12.2641509433962,11.727078891258,15.9744408945687,22.7272727272727,34.8525469168901
"378",2.3936170212766,99.3589743589744,11.0849056603774,100.213219616205,99.8402555910543,100,100.536193029491
"379",2.52659574468085,6.41025641025641,9.43396226415094,15.9914712153518,21.5654952076677,31.8181818181818,45.5764075067024
"380",2.92553191489362,4.80769230769231,10.6132075471698,17.0575692963753,15.9744408945687,34.0909090909091,34.8525469168901
"381",3.05851063829787,11.2179487179487,12.8537735849057,20.2558635394456,19.1693290734824,31.8181818181818,41.5549597855228
"382",2.79255319148936,8.01282051282051,9.08018867924528,25.5863539445629,21.5654952076677,40.9090909090909,36.1930294906166
"383",2.52659574468085,4.80769230769231,11.7924528301887,17.0575692963753,19.9680511182109,36.3636363636364,24.1286863270778
"384",2.65957446808511,99.3589743589744,9.55188679245283,100.213219616205,99.0415335463259,100,100.536193029491
"385",2.26063829787234,4.80769230769231,10.6132075471698,19.1897654584222,29.5527156549521,43.1818181818182,36.1930294906166
"386",3.05851063829787,99.3589743589744,12.5,99.1471215351812,99.8402555910543,100,100.536193029491
"387",100,99.3589743589744,99.7641509433962,100.213219616205,99.8402555910543,100,100.536193029491
"388",2.65957446808511,99.3589743589744,11.5566037735849,99.1471215351812,99.8402555910543,100,100.536193029491
"389",3.05851063829787,9.61538461538462,9.19811320754717,20.2558635394456,24.7603833865815,43.1818181818182,38.8739946380697
"390",2.52659574468085,99.3589743589744,12.7358490566038,100.213219616205,99.8402555910543,100,100.536193029491
"391",2.12765957446809,16.025641025641,12.6179245283019,24.5202558635394,20.7667731629393,27.2727272727273,41.5549597855228
"392",2.3936170212766,99.3589743589744,10.1415094339623,100.213219616205,99.8402555910543,100,100.536193029491
"393",2.65957446808511,99.3589743589744,10.8490566037736,100.213219616205,99.8402555910543,100,100.536193029491
"394",3.05851063829787,99.3589743589744,12.7358490566038,100.213219616205,99.8402555910543,100,100.536193029491
"395",2.52659574468085,99.3589743589744,10.6132075471698,100.213219616205,99.8402555910543,100,100.536193029491
"396",3.05851063829787,99.3589743589744,12.5,100.213219616205,99.8402555910543,100,100.536193029491
"397",3.59042553191489,96.1538461538462,14.8584905660377,98.0810234541578,99.0415335463259,100,95.1742627345845
"398",1.99468085106383,99.3589743589744,8.13679245283019,100.213219616205,99.8402555910543,100,100.536193029491
"399",2.92553191489362,99.3589743589744,11.7924528301887,100.213219616205,99.8402555910543,100,100.536193029491
"400",1.86170212765957,99.3589743589744,7.54716981132075,100.213219616205,98.2428115015974,100,100.536193029491
"401",2.3936170212766,6.41025641025641,11.5566037735849,18.1236673773987,22.3642172523962,31.8181818181818,44.2359249329759
"402",3.19148936170213,99.3589743589744,10.0235849056604,100.213219616205,99.8402555910543,100,100.536193029491
"403",1.72872340425532,4.80769230769231,10.1415094339623,30.9168443496802,19.9680511182109,40.9090909090909,42.8954423592493
"404",3.32446808510638,9.61538461538462,12.5,21.3219616204691,16.7731629392971,15.9090909090909,33.5120643431635
"405",2.3936170212766,11.2179487179487,8.49056603773585,30.9168443496802,26.3578274760383,29.5454545454545,30.8310991957105
"406",2.3936170212766,99.3589743589744,10.1415094339623,100.213219616205,99.0415335463259,100,100.536193029491
"407",3.32446808510638,3.20512820512821,9.19811320754717,17.0575692963753,19.9680511182109,36.3636363636364,28.1501340482574
"408",2.79255319148936,11.2179487179487,10.8490566037736,15.9914712153518,19.9680511182109,34.0909090909091,21.4477211796247
"409",2.65957446808511,96.1538461538462,11.6745283018868,100.213219616205,99.8402555910543,100,100.536193029491
"410",2.12765957446809,97.7564102564102,9.31603773584906,100.213219616205,98.2428115015974,100,100.536193029491
"411",2.92553191489362,99.3589743589744,13.6792452830189,100.213219616205,99.8402555910543,100,100.536193029491
"412",4.12234042553191,11.2179487179487,11.9103773584906,11.727078891258,12.779552715655,18.1818181818182,48.2573726541555
"413",2.79255319148936,99.3589743589744,10.2594339622642,100.213219616205,99.0415335463259,100,100.536193029491
"414",1.72872340425532,99.3589743589744,10.7311320754717,100.213219616205,99.8402555910543,100,100.536193029491
"415",100,99.3589743589744,99.8820754716981,100.213219616205,99.8402555910543,100,100.536193029491
"416",100,99.3589743589744,99.8820754716981,100.213219616205,99.8402555910543,100,100.536193029491
"417",2.65957446808511,99.3589743589744,13.6792452830189,100.213219616205,99.8402555910543,100,100.536193029491
"418",4.52127659574468,99.3589743589744,12.3820754716981,100.213219616205,99.8402555910543,100,100.536193029491
"419",99.8670212765958,99.3589743589744,99.8820754716981,100.213219616205,99.8402555910543,100,100.536193029491
"420",2.65957446808511,99.3589743589744,11.2028301886792,98.0810234541578,98.2428115015974,100,99.1957104557641
"421",2.92553191489362,99.3589743589744,9.31603773584906,100.213219616205,98.2428115015974,97.7272727272727,100.536193029491
"422",2.79255319148936,99.3589743589744,11.438679245283,100.213219616205,99.8402555910543,100,100.536193029491
"423",2.26063829787234,99.3589743589744,11.9103773584906,100.213219616205,99.8402555910543,100,99.1957104557641
"424",2.79255319148936,1.6025641025641,10.7311320754717,17.0575692963753,15.1757188498403,18.1818181818182,29.4906166219839
"425",100,99.3589743589744,99.8820754716981,100.213219616205,99.8402555910543,100,100.536193029491
"426",2.26063829787234,12.8205128205128,8.49056603773585,35.181236673774,35.1437699680511,43.1818181818182,42.8954423592493
"427",100,99.3589743589744,99.8820754716981,100.213219616205,99.8402555910543,100,100.536193029491
"428",100,99.3589743589744,99.8820754716981,100.213219616205,99.8402555910543,100,100.536193029491
"429",1.72872340425532,4.80769230769231,9.43396226415094,18.1236673773987,19.9680511182109,40.9090909090909,34.8525469168901
"430",2.92553191489362,99.3589743589744,11.6745283018868,100.213219616205,99.8402555910543,100,100.536193029491
"431",2.3936170212766,99.3589743589744,12.8537735849057,100.213219616205,99.0415335463259,100,100.536193029491
"432",3.19148936170213,99.3589743589744,11.5566037735849,100.213219616205,99.8402555910543,100,100.536193029491
"433",1.32978723404255,11.2179487179487,9.55188679245283,18.1236673773987,24.7603833865815,36.3636363636364,37.5335120643432
"434",99.7340425531915,99.3589743589744,99.8820754716981,100.213219616205,99.8402555910543,100,100.536193029491
"435",2.52659574468085,97.7564102564102,10.2594339622642,100.213219616205,99.8402555910543,100,100.536193029491
"436",2.12765957446809,3.20512820512821,10.9669811320755,24.5202558635394,15.1757188498403,27.2727272727273,34.8525469168901
"437",2.12765957446809,1.6025641025641,8.72641509433962,10.6609808102345,17.5718849840256,29.5454545454545,37.5335120643432
"438",2.79255319148936,8.01282051282051,10.4952830188679,24.5202558635394,28.7539936102236,29.5454545454545,42.8954423592493
"439",3.32446808510638,11.2179487179487,12.0283018867925,26.6524520255864,23.961661341853,38.6363636363636,34.8525469168901
"440",2.52659574468085,99.3589743589744,10.7311320754717,100.213219616205,99.8402555910543,100,100.536193029491
"441",5.0531914893617,99.3589743589744,12.0283018867925,100.213219616205,99.0415335463259,100,100.536193029491
"442",1.86170212765957,6.41025641025641,9.31603773584906,20.2558635394456,20.7667731629393,47.7272727272727,45.5764075067024
"443",1.1968085106383,6.41025641025641,8.49056603773585,29.8507462686567,22.3642172523962,47.7272727272727,33.5120643431635
"444",4.38829787234043,97.7564102564102,13.7971698113208,98.0810234541578,98.2428115015974,100,100.536193029491
"445",2.52659574468085,99.3589743589744,13.9150943396226,100.213219616205,99.8402555910543,100,100.536193029491
"446",100,99.3589743589744,99.8820754716981,100.213219616205,99.8402555910543,100,100.536193029491
"447",2.3936170212766,99.3589743589744,11.6745283018868,100.213219616205,99.8402555910543,100,100.536193029491
"448",4.65425531914894,4.80769230769231,11.438679245283,22.3880597014925,23.1629392971246,43.1818181818182,46.916890080429
"449",4.12234042553191,99.3589743589744,14.7405660377358,100.213219616205,99.8402555910543,100,100.536193029491
"450",2.3936170212766,14.4230769230769,10.0235849056604,28.7846481876333,27.9552715654952,43.1818181818182,40.2144772117963
"451",2.26063829787234,99.3589743589744,9.19811320754717,100.213219616205,99.8402555910543,100,100.536193029491
"452",4.92021276595745,99.3589743589744,13.3254716981132,100.213219616205,99.8402555910543,100,100.536193029491
"453",1.59574468085106,6.41025641025641,7.78301886792453,14.9253731343284,13.5782747603834,27.2727272727273,29.4906166219839
"454",1.46276595744681,99.3589743589744,9.55188679245283,100.213219616205,99.8402555910543,100,100.536193029491
"455",3.59042553191489,3.20512820512821,10.0235849056604,29.8507462686567,27.1565495207668,50,42.8954423592493
"456",100,99.3589743589744,99.8820754716981,100.213219616205,99.8402555910543,100,100.536193029491
"457",2.92553191489362,99.3589743589744,12.2641509433962,100.213219616205,99.8402555910543,100,100.536193029491
"458",2.52659574468085,99.3589743589744,10.7311320754717,100.213219616205,99.8402555910543,100,100.536193029491
"459",3.45744680851064,99.3589743589744,12.0283018867925,100.213219616205,99.8402555910543,100,100.536193029491
"460",3.8563829787234,99.3589743589744,9.66981132075472,100.213219616205,99.8402555910543,100,100.536193029491
"461",98.8031914893617,99.3589743589744,99.1745283018868,100.213219616205,99.8402555910543,100,100.536193029491
"462",2.12765957446809,1.6025641025641,9.31603773584906,21.3219616204691,15.1757188498403,29.5454545454545,30.8310991957105
"463",2.79255319148936,8.01282051282051,11.0849056603774,22.3880597014925,19.1693290734824,22.7272727272727,26.8096514745308
"464",100,99.3589743589744,99.7641509433962,100.213219616205,99.8402555910543,100,100.536193029491
"465",1.72872340425532,99.3589743589744,10.377358490566,100.213219616205,99.8402555910543,97.7272727272727,100.536193029491
"466",2.92553191489362,99.3589743589744,12.3820754716981,100.213219616205,99.8402555910543,100,100.536193029491
"467",2.92553191489362,9.61538461538462,10.377358490566,37.3134328358209,19.9680511182109,45.4545454545455,45.5764075067024
"468",4.52127659574468,99.3589743589744,10.7311320754717,100.213219616205,99.8402555910543,100,100.536193029491
"469",2.12765957446809,99.3589743589744,14.1509433962264,100.213219616205,99.8402555910543,100,100.536193029491
"470",2.26063829787234,99.3589743589744,12.1462264150943,100.213219616205,99.8402555910543,100,100.536193029491
"471",2.3936170212766,99.3589743589744,10.8490566037736,100.213219616205,99.8402555910543,100,100.536193029491
"472",3.05851063829787,99.3589743589744,13.7971698113208,100.213219616205,99.8402555910543,100,100.536193029491
"473",3.19148936170213,3.20512820512821,12.0283018867925,22.3880597014925,11.1821086261981,34.0909090909091,30.8310991957105
"474",1.86170212765957,99.3589743589744,10.6132075471698,100.213219616205,99.0415335463259,100,100.536193029491
"475",2.3936170212766,6.41025641025641,9.31603773584906,21.3219616204691,21.5654952076677,38.6363636363636,40.2144772117963
"476",1.72872340425532,99.3589743589744,10.8490566037736,100.213219616205,99.8402555910543,100,100.536193029491
"477",3.32446808510638,1.6025641025641,11.0849056603774,17.0575692963753,12.779552715655,34.0909090909091,33.5120643431635
"478",3.59042553191489,97.7564102564102,8.37264150943396,100.213219616205,99.8402555910543,100,100.536193029491
"479",1.99468085106383,3.20512820512821,7.90094339622642,23.454157782516,21.5654952076677,40.9090909090909,34.8525469168901
"480",3.19148936170213,6.41025641025641,13.3254716981132,19.1897654584222,20.7667731629393,27.2727272727273,26.8096514745308
"481",2.12765957446809,99.3589743589744,8.72641509433962,100.213219616205,99.0415335463259,100,100.536193029491
"482",4.25531914893617,1.6025641025641,11.2028301886792,17.0575692963753,15.9744408945687,22.7272727272727,26.8096514745308
"483",1.32978723404255,99.3589743589744,10.377358490566,99.1471215351812,99.8402555910543,100,100.536193029491
"484",1.86170212765957,14.4230769230769,11.2028301886792,26.6524520255864,24.7603833865815,38.6363636363636,49.597855227882
"485",2.12765957446809,97.7564102564102,9.43396226415094,99.1471215351812,99.8402555910543,100,97.8552278820375
"486",3.32446808510638,6.41025641025641,11.5566037735849,21.3219616204691,25.5591054313099,36.3636363636364,34.8525469168901
"487",4.12234042553191,99.3589743589744,14.7405660377358,100.213219616205,99.0415335463259,100,100.536193029491
"488",3.59042553191489,3.20512820512821,10.4952830188679,18.1236673773987,14.3769968051118,27.2727272727273,33.5120643431635
"489",6.25,99.3589743589744,13.9150943396226,100.213219616205,99.8402555910543,100,100.536193029491
"490",3.19148936170213,99.3589743589744,10.377358490566,100.213219616205,99.8402555910543,100,100.536193029491
"491",4.12234042553191,99.3589743589744,11.5566037735849,100.213219616205,99.8402555910543,100,100.536193029491
"492",100,99.3589743589744,99.8820754716981,100.213219616205,99.8402555910543,100,100.536193029491
"493",100,99.3589743589744,99.8820754716981,100.213219616205,99.8402555910543,100,100.536193029491
"494",100,99.3589743589744,99.8820754716981,100.213219616205,99.8402555910543,100,100.536193029491
"495",2.92553191489362,99.3589743589744,12.0283018867925,99.1471215351812,99.8402555910543,100,100.536193029491
"496",3.98936170212766,99.3589743589744,13.7971698113208,100.213219616205,99.8402555910543,100,100.536193029491
"497",2.79255319148936,4.80769230769231,8.72641509433962,15.9914712153518,18.370607028754,40.9090909090909,25.4691689008043
"498",2.26063829787234,6.41025641025641,13.2075471698113,14.9253731343284,20.7667731629393,29.5454545454545,29.4906166219839
"499",100,99.3589743589744,99.8820754716981,100.213219616205,99.8402555910543,100,100.536193029491
"500",2.92553191489362,99.3589743589744,10.6132075471698,100.213219616205,99.8402555910543,100,100.536193029491
