"","age1_orange.R","age1_green.R","age2_no_comorbid_orange.R","age2_no_comorbid_green.R","age2_comorbid_green.R","age3_no_comorbid_green.R","age3_comorbid_green.R"
"1",705,0,671,0,0,0,0
"2",708,58,721,73,69,24,20
"3",708,0,697,0,0,0,0
"4",713,56,704,68,61,25,16
"5",717,53,711,70,68,18,19
"6",705,49,716,60,62,23,18
"7",0,0,2,0,0,0,0
"8",0,0,1,0,0,0,0
"9",703,0,702,0,0,0,0
"10",699,58,728,75,83,31,21
"11",686,0,711,0,0,0,0
"12",698,56,712,77,78,31,30
"13",707,0,706,0,0,0,0
"14",0,0,1,0,0,0,0
"15",709,54,735,73,79,26,22
"16",696,59,726,74,79,22,24
"17",698,54,701,69,74,23,17
"18",703,0,726,0,0,0,0
"19",711,56,706,70,72,25,19
"20",709,51,704,71,78,21,17
"21",701,0,718,0,0,0,0
"22",694,58,727,75,82,28,19
"23",702,0,733,0,0,0,0
"24",706,0,699,0,0,0,0
"25",702,0,740,0,0,0,0
"26",709,0,727,0,0,0,0
"27",707,59,740,75,90,31,25
"28",708,57,722,70,78,28,20
"29",687,52,717,72,77,18,12
"30",703,0,734,0,0,0,0
"31",696,0,697,0,0,0,0
"32",0,0,1,0,0,0,0
"33",719,56,712,77,81,25,23
"34",700,0,729,0,0,0,0
"35",0,0,1,0,0,0,0
"36",709,0,724,0,1,0,0
"37",711,0,723,0,0,0,0
"38",710,59,716,75,69,22,24
"39",692,0,715,0,0,0,0
"40",703,55,727,75,84,21,16
"41",723,0,742,0,0,0,0
"42",0,0,1,0,0,0,0
"43",699,2,703,0,1,0,0
"44",709,0,715,0,0,0,0
"45",698,0,708,0,0,1,0
"46",687,0,703,0,0,0,0
"47",0,0,1,0,0,0,0
"48",0,0,1,0,0,0,0
"49",695,54,706,64,65,10,14
"50",699,58,708,69,71,21,22
"51",680,0,693,0,0,0,0
"52",700,53,737,69,64,21,18
"53",0,0,1,0,0,0,0
"54",1,0,1,0,0,0,0
"55",690,0,713,0,0,0,0
"56",706,0,708,0,0,0,0
"57",707,52,708,73,71,26,26
"58",696,0,697,0,1,0,0
"59",0,0,1,0,0,0,0
"60",706,57,694,67,70,26,19
"61",698,0,701,0,0,0,0
"62",695,60,704,71,84,24,17
"63",722,0,704,0,1,0,0
"64",697,0,697,0,0,0,0
"65",712,55,719,67,73,18,17
"66",709,54,737,67,63,17,14
"67",704,0,718,0,0,0,0
"68",704,0,702,0,0,0,0
"69",698,0,708,1,1,0,0
"70",696,56,693,74,74,19,19
"71",0,0,1,0,0,0,0
"72",703,0,721,0,0,0,0
"73",694,0,704,0,0,0,0
"74",0,0,1,0,0,0,0
"75",707,0,732,0,0,0,0
"76",687,0,691,0,0,0,0
"77",715,1,738,0,0,0,0
"78",0,0,1,0,0,0,0
"79",711,0,690,0,0,0,0
"80",697,0,711,1,0,0,0
"81",697,56,733,74,66,22,20
"82",710,56,742,72,74,21,24
"83",695,0,706,0,0,0,0
"84",710,0,723,0,0,0,0
"85",697,56,716,68,71,21,17
"86",713,57,721,74,75,22,14
"87",701,0,694,0,0,0,0
"88",2,0,1,0,0,0,0
"89",711,50,744,72,78,25,18
"90",0,0,1,0,0,0,0
"91",712,49,728,72,64,23,23
"92",723,0,703,0,0,0,0
"93",717,0,726,0,0,0,0
"94",707,0,729,0,0,0,0
"95",0,0,1,0,0,0,0
"96",702,57,711,64,73,23,21
"97",711,55,719,71,71,20,15
"98",0,0,2,0,0,0,0
"99",707,52,714,67,74,25,18
"100",693,0,707,0,0,0,0
"101",691,52,713,57,56,14,13
"102",710,0,729,0,0,0,0
"103",706,58,722,74,73,20,21
"104",689,1,703,0,1,0,0
"105",712,55,725,61,78,20,22
"106",694,0,718,0,0,0,0
"107",712,0,730,0,0,0,0
"108",700,55,697,65,69,22,22
"109",704,0,727,0,0,0,0
"110",695,52,705,72,71,22,20
"111",2,0,1,0,0,0,0
"112",708,54,727,72,73,23,24
"113",712,53,728,71,77,28,22
"114",705,0,712,0,0,0,0
"115",0,0,1,0,0,0,0
"116",698,0,706,0,0,0,0
"117",0,0,1,0,0,0,0
"118",718,0,703,0,0,0,0
"119",683,51,701,71,73,16,21
"120",701,54,717,72,69,28,19
"121",716,60,734,76,77,23,17
"122",692,0,734,0,0,0,0
"123",0,0,1,0,0,0,0
"124",698,0,711,0,0,0,0
"125",1,0,1,0,0,0,0
"126",0,0,1,0,0,0,0
"127",0,0,1,0,0,0,0
"128",698,57,708,61,84,21,17
"129",697,56,725,78,84,25,21
"130",0,0,1,0,0,0,0
"131",708,0,713,0,0,0,0
"132",699,0,721,0,0,0,0
"133",705,0,704,0,0,0,0
"134",700,0,716,0,0,0,0
"135",701,0,708,0,0,0,0
"136",0,0,1,0,0,0,0
"137",706,0,708,0,0,0,0
"138",712,55,715,67,66,26,15
"139",701,0,714,1,0,0,0
"140",703,0,699,0,0,0,0
"141",0,0,1,0,0,0,0
"142",702,1,709,1,1,0,0
"143",702,0,707,1,2,0,0
"144",705,0,718,0,0,0,0
"145",0,0,1,0,0,0,0
"146",714,53,735,67,71,22,12
"147",701,1,720,1,1,0,0
"148",702,0,719,0,2,0,0
"149",0,0,1,0,0,0,0
"150",703,56,694,78,75,24,20
"151",716,53,716,67,60,16,17
"152",695,0,721,0,1,0,0
"153",0,0,1,0,0,0,0
"154",698,0,705,0,0,0,0
"155",1,0,1,0,0,0,0
"156",709,49,739,64,67,24,19
"157",711,55,718,70,70,24,20
"158",697,52,722,75,78,20,26
"159",703,54,680,80,68,26,17
"160",715,51,697,72,75,26,20
"161",711,0,713,3,0,1,0
"162",701,55,722,71,70,24,21
"163",711,60,709,77,80,26,25
"164",704,55,725,66,64,25,20
"165",714,57,722,66,68,16,13
"166",697,0,711,0,0,0,0
"167",700,0,709,0,0,0,0
"168",698,0,726,0,0,0,0
"169",692,55,705,80,80,29,15
"170",0,0,1,0,0,0,0
"171",0,0,2,0,0,0,0
"172",705,56,689,64,59,23,15
"173",704,52,716,59,74,18,18
"174",705,53,731,55,68,21,11
"175",711,49,716,69,72,21,11
"176",700,0,710,0,1,0,0
"177",711,0,707,0,0,0,0
"178",0,0,1,0,0,0,0
"179",697,55,720,70,78,24,19
"180",705,58,704,70,84,24,15
"181",701,54,712,60,67,18,26
"182",701,47,709,64,70,19,18
"183",717,54,720,75,78,26,16
"184",706,0,717,0,0,0,0
"185",692,55,712,72,68,19,20
"186",713,0,703,0,0,0,0
"187",715,0,726,0,0,0,0
"188",716,0,736,1,0,0,0
"189",710,0,729,0,0,0,0
"190",691,57,713,74,85,30,27
"191",689,50,708,75,82,28,12
"192",693,53,723,65,77,25,25
"193",692,56,703,70,82,20,32
"194",707,58,737,70,83,27,20
"195",701,0,730,0,0,0,0
"196",718,54,715,70,77,25,26
"197",683,0,699,0,0,0,0
"198",704,0,728,0,0,0,0
"199",708,0,720,0,1,1,0
"200",703,53,732,68,75,23,14
"201",709,0,688,0,0,1,0
"202",699,56,724,76,74,20,19
"203",701,2,747,1,0,1,1
"204",715,0,715,0,0,0,0
"205",695,0,700,0,0,0,0
"206",706,0,694,0,0,0,0
"207",699,57,730,68,81,26,14
"208",696,0,698,0,0,0,0
"209",708,0,729,0,0,0,0
"210",700,0,727,0,0,0,0
"211",702,54,711,82,82,21,12
"212",704,0,709,0,0,0,0
"213",704,0,728,0,0,0,0
"214",0,0,1,0,0,0,0
"215",694,58,707,75,78,26,19
"216",688,49,715,72,66,20,16
"217",725,57,734,75,76,23,22
"218",702,53,731,67,77,21,14
"219",1,0,1,0,0,0,0
"220",712,47,718,59,67,16,12
"221",708,1,727,1,0,0,0
"222",0,0,1,0,0,0,0
"223",702,0,731,0,0,0,0
"224",707,0,710,0,0,0,0
"225",711,0,716,0,0,0,0
"226",0,0,2,0,0,0,0
"227",686,56,718,72,76,23,23
"228",700,0,706,0,0,0,0
"229",0,0,1,0,0,0,0
"230",707,0,714,0,0,0,0
"231",0,0,1,0,0,0,0
"232",711,55,731,68,70,27,20
"233",0,0,1,0,0,0,0
"234",0,0,1,0,0,0,0
"235",706,0,726,0,0,0,0
"236",709,55,737,68,55,20,27
"237",691,53,708,66,71,22,23
"238",699,57,728,67,78,20,16
"239",694,0,719,1,3,0,0
"240",705,55,727,71,72,21,15
"241",679,1,709,0,1,0,0
"242",708,0,726,0,0,0,0
"243",0,0,1,0,0,0,0
"244",1,0,1,0,0,0,0
"245",707,59,742,68,76,25,23
"246",716,53,729,63,69,25,22
"247",704,51,680,60,59,15,18
"248",699,58,722,74,72,17,20
"249",0,0,1,0,0,0,0
"250",704,57,705,75,84,23,20
"251",688,0,717,0,0,0,0
"252",690,53,702,79,79,25,19
"253",688,0,701,1,1,0,0
"254",702,53,698,78,79,22,20
"255",714,0,711,0,0,0,0
"256",0,0,1,0,0,0,0
"257",694,56,700,78,76,20,27
"258",710,56,732,70,86,26,20
"259",693,0,710,0,0,0,0
"260",698,0,706,0,0,0,0
"261",712,0,718,0,0,0,0
"262",705,0,741,1,0,0,0
"263",699,0,709,0,0,0,0
"264",708,55,716,67,62,23,12
"265",704,1,696,0,0,0,0
"266",0,0,1,0,0,0,0
"267",710,0,717,0,1,0,0
"268",705,58,719,79,80,24,17
"269",0,0,1,0,0,0,0
"270",687,54,709,73,63,24,20
"271",707,57,720,75,82,20,18
"272",709,0,715,0,0,0,0
"273",711,56,734,68,72,22,20
"274",704,56,695,61,63,24,25
"275",1,0,2,0,0,0,0
"276",708,0,709,0,0,0,0
"277",695,0,708,0,0,0,0
"278",708,58,733,77,89,27,18
"279",711,0,723,0,0,0,0
"280",690,0,672,0,1,0,0
"281",700,0,692,0,0,0,0
"282",1,0,1,0,0,0,0
"283",710,0,727,1,0,0,0
"284",690,57,694,71,72,27,25
"285",716,57,743,77,67,16,15
"286",708,0,723,0,0,0,0
"287",706,0,732,0,0,0,0
"288",704,0,696,0,0,0,0
"289",708,0,718,0,0,0,0
"290",693,0,710,0,0,0,0
"291",710,0,728,1,0,0,0
"292",0,0,1,0,0,0,0
"293",698,0,688,0,0,0,0
"294",696,47,686,73,77,22,15
"295",701,0,721,0,2,0,0
"296",701,0,723,0,0,0,0
"297",713,0,734,0,0,0,0
"298",0,0,1,0,0,0,0
"299",699,0,708,0,0,0,0
"300",708,0,686,1,0,1,0
"301",707,0,710,0,0,0,0
"302",691,52,707,67,74,26,14
"303",716,58,731,75,72,23,21
"304",706,0,715,0,2,0,0
"305",714,60,695,74,72,23,17
"306",709,50,731,67,86,23,17
"307",692,0,709,0,0,0,0
"308",711,58,739,68,75,18,12
"309",2,0,2,0,0,0,0
"310",691,0,727,0,0,0,0
"311",706,1,718,0,1,0,0
"312",700,0,691,0,0,0,0
"313",0,0,1,0,0,0,0
"314",0,0,1,0,0,0,0
"315",703,57,708,75,65,24,25
"316",703,0,725,0,0,0,0
"317",699,52,717,66,66,22,18
"318",708,0,733,0,0,0,0
"319",710,0,739,0,0,0,0
"320",713,0,725,0,0,0,0
"321",0,0,1,0,0,0,0
"322",0,0,1,0,0,0,0
"323",716,0,727,0,0,0,0
"324",709,58,697,73,74,24,16
"325",691,2,702,0,0,0,0
"326",696,1,740,0,0,1,0
"327",0,0,1,0,0,0,0
"328",696,51,719,53,69,14,16
"329",700,0,715,0,0,0,0
"330",0,0,2,0,0,0,0
"331",713,56,714,73,71,27,19
"332",720,0,709,0,0,0,0
"333",701,0,720,0,0,0,0
"334",696,56,689,76,76,20,19
"335",704,0,720,0,0,0,0
"336",704,0,735,1,0,0,0
"337",714,55,727,75,79,26,19
"338",703,0,693,1,1,0,0
"339",702,51,729,67,66,22,12
"340",707,49,700,54,63,15,15
"341",702,0,715,0,0,0,0
"342",705,55,725,68,61,30,16
"343",701,0,722,0,0,0,0
"344",711,47,719,63,62,21,13
"345",697,55,727,76,76,27,17
"346",700,60,710,77,81,22,23
"347",681,0,706,0,0,0,0
"348",713,52,741,79,79,18,13
"349",705,0,721,0,0,0,0
"350",706,52,724,67,77,14,18
"351",696,0,696,0,0,0,0
"352",0,0,1,0,0,0,0
"353",699,0,699,0,0,0,0
"354",708,56,724,74,73,27,19
"355",692,54,718,83,77,27,20
"356",701,55,722,67,75,22,13
"357",709,0,731,1,0,0,0
"358",687,0,696,0,0,0,0
"359",696,55,719,64,78,31,23
"360",705,0,728,2,0,0,0
"361",695,1,711,0,2,0,0
"362",713,0,743,0,0,0,0
"363",713,0,728,0,0,0,0
"364",707,55,701,59,69,24,21
"365",706,57,691,74,72,22,19
"366",724,54,744,62,73,25,23
"367",697,57,712,67,68,21,22
"368",714,55,715,68,75,20,18
"369",714,55,720,71,59,24,24
"370",0,0,1,0,0,0,0
"371",707,0,734,0,0,0,0
"372",705,0,700,0,0,0,0
"373",0,0,1,0,0,0,0
"374",701,1,718,0,1,0,0
"375",697,0,679,0,0,0,0
"376",701,1,703,3,0,0,0
"377",708,0,708,0,0,0,0
"378",708,0,733,0,1,0,0
"379",0,0,1,0,0,0,0
"380",708,55,745,70,80,19,22
"381",719,57,724,69,77,20,14
"382",702,52,722,72,88,24,20
"383",708,51,701,75,76,23,24
"384",0,0,1,0,0,0,0
"385",706,0,704,0,0,0,0
"386",689,0,706,1,0,0,0
"387",709,0,713,0,0,0,0
"388",702,0,714,0,0,0,0
"389",705,54,707,70,75,26,24
"390",691,56,694,72,69,22,23
"391",696,0,713,0,0,1,0
"392",711,0,718,0,0,0,0
"393",0,0,1,0,0,0,0
"394",0,0,1,0,0,0,0
"395",0,0,1,0,0,0,0
"396",706,55,724,74,73,16,21
"397",711,0,717,0,0,0,0
"398",0,0,1,0,0,0,0
"399",698,56,708,68,78,20,20
"400",711,0,712,0,0,0,0
"401",690,58,715,68,73,20,15
"402",699,58,733,70,63,28,18
"403",700,0,695,0,0,0,0
"404",699,0,689,0,0,0,0
"405",701,0,714,0,0,0,0
"406",713,60,712,72,77,25,19
"407",0,0,1,0,0,0,0
"408",701,0,718,0,0,0,0
"409",704,0,710,0,0,0,0
"410",0,0,0,0,0,0,0
"411",0,0,1,0,0,0,0
"412",0,0,1,0,0,0,0
"413",699,56,699,62,60,19,17
"414",702,55,732,72,77,20,23
"415",699,1,708,0,0,0,0
"416",711,0,737,0,0,0,0
"417",709,0,708,0,0,0,0
"418",700,0,710,0,0,0,0
"419",701,56,701,74,81,25,15
"420",0,0,1,0,0,0,0
"421",696,57,696,73,86,26,23
"422",684,0,690,0,0,0,0
"423",706,0,712,0,0,0,0
"424",705,0,718,0,1,0,0
"425",0,0,1,0,0,0,0
"426",686,0,710,0,0,0,0
"427",695,0,712,0,0,0,0
"428",705,56,708,74,82,28,17
"429",698,0,720,1,1,0,0
"430",703,0,706,0,0,0,0
"431",706,2,692,1,1,1,0
"432",713,0,717,0,0,0,0
"433",698,1,710,0,0,0,0
"434",710,53,692,71,70,19,23
"435",696,53,703,74,71,19,20
"436",694,55,712,78,70,29,29
"437",715,53,730,54,62,18,11
"438",709,0,754,0,0,0,0
"439",706,0,722,0,0,0,0
"440",0,0,2,0,0,0,0
"441",1,0,1,0,0,0,0
"442",707,56,690,69,75,21,22
"443",700,0,688,0,0,0,0
"444",706,57,703,66,81,24,21
"445",0,0,1,0,0,0,0
"446",694,56,727,81,74,30,23
"447",683,0,681,0,0,0,0
"448",708,0,746,0,0,0,0
"449",711,0,703,0,0,0,0
"450",1,0,1,0,0,0,0
"451",0,0,1,0,0,0,0
"452",717,54,714,59,63,25,18
"453",709,1,691,0,0,0,0
"454",708,0,725,0,0,0,0
"455",708,57,714,67,66,25,16
"456",708,59,713,80,88,23,22
"457",708,60,733,70,77,29,18
"458",0,0,1,0,0,0,0
"459",694,0,728,0,0,0,0
"460",706,52,740,66,65,16,19
"461",703,54,707,78,88,21,26
"462",698,59,702,71,73,23,19
"463",695,48,696,59,60,17,17
"464",699,56,719,68,67,23,19
"465",711,0,723,0,0,0,0
"466",0,0,1,0,0,0,0
"467",707,60,730,77,78,23,17
"468",0,0,2,0,0,0,0
"469",685,0,720,0,1,1,0
"470",706,0,745,0,0,0,0
"471",701,57,718,66,80,22,20
"472",714,0,697,0,0,0,0
"473",701,0,733,0,0,0,0
"474",710,57,711,80,71,32,14
"475",0,0,1,0,0,0,0
"476",0,0,1,0,0,0,0
"477",710,53,720,69,74,22,19
"478",700,54,698,64,77,22,15
"479",0,0,1,0,0,0,0
"480",720,0,723,0,0,0,0
"481",714,1,722,1,0,0,0
"482",707,57,721,68,62,21,18
"483",695,55,723,65,70,19,22
"484",702,0,708,0,1,0,0
"485",708,0,703,0,0,0,0
"486",711,53,724,70,81,29,13
"487",0,0,1,0,0,0,0
"488",708,55,693,66,71,18,22
"489",700,0,705,0,0,0,0
"490",724,0,737,0,0,0,0
"491",0,0,1,0,0,0,0
"492",709,0,720,0,0,0,0
"493",692,57,716,77,84,22,14
"494",700,1,720,0,0,0,0
"495",698,52,673,69,75,18,17
"496",705,0,715,1,0,0,0
"497",699,53,684,72,79,30,21
"498",691,0,744,0,1,0,0
"499",706,55,706,66,73,21,18
"500",697,52,723,70,72,21,18
"501",706,0,708,1,0,0,0
"502",695,0,710,0,0,0,0
"503",704,1,699,1,0,0,0
"504",696,57,710,70,81,27,21
"505",698,0,683,0,0,0,0
"506",706,0,719,0,0,0,0
"507",0,0,1,0,0,0,0
"508",699,55,682,73,68,23,26
"509",0,0,1,0,0,0,0
"510",713,54,736,62,72,22,17
"511",695,0,720,0,0,0,0
"512",692,57,724,76,74,24,19
"513",700,0,720,0,0,0,0
"514",710,59,701,71,70,22,19
"515",707,0,737,0,0,0,0
"516",703,58,711,59,72,24,24
"517",700,0,665,0,0,0,0
"518",0,0,1,0,0,0,0
"519",705,54,719,69,73,24,16
"520",698,0,715,0,2,0,0
"521",0,0,1,0,0,0,0
"522",708,55,713,69,84,21,25
"523",684,56,684,73,67,23,22
"524",714,0,742,0,0,0,0
"525",0,0,1,0,0,0,0
"526",717,0,715,0,0,0,0
"527",709,51,713,74,77,17,17
"528",702,56,720,77,73,27,18
"529",711,0,748,0,0,0,0
"530",684,0,715,0,0,0,0
"531",686,0,703,0,0,0,0
"532",708,58,713,71,79,27,24
"533",0,0,1,0,0,0,0
"534",706,57,707,73,81,24,16
"535",706,0,694,0,0,0,0
"536",709,1,736,1,0,0,1
"537",694,58,702,75,77,30,24
"538",701,0,733,0,0,0,0
"539",706,1,719,0,0,0,0
"540",694,0,710,0,0,0,0
"541",709,0,728,1,0,0,0
"542",0,0,1,0,0,0,0
"543",1,0,1,0,0,0,0
"544",0,0,1,0,0,0,0
"545",709,0,740,0,0,0,0
"546",707,57,693,72,77,22,19
"547",700,0,687,0,0,0,0
"548",0,0,1,0,0,0,0
"549",706,55,722,67,67,25,22
"550",0,0,2,0,0,0,0
"551",703,0,693,0,0,0,0
"552",700,57,723,71,85,25,24
"553",700,0,708,0,0,0,0
"554",708,55,714,68,71,19,17
"555",697,57,702,68,72,25,15
"556",707,59,718,67,67,22,14
"557",708,55,689,72,80,27,24
"558",704,57,719,68,69,26,21
"559",690,52,720,59,70,22,20
"560",701,0,713,0,0,0,0
"561",705,57,711,72,75,20,27
"562",689,0,721,0,0,0,0
"563",709,59,702,62,79,19,20
"564",714,0,727,0,0,0,0
"565",704,52,711,68,78,27,19
"566",700,60,735,80,71,27,16
"567",0,0,2,0,0,0,0
"568",704,0,750,0,0,0,0
"569",694,55,728,77,68,24,22
"570",702,0,719,0,0,0,0
"571",705,1,728,0,0,0,0
"572",714,56,725,67,78,25,22
"573",707,0,713,0,0,0,0
"574",687,56,676,72,66,24,21
"575",707,0,707,0,0,0,0
"576",0,0,2,0,0,0,0
"577",711,54,729,73,64,23,21
"578",693,0,715,2,0,0,0
"579",693,49,682,65,70,19,19
"580",692,56,686,78,79,28,24
"581",705,45,744,55,60,23,12
"582",710,59,717,78,86,25,17
"583",709,1,716,0,0,0,0
"584",701,0,730,0,0,0,0
"585",705,58,740,70,77,17,21
"586",704,56,710,71,67,21,19
"587",0,0,1,0,0,0,0
"588",698,0,724,0,0,0,0
"589",0,0,1,0,0,0,0
"590",695,1,735,0,0,0,0
"591",698,59,710,73,73,26,22
"592",711,0,737,0,0,0,0
"593",0,0,1,0,0,0,0
"594",689,48,721,61,69,19,15
"595",696,0,715,0,0,0,0
"596",697,59,721,69,71,21,15
"597",711,0,707,0,0,0,0
"598",696,57,713,61,69,20,15
"599",695,0,694,0,0,0,0
"600",693,56,716,76,61,26,23
"601",691,59,698,79,79,32,24
"602",0,0,1,0,0,0,0
"603",696,54,717,71,70,18,25
"604",678,54,664,72,67,24,25
"605",703,0,702,0,0,0,0
"606",709,0,740,0,0,0,0
"607",718,0,693,0,0,0,0
"608",696,0,703,0,0,0,0
"609",0,0,1,0,0,0,0
"610",711,0,716,1,0,0,0
"611",696,0,724,0,0,0,0
"612",707,54,701,67,75,20,12
"613",703,57,729,76,80,29,22
"614",0,0,1,0,0,0,0
"615",706,56,704,76,73,20,23
"616",705,0,719,1,0,0,1
"617",706,55,722,71,63,26,19
"618",705,0,742,0,0,0,0
"619",701,0,701,0,0,0,0
"620",702,1,721,0,0,0,0
"621",705,55,711,67,69,20,20
"622",695,51,712,62,59,19,15
"623",693,53,709,74,70,24,24
"624",0,0,1,0,0,0,0
"625",706,57,713,80,74,22,17
"626",0,0,1,0,0,0,0
"627",693,57,714,71,70,30,28
"628",714,53,714,69,76,26,19
"629",706,57,704,76,79,24,28
"630",694,0,713,0,0,0,0
"631",712,1,715,0,0,0,0
"632",710,0,704,0,0,0,0
"633",710,55,719,66,65,30,19
"634",720,53,731,58,83,24,18
"635",1,0,1,0,0,0,0
"636",700,53,732,70,67,22,17
"637",708,55,709,68,77,20,23
"638",0,0,1,0,0,0,0
"639",703,0,716,0,0,0,0
"640",705,0,719,0,0,0,0
"641",690,57,693,68,64,22,14
"642",0,0,1,0,0,0,0
"643",699,45,698,58,60,17,16
"644",695,56,715,68,73,25,25
"645",698,54,735,70,75,20,19
"646",711,0,733,0,0,0,0
"647",0,0,0,0,0,0,0
"648",698,55,723,70,75,22,21
"649",709,0,724,1,0,0,0
"650",699,53,720,66,78,20,11
"651",703,0,730,0,0,0,0
"652",716,0,697,0,1,0,0
"653",708,0,718,0,0,0,0
"654",709,59,720,66,77,24,28
"655",708,0,725,0,0,0,0
"656",701,55,699,75,87,28,25
"657",709,49,735,64,65,19,15
"658",718,54,711,64,74,18,27
"659",704,0,722,0,0,0,0
"660",706,0,730,0,0,0,0
"661",704,0,724,0,0,0,0
"662",0,0,1,0,0,0,0
"663",710,0,712,1,1,0,0
"664",703,0,712,0,0,0,0
"665",710,0,729,0,0,0,0
"666",2,0,1,0,0,0,0
"667",701,2,733,0,0,0,0
"668",0,0,1,0,0,0,0
"669",711,56,719,72,59,26,15
"670",704,53,705,67,71,20,14
"671",706,1,734,0,2,0,0
"672",703,55,712,68,70,13,16
"673",700,59,723,85,85,30,19
"674",687,0,697,0,0,0,0
"675",0,0,1,0,0,0,0
"676",704,0,712,0,0,0,0
"677",0,0,1,0,0,0,0
"678",711,0,753,0,0,0,0
"679",693,55,737,73,82,20,29
"680",688,0,711,0,0,0,0
"681",700,59,693,73,82,29,14
"682",715,0,728,0,0,0,0
"683",708,53,715,67,69,17,22
"684",714,54,710,66,70,23,20
"685",699,0,700,0,0,0,0
"686",693,0,710,0,1,0,0
"687",693,0,704,0,0,0,0
"688",716,55,723,69,68,27,20
"689",708,0,722,0,0,0,0
"690",694,0,710,0,0,0,0
"691",699,58,702,64,81,22,19
"692",0,0,1,0,0,0,0
"693",704,57,724,70,76,24,21
"694",714,0,695,0,0,0,0
"695",0,0,1,0,0,0,0
"696",698,56,710,75,78,22,20
"697",711,59,713,66,75,24,25
"698",708,55,716,59,60,16,14
"699",700,0,711,0,0,0,1
"700",709,0,721,0,0,0,0
"701",0,0,1,0,0,0,0
"702",695,0,697,0,0,0,0
"703",716,60,730,67,73,28,31
"704",695,0,698,0,0,0,0
"705",704,0,725,0,0,0,0
"706",714,58,730,67,72,16,20
"707",700,0,716,0,0,0,0
"708",711,0,717,0,0,0,0
"709",693,0,682,0,0,0,1
"710",695,60,690,72,69,20,20
"711",0,0,1,0,0,0,0
"712",696,55,710,72,75,24,19
"713",695,52,707,69,66,22,23
"714",0,0,1,0,0,0,0
"715",693,0,720,0,1,0,0
"716",701,56,724,67,79,24,21
"717",702,56,724,71,74,25,24
"718",703,0,712,0,0,0,0
"719",0,0,1,0,0,0,0
"720",0,0,1,0,0,0,0
"721",0,0,1,0,0,0,0
"722",0,0,1,0,0,0,0
"723",701,1,704,0,0,0,0
"724",716,50,732,71,67,16,18
"725",700,0,714,0,0,0,0
"726",0,0,1,0,0,0,0
"727",706,57,705,82,74,33,26
"728",703,59,726,66,83,21,18
"729",705,0,722,0,0,0,0
"730",0,0,1,0,0,0,0
"731",704,0,729,0,0,0,0
"732",697,56,710,66,71,22,28
"733",696,0,714,0,0,0,0
"734",707,0,730,0,0,0,0
"735",0,0,2,0,0,0,0
"736",0,0,1,0,0,0,0
"737",706,48,729,63,66,22,15
"738",0,0,1,0,0,0,0
"739",708,0,731,0,1,0,0
"740",0,0,0,0,0,0,0
"741",0,0,1,0,0,0,0
"742",706,0,690,0,0,0,0
"743",711,56,746,70,79,25,22
"744",0,0,1,0,0,0,0
"745",714,0,721,0,0,0,0
"746",0,0,1,0,0,0,0
"747",702,0,708,0,0,0,0
"748",699,0,689,0,0,0,0
"749",697,54,702,70,75,26,17
"750",696,0,725,0,0,0,0
"751",691,49,717,60,73,18,18
"752",699,58,708,74,76,22,24
"753",711,0,717,0,0,0,0
"754",696,0,724,0,0,0,0
"755",706,0,720,0,0,0,0
"756",0,0,1,0,0,0,0
"757",702,54,707,73,81,26,18
"758",710,54,727,71,73,21,16
"759",705,0,723,0,0,0,0
"760",706,0,724,0,0,0,0
"761",703,0,726,0,0,0,0
"762",703,0,693,0,0,0,0
"763",702,0,693,0,1,0,0
"764",699,53,720,72,77,22,15
"765",688,0,696,0,0,0,0
"766",690,60,726,82,68,22,16
"767",710,0,723,0,0,0,0
"768",0,0,1,0,0,0,0
"769",700,0,698,0,0,0,0
"770",709,56,728,66,74,20,16
"771",710,0,722,0,0,0,0
"772",702,56,723,68,68,20,20
"773",710,0,716,0,0,0,0
"774",0,0,1,0,0,0,0
"775",706,59,689,75,80,24,14
"776",706,0,704,0,1,0,1
"777",686,53,717,71,68,21,14
"778",0,0,1,0,0,0,0
"779",699,4,744,1,2,2,0
"780",711,0,705,0,0,0,0
"781",700,58,729,74,79,29,19
"782",700,51,713,72,69,22,19
"783",700,59,699,75,75,20,17
"784",708,0,738,0,0,0,0
"785",687,0,703,0,0,0,0
"786",718,56,735,69,75,23,16
"787",706,0,731,0,0,0,0
"788",0,0,1,0,0,0,0
"789",702,1,733,0,1,0,0
"790",703,51,739,56,74,21,21
"791",708,0,730,0,0,0,0
"792",704,52,718,66,66,24,20
"793",0,0,0,0,0,0,0
"794",0,0,1,0,0,0,0
"795",706,0,736,0,0,0,0
"796",722,0,732,0,0,0,0
"797",704,54,701,61,67,19,12
"798",706,54,739,69,73,19,15
"799",706,57,718,79,82,26,16
"800",715,0,724,0,0,0,0
"801",710,54,729,71,82,26,15
"802",714,0,736,0,1,0,0
"803",701,53,721,79,75,32,25
"804",707,0,726,0,0,0,0
"805",1,0,1,0,0,0,0
"806",0,0,1,0,0,0,0
"807",697,0,723,0,0,0,0
"808",708,0,710,0,0,0,0
"809",2,0,1,0,0,0,0
"810",1,0,1,0,0,0,0
"811",720,1,729,0,0,0,0
"812",704,0,731,0,0,0,0
"813",715,0,754,0,0,0,0
"814",702,57,719,69,84,23,20
"815",703,0,718,0,0,0,0
"816",0,0,1,0,0,0,0
"817",690,50,727,54,65,12,16
"818",700,0,732,0,0,0,0
"819",2,0,2,0,0,0,0
"820",718,0,723,0,0,0,0
"821",700,51,726,58,60,14,12
"822",696,0,706,0,0,0,0
"823",715,55,720,62,79,26,23
"824",714,0,725,0,0,0,0
"825",717,56,749,72,66,20,17
"826",700,57,726,69,86,28,24
"827",689,54,694,66,75,23,18
"828",0,0,1,0,0,0,0
"829",713,54,724,73,77,22,22
"830",701,0,694,0,0,0,0
"831",702,50,721,64,92,23,18
"832",710,55,719,73,83,21,26
"833",0,0,2,0,0,0,0
"834",0,0,2,0,0,0,0
"835",1,0,1,0,0,0,0
"836",694,0,736,0,0,0,0
"837",707,50,723,71,60,21,18
"838",690,54,705,69,68,25,25
"839",705,0,707,1,1,2,0
"840",695,55,694,67,73,21,26
"841",0,0,1,0,0,0,0
"842",707,56,746,62,68,20,17
"843",694,0,732,1,2,1,0
"844",696,0,727,0,0,0,0
"845",1,0,1,0,0,0,0
"846",703,57,717,59,70,22,18
"847",693,0,700,0,0,0,0
"848",703,2,707,0,0,0,0
"849",711,55,725,75,64,17,18
"850",716,59,750,78,92,28,22
"851",697,58,738,74,77,24,21
"852",716,0,728,0,0,0,0
"853",702,52,737,54,66,18,15
"854",707,52,734,79,87,21,17
"855",702,0,729,0,0,0,0
"856",702,60,702,73,77,21,19
"857",710,0,679,0,0,0,0
"858",704,55,726,76,78,24,27
"859",0,0,1,0,0,0,0
"860",706,0,714,0,0,0,0
"861",691,59,697,76,80,22,13
"862",712,0,722,0,0,0,0
"863",710,51,722,69,69,22,21
"864",709,57,707,76,81,22,27
"865",708,0,720,0,0,0,0
"866",683,0,709,0,0,0,0
"867",703,0,702,0,0,0,0
"868",1,0,1,0,0,0,0
"869",719,54,721,81,84,27,23
"870",702,55,719,69,69,18,24
"871",688,0,657,0,0,0,0
"872",702,55,727,62,79,24,20
"873",705,55,726,77,76,27,17
"874",0,0,1,0,0,0,0
"875",710,57,711,73,73,26,25
"876",704,55,713,76,78,29,20
"877",694,0,704,0,0,1,0
"878",720,56,717,77,80,30,27
"879",683,0,706,0,0,0,0
"880",705,0,728,0,0,0,0
"881",702,57,716,76,84,24,15
"882",705,0,701,0,0,0,0
"883",701,0,700,0,0,0,0
"884",706,54,708,70,69,21,18
"885",708,59,709,71,82,23,19
"886",703,2,721,1,0,0,1
"887",699,59,720,76,79,27,18
"888",713,58,722,78,79,24,20
"889",697,0,731,0,0,0,0
"890",692,54,721,69,71,21,12
"891",702,58,700,74,85,19,18
"892",708,0,703,0,1,0,0
"893",705,57,696,61,71,23,22
"894",689,1,733,0,1,0,1
"895",0,0,2,0,0,0,0
"896",1,0,1,0,0,0,0
"897",709,0,726,0,0,0,0
"898",716,53,719,59,78,14,12
"899",701,0,706,0,0,0,0
"900",707,0,722,0,0,1,0
"901",0,0,1,0,0,0,0
"902",701,0,718,0,0,0,0
"903",0,0,1,0,0,0,0
"904",694,0,691,0,0,0,0
"905",702,0,730,0,0,0,0
"906",700,56,720,80,76,23,18
"907",701,0,722,0,1,0,0
"908",710,51,714,78,67,25,20
"909",705,58,728,74,77,21,19
"910",709,57,738,74,62,21,18
"911",705,0,699,0,0,0,0
"912",706,57,721,72,71,24,20
"913",711,57,747,70,82,26,17
"914",0,0,1,0,0,0,0
"915",710,59,724,69,72,20,17
"916",707,0,722,0,0,0,0
"917",0,0,1,0,0,0,0
"918",704,55,690,71,59,28,15
"919",703,62,709,80,69,29,23
"920",714,5,729,4,7,2,2
"921",712,55,735,73,78,25,20
"922",701,0,724,0,0,0,0
"923",0,0,1,0,0,0,0
"924",704,53,731,71,66,20,27
"925",703,58,719,73,64,28,32
"926",707,0,704,0,0,0,0
"927",702,0,727,0,0,0,0
"928",697,0,729,0,0,0,0
"929",697,56,696,59,72,18,21
"930",0,0,1,0,0,0,0
"931",0,0,1,0,0,0,0
"932",701,0,718,0,0,0,0
"933",700,58,719,64,72,26,19
"934",717,0,708,0,0,0,0
"935",707,60,755,79,77,26,21
"936",710,0,725,0,0,0,0
"937",696,0,703,0,0,0,0
"938",0,0,1,0,0,0,0
"939",0,0,1,0,0,0,0
"940",688,57,707,72,73,17,19
"941",700,54,736,73,70,23,25
"942",694,57,693,69,75,20,16
"943",693,58,704,77,76,28,15
"944",712,47,717,61,61,21,15
"945",695,55,700,80,71,24,17
"946",709,54,715,79,78,25,17
"947",701,0,701,0,0,0,0
"948",692,0,707,0,0,0,0
"949",710,0,727,0,0,0,0
"950",711,0,728,0,0,0,0
"951",0,0,1,0,0,0,0
"952",711,0,708,0,0,0,0
"953",0,0,1,0,0,0,0
"954",713,58,749,69,71,18,19
"955",717,0,706,0,1,0,0
"956",0,0,1,0,0,0,0
"957",0,0,1,0,0,0,0
"958",0,0,1,0,0,0,0
"959",714,0,722,0,0,0,0
"960",700,57,691,77,75,25,16
"961",698,0,716,0,0,0,0
"962",707,0,701,0,0,0,0
"963",704,0,710,2,0,0,0
"964",710,0,707,0,0,0,0
"965",708,0,701,0,2,0,0
"966",712,0,726,0,0,0,0
"967",0,0,1,0,0,0,0
"968",700,58,680,77,85,27,18
"969",701,0,710,0,0,0,0
"970",708,0,738,0,0,0,0
"971",701,57,729,73,63,25,19
"972",0,0,1,0,0,0,0
"973",715,0,708,0,0,0,0
"974",703,0,692,0,0,0,0
"975",704,55,718,65,58,19,21
"976",715,0,728,0,0,0,0
"977",710,58,707,80,79,27,24
"978",709,56,741,68,73,19,21
"979",0,0,1,0,0,0,0
"980",707,0,710,0,0,0,0
"981",698,1,699,0,1,1,0
"982",710,58,729,74,74,24,15
"983",0,0,2,0,0,0,0
"984",1,0,2,0,0,0,0
"985",0,0,1,0,0,0,0
"986",709,55,714,67,76,24,17
"987",709,53,732,77,73,23,22
"988",0,0,1,0,0,0,0
"989",700,0,712,0,0,0,0
"990",690,56,736,65,85,18,25
"991",0,0,1,0,0,0,0
"992",705,56,718,72,71,21,17
"993",686,58,743,71,81,23,19
"994",708,56,722,64,72,18,19
"995",702,56,738,62,80,26,19
"996",692,0,694,0,0,0,0
"997",720,2,716,0,2,0,0
"998",704,4,724,0,1,1,2
"999",711,59,725,72,70,20,17
"1000",716,53,719,64,67,19,16
"1001",716,53,726,64,70,28,13
"1002",683,0,705,0,0,0,0
"1003",694,0,718,0,0,0,0
"1004",704,0,709,0,0,0,0
"1005",686,55,726,79,85,30,26
"1006",0,0,1,0,0,0,0
"1007",715,59,714,71,69,23,21
"1008",709,0,716,0,0,0,0
"1009",706,0,723,0,0,0,0
"1010",704,0,734,0,0,1,0
"1011",710,58,731,69,70,16,15
"1012",689,0,723,0,0,0,0
"1013",700,53,728,70,72,24,15
"1014",700,59,721,70,71,22,17
"1015",0,0,1,0,0,0,0
"1016",707,0,711,1,2,0,1
"1017",691,0,712,0,0,0,0
"1018",697,0,745,0,0,0,0
"1019",689,1,727,0,0,0,0
"1020",711,0,712,0,1,0,0
"1021",0,0,1,0,0,0,0
"1022",0,0,1,0,0,0,0
"1023",703,0,725,0,0,0,0
"1024",702,55,719,76,69,24,21
"1025",706,0,718,0,0,0,0
"1026",709,0,707,0,0,0,0
"1027",708,0,728,0,1,0,0
"1028",0,0,1,0,0,0,0
"1029",710,0,743,0,1,0,0
"1030",689,0,705,0,0,0,0
"1031",707,60,704,71,78,28,28
"1032",710,54,710,79,75,25,23
"1033",696,0,714,0,0,0,0
"1034",705,60,726,68,73,21,29
"1035",695,58,733,82,79,25,18
"1036",704,0,692,1,0,0,0
"1037",709,2,729,2,4,3,0
"1038",688,54,706,76,72,21,20
"1039",705,0,732,0,0,0,0
"1040",707,0,722,0,0,0,0
"1041",695,51,724,76,59,24,20
"1042",711,57,738,71,61,27,25
"1043",705,52,733,62,73,24,15
"1044",708,0,719,0,0,0,0
"1045",713,54,685,73,83,24,17
"1046",711,59,744,69,73,28,20
"1047",705,1,739,0,0,0,0
"1048",684,52,713,61,68,22,16
"1049",707,56,711,65,79,24,11
"1050",696,0,705,0,0,0,0
"1051",0,0,1,0,0,0,0
"1052",710,59,721,67,71,29,20
"1053",715,53,725,68,65,21,15
"1054",0,0,1,0,0,0,0
"1055",705,53,724,75,70,27,16
"1056",0,0,1,0,0,0,0
"1057",697,53,712,68,76,29,18
"1058",715,56,757,69,59,27,11
"1059",712,58,718,67,66,30,22
"1060",690,55,737,69,78,23,18
"1061",709,0,696,0,0,0,0
"1062",695,0,688,0,0,0,0
"1063",712,0,706,0,0,0,0
"1064",704,51,714,67,67,24,22
"1065",700,0,721,0,0,0,0
"1066",692,55,711,64,60,21,22
"1067",702,0,738,0,0,0,0
"1068",689,0,707,0,0,0,0
"1069",685,0,670,0,0,0,0
"1070",708,54,723,68,63,23,15
"1071",701,0,716,0,1,0,0
"1072",707,59,719,74,84,27,21
"1073",3,0,2,0,0,0,0
"1074",699,52,720,61,68,21,22
"1075",695,0,701,0,0,0,0
"1076",700,56,722,71,65,28,18
"1077",711,56,743,71,68,23,26
"1078",707,0,728,0,0,0,0
"1079",708,0,714,0,0,0,0
"1080",713,55,736,70,80,17,21
"1081",711,59,708,71,78,25,23
"1082",706,0,708,0,0,0,0
"1083",0,0,1,0,0,0,0
"1084",699,0,684,0,0,0,0
"1085",700,55,700,72,68,16,23
"1086",712,57,725,72,81,27,19
"1087",703,0,709,0,0,0,0
"1088",713,0,732,1,0,0,0
"1089",706,0,717,0,0,0,0
"1090",703,0,706,0,0,0,0
"1091",699,0,717,0,0,0,0
"1092",0,0,2,0,0,0,0
"1093",715,54,734,66,72,25,21
"1094",700,55,690,73,78,25,24
"1095",700,0,693,0,0,0,0
"1096",0,0,1,0,0,0,0
"1097",701,60,718,75,75,21,16
"1098",714,0,715,0,0,0,0
"1099",709,0,728,0,0,0,0
"1100",0,0,1,0,0,0,0
"1101",709,0,732,0,0,0,0
"1102",698,53,713,65,68,21,22
"1103",711,0,705,0,0,0,0
"1104",701,0,694,0,0,1,0
"1105",703,60,723,77,73,23,14
"1106",700,54,730,69,87,24,27
"1107",699,57,714,75,83,23,23
"1108",708,0,731,0,0,0,0
"1109",0,0,1,0,0,0,0
"1110",705,56,720,72,75,21,15
"1111",723,51,728,65,77,23,16
"1112",705,60,714,71,70,20,23
"1113",709,0,732,0,0,0,0
"1114",714,58,712,73,79,24,21
"1115",702,58,704,76,73,25,20
"1116",708,0,715,0,0,0,0
"1117",708,0,731,1,0,0,0
"1118",686,59,715,68,68,27,16
"1119",703,53,721,66,68,24,24
"1120",0,0,1,0,0,0,0
"1121",712,49,708,64,63,25,15
"1122",0,0,1,0,0,0,0
"1123",695,53,702,72,70,24,16
"1124",717,0,728,0,0,0,0
"1125",698,56,725,78,74,27,20
"1126",715,0,748,0,0,0,0
"1127",700,57,713,71,66,27,14
"1128",704,57,712,63,70,23,15
"1129",707,58,718,69,68,26,22
"1130",713,51,725,61,71,29,23
"1131",705,0,723,0,1,0,0
"1132",713,0,714,0,0,0,0
"1133",703,55,708,70,75,26,20
"1134",703,0,698,0,0,0,0
"1135",696,0,686,1,1,0,0
"1136",2,0,1,0,0,0,0
"1137",698,1,705,0,1,0,0
"1138",701,53,721,69,67,22,14
"1139",0,0,1,0,0,0,0
"1140",704,2,700,2,0,1,0
"1141",710,0,733,0,0,0,0
"1142",702,57,731,75,88,31,19
"1143",687,54,695,68,65,15,22
"1144",706,53,731,65,67,23,17
"1145",699,57,708,69,79,23,15
"1146",703,1,721,0,0,0,0
"1147",0,0,1,0,0,0,0
"1148",692,50,719,72,84,23,18
"1149",714,58,729,69,77,19,23
"1150",707,58,720,70,72,22,22
"1151",703,56,701,71,80,21,21
"1152",700,0,664,1,0,0,1
"1153",707,0,689,0,0,0,0
"1154",698,0,729,0,0,0,0
"1155",702,54,701,70,81,25,23
"1156",694,0,698,0,0,0,0
"1157",718,0,726,0,1,0,0
"1158",703,0,728,0,0,0,1
"1159",711,55,711,74,81,25,17
"1160",0,0,1,0,0,0,0
"1161",717,57,709,67,90,22,19
"1162",702,56,736,76,75,24,18
"1163",0,0,1,0,0,0,0
"1164",707,0,703,0,0,0,0
"1165",697,55,722,66,72,13,14
"1166",718,53,738,61,68,17,22
"1167",694,56,716,64,66,17,24
"1168",0,0,1,0,0,0,0
"1169",700,0,725,0,0,0,0
"1170",0,0,1,0,0,0,0
"1171",0,0,1,0,0,0,0
"1172",708,59,712,76,81,25,24
"1173",0,0,1,0,0,0,0
"1174",697,0,727,0,0,0,0
"1175",0,0,1,0,0,0,0
"1176",702,51,725,54,60,14,15
"1177",698,53,738,67,73,19,17
"1178",687,52,701,77,80,18,23
"1179",709,0,722,0,0,0,0
"1180",719,53,727,66,77,20,24
"1181",709,51,714,59,65,26,20
"1182",706,56,724,69,74,21,17
"1183",1,0,1,0,0,0,0
"1184",709,0,703,0,0,0,0
"1185",698,1,712,0,0,0,0
"1186",1,0,1,0,0,0,0
"1187",716,55,723,66,70,19,17
"1188",707,58,706,72,78,22,25
"1189",716,0,714,0,0,0,0
"1190",702,52,728,69,70,22,16
"1191",0,0,1,0,0,0,0
"1192",0,0,1,0,0,0,0
"1193",0,0,0,0,0,0,0
"1194",707,0,713,0,0,0,0
"1195",714,0,714,0,0,1,0
"1196",0,0,1,0,0,0,0
"1197",696,58,712,62,78,21,19
"1198",703,54,718,73,79,29,26
"1199",710,51,737,65,71,24,17
"1200",702,58,698,73,75,20,14
"1201",0,0,1,0,0,0,0
"1202",710,58,735,71,76,23,18
"1203",704,0,719,0,0,0,0
"1204",695,0,717,0,0,0,0
"1205",704,0,718,0,0,0,0
"1206",707,57,751,68,74,29,20
"1207",704,57,742,69,69,19,20
"1208",713,0,711,0,0,0,0
"1209",703,0,698,1,0,0,1
"1210",696,0,697,0,0,0,0
"1211",0,0,1,0,0,0,0
"1212",696,57,718,75,77,18,20
"1213",693,0,712,0,0,0,0
"1214",714,54,712,67,69,21,18
"1215",701,55,733,68,58,22,17
"1216",686,0,696,0,0,0,0
"1217",698,0,707,0,0,0,0
"1218",714,59,704,73,85,29,18
"1219",696,53,725,66,75,23,15
"1220",706,57,730,68,76,22,18
"1221",707,54,726,70,69,23,23
"1222",707,0,710,0,0,0,0
"1223",0,0,1,0,0,0,0
"1224",705,62,735,72,66,25,16
"1225",718,54,747,80,75,17,27
"1226",711,57,708,80,77,25,15
"1227",690,53,734,69,78,27,22
"1228",0,0,1,0,0,0,0
"1229",699,57,717,72,72,22,29
"1230",0,0,1,0,0,0,0
"1231",0,0,1,0,0,0,0
"1232",1,0,1,0,0,0,0
"1233",709,52,732,75,71,20,17
"1234",707,0,703,0,0,0,0
"1235",704,49,720,69,62,17,15
"1236",693,53,690,65,66,17,11
"1237",714,0,719,0,0,0,0
"1238",692,0,718,0,0,0,0
"1239",696,60,732,72,72,26,18
"1240",709,0,732,0,0,0,0
"1241",709,0,695,1,2,0,0
"1242",701,54,726,72,66,29,16
"1243",713,0,724,0,0,0,0
"1244",702,56,700,66,68,25,17
"1245",691,58,702,66,68,20,17
"1246",714,53,707,66,70,26,7
"1247",706,0,715,1,0,0,0
"1248",0,0,1,0,0,0,0
"1249",694,0,710,0,1,0,0
"1250",700,0,721,0,0,0,1
"1251",702,0,712,0,0,0,0
"1252",708,0,687,0,0,0,0
"1253",710,57,731,74,76,31,20
"1254",710,0,732,0,0,0,0
"1255",708,0,697,0,0,0,0
"1256",706,0,732,0,0,0,0
"1257",700,0,722,0,0,0,0
"1258",713,52,710,58,65,21,15
"1259",690,59,719,64,66,23,22
"1260",0,0,1,0,0,0,0
"1261",710,56,714,69,77,25,18
"1262",708,0,717,0,0,0,0
"1263",683,53,687,72,71,22,21
"1264",702,0,712,0,0,0,0
"1265",1,0,2,0,0,0,0
"1266",0,0,1,0,0,0,0
"1267",0,0,1,0,0,0,0
"1268",1,0,1,0,0,0,0
"1269",0,0,1,0,0,0,0
"1270",713,54,702,74,71,21,15
"1271",698,57,702,69,72,28,28
"1272",705,0,712,1,0,0,0
"1273",694,0,706,0,0,0,0
"1274",714,54,737,80,76,25,21
"1275",703,51,715,74,74,22,16
"1276",693,0,741,1,0,0,0
"1277",0,0,1,0,0,0,0
"1278",708,0,709,0,0,0,0
"1279",706,56,699,65,73,20,19
"1280",696,52,748,74,66,22,16
"1281",702,56,723,71,78,27,12
"1282",707,57,733,66,66,21,22
"1283",701,0,720,0,0,0,0
"1284",704,0,734,0,0,0,0
"1285",696,0,700,0,0,0,0
"1286",710,54,730,68,87,30,16
"1287",707,50,733,71,72,22,19
"1288",702,0,719,0,1,0,0
"1289",703,0,740,0,0,0,0
"1290",700,55,711,66,76,24,21
"1291",0,0,1,0,0,0,0
"1292",0,0,1,0,0,0,0
"1293",0,0,1,0,0,0,0
"1294",697,0,720,0,0,0,0
"1295",697,53,704,77,74,22,25
"1296",711,0,730,0,0,0,0
"1297",701,0,710,0,0,0,0
"1298",719,56,718,73,77,23,18
"1299",699,0,731,0,0,0,0
"1300",713,0,721,0,0,0,0
"1301",695,54,735,72,79,18,26
"1302",709,0,705,0,0,0,0
"1303",701,57,701,70,71,29,26
"1304",1,0,1,0,0,0,0
"1305",694,58,705,65,71,27,15
"1306",698,0,713,0,0,1,0
"1307",706,56,742,65,70,17,16
"1308",0,0,1,0,0,0,0
"1309",711,0,699,0,0,0,0
"1310",0,0,1,0,0,0,0
"1311",711,1,716,3,2,0,0
"1312",0,0,2,0,0,0,0
"1313",0,0,1,0,0,0,0
"1314",0,0,1,0,0,0,0
"1315",713,0,720,0,0,0,0
"1316",698,1,702,0,0,0,0
"1317",706,1,734,5,4,0,1
"1318",700,58,712,82,83,27,18
"1319",0,0,1,0,0,0,0
"1320",711,53,736,77,70,19,18
"1321",706,0,730,0,0,0,0
"1322",704,0,723,0,0,0,0
"1323",685,59,714,83,74,27,19
"1324",710,54,721,66,78,15,19
"1325",699,0,721,0,0,0,0
"1326",712,0,731,0,0,0,0
"1327",1,0,1,0,0,0,0
"1328",692,57,702,70,80,23,21
"1329",0,0,1,0,0,0,0
"1330",701,0,692,0,0,0,0
"1331",703,0,687,0,0,0,0
"1332",690,0,698,0,0,0,0
"1333",708,50,729,62,67,22,19
"1334",0,0,1,0,0,0,0
"1335",706,0,706,0,0,0,0
"1336",698,56,709,72,75,19,17
"1337",703,50,716,72,65,25,15
"1338",0,0,1,0,0,0,0
"1339",0,0,2,0,0,0,0
"1340",705,3,720,0,2,0,0
"1341",1,0,1,0,0,0,0
"1342",692,0,695,0,0,0,0
"1343",1,0,1,0,0,0,0
"1344",0,0,1,0,0,0,0
"1345",693,0,709,0,0,0,0
"1346",714,58,711,63,79,31,21
"1347",700,54,720,71,69,21,13
"1348",716,0,718,0,0,0,0
"1349",694,0,678,0,0,0,1
"1350",703,57,714,71,82,28,27
"1351",711,0,750,0,0,0,0
"1352",698,54,720,65,76,14,14
"1353",707,0,697,0,0,0,0
"1354",700,0,710,0,0,0,0
"1355",698,0,693,0,0,0,0
"1356",0,0,1,0,0,0,0
"1357",710,0,742,0,0,0,0
"1358",710,58,712,65,70,14,23
"1359",0,0,1,0,0,0,0
"1360",695,54,716,71,62,22,15
"1361",712,0,708,0,0,0,0
"1362",0,0,1,0,0,0,0
"1363",704,0,688,0,1,0,0
"1364",0,0,1,0,0,0,0
"1365",3,0,3,0,0,0,0
"1366",0,0,1,0,0,0,0
"1367",0,0,1,0,0,0,0
"1368",1,0,1,0,0,0,0
"1369",0,0,1,0,0,0,0
"1370",703,53,717,77,76,21,11
"1371",712,0,711,0,0,0,0
"1372",710,0,701,0,0,0,0
"1373",705,0,705,0,0,0,0
"1374",708,56,737,69,73,27,19
"1375",707,0,720,1,0,0,0
"1376",708,47,734,54,69,25,20
"1377",705,0,732,0,0,0,0
"1378",700,53,698,74,85,18,27
"1379",716,57,702,70,77,29,18
"1380",686,47,706,68,64,23,18
"1381",701,56,717,72,76,23,12
"1382",0,0,1,0,0,0,0
"1383",699,0,700,0,0,0,0
"1384",695,0,704,0,0,0,0
"1385",704,50,727,67,75,29,14
"1386",0,0,1,0,0,0,0
"1387",709,55,732,74,78,22,12
"1388",690,55,718,73,62,20,18
"1389",688,57,715,65,79,18,15
"1390",707,0,718,0,0,0,0
"1391",696,0,728,0,2,0,0
"1392",698,56,710,73,70,22,17
"1393",710,54,698,66,59,22,19
"1394",703,55,710,73,74,24,19
"1395",0,0,1,0,0,0,0
"1396",699,2,721,0,0,1,0
"1397",701,55,732,72,77,28,23
"1398",692,56,715,73,74,21,20
"1399",709,55,717,68,78,23,20
"1400",0,0,1,0,0,0,0
"1401",707,0,699,0,0,0,0
"1402",685,0,727,0,0,0,0
"1403",709,50,695,61,68,26,11
"1404",0,0,1,0,0,0,0
"1405",706,0,734,0,0,0,0
"1406",710,2,710,0,2,0,0
"1407",706,0,706,1,0,0,0
"1408",698,0,719,0,0,0,0
"1409",710,50,711,53,54,20,11
"1410",702,0,724,1,1,0,0
"1411",694,57,709,69,62,18,19
"1412",708,0,707,0,0,0,0
"1413",718,0,730,0,0,0,0
"1414",698,0,711,0,0,0,0
"1415",687,0,689,0,0,0,0
"1416",693,0,708,0,0,0,1
"1417",700,59,735,74,81,24,22
"1418",706,52,747,70,84,22,18
"1419",713,0,714,0,0,1,0
"1420",697,55,707,72,73,29,18
"1421",0,0,1,0,0,0,0
"1422",712,54,750,74,74,23,20
"1423",702,57,710,63,79,19,19
"1424",712,57,710,64,67,27,16
"1425",709,54,723,69,70,19,17
"1426",718,49,739,69,74,20,21
"1427",706,0,727,0,0,0,0
"1428",714,3,713,1,0,0,0
"1429",700,57,702,78,75,21,19
"1430",708,0,711,0,0,0,0
"1431",701,0,730,0,0,0,0
"1432",702,56,729,76,67,21,16
"1433",702,60,718,69,79,20,20
"1434",0,0,1,0,0,0,0
"1435",701,49,729,71,63,21,25
"1436",708,0,704,0,0,0,0
"1437",705,0,742,0,0,0,0
"1438",2,0,4,0,0,0,0
"1439",698,55,733,70,74,22,16
"1440",693,0,702,0,0,0,0
"1441",695,51,694,57,62,18,17
"1442",706,0,702,0,0,0,0
"1443",713,0,722,0,1,0,0
"1444",701,0,716,0,0,0,0
"1445",0,0,1,0,0,0,0
"1446",0,0,1,0,0,0,0
"1447",700,57,724,70,70,18,20
"1448",701,0,698,0,0,0,0
"1449",705,54,724,63,82,19,25
"1450",710,0,708,0,0,0,0
"1451",710,0,705,0,0,0,0
"1452",707,0,717,0,0,0,0
"1453",711,57,721,81,83,27,14
"1454",0,0,1,0,0,0,0
"1455",695,51,736,71,74,22,17
"1456",686,57,710,61,74,22,22
"1457",703,0,717,0,0,0,0
"1458",687,57,676,71,74,24,20
"1459",0,0,1,0,0,0,0
"1460",0,0,1,0,0,0,0
"1461",704,59,734,76,71,28,25
"1462",713,57,723,66,67,21,21
"1463",708,0,734,0,0,0,0
"1464",700,53,705,67,64,19,17
"1465",702,0,739,0,0,0,0
"1466",693,0,705,0,0,0,0
"1467",700,2,730,4,3,1,0
"1468",0,0,1,0,0,0,0
"1469",704,0,705,0,0,0,0
"1470",0,0,1,0,0,0,0
"1471",709,60,725,72,78,24,24
"1472",714,53,723,66,75,26,19
"1473",704,56,747,73,72,27,22
"1474",705,0,706,0,1,0,0
"1475",689,0,698,0,0,0,0
"1476",706,56,713,68,75,20,16
"1477",0,0,1,0,0,0,0
"1478",0,0,1,0,0,0,0
"1479",709,0,724,0,0,0,0
"1480",715,55,724,71,74,18,23
"1481",708,60,725,74,75,19,28
"1482",711,0,701,0,0,0,0
"1483",0,0,1,0,0,0,0
"1484",691,0,716,0,0,0,0
"1485",0,0,3,0,0,0,0
"1486",702,56,709,70,73,28,18
"1487",706,54,708,79,75,28,19
"1488",706,0,717,0,0,0,0
"1489",689,0,724,0,0,1,0
"1490",699,0,703,0,0,0,0
"1491",695,50,709,61,71,18,16
"1492",686,57,735,69,59,24,23
"1493",1,0,1,0,0,0,0
"1494",705,0,703,0,0,0,0
"1495",708,57,716,77,73,26,22
"1496",697,0,718,0,0,0,0
"1497",696,56,690,75,92,23,22
"1498",697,0,716,0,0,0,0
"1499",699,0,717,0,0,0,0
"1500",704,0,734,0,0,0,0
"1501",713,50,725,76,70,25,14
"1502",705,0,728,0,0,0,0
"1503",697,0,716,2,0,1,0
"1504",707,48,726,72,76,27,25
"1505",698,55,699,70,73,27,28
"1506",0,0,1,0,0,0,0
"1507",707,57,726,76,82,27,17
"1508",709,0,700,0,0,0,0
"1509",700,1,718,2,0,0,0
"1510",698,0,701,0,0,0,0
"1511",697,54,725,64,63,23,16
"1512",0,0,1,0,0,0,0
"1513",702,0,730,0,0,0,0
"1514",0,0,1,0,0,0,0
"1515",697,0,673,0,0,0,0
"1516",699,0,717,0,0,0,0
"1517",706,58,727,66,70,21,26
"1518",702,0,714,0,1,0,0
"1519",697,55,730,68,74,23,21
"1520",697,59,735,76,69,27,16
"1521",714,0,735,0,1,0,0
"1522",708,0,723,0,0,1,0
"1523",696,55,708,68,68,29,13
"1524",697,49,749,64,71,29,20
"1525",0,0,1,0,0,0,0
"1526",690,0,692,0,0,0,0
"1527",712,0,718,0,0,0,0
"1528",0,0,1,0,0,0,0
"1529",697,0,710,0,2,0,0
"1530",695,0,716,0,0,0,0
"1531",701,0,723,0,0,0,0
"1532",700,59,706,82,76,23,22
"1533",705,58,708,70,84,21,24
"1534",705,0,722,0,0,0,0
"1535",706,1,723,0,0,0,0
"1536",701,0,707,0,0,0,0
"1537",695,55,723,67,66,20,28
"1538",1,0,1,0,0,0,0
"1539",709,2,710,0,1,0,0
"1540",710,0,734,0,0,0,0
"1541",709,52,708,65,68,22,17
"1542",692,0,712,0,0,0,0
"1543",704,57,706,69,72,21,22
"1544",700,0,703,0,0,0,0
"1545",708,56,727,68,70,21,16
"1546",701,2,707,0,0,0,0
"1547",0,0,1,0,0,0,0
"1548",700,52,704,75,69,22,25
"1549",703,0,719,1,0,0,0
"1550",0,0,1,0,0,0,0
"1551",706,0,713,0,0,0,0
"1552",698,54,716,73,61,20,20
"1553",705,0,720,0,0,0,0
"1554",0,0,1,0,0,0,0
"1555",703,57,726,74,70,21,27
"1556",700,58,692,75,74,20,14
"1557",700,55,708,71,70,22,26
"1558",693,0,710,0,0,0,0
"1559",0,0,1,0,0,0,0
"1560",0,0,2,0,0,0,0
"1561",711,57,723,75,67,27,7
"1562",693,0,700,0,0,0,0
"1563",717,58,717,76,73,25,28
"1564",695,55,709,72,64,32,18
"1565",702,0,717,0,0,0,0
"1566",0,0,1,0,0,0,0
"1567",0,0,2,0,0,0,0
"1568",701,0,695,0,0,0,0
"1569",2,0,1,0,0,0,0
"1570",705,0,708,0,0,0,0
"1571",715,0,706,0,0,0,0
"1572",704,56,728,74,77,23,19
"1573",702,0,715,0,1,0,0
"1574",691,1,678,0,1,0,1
"1575",700,0,704,0,0,0,0
"1576",710,0,725,0,0,0,0
"1577",714,48,742,53,54,17,7
"1578",717,52,718,79,66,19,24
"1579",709,0,742,0,0,0,0
"1580",711,0,725,0,0,0,0
"1581",710,0,695,0,1,0,0
"1582",705,52,710,69,63,22,13
"1583",717,0,709,0,0,0,0
"1584",707,52,713,66,67,17,22
"1585",698,56,709,75,83,20,19
"1586",711,0,705,0,1,0,0
"1587",710,55,721,70,72,17,18
"1588",0,0,1,0,0,0,0
"1589",692,57,737,78,87,27,19
"1590",708,56,738,75,71,26,20
"1591",708,0,729,0,1,1,0
"1592",707,58,708,73,79,23,19
"1593",699,58,725,77,74,26,18
"1594",704,1,711,0,0,0,0
"1595",710,55,709,57,69,18,14
"1596",0,0,1,0,0,0,0
"1597",703,0,730,0,1,0,0
"1598",706,0,726,0,0,0,0
"1599",703,54,723,71,71,18,16
"1600",695,52,714,65,58,18,18
"1601",696,52,697,70,64,20,16
"1602",697,55,714,73,68,24,20
"1603",703,0,718,0,0,0,0
"1604",692,0,729,0,0,0,0
"1605",699,0,699,0,0,0,1
"1606",0,0,1,0,0,0,0
"1607",700,56,723,77,84,30,21
"1608",695,0,705,0,1,0,0
"1609",702,58,734,75,75,24,28
"1610",712,3,694,2,3,0,1
"1611",1,0,2,0,0,0,0
"1612",717,0,746,0,0,0,0
"1613",0,0,1,0,0,0,0
"1614",700,56,718,71,78,22,22
"1615",0,0,1,0,0,0,0
"1616",702,0,706,0,0,0,0
"1617",710,0,718,0,0,0,0
"1618",705,0,719,0,0,0,0
"1619",701,56,693,75,78,24,18
"1620",714,0,706,0,0,0,0
"1621",0,0,1,0,0,0,0
"1622",697,0,690,0,0,0,0
"1623",702,0,717,1,0,0,0
"1624",711,59,734,82,81,28,26
"1625",703,55,748,58,62,20,20
"1626",709,57,732,70,72,22,20
"1627",0,0,1,0,0,0,0
"1628",715,0,705,1,0,0,0
"1629",709,58,724,73,65,21,11
"1630",706,58,707,79,87,24,20
"1631",686,0,728,0,0,0,0
"1632",711,7,721,2,7,3,1
"1633",709,0,721,0,0,0,0
"1634",695,0,724,0,0,0,0
"1635",0,0,0,0,0,0,0
"1636",712,0,731,0,0,0,0
"1637",697,57,697,78,78,26,19
"1638",707,55,724,74,72,20,19
"1639",697,55,727,68,75,19,17
"1640",708,1,704,0,0,0,0
"1641",702,0,717,0,0,0,0
"1642",706,58,728,78,81,19,20
"1643",701,59,738,75,65,22,22
"1644",0,0,1,0,0,0,0
"1645",706,55,733,74,82,20,27
"1646",705,0,718,0,0,0,0
"1647",705,51,728,65,74,26,24
"1648",713,0,707,1,0,0,0
"1649",702,54,719,66,71,23,16
"1650",707,53,749,72,83,22,19
"1651",0,0,1,0,0,0,0
"1652",702,0,723,0,0,0,0
"1653",703,56,726,68,77,24,23
"1654",699,56,742,77,74,18,21
"1655",710,60,727,69,75,24,19
"1656",691,0,716,0,0,0,0
"1657",710,0,723,0,2,0,0
"1658",0,0,1,0,0,0,0
"1659",690,6,695,1,6,1,4
"1660",710,61,716,71,81,24,18
"1661",708,0,687,0,0,0,0
"1662",707,0,688,1,0,0,0
"1663",0,0,1,0,0,0,0
"1664",706,54,721,64,59,23,21
"1665",707,56,716,61,62,18,14
"1666",0,0,1,0,0,0,0
"1667",708,1,725,0,1,0,0
"1668",704,0,727,0,0,0,0
"1669",688,0,730,0,0,0,0
"1670",698,55,703,64,70,21,23
"1671",702,0,723,0,0,0,0
"1672",699,0,727,0,0,0,0
"1673",695,51,730,72,69,21,12
"1674",701,57,695,71,76,26,30
"1675",717,0,750,0,0,0,0
"1676",707,59,731,76,86,24,16
"1677",707,0,703,0,1,0,0
"1678",716,0,699,0,1,0,0
"1679",717,55,724,73,74,24,18
"1680",719,0,722,0,0,0,0
"1681",697,0,705,0,0,0,0
"1682",0,0,0,0,0,0,0
"1683",713,57,742,76,83,22,18
"1684",704,0,716,0,0,0,0
"1685",1,0,1,0,0,0,0
"1686",704,0,730,0,1,0,0
"1687",0,0,0,0,0,0,0
"1688",708,59,711,65,73,26,23
"1689",700,56,722,68,79,21,19
"1690",0,0,1,0,0,0,0
"1691",0,0,1,0,0,0,0
"1692",697,0,691,0,0,0,0
"1693",684,0,704,0,0,0,0
"1694",706,52,744,63,66,21,23
"1695",711,57,713,72,75,29,18
"1696",713,49,721,69,70,20,20
"1697",0,0,1,0,0,0,0
"1698",697,58,727,66,74,28,15
"1699",703,0,723,1,0,0,0
"1700",701,0,706,0,0,0,0
"1701",710,53,734,62,64,21,12
"1702",0,0,1,0,0,0,0
"1703",702,0,711,0,1,0,0
"1704",707,1,716,1,0,0,0
"1705",684,51,706,70,74,25,16
"1706",700,58,725,73,87,27,22
"1707",703,1,735,0,0,0,0
"1708",693,57,719,67,80,27,19
"1709",699,0,718,0,0,0,0
"1710",710,3,728,0,0,0,0
"1711",0,0,1,0,0,0,0
"1712",689,0,718,0,1,0,0
"1713",707,54,718,67,77,21,21
"1714",707,0,709,0,0,0,0
"1715",700,58,711,79,76,26,26
"1716",715,0,725,0,0,0,0
"1717",701,52,703,73,77,16,22
"1718",707,0,703,0,1,0,0
"1719",704,57,706,76,79,22,16
"1720",713,0,718,0,0,0,0
"1721",693,0,703,0,0,0,0
"1722",713,58,744,74,80,26,24
"1723",708,0,723,0,0,0,0
"1724",718,59,734,75,72,28,18
"1725",719,54,726,65,70,23,19
"1726",0,0,1,0,0,0,0
"1727",707,0,721,0,0,0,0
"1728",0,0,1,0,0,0,0
"1729",711,57,731,70,77,25,19
"1730",689,58,699,80,68,26,25
"1731",701,0,739,0,1,0,0
"1732",698,50,719,63,64,17,18
"1733",698,0,720,0,0,0,0
"1734",0,0,1,0,0,0,0
"1735",0,0,1,0,0,0,0
"1736",0,0,1,0,0,0,0
"1737",711,60,728,81,74,25,17
"1738",702,58,732,75,68,22,20
"1739",697,58,718,73,74,27,14
"1740",712,0,710,0,0,0,0
"1741",711,0,704,0,0,0,0
"1742",692,0,710,0,0,0,0
"1743",694,0,677,0,0,0,0
"1744",692,0,704,0,1,0,0
"1745",719,1,735,0,0,0,0
"1746",708,54,717,63,82,24,17
"1747",706,0,706,0,0,0,0
"1748",0,0,1,0,0,0,0
"1749",701,0,704,0,0,0,0
"1750",704,0,742,0,0,0,0
"1751",716,56,720,70,82,21,20
"1752",715,58,722,65,70,25,23
"1753",705,0,751,0,0,0,0
"1754",0,0,1,0,0,0,0
"1755",706,58,695,63,68,19,17
"1756",701,0,698,0,0,0,0
"1757",694,60,712,71,82,24,21
"1758",700,59,729,73,77,28,25
"1759",0,0,2,0,0,0,0
"1760",0,0,1,0,0,0,0
"1761",2,0,0,0,0,0,0
"1762",714,54,720,72,74,25,21
"1763",711,0,718,0,0,1,0
"1764",687,53,708,69,76,20,17
"1765",708,58,735,74,75,24,23
"1766",705,0,713,0,0,0,0
"1767",0,0,1,0,0,0,0
"1768",713,0,738,0,0,0,0
"1769",0,0,1,0,0,0,0
"1770",707,56,715,76,80,26,13
"1771",706,0,713,0,0,0,0
"1772",715,0,714,0,0,0,0
"1773",0,0,1,0,0,0,0
"1774",707,0,703,0,0,0,0
"1775",700,49,724,61,75,21,16
"1776",711,0,705,0,1,0,0
"1777",0,0,1,0,0,0,0
"1778",701,60,723,76,82,29,23
"1779",701,57,716,73,81,24,19
"1780",708,0,727,0,0,0,0
"1781",681,58,724,73,71,25,22
"1782",0,0,1,0,0,0,0
"1783",700,56,723,67,77,21,21
"1784",0,0,1,0,0,0,0
"1785",706,1,716,1,0,0,2
"1786",709,51,716,66,56,20,8
"1787",708,1,723,0,0,0,0
"1788",713,0,720,0,0,0,0
"1789",705,56,738,66,75,24,24
"1790",715,1,750,1,0,0,0
"1791",711,54,720,65,67,18,15
"1792",1,0,1,0,0,0,0
"1793",686,58,722,73,79,19,20
"1794",0,0,1,0,0,0,0
"1795",706,0,734,0,0,0,0
"1796",708,59,698,80,74,25,19
"1797",712,0,708,0,0,0,0
"1798",689,59,695,77,74,22,24
"1799",707,55,715,77,76,20,18
"1800",701,54,727,75,71,20,22
"1801",689,2,681,1,1,1,0
"1802",713,0,739,0,0,0,0
"1803",695,59,720,72,79,24,14
"1804",700,0,718,0,0,0,0
"1805",709,0,726,0,0,0,0
"1806",692,51,723,64,62,16,22
"1807",715,0,733,0,0,0,0
"1808",0,0,1,0,0,0,0
"1809",0,0,1,0,0,0,0
"1810",0,0,1,0,0,0,0
"1811",703,55,716,68,62,24,14
"1812",704,52,725,74,73,23,23
"1813",710,57,698,76,75,17,20
"1814",696,2,728,5,1,0,1
"1815",690,57,707,66,78,21,23
"1816",716,53,745,69,70,24,17
"1817",0,0,1,0,0,0,0
"1818",711,55,714,70,79,22,26
"1819",703,55,706,80,75,26,21
"1820",692,0,704,0,1,0,0
"1821",0,0,1,0,0,0,0
"1822",699,49,724,68,72,24,17
"1823",705,1,720,0,0,0,0
"1824",694,57,724,67,72,25,21
"1825",698,54,712,62,76,20,16
"1826",712,52,712,63,68,20,15
"1827",0,0,1,0,0,0,0
"1828",714,61,724,76,75,26,19
"1829",714,0,723,0,0,0,0
"1830",709,58,730,77,71,26,21
"1831",699,0,721,0,0,0,0
"1832",708,0,726,0,0,0,0
"1833",0,0,1,0,0,0,0
"1834",0,0,1,0,0,0,0
"1835",710,0,708,1,0,0,0
"1836",695,0,703,0,0,0,0
"1837",689,0,705,0,0,0,0
"1838",722,57,698,71,71,18,18
"1839",713,0,721,0,0,0,0
"1840",686,0,674,0,0,0,0
"1841",711,0,720,0,0,0,0
"1842",1,0,1,0,0,0,0
"1843",697,0,701,0,0,0,0
"1844",709,0,734,0,0,0,0
"1845",702,54,728,63,71,22,19
"1846",0,0,1,0,0,0,0
"1847",709,52,722,66,77,23,31
"1848",706,54,712,68,74,28,20
"1849",719,56,707,70,63,19,18
"1850",0,0,2,0,0,0,0
"1851",0,0,1,0,0,0,0
"1852",696,0,698,0,0,1,1
"1853",700,52,710,71,73,17,21
"1854",714,53,725,63,76,18,15
"1855",704,59,723,72,80,22,11
"1856",688,57,714,69,68,25,16
"1857",706,0,697,0,0,0,0
"1858",0,0,1,0,0,0,0
"1859",697,56,736,68,69,27,18
"1860",702,0,730,0,0,0,0
"1861",704,56,723,64,65,20,19
"1862",0,0,1,0,0,0,0
"1863",698,0,686,0,0,0,0
"1864",686,0,717,0,0,0,0
"1865",1,0,2,0,0,0,0
"1866",713,58,693,75,77,22,19
"1867",701,0,715,0,0,0,0
"1868",696,54,724,73,78,24,19
"1869",701,0,710,0,0,0,0
"1870",696,0,719,0,0,0,0
"1871",697,0,705,0,0,0,0
"1872",710,57,711,78,63,27,17
"1873",702,0,722,0,1,0,0
"1874",711,57,730,72,73,21,19
"1875",687,55,717,75,78,19,20
"1876",703,0,686,0,0,0,0
"1877",716,55,715,74,81,23,18
"1878",697,52,728,68,65,25,21
"1879",4,0,3,0,0,0,0
"1880",0,0,1,0,0,0,0
"1881",717,56,746,66,77,24,14
"1882",708,0,727,0,0,0,0
"1883",700,57,753,60,72,23,19
"1884",703,53,696,73,74,20,22
"1885",695,0,705,0,0,0,0
"1886",706,51,721,68,76,18,23
"1887",709,0,721,1,0,0,0
"1888",705,0,690,0,0,0,0
"1889",701,54,722,64,71,21,21
"1890",702,48,738,59,59,10,12
"1891",704,0,709,0,1,0,0
"1892",703,0,729,0,0,0,0
"1893",712,50,733,68,84,20,27
"1894",719,49,724,55,59,18,16
"1895",688,56,695,62,66,18,21
"1896",683,57,688,75,69,18,17
"1897",695,58,706,77,90,29,21
"1898",0,0,1,0,0,0,0
"1899",702,0,710,0,0,0,0
"1900",0,0,1,0,0,0,0
"1901",707,2,686,2,1,0,0
"1902",703,57,713,72,73,26,14
"1903",706,0,719,0,0,0,0
"1904",702,0,697,0,0,0,0
"1905",716,1,701,0,0,0,1
"1906",705,56,727,77,77,21,18
"1907",697,0,699,0,0,0,0
"1908",681,0,697,0,0,0,0
"1909",703,0,703,0,0,0,0
"1910",711,0,716,0,0,0,0
"1911",705,57,722,78,75,23,20
"1912",0,0,1,0,0,0,0
"1913",700,0,720,0,0,0,0
"1914",709,54,749,78,77,26,22
"1915",708,0,724,0,0,0,0
"1916",696,54,710,77,74,25,19
"1917",703,0,741,0,0,0,0
"1918",710,57,721,78,67,18,21
"1919",703,0,742,1,0,2,0
"1920",720,58,719,78,70,19,23
"1921",1,0,1,0,0,0,0
"1922",0,0,1,0,0,0,0
"1923",706,54,708,74,72,24,19
"1924",705,0,716,0,0,0,0
"1925",705,0,686,0,0,0,0
"1926",706,1,720,1,0,0,0
"1927",705,0,707,0,0,0,0
"1928",711,55,740,76,63,14,19
"1929",696,0,712,0,0,0,0
"1930",694,0,716,0,0,0,0
"1931",0,0,1,0,0,0,0
"1932",698,0,716,0,0,0,0
"1933",716,0,732,0,0,0,0
"1934",699,0,708,0,0,0,0
"1935",709,0,713,0,0,0,0
"1936",706,0,684,0,0,0,0
"1937",704,0,723,0,0,0,0
"1938",704,0,702,0,0,0,0
"1939",703,0,711,0,0,0,0
"1940",0,0,1,0,0,0,0
"1941",706,55,699,72,69,17,14
"1942",701,0,693,0,0,0,0
"1943",699,56,721,65,81,24,21
"1944",708,0,720,1,0,0,0
"1945",705,0,710,1,1,0,0
"1946",692,0,707,0,1,0,0
"1947",1,0,1,0,0,0,0
"1948",0,0,1,0,0,0,0
"1949",702,0,717,0,0,0,0
"1950",701,55,732,74,80,26,27
"1951",704,1,727,2,0,0,1
"1952",1,0,4,0,0,0,0
"1953",712,57,724,65,76,19,17
"1954",706,0,708,0,0,0,0
"1955",0,0,1,0,0,0,0
"1956",697,57,722,75,81,21,19
"1957",0,0,1,0,0,0,0
"1958",0,0,1,0,0,0,0
"1959",703,0,727,0,0,0,0
"1960",701,0,710,0,0,1,0
"1961",701,56,723,75,70,24,17
"1962",0,0,1,0,0,0,0
"1963",699,0,710,0,0,0,0
"1964",697,57,734,78,73,20,23
"1965",709,53,712,63,62,27,13
"1966",708,0,733,0,0,0,0
"1967",700,0,729,0,0,0,0
"1968",692,0,731,0,0,0,0
"1969",703,0,710,0,0,0,0
"1970",705,54,716,77,73,30,21
"1971",696,54,714,71,77,26,24
"1972",721,1,717,0,0,0,0
"1973",703,54,718,72,78,20,12
"1974",700,2,725,0,0,1,1
"1975",699,0,733,0,0,0,0
"1976",703,57,710,68,72,24,18
"1977",700,0,721,0,0,0,0
"1978",701,53,725,69,65,17,24
"1979",705,56,741,71,76,24,19
"1980",691,0,736,0,0,0,0
"1981",699,57,713,75,73,31,22
"1982",710,55,721,73,75,22,25
"1983",1,0,1,0,0,0,0
"1984",0,0,1,0,0,0,0
"1985",704,0,721,0,1,0,0
"1986",698,52,698,64,66,27,28
"1987",703,50,715,66,72,24,19
"1988",707,58,722,76,79,34,19
"1989",703,0,727,0,0,0,0
"1990",687,56,673,75,76,19,14
"1991",711,57,726,70,86,13,18
"1992",716,57,729,69,68,30,21
"1993",706,60,703,71,74,25,19
"1994",699,0,699,0,0,0,0
"1995",691,57,695,81,75,23,15
"1996",722,53,704,69,68,27,22
"1997",705,54,717,83,80,27,21
"1998",690,54,698,77,78,22,22
"1999",704,54,736,69,68,26,19
"2000",0,0,1,0,0,0,0
"2001",709,57,722,64,79,26,14
"2002",0,0,1,0,0,0,0
"2003",707,56,720,75,75,29,19
"2004",697,56,713,75,67,22,17
"2005",707,55,714,71,73,20,23
"2006",697,56,729,76,77,18,21
"2007",709,53,722,76,85,24,15
"2008",694,57,716,72,65,18,18
"2009",0,0,1,0,0,0,0
"2010",0,0,1,0,0,0,0
"2011",700,55,732,76,91,28,19
"2012",687,59,724,73,78,20,13
"2013",689,57,711,73,76,25,21
"2014",686,0,704,1,0,0,0
"2015",711,5,710,1,3,1,0
"2016",702,59,714,79,88,32,21
"2017",696,58,686,77,76,26,28
"2018",705,53,715,65,82,23,18
"2019",2,0,1,0,0,0,0
"2020",698,0,711,0,0,0,0
"2021",717,0,730,0,0,0,0
"2022",695,57,719,69,72,19,16
"2023",704,49,735,58,69,21,16
"2024",706,0,712,0,0,0,0
"2025",704,55,698,72,68,22,20
"2026",705,0,710,0,0,0,0
"2027",696,54,732,72,72,18,22
"2028",705,0,711,0,0,0,0
"2029",0,0,2,0,0,0,0
"2030",706,0,713,0,0,0,0
"2031",711,0,722,0,0,0,0
"2032",0,0,1,0,0,0,0
"2033",4,0,3,0,0,0,0
"2034",711,58,737,75,75,27,19
"2035",712,50,744,68,71,21,20
"2036",697,2,705,0,2,0,0
"2037",700,57,708,70,72,20,23
"2038",696,53,729,72,72,15,11
"2039",705,0,717,0,0,0,0
"2040",710,0,745,0,0,0,0
"2041",705,49,726,67,68,17,17
"2042",704,52,719,70,66,18,20
"2043",714,58,750,79,83,26,24
"2044",710,0,714,0,0,0,0
"2045",701,60,720,67,67,28,26
"2046",717,54,721,68,80,23,17
"2047",705,55,735,76,81,28,21
"2048",715,50,719,71,69,14,15
"2049",704,0,738,0,0,1,0
"2050",716,52,740,71,64,23,18
"2051",698,56,700,65,83,27,13
"2052",709,55,748,74,80,24,23
"2053",706,55,741,71,78,22,22
"2054",699,1,692,0,0,0,0
"2055",702,59,736,70,81,21,16
"2056",0,0,1,0,0,0,0
"2057",697,59,727,65,76,21,20
"2058",715,0,706,0,0,0,0
"2059",692,0,724,0,0,0,0
"2060",0,0,1,0,0,0,0
"2061",702,0,716,0,0,0,0
"2062",707,58,719,71,84,27,18
"2063",709,0,718,0,0,0,1
"2064",694,0,731,0,0,0,0
"2065",0,0,2,0,0,0,0
"2066",709,57,738,79,72,22,18
"2067",708,57,740,77,83,19,26
"2068",700,52,724,71,72,25,18
"2069",702,0,734,0,0,0,0
"2070",708,56,712,71,84,23,27
"2071",0,0,2,0,0,0,0
"2072",693,55,696,77,79,15,22
"2073",693,59,730,70,69,24,19
"2074",0,0,1,0,0,0,0
"2075",1,0,1,0,0,0,0
"2076",699,0,730,0,0,0,0
"2077",0,0,1,0,0,0,0
"2078",0,0,1,0,0,0,0
"2079",706,50,731,62,70,21,22
"2080",713,58,731,76,84,29,25
"2081",702,0,736,0,0,0,0
"2082",694,0,689,0,0,0,0
"2083",716,54,718,70,75,25,19
"2084",0,0,1,0,0,0,0
"2085",696,0,730,0,0,0,0
"2086",0,0,1,0,0,0,0
"2087",711,0,740,0,0,0,0
"2088",708,57,719,59,70,17,16
"2089",0,0,1,0,0,0,0
"2090",700,52,723,72,67,20,21
"2091",709,56,724,76,72,24,18
"2092",711,56,704,74,75,16,14
"2093",695,0,736,0,0,0,0
"2094",696,0,688,0,0,0,0
"2095",705,0,693,0,0,0,0
"2096",698,59,727,73,76,23,13
"2097",711,55,712,72,72,17,18
"2098",0,0,1,0,0,0,0
"2099",704,53,694,69,70,26,22
"2100",699,0,707,0,0,0,0
"2101",692,52,698,78,71,20,18
"2102",707,0,711,0,0,0,0
"2103",0,0,1,0,0,0,0
"2104",711,1,730,0,0,1,0
"2105",702,56,709,76,89,26,18
"2106",0,0,1,0,0,0,0
"2107",704,0,718,0,0,0,0
"2108",699,54,713,64,67,22,22
"2109",697,55,712,63,75,21,13
"2110",707,55,753,71,80,22,29
"2111",702,59,728,71,76,19,16
"2112",0,0,2,0,0,0,0
"2113",697,59,705,78,79,27,19
"2114",709,55,726,71,68,24,25
"2115",0,0,2,0,0,0,0
"2116",702,0,697,1,0,0,0
"2117",708,55,725,76,83,26,22
"2118",703,0,725,0,0,0,0
"2119",702,58,729,75,78,31,18
"2120",703,57,754,76,80,19,21
"2121",715,0,707,0,0,0,0
"2122",0,0,1,0,0,0,0
"2123",710,1,722,0,0,0,0
"2124",703,56,717,74,74,20,14
"2125",700,1,740,0,0,1,1
"2126",705,0,720,0,1,0,0
"2127",698,0,694,0,0,0,0
"2128",703,56,748,69,79,19,25
"2129",713,56,730,70,68,23,20
"2130",714,56,710,72,67,21,20
"2131",710,0,711,0,0,0,0
"2132",0,0,0,0,0,0,0
"2133",714,0,712,0,0,0,0
"2134",690,50,705,51,72,20,9
"2135",702,0,707,0,0,0,0
"2136",721,0,747,0,0,0,0
"2137",705,51,713,59,49,23,14
"2138",700,53,722,67,64,16,15
"2139",696,54,723,75,78,23,16
"2140",0,0,1,0,0,0,0
"2141",1,0,1,0,0,0,0
"2142",705,0,729,0,0,0,0
"2143",703,52,682,59,68,13,16
"2144",693,0,687,0,0,0,0
"2145",1,0,1,0,0,0,0
"2146",706,0,746,0,0,0,0
"2147",713,0,733,0,0,0,0
"2148",687,0,705,0,0,0,0
"2149",709,54,738,72,80,24,22
"2150",711,0,742,0,2,0,0
"2151",696,0,716,0,0,0,0
"2152",708,55,728,61,80,25,18
"2153",0,0,1,0,0,0,0
"2154",702,0,714,0,0,0,1
"2155",692,51,706,66,73,14,18
"2156",712,57,721,78,74,28,22
"2157",710,58,702,71,72,28,13
"2158",693,0,695,0,0,0,0
"2159",703,58,704,68,69,18,22
"2160",691,0,728,0,0,0,0
"2161",702,56,735,78,72,23,17
"2162",703,1,718,0,0,0,0
"2163",698,0,701,0,1,0,0
"2164",690,57,717,68,78,20,20
"2165",715,0,713,0,0,0,0
"2166",695,0,719,0,0,0,0
"2167",706,0,726,0,0,0,0
"2168",709,55,727,73,72,27,18
"2169",0,0,1,0,0,0,0
"2170",719,0,718,0,0,0,0
"2171",710,55,746,65,74,22,14
"2172",0,0,1,0,0,0,0
"2173",0,0,1,0,0,0,0
"2174",0,0,1,0,0,0,0
"2175",0,0,1,0,0,0,0
"2176",709,0,723,0,0,0,0
"2177",700,55,690,71,68,18,20
"2178",690,55,728,76,88,24,23
"2179",695,57,704,71,80,22,17
"2180",713,0,702,0,0,0,0
"2181",712,0,729,1,0,0,0
"2182",704,2,718,2,4,1,1
"2183",0,0,1,0,0,0,0
"2184",0,0,1,0,0,0,0
"2185",706,50,722,62,62,22,29
"2186",689,0,706,0,0,0,0
"2187",698,55,706,65,75,24,17
"2188",710,57,718,73,87,20,18
"2189",697,59,736,70,83,16,21
"2190",700,0,704,0,0,0,0
"2191",697,0,723,0,1,0,0
"2192",0,0,1,0,0,0,0
"2193",709,57,724,83,78,32,21
"2194",718,0,711,0,0,0,0
"2195",702,52,721,75,72,21,18
"2196",702,0,703,0,0,0,0
"2197",709,56,721,64,77,18,25
"2198",714,0,726,0,0,0,0
"2199",704,54,704,68,80,20,16
"2200",714,56,722,71,71,21,20
"2201",701,0,716,0,1,0,0
"2202",693,54,730,69,58,17,22
"2203",707,59,735,73,77,23,30
"2204",0,0,1,0,0,0,0
"2205",700,0,707,0,1,0,0
"2206",700,0,716,0,0,0,0
"2207",701,52,706,66,67,22,17
"2208",704,0,746,0,0,0,0
"2209",704,53,732,76,79,25,22
"2210",695,56,718,68,75,26,18
"2211",711,54,727,78,79,24,22
"2212",695,0,717,0,0,0,0
"2213",687,55,727,61,77,27,20
"2214",703,0,724,0,0,0,0
"2215",711,0,709,0,1,0,0
"2216",706,58,730,67,74,23,24
"2217",0,0,1,0,0,0,0
"2218",709,0,725,0,2,0,0
"2219",705,53,730,63,78,25,18
"2220",704,55,734,71,65,21,17
"2221",699,55,696,66,71,29,12
"2222",700,0,718,0,0,0,0
"2223",689,0,733,0,0,0,0
"2224",0,0,1,0,0,0,0
"2225",707,0,717,0,0,0,0
"2226",701,60,721,71,80,21,15
"2227",0,0,1,0,0,0,0
"2228",701,58,734,75,83,28,27
"2229",697,1,696,0,0,0,1
"2230",710,0,706,0,0,0,0
"2231",701,0,717,1,0,0,0
"2232",690,57,706,81,81,14,16
"2233",0,0,1,0,0,0,0
"2234",706,61,711,69,71,22,17
"2235",699,0,730,0,0,0,0
"2236",707,0,715,0,0,0,0
"2237",695,56,698,78,69,28,17
"2238",707,1,709,1,0,0,0
"2239",707,55,715,64,67,24,24
"2240",693,0,702,1,2,0,0
"2241",696,57,713,79,72,27,18
"2242",703,0,738,0,0,0,0
"2243",697,55,725,75,67,19,16
"2244",716,57,732,70,71,23,16
"2245",712,53,729,75,73,18,17
"2246",706,0,720,0,0,0,0
"2247",707,55,730,79,89,32,20
"2248",717,59,717,78,83,24,26
"2249",703,0,724,0,0,0,0
"2250",0,0,1,0,0,0,0
"2251",715,0,718,1,4,0,0
"2252",712,0,722,0,0,0,0
"2253",1,0,1,0,0,0,0
"2254",0,0,1,0,0,0,0
"2255",0,0,1,0,0,0,0
"2256",710,0,724,0,0,0,0
"2257",708,0,714,0,0,0,0
"2258",704,57,734,72,68,23,20
"2259",700,56,704,80,76,24,13
"2260",688,52,695,71,60,29,22
"2261",0,0,2,0,0,0,0
"2262",710,0,714,0,0,0,0
"2263",717,59,739,86,92,26,24
"2264",696,59,702,65,74,21,25
"2265",707,52,719,75,78,22,18
"2266",712,0,725,0,0,0,0
"2267",690,1,700,0,1,1,0
"2268",0,0,1,0,0,0,0
"2269",0,0,1,0,0,0,0
"2270",704,55,735,72,71,19,21
"2271",696,56,712,73,81,20,18
"2272",709,0,712,0,1,0,0
"2273",707,0,727,0,0,1,0
"2274",702,54,697,73,78,24,23
"2275",1,0,2,0,0,0,0
"2276",705,0,711,0,0,0,0
"2277",705,0,716,0,0,0,0
"2278",703,0,717,0,0,0,0
"2279",709,0,723,0,0,0,0
"2280",713,0,718,0,0,0,0
"2281",705,0,719,0,0,0,0
"2282",0,0,1,0,0,0,0
"2283",697,54,712,66,64,25,23
"2284",708,0,709,0,0,0,0
"2285",0,0,1,0,0,0,0
"2286",706,57,702,65,77,25,18
"2287",693,0,737,0,0,0,0
"2288",0,0,1,0,0,0,0
"2289",705,0,719,0,0,0,0
"2290",700,0,715,0,0,0,0
"2291",698,0,714,0,0,0,0
"2292",707,57,731,77,83,25,19
"2293",0,0,1,0,0,0,0
"2294",718,54,705,71,69,26,19
"2295",695,0,706,2,0,0,0
"2296",701,54,735,69,78,24,19
"2297",702,56,723,64,77,20,19
"2298",708,0,704,0,0,0,0
"2299",0,0,1,0,0,0,0
"2300",705,0,715,0,0,0,0
"2301",0,0,1,0,0,0,0
"2302",0,0,1,0,0,0,0
"2303",704,58,724,66,64,29,18
"2304",0,0,1,0,0,0,0
"2305",705,0,707,0,0,0,0
"2306",713,0,729,0,0,0,0
"2307",694,0,689,0,1,1,0
"2308",711,0,740,0,0,0,0
"2309",707,0,707,0,0,0,0
"2310",686,0,696,0,0,0,0
"2311",711,0,713,0,0,0,0
"2312",709,58,726,72,70,17,13
"2313",702,0,705,0,0,0,0
"2314",0,0,1,0,0,0,0
"2315",719,54,708,67,75,19,18
"2316",1,0,1,0,0,0,0
"2317",700,0,733,1,1,0,0
"2318",710,61,736,69,75,29,19
"2319",706,53,722,76,77,22,25
"2320",699,1,709,1,1,0,0
"2321",700,0,717,0,0,0,0
"2322",696,54,742,71,75,16,19
"2323",704,0,721,0,0,0,0
"2324",713,51,718,73,69,21,21
"2325",705,0,701,0,0,0,0
"2326",713,0,722,0,0,0,0
"2327",704,0,705,0,0,0,0
"2328",707,0,718,0,0,0,0
"2329",699,0,728,0,0,0,0
"2330",706,0,727,0,0,0,0
"2331",696,1,741,0,0,0,0
"2332",697,0,716,0,0,0,0
"2333",717,54,731,70,69,19,23
"2334",716,0,709,0,0,0,0
"2335",0,0,1,0,0,0,0
"2336",707,0,734,0,0,0,0
"2337",0,0,1,0,0,0,0
"2338",702,0,698,0,0,0,0
"2339",701,53,735,63,74,28,20
"2340",692,54,701,75,82,24,22
"2341",707,59,704,81,57,25,27
"2342",704,51,733,67,67,21,11
"2343",705,52,741,70,78,17,23
"2344",718,0,733,0,0,0,0
"2345",699,0,720,1,0,0,0
"2346",710,0,715,0,0,0,0
"2347",717,0,727,1,1,0,0
"2348",698,0,702,0,0,0,0
"2349",701,59,721,76,67,19,20
"2350",0,0,1,0,0,0,0
"2351",0,0,1,0,0,0,0
"2352",715,0,712,2,3,0,0
"2353",0,0,1,0,0,0,0
"2354",711,51,735,65,63,22,19
"2355",0,0,1,0,0,0,0
"2356",715,44,729,57,61,21,25
"2357",706,57,731,75,76,23,23
"2358",0,0,1,0,0,0,0
"2359",705,0,735,1,3,0,0
"2360",703,58,731,70,80,17,15
"2361",709,54,735,71,52,23,17
"2362",689,57,731,73,74,26,23
"2363",698,54,700,69,71,22,22
"2364",705,1,727,3,1,0,0
"2365",702,0,742,0,4,0,0
"2366",0,0,2,0,0,0,0
"2367",0,0,2,0,0,0,0
"2368",704,0,709,0,0,0,0
"2369",709,50,711,61,65,21,19
"2370",707,0,727,1,0,0,0
"2371",712,58,729,76,75,20,23
"2372",2,0,1,0,0,0,0
"2373",0,0,1,0,0,0,0
"2374",701,55,721,64,75,18,25
"2375",691,49,712,73,72,17,23
"2376",701,52,717,61,64,17,16
"2377",711,54,720,65,69,25,17
"2378",710,58,709,73,75,24,26
"2379",0,0,1,0,0,0,0
"2380",1,0,1,0,0,0,0
"2381",0,0,1,0,0,0,0
"2382",689,0,693,0,1,0,0
"2383",699,58,733,81,76,29,27
"2384",2,0,1,0,0,0,0
"2385",711,54,734,73,76,25,22
"2386",714,57,724,71,76,23,23
"2387",703,55,727,78,75,28,24
"2388",715,57,719,73,78,23,26
"2389",702,0,723,0,0,0,0
"2390",700,54,716,72,75,27,15
"2391",711,54,739,65,61,19,17
"2392",0,0,1,0,0,0,0
"2393",700,0,717,0,0,0,0
"2394",719,0,739,0,0,0,0
"2395",701,52,735,66,69,18,19
"2396",683,0,710,0,0,0,0
"2397",711,58,716,69,84,23,24
"2398",702,0,711,0,0,0,0
"2399",711,0,709,0,1,0,0
"2400",706,56,720,73,68,22,26
"2401",709,0,709,0,0,0,0
"2402",0,0,1,0,0,0,0
"2403",696,1,711,0,0,0,0
"2404",708,58,746,72,79,29,15
"2405",706,54,739,75,72,22,24
"2406",716,54,727,71,67,25,17
"2407",1,0,0,0,0,0,0
"2408",0,0,1,0,0,0,0
"2409",688,56,715,67,75,26,18
"2410",715,0,706,0,0,0,0
"2411",702,0,703,0,0,0,0
"2412",709,54,703,70,72,20,22
"2413",700,60,724,74,79,25,26
"2414",0,0,1,0,0,0,0
"2415",721,0,700,0,0,0,0
"2416",0,0,1,0,0,0,0
"2417",702,0,722,0,0,0,0
"2418",691,3,713,0,0,0,1
"2419",696,0,698,0,1,0,0
"2420",0,0,1,0,0,0,0
"2421",701,55,689,72,76,23,16
"2422",0,0,1,0,0,0,0
"2423",707,0,705,0,0,0,0
"2424",703,55,709,77,77,18,14
"2425",716,0,749,0,0,0,0
"2426",0,0,1,0,0,0,0
"2427",702,59,738,68,88,28,22
"2428",707,0,712,0,0,0,0
"2429",712,0,734,0,1,1,0
"2430",705,0,712,0,0,0,1
"2431",0,0,1,0,0,0,0
"2432",700,51,742,68,65,23,20
"2433",716,52,738,66,80,27,29
"2434",697,2,702,1,1,0,0
"2435",705,55,719,74,84,24,19
"2436",693,52,732,72,75,25,23
"2437",0,0,1,0,0,0,0
"2438",693,56,740,67,77,24,27
"2439",715,58,738,76,89,26,20
"2440",701,56,740,61,67,23,16
"2441",1,0,1,0,0,0,0
"2442",704,56,717,80,71,25,16
"2443",704,0,685,0,0,0,0
"2444",707,58,724,74,77,24,19
"2445",691,0,718,0,0,0,0
"2446",715,0,726,0,0,0,0
"2447",692,0,705,0,0,0,0
"2448",693,53,734,63,81,18,17
"2449",710,0,708,1,2,0,1
"2450",716,0,752,0,0,0,0
"2451",1,0,1,0,0,0,0
"2452",700,0,716,0,0,0,0
"2453",703,0,723,0,0,0,0
"2454",699,60,737,72,65,25,24
"2455",705,0,745,1,0,0,0
"2456",704,57,729,63,78,22,16
"2457",683,0,732,0,0,0,0
"2458",1,0,1,0,0,0,0
"2459",696,53,712,67,73,26,19
"2460",0,0,1,0,0,0,0
"2461",0,0,3,0,0,0,0
"2462",699,0,733,0,0,0,0
"2463",716,60,714,80,80,14,23
"2464",702,52,721,66,66,23,23
"2465",685,1,719,1,2,0,0
"2466",704,57,739,70,76,23,18
"2467",696,53,699,68,68,29,15
"2468",702,0,696,0,1,0,0
"2469",704,58,730,66,73,19,15
"2470",1,0,1,0,0,0,0
"2471",709,0,707,0,0,0,0
"2472",704,55,716,62,72,18,25
"2473",702,0,694,0,0,0,0
"2474",702,0,708,0,0,0,0
"2475",701,58,700,66,81,24,25
"2476",703,56,738,73,94,25,22
"2477",709,1,725,0,1,0,0
"2478",700,0,710,0,0,0,0
"2479",0,0,1,0,0,0,0
"2480",706,0,716,0,0,0,0
"2481",693,54,722,70,78,20,18
"2482",0,0,1,0,0,0,0
"2483",706,0,741,0,0,0,0
"2484",696,3,728,1,1,2,1
"2485",698,58,691,71,78,26,27
"2486",699,55,696,73,71,26,26
"2487",699,54,703,72,71,27,23
"2488",702,59,703,68,71,20,21
"2489",701,53,709,61,68,18,12
"2490",701,59,737,68,71,21,23
"2491",700,54,721,64,71,22,15
"2492",700,54,713,69,77,22,23
"2493",709,57,708,74,70,12,17
"2494",696,55,704,73,71,27,20
"2495",0,0,1,0,0,0,0
"2496",703,0,722,0,0,0,0
"2497",699,0,721,0,0,0,0
"2498",695,56,703,76,86,26,20
"2499",708,58,718,67,69,23,21
"2500",699,0,731,0,0,0,0
