"","age1_orange.O","age1_green.O","age2_no_comorbid_orange.O","age2_no_comorbid_green.O","age2_comorbid_green.O","age3_no_comorbid_green.O","age3_comorbid_green.O"
"1",148,0,129,0,0,0,0
"2",146,15,149,12,10,6,6
"3",126,0,123,0,0,0,0
"4",147,10,126,12,10,6,5
"5",136,12,149,16,17,4,7
"6",167,7,160,11,10,4,4
"7",0,0,2,0,0,0,0
"8",0,0,1,0,0,0,0
"9",134,0,138,0,0,0,0
"10",122,11,135,11,13,7,6
"11",158,0,147,0,0,0,0
"12",154,15,139,17,14,6,8
"13",142,0,132,0,0,0,0
"14",0,0,1,0,0,0,0
"15",137,11,133,10,15,5,7
"16",181,14,158,18,11,5,5
"17",144,10,130,13,13,7,6
"18",147,0,153,0,0,0,0
"19",128,10,131,10,12,4,7
"20",133,8,108,13,16,6,5
"21",129,0,134,0,0,0,0
"22",136,10,147,10,12,5,6
"23",138,0,130,0,0,0,0
"24",145,0,143,0,0,0,0
"25",148,0,154,0,0,0,0
"26",136,0,129,0,0,0,0
"27",155,14,164,13,19,6,8
"28",145,13,130,14,12,6,5
"29",130,8,127,13,16,6,5
"30",140,0,137,0,0,0,0
"31",141,0,146,0,0,0,0
"32",0,0,1,0,0,0,0
"33",143,10,135,12,14,4,6
"34",142,0,123,0,0,0,0
"35",0,0,1,0,0,0,0
"36",131,0,129,0,1,0,0
"37",148,0,133,0,1,0,0
"38",130,15,129,14,10,5,7
"39",135,0,172,0,0,0,0
"40",150,15,133,13,12,4,5
"41",159,0,150,0,0,0,1
"42",0,0,1,0,0,0,0
"43",140,2,118,0,1,0,0
"44",125,0,118,0,0,0,0
"45",137,0,130,0,0,1,0
"46",145,0,112,0,0,0,0
"47",0,0,1,0,0,0,0
"48",0,0,1,0,0,0,0
"49",150,12,132,15,8,3,6
"50",141,10,147,13,19,9,7
"51",123,0,118,0,0,0,0
"52",150,11,177,12,12,6,5
"53",0,0,0,0,0,0,0
"54",1,0,1,0,0,0,0
"55",138,0,115,0,0,0,0
"56",159,0,148,0,0,0,0
"57",147,13,130,11,14,4,5
"58",107,0,113,0,1,0,0
"59",0,0,0,0,0,0,0
"60",159,11,121,12,8,4,5
"61",127,0,129,0,0,0,0
"62",130,17,132,18,16,4,6
"63",136,0,138,0,1,0,0
"64",125,0,132,0,0,0,0
"65",174,13,140,17,14,4,6
"66",156,13,152,11,10,3,3
"67",138,0,137,0,0,0,0
"68",136,0,130,0,0,0,0
"69",136,0,134,1,0,0,1
"70",137,13,112,10,14,6,7
"71",0,0,0,0,0,0,0
"72",137,0,129,0,0,0,0
"73",130,0,134,0,0,0,0
"74",0,0,0,0,0,0,0
"75",129,0,133,0,0,0,0
"76",129,0,114,0,0,0,0
"77",150,0,164,0,0,0,0
"78",0,0,1,0,0,0,0
"79",144,0,127,0,0,0,0
"80",140,0,146,1,0,0,0
"81",155,16,167,13,15,7,5
"82",128,12,129,14,13,4,7
"83",135,0,157,0,0,0,0
"84",128,0,148,0,0,0,0
"85",135,11,119,14,10,4,6
"86",129,17,151,13,13,7,5
"87",148,0,147,0,0,0,0
"88",1,0,0,0,0,0,0
"89",150,8,170,14,14,5,5
"90",0,0,1,0,0,0,0
"91",149,15,135,10,13,9,6
"92",133,0,120,0,0,0,0
"93",154,0,133,0,0,0,0
"94",145,0,143,0,0,0,0
"95",0,0,1,0,0,0,0
"96",133,8,135,15,14,5,6
"97",145,9,141,14,15,4,5
"98",0,0,1,0,0,0,0
"99",148,12,122,13,11,5,5
"100",137,0,120,0,0,0,0
"101",146,11,127,8,12,5,5
"102",130,0,121,0,0,0,0
"103",128,16,148,17,16,8,8
"104",125,1,120,0,1,0,0
"105",143,11,146,13,13,5,7
"106",138,0,113,0,0,0,0
"107",140,0,137,0,0,0,0
"108",122,15,107,16,16,5,7
"109",122,0,134,0,0,0,0
"110",151,10,123,11,15,6,5
"111",1,0,1,0,0,0,0
"112",132,12,135,14,15,6,5
"113",130,11,138,22,16,9,6
"114",144,0,128,0,0,0,0
"115",0,0,1,0,0,0,0
"116",132,0,131,0,0,0,0
"117",0,0,1,0,0,0,0
"118",154,0,132,0,0,0,0
"119",153,11,117,15,14,4,6
"120",134,8,138,13,13,5,8
"121",146,13,145,14,15,5,9
"122",161,0,161,0,0,0,0
"123",0,0,1,0,0,0,0
"124",163,0,143,0,0,0,0
"125",1,0,1,0,0,0,0
"126",0,0,1,0,0,0,0
"127",0,0,1,0,0,0,0
"128",151,9,139,12,14,5,4
"129",140,10,126,17,13,5,8
"130",0,0,1,0,0,0,0
"131",125,0,130,0,0,0,0
"132",157,0,149,0,0,0,0
"133",154,0,132,0,0,0,0
"134",152,0,120,0,0,0,0
"135",122,0,144,0,0,0,0
"136",0,0,1,0,0,0,0
"137",136,0,145,0,0,0,0
"138",170,13,138,11,13,6,7
"139",129,0,141,1,0,0,0
"140",136,0,143,0,0,0,0
"141",0,0,1,0,0,0,0
"142",151,1,147,1,1,0,1
"143",150,0,141,0,1,0,0
"144",151,0,132,0,0,0,0
"145",0,0,0,0,0,0,0
"146",138,10,127,14,13,6,3
"147",146,1,141,1,1,0,0
"148",164,0,142,0,1,0,0
"149",0,0,1,0,0,0,0
"150",144,11,109,15,14,4,5
"151",148,9,144,13,10,5,5
"152",127,0,131,0,2,0,0
"153",0,0,1,0,0,0,0
"154",144,0,131,0,0,0,0
"155",1,0,1,0,0,0,0
"156",169,9,148,15,9,5,5
"157",151,9,134,12,10,5,6
"158",148,7,137,14,12,4,6
"159",122,13,103,16,11,4,4
"160",130,9,140,21,17,5,6
"161",131,0,130,2,0,1,0
"162",129,9,127,12,9,5,4
"163",118,15,128,15,18,5,9
"164",126,10,118,14,10,4,4
"165",152,18,147,13,14,4,9
"166",149,0,140,0,0,0,0
"167",136,0,125,0,0,0,0
"168",147,0,143,0,0,0,0
"169",165,13,111,16,10,6,5
"170",0,0,1,0,0,0,0
"171",0,0,1,0,0,0,0
"172",133,9,119,15,12,4,4
"173",129,10,151,10,9,7,5
"174",150,8,130,7,9,6,5
"175",152,9,126,10,15,10,4
"176",154,0,146,0,1,0,0
"177",144,0,138,0,0,0,0
"178",0,0,1,0,0,0,0
"179",145,12,113,10,14,7,6
"180",140,11,140,15,15,5,6
"181",133,13,136,14,13,6,5
"182",157,8,149,7,7,4,4
"183",154,9,129,18,13,5,5
"184",118,0,121,0,0,0,0
"185",124,18,132,20,12,3,6
"186",141,0,135,0,0,0,0
"187",160,0,133,0,0,0,0
"188",149,0,145,1,0,0,0
"189",147,0,123,0,0,0,0
"190",114,9,111,10,12,4,4
"191",149,12,120,18,14,7,8
"192",152,11,131,10,12,4,6
"193",140,12,139,13,16,7,7
"194",114,9,149,12,11,4,7
"195",120,0,150,0,0,0,0
"196",160,13,131,14,11,5,4
"197",130,0,129,0,0,0,0
"198",133,0,153,0,0,0,1
"199",158,0,128,0,1,1,0
"200",154,12,136,11,17,5,8
"201",118,0,138,0,0,1,0
"202",150,22,141,19,13,4,7
"203",127,1,138,0,1,1,1
"204",153,0,152,0,0,0,0
"205",148,0,134,0,0,0,0
"206",115,0,122,0,0,0,0
"207",163,12,158,13,21,5,5
"208",140,0,104,0,0,0,0
"209",153,0,140,0,0,0,0
"210",138,0,128,0,0,0,0
"211",154,13,140,18,22,7,6
"212",144,0,143,0,0,0,0
"213",127,0,132,0,0,0,0
"214",0,0,1,0,0,0,0
"215",120,11,113,16,17,5,7
"216",137,12,125,12,9,7,5
"217",150,14,131,15,22,6,7
"218",158,12,141,15,14,7,5
"219",1,0,1,0,0,0,0
"220",132,8,152,9,11,3,5
"221",141,0,163,1,0,0,1
"222",0,0,1,0,0,0,0
"223",153,0,136,0,0,0,0
"224",130,0,140,0,0,0,0
"225",152,0,126,0,0,0,0
"226",0,0,1,0,0,0,0
"227",157,15,157,12,11,4,5
"228",121,0,133,0,0,0,0
"229",0,0,1,0,0,0,0
"230",136,0,131,0,0,0,0
"231",0,0,1,0,0,0,0
"232",165,15,154,13,17,6,6
"233",0,0,1,0,0,0,0
"234",0,0,1,0,0,0,0
"235",149,0,144,0,0,0,0
"236",138,10,140,10,11,5,4
"237",133,10,123,14,11,6,8
"238",132,13,116,14,14,7,5
"239",130,0,144,1,2,0,0
"240",125,10,135,16,15,8,5
"241",151,1,142,0,1,0,0
"242",163,0,139,0,0,0,0
"243",0,0,1,0,0,0,0
"244",1,0,1,0,0,0,0
"245",160,15,154,15,15,6,7
"246",161,12,151,11,11,5,5
"247",138,9,136,11,12,3,4
"248",150,17,136,15,12,3,8
"249",0,0,0,0,0,0,0
"250",140,15,143,13,15,9,7
"251",134,0,126,0,0,0,0
"252",139,10,125,12,13,3,6
"253",145,0,131,1,1,1,0
"254",133,13,116,12,17,6,7
"255",121,0,107,0,0,0,0
"256",0,0,0,0,0,0,0
"257",138,13,147,18,14,5,5
"258",144,13,150,17,18,8,8
"259",133,0,135,0,0,0,0
"260",147,0,123,0,0,0,0
"261",139,0,130,0,0,0,0
"262",167,0,159,1,0,0,0
"263",166,0,138,0,0,0,0
"264",168,14,149,15,10,5,4
"265",144,1,129,0,0,0,0
"266",0,0,0,0,0,0,0
"267",133,0,129,0,1,0,0
"268",161,15,159,19,19,6,8
"269",0,0,1,0,0,0,0
"270",114,13,144,13,13,5,6
"271",154,11,165,20,19,5,6
"272",133,0,131,0,0,0,0
"273",124,15,139,15,15,6,6
"274",139,7,121,9,10,4,5
"275",1,0,2,0,0,0,0
"276",142,0,131,0,0,0,0
"277",155,0,139,0,0,0,0
"278",150,12,151,16,17,6,10
"279",142,0,141,0,0,0,0
"280",131,0,115,0,1,0,0
"281",133,0,131,0,0,0,0
"282",0,0,1,0,0,0,0
"283",161,0,147,0,0,0,0
"284",139,10,116,11,11,9,7
"285",167,14,121,13,13,4,7
"286",160,0,118,0,0,0,0
"287",134,0,137,0,0,0,0
"288",150,0,147,0,0,0,0
"289",125,0,122,0,0,0,0
"290",130,0,133,0,0,0,0
"291",161,0,149,1,0,0,0
"292",0,0,1,0,0,0,0
"293",136,0,125,0,0,0,0
"294",118,17,133,13,15,6,4
"295",161,0,147,0,1,0,0
"296",149,0,134,0,0,0,0
"297",165,0,165,0,0,0,0
"298",0,0,1,0,0,0,0
"299",125,0,121,0,0,0,0
"300",123,0,138,1,0,1,1
"301",151,0,133,0,0,0,0
"302",150,10,131,10,15,5,6
"303",141,15,136,15,13,7,7
"304",144,0,138,0,1,0,0
"305",126,11,129,11,10,6,6
"306",150,9,136,13,12,4,4
"307",144,0,137,0,0,0,0
"308",143,12,154,9,12,5,5
"309",1,0,1,0,0,0,0
"310",156,0,126,0,0,0,0
"311",152,1,131,0,1,0,0
"312",126,0,119,0,0,0,0
"313",0,0,0,0,0,0,0
"314",0,0,1,0,0,0,0
"315",138,12,124,17,12,6,6
"316",138,0,114,0,0,0,0
"317",145,13,133,8,11,6,5
"318",144,0,153,0,0,0,0
"319",133,0,141,0,0,0,0
"320",143,0,135,0,0,0,0
"321",0,0,0,0,0,0,0
"322",0,0,1,0,0,0,0
"323",161,0,136,0,0,0,0
"324",142,10,140,12,14,6,5
"325",131,1,128,0,0,0,0
"326",139,1,141,0,0,1,0
"327",0,0,0,0,0,0,0
"328",147,8,128,8,13,4,4
"329",144,0,155,0,0,0,0
"330",0,0,1,0,0,0,0
"331",145,14,122,13,21,6,8
"332",137,0,120,0,0,0,0
"333",135,0,129,0,0,0,0
"334",117,16,129,13,17,4,6
"335",156,0,142,0,0,0,0
"336",146,0,125,1,0,0,0
"337",142,9,141,12,15,7,5
"338",133,0,120,1,1,0,1
"339",159,13,145,11,10,3,3
"340",151,9,149,6,13,3,5
"341",140,0,137,0,0,0,0
"342",132,11,136,18,13,5,5
"343",149,0,136,0,0,0,0
"344",141,12,151,14,12,7,6
"345",139,13,139,13,10,7,6
"346",150,15,133,12,14,9,6
"347",133,0,112,0,0,0,0
"348",140,14,159,14,16,5,6
"349",132,0,135,0,1,0,0
"350",147,9,123,10,10,5,5
"351",139,0,140,0,0,0,0
"352",0,0,1,0,0,0,0
"353",164,0,142,0,0,0,0
"354",145,10,144,13,15,7,9
"355",140,13,143,20,16,8,5
"356",136,10,144,16,14,4,5
"357",161,0,152,2,0,0,0
"358",131,0,131,0,0,0,0
"359",134,11,147,15,14,9,6
"360",134,0,123,2,0,0,0
"361",146,1,134,0,1,0,0
"362",139,0,140,0,0,0,0
"363",178,0,165,0,0,0,0
"364",150,8,130,12,14,4,4
"365",126,10,119,14,11,5,4
"366",145,13,131,11,12,5,6
"367",120,8,132,16,10,5,4
"368",150,9,120,14,10,3,5
"369",148,11,130,11,9,4,4
"370",1,0,1,0,0,0,0
"371",153,0,134,0,0,0,0
"372",117,0,132,0,0,0,0
"373",0,0,0,0,0,0,0
"374",173,1,144,0,1,0,0
"375",154,0,128,0,0,0,0
"376",144,1,131,1,0,0,1
"377",138,0,139,0,0,0,0
"378",149,0,141,0,1,0,0
"379",0,0,1,0,0,0,0
"380",152,9,162,11,12,5,5
"381",149,13,145,13,14,5,6
"382",149,12,140,20,17,7,9
"383",138,15,126,15,11,4,6
"384",0,0,1,0,0,0,0
"385",142,0,130,0,0,0,0
"386",133,0,133,1,0,0,1
"387",157,0,149,0,0,0,0
"388",141,0,135,0,0,0,0
"389",162,9,132,12,12,4,7
"390",133,10,131,10,14,4,4
"391",122,0,117,0,0,0,0
"392",161,0,146,0,0,0,0
"393",0,0,1,0,0,0,0
"394",0,0,1,0,0,0,0
"395",0,0,1,0,0,0,0
"396",159,10,147,16,14,4,8
"397",135,0,132,0,0,0,0
"398",0,0,1,0,0,0,0
"399",142,12,130,14,14,3,10
"400",160,0,136,0,0,0,0
"401",141,10,140,10,10,3,4
"402",137,10,140,11,9,4,5
"403",154,0,114,0,0,0,0
"404",147,0,154,0,0,0,0
"405",135,0,124,0,0,0,0
"406",133,10,149,15,14,4,4
"407",0,0,1,0,0,0,0
"408",133,0,123,0,0,0,0
"409",157,0,128,0,0,0,0
"410",0,0,1,0,0,0,0
"411",0,0,0,0,0,0,0
"412",0,0,1,0,0,0,0
"413",148,11,129,16,11,3,5
"414",141,11,149,16,15,4,4
"415",131,1,137,0,0,0,0
"416",128,0,133,0,0,0,0
"417",135,0,140,0,0,0,0
"418",146,0,136,0,0,0,0
"419",157,13,137,12,16,5,6
"420",0,0,1,0,0,0,0
"421",145,12,140,16,16,7,7
"422",132,0,114,0,0,0,0
"423",130,0,127,0,0,0,0
"424",142,0,155,0,1,0,0
"425",0,0,0,0,0,0,0
"426",144,0,129,0,0,0,0
"427",130,0,110,0,0,0,0
"428",128,15,135,18,20,5,7
"429",148,0,129,1,2,0,1
"430",124,0,152,0,0,0,0
"431",140,2,115,0,0,1,0
"432",149,0,145,0,0,0,0
"433",130,0,135,0,0,0,0
"434",132,8,111,16,13,4,5
"435",142,17,125,13,16,6,5
"436",159,12,123,20,23,6,6
"437",155,14,152,13,8,5,5
"438",149,0,145,0,0,0,0
"439",135,0,152,0,0,0,0
"440",0,0,2,0,0,0,0
"441",1,0,1,0,0,0,0
"442",140,13,126,12,13,5,7
"443",133,0,127,0,0,0,0
"444",151,14,133,14,12,5,6
"445",0,0,1,0,0,0,0
"446",164,13,138,15,11,5,6
"447",120,0,106,0,0,0,0
"448",143,0,183,0,0,0,0
"449",136,0,135,0,0,0,0
"450",1,0,1,0,0,0,0
"451",0,0,1,0,0,0,0
"452",143,16,150,16,13,5,4
"453",145,1,127,0,0,0,0
"454",149,0,132,0,0,0,0
"455",150,8,144,12,13,4,7
"456",138,12,142,16,17,7,8
"457",146,12,145,15,10,6,5
"458",0,0,1,0,0,0,0
"459",144,0,120,0,0,0,0
"460",140,10,157,11,9,4,5
"461",153,10,128,13,14,6,5
"462",139,16,146,13,15,5,6
"463",118,9,117,8,10,4,5
"464",146,13,142,13,12,6,5
"465",143,0,146,0,0,0,0
"466",0,0,1,0,0,0,0
"467",138,7,130,11,12,5,7
"468",0,0,0,0,0,0,0
"469",164,0,118,0,0,1,0
"470",147,0,138,0,0,0,0
"471",130,11,144,13,17,7,6
"472",149,0,140,0,0,0,0
"473",131,0,139,0,0,0,0
"474",122,12,130,15,20,5,9
"475",0,0,1,0,0,0,0
"476",0,0,1,0,0,0,0
"477",150,13,146,11,13,6,5
"478",148,9,136,17,11,4,5
"479",0,0,0,0,0,0,0
"480",157,0,125,0,0,0,0
"481",171,1,152,1,1,0,1
"482",144,9,130,11,13,4,4
"483",135,11,129,18,12,2,6
"484",135,0,121,0,1,0,0
"485",138,0,145,0,0,0,0
"486",149,14,133,14,13,4,5
"487",0,0,1,0,0,0,0
"488",133,11,120,10,9,4,5
"489",144,0,141,0,0,0,0
"490",169,0,160,0,0,0,0
"491",0,0,1,0,0,0,0
"492",147,0,139,0,0,0,0
"493",134,17,141,19,19,5,7
"494",145,1,130,0,0,0,0
"495",129,12,119,12,14,4,6
"496",134,0,140,1,0,0,0
"497",142,8,129,13,16,4,6
"498",142,0,139,0,1,0,1
"499",150,10,148,8,9,7,5
"500",135,9,146,13,12,4,5
"501",149,0,128,1,0,0,0
"502",145,0,147,0,0,0,0
"503",146,1,126,1,0,0,0
"504",139,15,142,14,11,4,5
"505",131,0,112,0,0,0,0
"506",142,0,141,0,0,0,0
"507",0,0,1,0,0,0,0
"508",146,12,146,11,15,4,5
"509",0,0,1,0,0,0,0
"510",154,14,139,12,10,4,8
"511",141,0,122,0,0,0,0
"512",152,13,150,14,12,5,8
"513",141,0,143,0,0,0,0
"514",118,11,130,10,11,3,5
"515",158,0,156,0,0,0,0
"516",154,14,154,11,12,9,8
"517",135,0,138,0,0,0,0
"518",0,0,1,0,0,0,0
"519",139,12,135,12,12,4,5
"520",163,0,121,0,1,0,0
"521",0,0,1,0,0,0,0
"522",143,10,143,11,13,3,6
"523",112,10,115,13,14,4,8
"524",154,0,139,0,0,0,0
"525",0,0,1,0,0,0,0
"526",125,0,137,0,0,0,0
"527",151,10,143,18,12,4,6
"528",135,6,123,10,10,4,4
"529",153,0,137,0,0,0,0
"530",135,0,125,0,0,0,0
"531",122,0,104,0,0,0,0
"532",171,15,156,16,12,5,5
"533",0,0,0,0,0,0,0
"534",131,14,139,14,14,7,6
"535",146,0,128,0,0,0,0
"536",155,0,140,0,0,0,1
"537",117,16,119,10,14,6,6
"538",145,0,127,0,0,0,0
"539",148,0,136,0,0,0,0
"540",126,0,122,0,0,0,0
"541",155,0,146,1,0,0,0
"542",0,0,0,0,0,0,0
"543",1,0,1,0,0,0,0
"544",0,0,1,0,0,0,0
"545",140,0,143,0,0,0,0
"546",119,10,128,14,18,6,5
"547",127,0,115,0,0,0,0
"548",0,0,1,0,0,0,0
"549",148,13,141,18,12,4,5
"550",0,0,1,0,0,0,0
"551",132,0,120,0,0,0,0
"552",146,13,153,17,9,5,5
"553",122,0,115,0,0,0,0
"554",142,9,130,8,8,4,7
"555",108,8,116,15,12,7,5
"556",142,10,132,11,16,3,4
"557",129,10,131,15,17,6,4
"558",145,13,152,13,13,5,7
"559",145,9,132,13,16,6,6
"560",151,0,143,0,0,0,0
"561",163,15,138,9,13,4,6
"562",144,0,143,0,0,0,0
"563",132,9,125,7,12,5,4
"564",141,0,146,0,0,0,0
"565",127,11,129,18,16,7,4
"566",156,12,157,15,13,5,8
"567",0,0,1,0,0,0,0
"568",148,0,148,0,0,0,0
"569",132,11,135,15,10,5,7
"570",123,0,140,0,0,0,0
"571",170,1,148,0,0,0,0
"572",151,11,142,15,14,5,9
"573",143,0,142,0,0,1,0
"574",151,13,118,18,14,7,6
"575",133,0,129,0,0,0,0
"576",0,0,1,0,0,0,0
"577",131,12,149,12,12,5,4
"578",138,0,134,1,0,0,0
"579",135,11,113,14,12,3,6
"580",147,14,132,16,18,6,6
"581",157,8,156,7,10,4,6
"582",139,13,145,12,16,6,5
"583",129,0,156,0,0,0,1
"584",141,0,136,0,0,0,0
"585",148,19,152,10,15,3,4
"586",157,12,152,8,13,5,5
"587",0,0,1,0,0,0,0
"588",151,0,135,0,0,0,0
"589",0,0,1,0,0,0,0
"590",145,1,138,0,0,0,0
"591",126,10,126,16,9,6,6
"592",153,0,167,0,0,0,0
"593",0,0,1,0,0,0,0
"594",149,7,145,14,12,5,7
"595",143,0,132,0,0,0,0
"596",135,11,143,9,12,4,5
"597",158,0,137,0,0,0,0
"598",128,9,124,8,8,5,4
"599",162,0,145,0,0,0,0
"600",124,11,128,20,13,6,5
"601",143,13,130,20,14,8,6
"602",0,0,0,0,0,0,0
"603",150,8,151,13,13,4,5
"604",126,10,118,15,11,3,5
"605",121,0,127,0,0,0,0
"606",120,0,134,0,0,0,0
"607",142,0,128,0,0,0,0
"608",128,0,123,0,0,0,0
"609",0,0,1,0,0,0,0
"610",151,0,140,1,0,0,1
"611",141,0,134,0,0,0,0
"612",157,10,148,10,13,5,8
"613",135,12,140,12,21,4,8
"614",0,0,1,0,0,0,0
"615",156,14,141,19,15,5,6
"616",157,0,135,1,1,0,1
"617",131,13,140,21,14,8,6
"618",147,0,141,0,0,0,0
"619",121,0,118,0,0,0,0
"620",139,1,135,0,0,0,0
"621",132,13,138,16,12,5,4
"622",153,10,145,11,13,4,4
"623",135,14,124,13,14,4,6
"624",0,0,1,0,0,0,0
"625",155,12,147,12,10,5,5
"626",0,0,1,0,0,0,0
"627",137,12,116,10,20,7,6
"628",129,9,156,12,15,5,5
"629",140,13,136,18,20,6,5
"630",131,1,127,0,0,0,1
"631",143,0,139,1,0,0,1
"632",130,0,113,0,0,0,0
"633",166,8,151,12,16,5,3
"634",145,13,132,10,15,6,7
"635",1,0,1,0,0,0,0
"636",134,11,105,15,12,3,5
"637",117,19,130,12,17,6,7
"638",0,0,1,0,0,0,0
"639",140,0,129,0,0,0,0
"640",126,0,127,0,0,0,0
"641",130,9,124,18,18,7,6
"642",0,0,1,0,0,0,0
"643",142,7,122,8,8,3,4
"644",149,13,133,13,18,9,6
"645",130,14,110,15,17,6,6
"646",148,0,116,0,0,0,0
"647",0,0,1,0,0,0,0
"648",143,10,129,14,16,5,4
"649",153,0,122,0,0,0,0
"650",136,7,152,12,13,5,6
"651",170,0,161,0,0,0,0
"652",131,0,125,0,1,0,0
"653",141,0,139,0,0,0,0
"654",157,16,135,15,20,4,5
"655",153,0,124,0,0,0,0
"656",136,12,128,16,16,4,7
"657",147,11,137,7,10,4,5
"658",125,8,127,7,9,3,5
"659",132,0,139,0,0,0,0
"660",137,0,129,0,0,0,0
"661",139,0,143,0,0,0,0
"662",0,0,0,0,0,0,0
"663",139,0,123,0,0,0,0
"664",153,0,133,0,0,0,0
"665",129,0,145,0,0,0,0
"666",1,0,1,0,0,0,0
"667",151,1,134,1,0,0,0
"668",0,0,1,0,0,0,0
"669",160,13,145,12,11,4,3
"670",132,9,126,14,13,5,6
"671",137,1,153,0,1,0,0
"672",160,10,144,18,10,4,5
"673",150,16,140,21,19,8,6
"674",128,0,123,0,0,0,0
"675",0,0,1,0,0,0,0
"676",144,0,152,0,0,0,0
"677",0,0,1,0,0,0,0
"678",150,0,154,0,0,0,0
"679",142,11,145,10,13,7,4
"680",146,0,123,0,0,0,0
"681",142,11,127,9,12,6,5
"682",153,0,140,0,0,0,0
"683",159,9,157,13,13,4,5
"684",133,9,134,13,13,7,5
"685",164,0,121,0,0,0,0
"686",139,0,132,0,1,0,0
"687",132,0,130,0,0,0,0
"688",155,8,150,14,13,7,6
"689",140,0,142,0,0,0,0
"690",134,0,143,0,0,0,0
"691",141,11,131,10,15,6,8
"692",0,0,1,0,0,0,0
"693",148,10,131,10,9,5,5
"694",149,0,131,0,0,0,0
"695",0,0,0,0,0,0,0
"696",117,15,112,15,13,6,6
"697",162,11,143,16,14,5,5
"698",147,9,146,12,9,3,7
"699",142,0,138,0,0,0,1
"700",130,0,132,0,0,0,0
"701",0,0,0,0,0,0,0
"702",142,0,137,0,0,0,0
"703",135,16,168,14,11,7,8
"704",128,0,120,0,0,0,0
"705",144,0,138,0,0,0,0
"706",157,8,135,13,11,4,4
"707",140,0,130,0,0,0,0
"708",136,0,134,0,1,0,1
"709",119,0,140,0,0,0,0
"710",148,11,128,12,14,7,5
"711",0,0,1,0,0,0,0
"712",142,8,137,14,13,4,4
"713",146,11,132,11,13,4,6
"714",0,0,1,0,0,0,0
"715",143,0,144,0,1,0,0
"716",164,14,164,21,20,6,4
"717",150,9,123,17,14,7,6
"718",141,0,141,0,0,0,0
"719",0,0,1,0,0,0,0
"720",0,0,1,0,0,0,0
"721",0,0,1,0,0,0,0
"722",0,0,1,0,0,0,0
"723",135,1,141,0,1,0,0
"724",146,7,150,17,15,4,4
"725",137,0,137,0,0,0,0
"726",0,0,1,0,0,0,0
"727",119,11,117,16,12,7,7
"728",139,18,141,14,18,6,6
"729",174,0,137,0,0,0,0
"730",0,0,1,0,0,0,0
"731",137,0,133,0,0,0,0
"732",136,15,129,14,15,4,5
"733",136,0,135,0,0,0,0
"734",147,0,151,0,0,0,0
"735",0,0,1,0,0,0,0
"736",0,0,1,0,0,0,0
"737",142,10,161,13,16,6,8
"738",0,0,1,0,0,0,0
"739",160,0,140,0,1,0,0
"740",0,0,1,0,0,0,0
"741",0,0,1,0,0,0,0
"742",131,0,120,0,0,0,0
"743",146,15,142,14,16,4,7
"744",0,0,1,0,0,0,0
"745",159,0,156,0,0,0,0
"746",0,0,1,0,0,0,0
"747",164,0,149,0,0,0,0
"748",153,0,136,0,0,0,0
"749",140,14,108,13,16,4,4
"750",129,0,148,0,0,0,0
"751",145,8,140,13,13,4,5
"752",145,12,124,14,15,4,6
"753",162,0,134,0,0,0,0
"754",160,0,148,0,0,0,0
"755",157,0,138,0,0,0,0
"756",0,0,1,0,0,0,0
"757",126,10,129,10,10,6,5
"758",166,8,134,10,12,5,5
"759",137,0,122,0,0,0,0
"760",161,0,146,0,0,0,0
"761",132,0,134,0,0,0,0
"762",137,0,138,0,0,1,0
"763",122,0,131,0,1,0,0
"764",138,7,129,12,7,5,4
"765",138,0,126,0,0,0,1
"766",150,15,129,16,13,8,7
"767",164,0,128,0,0,0,0
"768",0,0,1,0,0,0,0
"769",153,0,119,0,0,0,0
"770",152,16,151,14,14,5,5
"771",151,0,143,0,0,0,0
"772",144,12,121,11,11,5,6
"773",150,0,119,0,0,0,0
"774",0,0,1,0,0,0,0
"775",149,15,122,14,13,6,7
"776",148,0,143,0,1,0,1
"777",120,11,118,9,10,7,6
"778",0,0,1,0,0,0,0
"779",146,1,117,1,1,1,0
"780",149,0,136,0,0,0,0
"781",143,11,156,13,12,6,7
"782",162,12,134,13,11,4,7
"783",160,7,132,10,9,4,5
"784",154,0,153,0,0,0,0
"785",121,0,119,0,0,0,0
"786",125,13,137,13,13,6,6
"787",145,0,132,0,0,0,0
"788",0,0,1,0,0,0,0
"789",136,1,117,0,1,1,0
"790",140,9,153,12,14,6,4
"791",162,0,145,0,0,0,0
"792",158,10,126,16,14,6,5
"793",0,0,1,0,0,0,0
"794",0,0,1,0,0,0,0
"795",149,0,166,0,0,0,0
"796",166,0,148,0,0,0,0
"797",137,6,125,10,9,4,4
"798",155,8,124,8,10,5,8
"799",143,8,135,13,10,5,5
"800",154,0,136,0,0,0,0
"801",149,12,143,14,12,6,7
"802",147,0,154,0,1,0,0
"803",149,13,129,16,17,9,9
"804",126,0,132,0,0,0,0
"805",1,0,1,0,0,0,0
"806",0,0,1,0,0,0,0
"807",126,0,126,0,0,0,0
"808",135,0,128,0,0,0,0
"809",1,0,1,0,0,0,0
"810",0,0,1,0,0,0,0
"811",149,0,131,0,0,0,0
"812",137,0,152,0,0,0,0
"813",175,0,165,0,0,0,0
"814",139,14,139,17,19,6,4
"815",141,0,128,0,0,0,0
"816",0,0,1,0,0,0,0
"817",146,7,115,10,11,2,6
"818",144,0,139,0,0,0,0
"819",1,0,2,0,0,0,0
"820",161,0,149,0,0,0,0
"821",173,10,151,9,10,3,6
"822",140,0,121,0,0,0,0
"823",137,13,146,13,11,4,8
"824",160,0,151,0,0,0,0
"825",160,11,152,16,11,3,6
"826",149,9,157,14,17,7,6
"827",154,9,138,11,12,4,5
"828",0,0,1,0,0,0,0
"829",129,14,133,14,11,6,5
"830",144,0,122,0,0,0,0
"831",147,10,135,11,18,5,5
"832",149,11,138,15,9,4,8
"833",0,0,1,0,0,0,0
"834",0,0,1,0,0,0,0
"835",1,0,1,0,0,0,0
"836",132,0,136,0,0,0,0
"837",144,11,144,12,8,4,5
"838",129,9,122,10,9,6,7
"839",141,0,137,1,1,1,0
"840",151,14,137,12,14,5,6
"841",0,0,0,0,0,0,0
"842",168,10,141,11,13,5,6
"843",137,0,150,1,1,1,0
"844",141,0,127,0,0,0,0
"845",1,0,1,0,0,0,0
"846",124,8,134,8,12,3,4
"847",154,0,149,0,0,0,0
"848",145,2,133,0,0,0,0
"849",137,9,131,15,12,5,4
"850",161,11,167,20,15,5,9
"851",155,14,146,14,26,7,5
"852",155,0,142,0,0,0,0
"853",139,7,145,11,14,4,6
"854",134,10,143,15,11,5,5
"855",126,0,143,0,0,0,0
"856",135,13,148,11,14,4,5
"857",164,0,130,0,0,0,0
"858",130,9,130,11,9,4,5
"859",0,0,0,0,0,0,0
"860",148,0,149,0,0,0,0
"861",128,11,125,15,13,5,5
"862",149,0,124,0,0,0,0
"863",152,7,152,11,13,5,5
"864",138,10,119,13,12,3,5
"865",147,0,133,0,0,0,0
"866",122,0,129,0,0,0,0
"867",156,0,134,0,0,0,0
"868",1,0,1,0,0,0,0
"869",133,13,147,15,13,6,7
"870",161,12,150,12,12,3,7
"871",120,0,112,0,0,0,0
"872",164,13,142,12,13,5,6
"873",141,9,152,12,12,5,4
"874",0,0,0,0,0,0,0
"875",128,11,135,14,10,5,5
"876",143,11,137,18,17,6,4
"877",157,0,128,0,0,1,0
"878",157,14,148,16,21,9,10
"879",134,0,140,0,0,0,0
"880",161,0,145,0,0,0,0
"881",168,13,124,14,10,4,6
"882",129,0,146,0,0,0,0
"883",157,0,136,0,0,0,0
"884",134,14,137,13,11,3,5
"885",139,11,130,14,16,4,7
"886",155,1,128,1,0,0,1
"887",145,11,123,18,17,5,7
"888",142,10,140,15,14,7,8
"889",156,0,151,0,0,0,0
"890",129,15,126,14,14,6,8
"891",145,12,135,13,14,3,6
"892",142,0,129,0,1,0,0
"893",154,12,130,11,12,4,8
"894",137,1,133,0,1,0,1
"895",0,0,2,0,0,0,0
"896",1,0,1,0,0,0,0
"897",141,0,139,0,0,0,0
"898",129,11,125,7,11,4,4
"899",154,0,139,0,0,0,0
"900",141,0,154,0,0,1,0
"901",0,0,0,0,0,0,0
"902",129,0,131,0,0,0,0
"903",0,0,1,0,0,0,0
"904",137,0,123,0,0,0,0
"905",145,0,120,0,0,0,0
"906",148,16,147,14,17,7,8
"907",146,0,137,0,0,0,0
"908",142,8,125,13,11,5,5
"909",155,14,148,19,18,4,5
"910",167,9,157,16,17,6,7
"911",122,0,104,0,0,0,0
"912",140,11,143,17,17,7,7
"913",150,10,164,11,17,4,6
"914",0,0,1,0,0,0,0
"915",140,8,135,14,16,4,6
"916",163,0,137,0,0,0,0
"917",0,0,1,0,0,0,0
"918",142,13,137,12,11,6,5
"919",143,12,124,20,17,5,7
"920",154,2,131,1,3,1,2
"921",130,14,140,19,13,6,7
"922",147,0,140,0,0,0,0
"923",0,0,1,0,0,0,0
"924",160,10,145,8,8,5,5
"925",149,7,140,12,13,7,5
"926",140,0,137,0,0,0,0
"927",141,0,141,0,0,0,0
"928",146,0,130,0,0,0,0
"929",141,9,118,9,11,5,6
"930",0,0,1,0,0,0,0
"931",0,0,0,0,0,0,0
"932",142,0,125,0,0,0,0
"933",145,16,139,19,12,5,6
"934",179,0,147,0,0,0,0
"935",186,14,170,20,19,6,9
"936",152,0,126,0,0,0,0
"937",128,0,132,0,0,0,0
"938",0,0,1,0,0,0,0
"939",0,0,1,0,0,0,0
"940",132,11,139,13,10,5,5
"941",129,13,118,13,14,5,5
"942",128,8,122,13,15,6,4
"943",127,18,141,14,15,5,5
"944",153,10,148,12,10,5,5
"945",154,7,141,11,12,4,6
"946",145,12,149,16,14,6,9
"947",123,0,117,0,0,0,0
"948",152,0,125,0,0,0,0
"949",162,0,143,0,0,0,0
"950",150,0,156,0,0,0,0
"951",0,0,1,0,0,0,0
"952",125,0,125,0,0,0,0
"953",0,0,1,0,0,0,0
"954",139,8,145,12,9,5,5
"955",140,0,134,0,1,0,0
"956",0,0,1,0,0,0,0
"957",0,0,1,0,0,0,0
"958",0,0,1,0,0,0,0
"959",159,0,150,0,0,0,0
"960",143,11,132,13,16,5,6
"961",140,0,139,0,0,0,0
"962",126,0,133,0,0,0,0
"963",164,0,146,1,0,0,0
"964",150,0,133,0,0,0,0
"965",148,0,149,0,2,0,1
"966",155,0,138,0,0,0,0
"967",0,0,0,0,0,0,0
"968",133,20,118,20,15,8,10
"969",149,0,142,0,0,0,0
"970",128,0,144,0,0,0,0
"971",163,10,147,23,17,6,9
"972",1,0,1,0,0,0,0
"973",149,0,126,0,0,0,0
"974",157,0,142,0,0,0,0
"975",156,13,163,10,8,5,4
"976",150,0,136,0,0,0,0
"977",135,16,124,23,17,5,6
"978",130,12,130,13,13,8,7
"979",0,0,1,0,0,0,0
"980",151,0,148,0,0,0,0
"981",135,2,124,0,1,1,0
"982",143,9,149,13,11,5,8
"983",0,0,2,0,0,0,0
"984",1,0,1,0,0,0,0
"985",0,0,0,0,0,0,0
"986",129,13,122,12,12,5,8
"987",157,11,144,11,13,6,6
"988",0,0,0,0,0,0,0
"989",135,0,121,0,0,0,0
"990",145,13,131,24,18,4,5
"991",0,0,1,0,0,0,0
"992",138,12,120,15,14,6,5
"993",152,17,155,19,17,7,4
"994",154,15,133,17,14,4,5
"995",154,10,131,13,14,4,4
"996",135,0,127,0,0,0,0
"997",174,1,126,0,1,0,1
"998",164,2,163,0,2,1,2
"999",137,12,127,14,11,4,7
"1000",137,14,135,13,10,6,4
"1001",129,12,144,13,14,6,5
"1002",125,0,129,0,0,0,0
"1003",149,0,129,0,0,0,0
"1004",143,0,124,0,0,0,0
"1005",144,12,129,12,15,8,5
"1006",0,0,0,0,0,0,0
"1007",155,12,126,15,14,6,7
"1008",149,0,136,0,0,0,0
"1009",141,0,136,0,0,0,0
"1010",147,0,142,0,0,1,0
"1011",138,10,130,10,11,4,7
"1012",134,0,146,0,0,0,0
"1013",155,10,115,15,14,4,5
"1014",143,12,130,9,13,7,6
"1015",0,0,1,0,0,0,0
"1016",147,0,127,1,1,0,1
"1017",120,0,135,0,0,0,0
"1018",134,0,133,0,0,0,0
"1019",138,1,123,0,0,0,0
"1020",136,0,134,1,1,0,0
"1021",0,0,1,0,0,0,0
"1022",0,0,1,0,0,0,0
"1023",137,0,143,0,0,0,0
"1024",140,13,147,13,8,3,5
"1025",134,0,140,0,0,0,0
"1026",136,0,146,0,0,1,1
"1027",147,0,136,0,1,0,0
"1028",0,0,1,0,0,0,0
"1029",135,0,125,0,1,0,0
"1030",117,0,137,0,0,0,0
"1031",151,16,132,13,11,7,7
"1032",137,11,134,10,15,5,6
"1033",123,0,103,0,0,0,0
"1034",144,11,129,12,13,5,7
"1035",167,16,148,18,12,8,8
"1036",147,0,142,1,0,0,0
"1037",132,2,139,0,3,2,0
"1038",150,12,138,19,12,4,5
"1039",150,0,141,0,0,0,0
"1040",132,0,128,0,0,0,0
"1041",133,10,128,11,9,5,4
"1042",163,10,140,13,10,5,4
"1043",139,8,129,13,15,7,5
"1044",156,0,124,0,0,0,0
"1045",155,13,151,10,13,7,4
"1046",128,12,120,18,17,5,7
"1047",129,1,141,0,0,0,0
"1048",117,9,115,12,13,4,5
"1049",143,10,133,8,13,6,5
"1050",141,0,139,0,0,0,0
"1051",0,0,1,0,0,0,0
"1052",118,14,108,12,13,5,4
"1053",134,10,143,14,15,10,6
"1054",0,0,1,0,0,0,0
"1055",138,9,140,15,13,5,6
"1056",0,0,1,0,0,0,0
"1057",152,11,115,12,17,8,5
"1058",146,11,155,12,13,6,3
"1059",162,12,136,17,13,7,6
"1060",145,12,133,13,11,7,6
"1061",132,0,122,0,0,0,0
"1062",133,0,123,0,0,0,0
"1063",133,0,121,0,0,0,0
"1064",144,11,136,15,13,3,5
"1065",147,0,142,0,0,0,0
"1066",130,8,129,16,11,5,5
"1067",145,0,139,0,0,0,0
"1068",153,0,161,0,0,0,0
"1069",125,0,122,0,0,0,0
"1070",163,10,157,10,8,6,5
"1071",147,0,138,0,1,0,0
"1072",147,14,121,17,15,5,5
"1073",1,0,1,0,0,0,0
"1074",148,10,124,11,13,4,4
"1075",124,0,134,0,0,0,0
"1076",156,12,135,12,15,6,6
"1077",153,13,139,17,12,6,6
"1078",173,0,156,0,0,0,0
"1079",146,0,133,0,0,0,0
"1080",141,8,131,17,10,6,6
"1081",152,13,137,17,17,4,7
"1082",142,0,125,0,0,0,0
"1083",0,0,0,0,0,0,0
"1084",151,0,136,0,0,0,0
"1085",147,8,130,12,11,6,6
"1086",143,12,140,17,18,4,8
"1087",125,0,121,0,0,0,0
"1088",153,0,146,1,0,0,0
"1089",136,0,131,0,0,0,0
"1090",157,0,143,0,0,0,0
"1091",144,0,134,0,0,0,0
"1092",0,0,2,0,0,0,0
"1093",148,15,144,13,14,5,4
"1094",148,12,139,19,19,4,5
"1095",114,0,115,0,0,0,0
"1096",0,0,1,0,0,0,0
"1097",143,18,143,20,14,5,6
"1098",144,0,158,0,0,0,0
"1099",159,0,125,0,0,0,0
"1100",0,0,1,0,0,0,0
"1101",157,0,156,0,0,0,0
"1102",133,11,131,15,12,5,6
"1103",153,0,129,0,0,0,0
"1104",130,0,113,0,0,0,0
"1105",144,13,145,15,12,8,7
"1106",155,12,157,15,12,5,7
"1107",147,11,112,24,12,6,6
"1108",160,0,148,0,0,0,0
"1109",0,0,0,0,0,0,0
"1110",158,13,136,16,15,8,7
"1111",144,9,147,12,8,4,5
"1112",149,15,118,16,15,4,6
"1113",158,0,145,0,0,0,0
"1114",119,12,157,15,14,5,8
"1115",141,11,116,16,15,5,6
"1116",155,0,151,0,0,0,0
"1117",146,0,134,1,0,0,0
"1118",145,12,127,17,8,6,6
"1119",137,8,115,8,9,6,5
"1120",0,0,1,0,0,0,0
"1121",138,12,120,14,13,3,4
"1122",0,0,1,0,0,0,0
"1123",143,9,127,13,14,6,5
"1124",153,0,138,0,0,0,0
"1125",157,9,119,12,18,5,5
"1126",140,0,146,0,0,0,0
"1127",169,11,142,13,10,5,5
"1128",146,10,119,13,12,4,5
"1129",169,10,138,13,13,6,7
"1130",144,10,141,11,9,6,4
"1131",152,0,138,0,1,0,0
"1132",163,0,156,0,0,0,0
"1133",126,14,129,18,14,4,9
"1134",149,0,142,0,0,0,0
"1135",132,0,143,1,0,0,0
"1136",2,0,0,0,0,0,0
"1137",137,1,121,0,1,0,0
"1138",130,10,142,13,11,4,7
"1139",0,0,0,0,0,0,0
"1140",136,2,128,1,0,2,0
"1141",131,0,150,0,0,0,0
"1142",152,15,123,16,15,8,7
"1143",167,8,144,12,9,3,4
"1144",144,8,122,18,12,2,4
"1145",137,13,143,12,14,5,6
"1146",153,1,140,0,0,0,0
"1147",0,0,1,0,0,0,0
"1148",175,9,141,12,10,4,4
"1149",154,12,133,11,14,4,5
"1150",150,18,157,14,21,6,7
"1151",129,9,130,14,18,2,6
"1152",119,0,89,1,0,0,0
"1153",134,0,126,0,0,0,0
"1154",131,0,113,0,0,0,0
"1155",168,9,121,12,11,7,7
"1156",140,0,154,0,0,0,0
"1157",142,0,126,0,1,0,0
"1158",159,0,144,0,0,1,1
"1159",137,12,140,20,13,5,5
"1160",0,0,0,0,0,0,0
"1161",152,12,145,15,14,4,5
"1162",134,8,154,10,9,5,5
"1163",0,0,1,0,0,0,0
"1164",162,0,151,0,0,0,0
"1165",139,6,143,9,11,6,3
"1166",146,12,150,10,13,4,8
"1167",127,9,128,13,11,2,5
"1168",0,0,1,0,0,0,0
"1169",152,0,158,0,0,0,0
"1170",0,0,1,0,0,0,0
"1171",0,0,1,0,0,0,0
"1172",137,15,130,13,13,6,6
"1173",0,0,1,0,0,0,0
"1174",129,0,145,0,0,0,0
"1175",0,0,0,0,0,0,0
"1176",154,6,132,6,8,6,3
"1177",149,12,133,11,15,5,4
"1178",145,20,152,14,15,6,7
"1179",163,0,141,0,0,0,0
"1180",142,9,143,14,12,5,5
"1181",136,10,135,9,11,6,4
"1182",151,14,149,14,13,4,4
"1183",1,0,1,0,0,0,0
"1184",139,0,121,0,0,0,0
"1185",123,1,130,0,1,0,0
"1186",1,0,1,0,0,0,0
"1187",145,10,146,12,12,4,4
"1188",135,10,141,10,17,5,4
"1189",147,0,146,0,0,0,0
"1190",139,10,136,10,10,4,6
"1191",0,0,1,0,0,0,0
"1192",0,0,1,0,0,0,0
"1193",0,0,1,0,0,0,0
"1194",156,0,150,0,0,0,0
"1195",151,0,158,0,0,1,0
"1196",0,0,1,0,0,0,0
"1197",126,9,140,12,13,4,5
"1198",137,13,137,18,12,5,7
"1199",158,9,170,11,8,5,3
"1200",146,9,137,12,11,4,7
"1201",0,0,0,0,0,0,0
"1202",150,13,154,19,12,5,5
"1203",142,0,129,0,0,0,0
"1204",135,0,147,0,0,0,1
"1205",133,0,136,0,0,0,0
"1206",128,14,129,13,11,3,5
"1207",142,12,183,13,10,4,4
"1208",139,0,147,0,0,0,0
"1209",127,0,123,1,0,0,1
"1210",122,0,122,0,0,0,0
"1211",0,0,1,0,0,0,0
"1212",152,13,137,9,16,3,9
"1213",141,0,142,0,0,0,0
"1214",143,12,144,11,11,4,8
"1215",150,9,134,8,7,3,4
"1216",130,0,127,0,0,0,0
"1217",140,0,128,0,0,0,0
"1218",139,12,131,10,19,7,9
"1219",120,11,120,12,10,8,5
"1220",119,10,136,14,14,4,5
"1221",147,15,147,13,17,4,5
"1222",143,0,152,0,0,0,0
"1223",0,0,1,0,0,0,0
"1224",144,15,147,11,15,4,5
"1225",147,13,173,15,14,6,5
"1226",122,12,123,16,14,6,6
"1227",134,11,145,8,10,7,5
"1228",0,0,0,0,0,0,0
"1229",129,13,123,17,14,5,7
"1230",0,0,1,0,0,0,0
"1231",0,0,1,0,0,0,0
"1232",0,0,1,0,0,0,0
"1233",140,10,128,13,18,5,6
"1234",161,0,170,0,0,0,0
"1235",128,9,130,7,7,3,3
"1236",128,12,117,11,11,3,6
"1237",153,0,133,0,0,0,0
"1238",136,0,138,0,0,0,0
"1239",155,18,141,12,15,6,7
"1240",128,0,147,0,0,0,0
"1241",142,0,122,1,1,0,0
"1242",141,17,130,14,15,6,6
"1243",167,0,158,0,0,0,0
"1244",138,18,145,15,17,5,6
"1245",107,12,116,13,13,4,8
"1246",121,9,133,12,10,7,5
"1247",140,0,131,0,0,0,0
"1248",0,0,0,0,0,0,0
"1249",124,0,133,0,1,0,0
"1250",146,0,131,0,0,0,0
"1251",151,0,138,0,0,0,0
"1252",136,0,113,0,0,0,0
"1253",127,9,128,14,14,6,7
"1254",138,0,121,0,0,0,0
"1255",134,0,133,0,0,0,0
"1256",146,0,149,0,0,0,0
"1257",120,0,139,0,0,0,0
"1258",127,7,149,9,8,5,2
"1259",160,13,132,14,15,4,5
"1260",0,0,1,0,0,0,0
"1261",140,9,146,12,10,5,4
"1262",155,0,145,0,0,0,0
"1263",128,11,118,12,12,5,6
"1264",141,0,130,0,0,0,0
"1265",1,0,1,0,0,0,0
"1266",0,0,1,0,0,0,0
"1267",0,0,1,0,0,0,0
"1268",1,0,1,0,0,0,0
"1269",0,0,1,0,0,0,0
"1270",135,8,127,13,12,6,5
"1271",131,11,140,14,13,6,9
"1272",143,0,140,1,0,0,0
"1273",138,0,130,0,0,0,0
"1274",137,9,149,12,14,6,9
"1275",125,9,131,10,14,6,6
"1276",141,0,136,0,0,0,0
"1277",0,0,1,0,0,0,0
"1278",139,0,139,0,1,0,0
"1279",155,9,140,11,12,4,6
"1280",147,9,133,11,9,4,5
"1281",167,15,155,17,16,5,7
"1282",156,14,157,13,13,3,7
"1283",137,0,139,0,0,0,0
"1284",158,0,142,0,0,0,0
"1285",148,0,123,0,0,0,0
"1286",164,9,179,16,10,4,5
"1287",157,14,153,11,15,4,6
"1288",150,0,125,0,1,0,0
"1289",135,0,128,0,0,0,0
"1290",158,10,136,12,14,7,7
"1291",0,0,1,0,0,0,0
"1292",0,0,1,0,0,0,0
"1293",0,0,1,0,0,0,0
"1294",139,0,122,0,0,0,0
"1295",144,11,145,16,14,6,7
"1296",163,0,172,0,0,0,0
"1297",130,0,133,0,0,0,1
"1298",134,12,115,16,18,6,5
"1299",121,0,138,0,0,0,0
"1300",135,0,127,1,0,0,0
"1301",122,15,123,15,13,4,5
"1302",138,0,145,0,0,0,0
"1303",153,13,124,13,18,5,5
"1304",1,0,1,0,0,0,0
"1305",144,10,127,10,12,4,7
"1306",145,0,143,0,0,1,0
"1307",158,9,162,11,14,5,6
"1308",0,0,1,0,0,0,0
"1309",157,0,148,0,0,0,0
"1310",0,0,0,0,0,0,0
"1311",142,1,140,2,1,0,0
"1312",0,0,1,0,0,0,0
"1313",0,0,1,0,0,0,0
"1314",0,0,1,0,0,0,0
"1315",156,0,124,0,0,0,0
"1316",135,1,130,0,0,0,1
"1317",152,1,148,3,3,1,1
"1318",152,13,113,15,19,5,6
"1319",0,0,1,0,0,0,0
"1320",138,10,163,16,14,4,6
"1321",130,0,129,0,0,0,0
"1322",140,0,142,0,0,0,0
"1323",115,15,116,19,16,5,6
"1324",144,14,140,12,13,3,6
"1325",143,0,139,0,0,0,0
"1326",162,0,154,0,0,0,0
"1327",1,0,1,0,0,0,0
"1328",125,9,118,8,15,5,5
"1329",0,0,1,0,0,0,0
"1330",121,0,110,0,0,0,0
"1331",125,0,132,0,0,0,0
"1332",127,0,132,0,0,0,1
"1333",163,13,140,9,16,4,5
"1334",0,0,1,0,0,0,0
"1335",148,0,134,0,0,0,0
"1336",133,8,126,11,16,4,5
"1337",145,10,122,10,12,6,5
"1338",0,0,1,0,0,0,0
"1339",0,0,1,0,0,0,0
"1340",142,2,151,0,1,0,1
"1341",1,0,1,0,0,0,0
"1342",145,0,141,0,0,0,0
"1343",1,0,0,0,0,0,0
"1344",0,0,1,0,0,0,0
"1345",135,0,131,0,0,0,0
"1346",153,9,153,9,10,3,3
"1347",143,11,128,13,11,4,5
"1348",153,0,142,0,0,0,0
"1349",140,0,112,0,0,0,0
"1350",140,13,122,18,15,6,6
"1351",155,0,139,0,0,0,0
"1352",135,9,132,12,12,5,6
"1353",142,0,110,0,0,0,0
"1354",141,0,138,0,0,0,0
"1355",149,0,132,0,0,0,0
"1356",0,0,0,0,0,0,0
"1357",161,0,127,0,0,0,0
"1358",131,12,130,13,10,4,8
"1359",0,0,1,0,0,0,0
"1360",139,14,135,18,11,5,5
"1361",167,0,144,0,0,0,0
"1362",0,0,0,0,0,0,0
"1363",134,0,128,0,0,0,0
"1364",0,0,1,0,0,0,0
"1365",2,0,2,0,0,0,0
"1366",0,0,0,0,0,0,0
"1367",0,0,1,0,0,0,0
"1368",1,0,1,0,0,0,0
"1369",0,0,1,0,0,0,0
"1370",139,16,108,14,12,7,6
"1371",143,0,152,0,0,0,0
"1372",140,0,151,0,0,0,0
"1373",146,0,145,0,0,0,0
"1374",140,14,148,22,14,7,7
"1375",136,0,127,1,0,0,0
"1376",146,11,138,15,13,5,7
"1377",167,0,150,0,0,0,0
"1378",125,8,112,14,14,4,6
"1379",132,7,126,10,13,5,9
"1380",141,11,114,16,14,5,5
"1381",141,10,145,17,14,4,7
"1382",0,0,1,0,0,0,0
"1383",151,0,116,0,0,0,0
"1384",143,0,127,0,0,0,0
"1385",160,9,134,11,10,6,5
"1386",0,0,1,0,0,0,0
"1387",179,9,158,20,15,5,5
"1388",153,12,137,14,14,3,4
"1389",121,12,106,12,10,5,5
"1390",135,0,135,0,0,0,0
"1391",143,0,141,0,1,0,0
"1392",157,11,132,12,11,5,5
"1393",142,9,132,12,12,3,7
"1394",141,11,128,11,14,5,6
"1395",0,0,1,0,0,0,0
"1396",151,1,152,0,0,1,0
"1397",142,13,147,14,14,4,8
"1398",144,12,131,10,16,5,7
"1399",151,10,139,14,12,3,6
"1400",0,0,1,0,0,0,0
"1401",124,0,110,0,0,0,0
"1402",160,0,138,0,0,0,0
"1403",130,9,138,10,11,4,5
"1404",0,0,1,0,0,0,0
"1405",143,0,165,0,0,0,0
"1406",160,1,136,0,2,0,0
"1407",135,0,128,1,0,0,0
"1408",130,0,135,0,0,0,0
"1409",133,11,126,9,14,4,5
"1410",141,0,131,1,0,0,0
"1411",134,8,135,14,15,4,4
"1412",126,0,135,0,0,0,0
"1413",164,0,164,0,0,0,0
"1414",135,0,139,0,0,0,0
"1415",122,0,131,0,0,0,0
"1416",132,0,143,0,0,0,1
"1417",142,16,144,16,19,4,9
"1418",142,8,139,13,17,5,4
"1419",171,0,136,0,0,1,0
"1420",156,10,142,12,15,4,7
"1421",0,0,1,0,0,0,0
"1422",153,15,155,10,12,7,6
"1423",135,6,138,12,10,4,5
"1424",122,18,126,15,12,9,6
"1425",122,12,138,9,16,4,5
"1426",144,7,150,11,9,3,6
"1427",131,0,169,0,0,0,0
"1428",143,1,155,1,0,0,0
"1429",148,12,113,20,14,5,7
"1430",114,0,123,0,0,0,0
"1431",133,0,142,0,0,0,0
"1432",155,10,141,13,8,3,5
"1433",120,10,127,17,19,7,6
"1434",0,0,1,0,0,0,0
"1435",164,12,134,13,17,5,6
"1436",149,0,139,0,0,0,0
"1437",140,0,158,0,0,0,0
"1438",0,0,2,0,0,0,0
"1439",131,7,120,14,11,6,6
"1440",142,0,119,0,0,0,0
"1441",142,13,120,9,9,7,5
"1442",127,0,133,0,0,0,0
"1443",148,0,116,0,1,0,0
"1444",152,0,129,0,0,0,0
"1445",0,0,1,0,0,0,0
"1446",0,0,1,0,0,0,0
"1447",149,13,138,13,10,5,4
"1448",153,0,148,0,0,0,0
"1449",123,12,110,13,14,7,6
"1450",152,0,155,0,0,0,0
"1451",155,0,139,0,0,0,0
"1452",136,0,130,0,0,0,0
"1453",140,12,147,15,16,6,6
"1454",0,0,1,0,0,0,0
"1455",124,10,143,12,15,4,6
"1456",144,10,125,10,10,5,4
"1457",162,0,113,0,0,0,0
"1458",129,15,126,12,16,5,6
"1459",0,0,1,0,0,0,0
"1460",0,0,1,0,0,0,0
"1461",139,15,128,19,12,4,7
"1462",143,14,146,11,12,5,6
"1463",141,0,136,0,0,0,0
"1464",127,8,113,10,11,3,4
"1465",153,0,148,0,0,0,0
"1466",116,0,119,0,0,0,0
"1467",146,1,126,1,3,1,0
"1468",0,0,1,0,0,0,0
"1469",147,0,128,0,0,0,0
"1470",0,0,0,0,0,0,0
"1471",134,10,142,14,18,5,6
"1472",152,10,166,10,8,3,6
"1473",134,10,145,14,13,5,5
"1474",131,0,129,0,0,0,0
"1475",135,0,129,0,0,0,0
"1476",131,14,139,15,10,5,5
"1477",0,0,1,0,0,0,0
"1478",0,0,1,0,0,0,0
"1479",155,0,139,0,0,0,0
"1480",151,12,132,10,10,5,6
"1481",134,16,145,18,16,7,7
"1482",160,0,128,0,0,0,0
"1483",0,0,1,0,0,0,0
"1484",137,0,139,0,0,0,0
"1485",0,0,1,0,0,0,0
"1486",143,11,143,14,8,3,3
"1487",139,11,137,16,14,4,4
"1488",145,0,132,0,0,0,0
"1489",141,0,137,0,0,0,0
"1490",130,0,125,0,0,0,0
"1491",136,8,135,10,9,3,5
"1492",142,10,150,17,12,4,5
"1493",0,0,1,0,0,0,0
"1494",120,0,110,0,0,0,0
"1495",145,11,137,19,18,8,7
"1496",150,0,149,0,0,0,0
"1497",142,16,116,13,13,5,9
"1498",142,0,127,0,0,0,0
"1499",145,0,130,0,0,0,0
"1500",146,0,139,0,0,0,0
"1501",127,11,155,17,14,7,5
"1502",152,0,139,0,0,0,0
"1503",133,0,115,1,0,1,0
"1504",157,11,153,19,13,5,5
"1505",151,12,137,15,12,5,4
"1506",0,0,1,0,0,0,0
"1507",115,10,130,16,10,6,7
"1508",141,0,144,0,0,0,0
"1509",143,1,143,1,0,1,0
"1510",143,0,128,0,0,0,1
"1511",131,9,128,9,10,3,4
"1512",0,0,1,0,0,0,0
"1513",141,0,131,0,0,0,0
"1514",0,0,1,0,0,0,0
"1515",121,0,105,0,0,0,0
"1516",142,0,134,0,0,0,0
"1517",151,8,156,9,11,3,4
"1518",138,0,119,0,1,0,0
"1519",145,10,128,8,12,5,4
"1520",146,10,125,13,12,5,5
"1521",145,0,128,0,1,0,0
"1522",162,0,151,0,0,1,0
"1523",147,11,121,13,11,5,5
"1524",143,12,145,10,11,5,5
"1525",1,0,1,0,0,0,0
"1526",150,0,155,0,0,0,0
"1527",176,0,141,0,0,0,0
"1528",0,0,1,0,0,0,0
"1529",153,0,142,0,1,0,0
"1530",158,0,151,0,0,0,0
"1531",134,0,137,0,0,0,0
"1532",126,15,140,14,13,5,5
"1533",126,10,120,10,10,4,3
"1534",129,0,139,0,0,0,0
"1535",133,1,133,0,0,0,0
"1536",155,0,149,0,0,0,0
"1537",128,13,139,12,13,4,9
"1538",1,0,1,0,0,0,0
"1539",126,1,137,0,0,0,1
"1540",135,0,138,0,0,0,0
"1541",135,6,135,9,10,4,4
"1542",158,0,128,0,0,0,0
"1543",124,12,108,14,11,5,5
"1544",140,0,133,0,0,0,0
"1545",160,13,135,13,14,5,8
"1546",142,2,117,0,0,0,0
"1547",0,0,1,0,0,0,0
"1548",129,10,132,14,9,4,5
"1549",152,0,132,0,0,0,0
"1550",0,0,1,0,0,0,0
"1551",140,0,160,0,0,0,0
"1552",173,8,162,13,13,5,7
"1553",141,0,123,0,0,0,0
"1554",0,0,1,0,0,0,0
"1555",168,10,147,10,10,4,4
"1556",149,9,143,19,12,4,6
"1557",140,11,151,14,13,5,5
"1558",143,0,154,0,0,0,0
"1559",0,0,1,0,0,0,0
"1560",0,0,1,0,0,0,0
"1561",158,13,130,18,15,8,6
"1562",147,0,124,0,0,0,0
"1563",154,13,137,17,12,6,5
"1564",136,14,141,13,21,4,6
"1565",139,0,140,0,0,0,0
"1566",0,0,0,0,0,0,0
"1567",0,0,1,0,0,0,0
"1568",149,0,137,0,0,0,0
"1569",2,0,1,0,0,0,0
"1570",141,0,140,0,0,0,0
"1571",137,0,163,0,0,0,0
"1572",152,16,138,12,12,4,5
"1573",146,0,161,0,1,0,0
"1574",136,1,139,0,0,1,0
"1575",118,0,122,0,0,0,0
"1576",138,0,144,0,0,0,0
"1577",142,13,135,9,10,4,4
"1578",130,16,139,16,13,6,6
"1579",144,0,152,0,0,0,0
"1580",151,0,133,0,0,0,0
"1581",127,0,122,0,1,0,0
"1582",137,9,123,13,10,5,5
"1583",144,0,138,0,0,0,0
"1584",140,9,127,8,11,5,5
"1585",129,12,136,19,15,4,8
"1586",136,0,137,0,1,0,0
"1587",144,13,150,17,12,4,7
"1588",0,0,1,0,0,0,0
"1589",145,10,121,17,14,5,5
"1590",155,11,136,16,14,5,8
"1591",132,0,159,0,1,1,0
"1592",145,11,131,15,15,6,7
"1593",155,11,145,13,17,5,6
"1594",142,0,129,0,0,0,0
"1595",122,11,133,8,9,4,4
"1596",0,0,1,0,0,0,0
"1597",130,0,126,0,1,0,0
"1598",149,0,139,0,0,0,0
"1599",145,11,132,11,11,4,5
"1600",154,10,137,9,10,4,3
"1601",142,8,137,11,9,5,6
"1602",128,10,135,13,17,4,6
"1603",170,0,125,0,0,0,0
"1604",124,0,118,0,0,0,0
"1605",147,0,129,0,0,0,1
"1606",0,0,0,0,0,0,0
"1607",153,12,144,15,12,7,4
"1608",149,0,138,0,1,0,0
"1609",144,10,138,17,13,7,5
"1610",149,1,133,1,1,0,1
"1611",0,0,2,0,0,0,0
"1612",149,0,153,0,0,0,0
"1613",0,0,0,0,0,0,0
"1614",145,15,113,17,12,6,7
"1615",0,0,1,0,0,0,0
"1616",155,0,130,0,0,0,0
"1617",135,0,139,0,0,0,0
"1618",140,0,138,0,0,0,0
"1619",126,12,126,9,10,5,6
"1620",139,0,149,0,0,0,0
"1621",0,0,1,0,0,0,0
"1622",132,0,105,0,0,0,0
"1623",142,0,152,1,0,0,0
"1624",147,13,142,20,15,7,5
"1625",137,6,140,8,13,4,7
"1626",150,11,138,17,14,4,8
"1627",0,0,1,0,0,0,0
"1628",133,0,120,1,0,0,0
"1629",135,14,141,15,15,5,6
"1630",144,17,145,19,18,8,9
"1631",157,0,140,0,0,0,0
"1632",153,3,151,2,2,1,1
"1633",128,0,137,0,0,0,0
"1634",148,0,133,0,0,0,0
"1635",0,0,1,0,0,0,0
"1636",147,0,126,0,0,0,0
"1637",137,16,132,15,14,8,5
"1638",135,8,141,18,13,6,5
"1639",145,12,134,17,14,4,5
"1640",151,0,137,0,0,0,0
"1641",137,0,108,0,0,0,0
"1642",139,16,133,16,14,7,7
"1643",146,14,148,12,11,7,5
"1644",0,0,0,0,0,0,0
"1645",134,12,126,12,16,5,5
"1646",133,0,138,0,0,0,0
"1647",148,8,132,10,16,5,7
"1648",147,0,159,1,0,0,0
"1649",140,10,139,11,15,6,5
"1650",149,12,155,13,12,4,6
"1651",0,0,1,0,0,0,0
"1652",168,0,168,0,0,0,0
"1653",140,12,148,12,14,5,5
"1654",159,14,135,20,16,8,6
"1655",167,13,141,13,11,5,6
"1656",156,0,154,0,0,0,0
"1657",168,0,122,0,1,0,0
"1658",0,0,1,0,0,0,0
"1659",132,1,136,1,3,0,1
"1660",127,14,128,18,18,7,5
"1661",133,0,121,0,0,0,0
"1662",144,0,128,1,0,0,0
"1663",0,0,1,0,0,0,0
"1664",146,10,126,11,9,4,4
"1665",145,8,144,7,8,3,4
"1666",0,0,1,0,0,0,0
"1667",145,1,136,0,1,0,0
"1668",136,0,136,0,0,0,0
"1669",152,0,130,0,0,0,1
"1670",134,8,121,9,11,4,4
"1671",141,0,117,0,0,0,0
"1672",140,0,163,0,0,0,0
"1673",158,10,155,12,11,6,4
"1674",155,14,147,16,16,7,11
"1675",160,0,154,0,0,0,0
"1676",175,14,164,19,20,8,9
"1677",119,0,142,0,1,0,0
"1678",157,0,142,0,1,0,0
"1679",158,11,150,12,11,6,6
"1680",145,0,141,0,0,0,0
"1681",146,0,121,0,0,0,0
"1682",0,0,1,0,0,0,0
"1683",144,12,141,17,15,5,7
"1684",166,0,129,0,0,0,0
"1685",0,0,1,0,0,0,0
"1686",166,0,142,0,1,0,0
"1687",0,0,1,0,0,0,0
"1688",133,15,146,16,19,8,7
"1689",136,10,134,12,13,7,5
"1690",0,0,0,0,0,0,0
"1691",0,0,1,0,0,0,0
"1692",153,0,135,0,0,0,0
"1693",133,0,115,0,0,0,0
"1694",156,10,134,11,16,6,5
"1695",132,15,152,23,16,7,8
"1696",154,10,157,12,11,5,6
"1697",0,0,1,0,0,0,0
"1698",127,14,124,16,16,6,3
"1699",151,0,135,1,0,0,0
"1700",137,0,124,0,0,0,0
"1701",145,11,137,12,13,3,6
"1702",0,0,1,0,0,0,0
"1703",132,0,126,0,1,0,0
"1704",147,1,144,1,0,0,0
"1705",119,8,146,14,12,5,4
"1706",146,12,133,18,13,3,6
"1707",141,1,131,0,0,0,0
"1708",146,15,136,11,15,4,5
"1709",134,0,138,0,0,0,0
"1710",146,1,149,0,0,0,1
"1711",0,0,0,0,0,0,0
"1712",141,0,144,0,1,0,0
"1713",142,15,132,14,14,4,5
"1714",150,0,123,0,0,0,0
"1715",149,10,153,15,10,6,7
"1716",175,0,148,0,0,0,0
"1717",142,13,133,16,16,5,8
"1718",149,0,126,0,1,0,0
"1719",146,10,166,11,10,4,6
"1720",146,0,151,0,0,0,0
"1721",147,0,128,0,0,0,0
"1722",152,11,141,14,11,6,5
"1723",157,0,137,0,0,0,0
"1724",147,9,128,11,20,7,5
"1725",161,12,138,15,12,6,5
"1726",0,0,1,0,0,0,0
"1727",153,0,153,0,0,0,0
"1728",0,0,1,0,0,0,0
"1729",157,13,135,12,14,10,5
"1730",116,12,121,16,14,3,7
"1731",152,0,141,0,1,0,0
"1732",131,11,125,10,14,3,4
"1733",144,0,146,0,0,0,0
"1734",0,0,1,0,0,0,0
"1735",0,0,1,0,0,0,0
"1736",0,0,1,0,0,0,0
"1737",139,7,147,12,10,5,7
"1738",148,14,136,13,13,5,7
"1739",150,16,117,15,12,7,5
"1740",136,0,127,0,0,0,0
"1741",137,0,129,0,0,0,0
"1742",141,0,141,0,0,0,0
"1743",126,0,111,0,0,0,0
"1744",131,0,136,0,1,1,0
"1745",136,1,152,0,0,0,1
"1746",157,14,140,12,12,4,4
"1747",152,0,129,0,0,0,0
"1748",0,0,1,0,0,0,0
"1749",136,0,143,0,0,0,0
"1750",179,0,186,0,0,0,0
"1751",160,13,123,17,16,6,5
"1752",144,11,128,13,11,6,4
"1753",164,0,155,0,0,0,0
"1754",0,0,1,0,0,0,0
"1755",128,8,125,10,11,5,4
"1756",136,0,134,0,0,0,0
"1757",134,10,125,14,14,5,8
"1758",146,11,130,17,14,5,6
"1759",0,0,1,0,0,0,0
"1760",0,0,1,0,0,0,0
"1761",1,0,1,0,0,0,0
"1762",141,8,129,14,10,7,6
"1763",154,0,126,0,0,1,0
"1764",130,15,121,11,12,4,5
"1765",139,16,140,19,18,10,5
"1766",148,0,136,0,0,0,0
"1767",0,0,1,0,0,0,0
"1768",165,0,162,0,0,0,0
"1769",0,0,1,0,0,0,0
"1770",150,9,149,15,14,5,4
"1771",128,0,135,0,0,0,0
"1772",133,0,134,0,0,0,0
"1773",0,0,1,0,0,0,0
"1774",130,0,135,0,0,0,0
"1775",127,6,114,7,8,3,3
"1776",139,0,145,0,1,0,0
"1777",0,0,0,0,0,0,0
"1778",149,16,130,14,15,10,6
"1779",139,13,128,13,15,5,4
"1780",165,0,156,0,0,0,0
"1781",158,11,131,14,14,6,6
"1782",0,0,1,0,0,0,0
"1783",133,14,122,14,12,4,5
"1784",0,0,1,0,0,0,0
"1785",156,1,141,1,0,0,1
"1786",128,13,117,14,13,5,5
"1787",142,1,130,0,0,0,0
"1788",147,0,142,0,0,0,0
"1789",144,14,145,12,16,6,4
"1790",149,1,153,1,0,0,0
"1791",158,12,139,15,12,4,5
"1792",0,0,1,0,0,0,0
"1793",130,11,135,15,12,5,6
"1794",0,0,1,0,0,0,0
"1795",140,0,162,0,0,0,0
"1796",155,11,141,18,17,5,6
"1797",164,0,146,0,0,0,0
"1798",131,16,108,10,11,5,5
"1799",159,12,153,13,12,4,5
"1800",123,15,112,17,14,3,5
"1801",105,1,109,0,3,1,0
"1802",132,0,137,0,0,0,0
"1803",128,13,138,15,14,6,6
"1804",144,0,133,0,0,0,0
"1805",154,0,165,0,0,0,0
"1806",122,11,141,13,14,3,5
"1807",141,0,131,0,0,0,0
"1808",0,0,0,0,0,0,0
"1809",0,0,1,0,0,0,0
"1810",0,0,1,0,0,0,0
"1811",151,7,120,9,8,3,7
"1812",169,9,151,12,14,5,4
"1813",139,18,135,18,11,6,5
"1814",148,2,140,2,1,0,1
"1815",152,13,121,14,14,4,8
"1816",147,5,172,10,13,5,7
"1817",0,0,1,0,0,0,0
"1818",131,10,137,11,10,4,6
"1819",127,11,117,15,15,5,6
"1820",149,0,137,0,0,0,0
"1821",0,0,0,0,0,0,0
"1822",126,10,126,12,8,6,4
"1823",146,1,126,0,0,1,0
"1824",140,11,153,11,11,4,5
"1825",123,15,100,15,14,6,6
"1826",169,10,136,9,12,5,5
"1827",0,0,1,0,0,0,0
"1828",155,12,155,16,17,5,7
"1829",162,0,122,0,0,0,0
"1830",152,11,143,15,9,4,7
"1831",128,0,133,0,0,0,0
"1832",146,0,141,0,0,1,1
"1833",0,0,0,0,0,0,0
"1834",0,0,1,0,0,0,0
"1835",145,0,117,1,0,0,0
"1836",165,0,140,0,0,0,0
"1837",129,0,141,0,0,0,0
"1838",123,9,133,11,9,6,5
"1839",166,0,170,0,0,0,0
"1840",120,0,122,0,0,0,0
"1841",142,0,131,0,0,0,0
"1842",1,0,1,0,0,0,0
"1843",139,0,147,0,0,0,0
"1844",176,0,146,0,0,0,0
"1845",152,10,148,10,11,5,5
"1846",0,0,1,0,0,0,0
"1847",115,8,135,17,11,7,5
"1848",145,12,122,13,14,5,4
"1849",155,10,119,15,13,5,6
"1850",0,0,1,0,0,0,0
"1851",0,0,0,0,0,0,0
"1852",135,0,152,0,0,1,0
"1853",126,13,121,18,15,3,5
"1854",146,11,140,15,12,8,6
"1855",136,10,124,16,14,6,5
"1856",139,12,126,12,17,5,6
"1857",153,0,111,0,0,0,0
"1858",0,0,1,0,0,0,0
"1859",133,11,126,12,16,5,6
"1860",142,0,148,0,0,0,0
"1861",127,7,131,9,8,3,5
"1862",0,0,1,0,0,0,0
"1863",135,0,131,0,0,0,0
"1864",155,0,153,0,0,0,0
"1865",0,0,1,0,0,0,0
"1866",133,11,118,15,14,3,9
"1867",137,0,125,0,0,0,0
"1868",118,11,122,11,16,8,9
"1869",124,0,129,0,0,0,0
"1870",148,0,144,0,0,0,0
"1871",157,0,131,0,0,0,0
"1872",170,13,141,12,19,6,5
"1873",158,0,151,0,1,0,0
"1874",156,12,142,11,12,5,6
"1875",139,17,144,17,14,5,5
"1876",126,0,128,0,0,0,0
"1877",139,11,134,12,15,6,5
"1878",156,14,145,11,7,4,3
"1879",3,0,1,0,0,0,0
"1880",0,0,1,0,0,0,0
"1881",157,9,156,14,8,6,6
"1882",155,0,144,0,0,0,0
"1883",162,13,144,16,12,7,4
"1884",132,12,124,14,12,5,6
"1885",127,0,120,0,0,0,0
"1886",132,10,144,10,19,4,5
"1887",128,0,147,1,0,0,0
"1888",151,0,136,0,0,0,0
"1889",136,10,127,11,12,4,5
"1890",137,10,134,11,14,3,8
"1891",147,0,160,0,1,0,0
"1892",170,0,161,0,0,0,0
"1893",144,10,121,14,13,4,6
"1894",159,8,166,7,10,3,2
"1895",125,12,115,13,16,5,6
"1896",123,9,140,12,15,4,5
"1897",151,18,134,16,13,6,4
"1898",0,0,1,0,0,0,0
"1899",127,0,133,0,0,0,0
"1900",0,0,1,0,0,0,0
"1901",155,2,133,2,1,0,0
"1902",158,16,150,11,15,3,8
"1903",148,0,133,0,0,0,0
"1904",140,0,151,0,0,0,0
"1905",124,1,146,0,1,0,0
"1906",165,17,157,17,18,6,7
"1907",146,0,119,0,0,0,0
"1908",132,0,122,0,0,0,0
"1909",127,0,135,0,0,0,0
"1910",142,0,130,0,0,0,0
"1911",133,12,128,16,14,4,7
"1912",0,0,1,0,0,0,0
"1913",138,0,133,0,0,0,0
"1914",137,13,137,15,13,8,7
"1915",153,0,143,0,0,0,0
"1916",153,12,122,12,10,6,5
"1917",145,0,146,0,0,0,0
"1918",134,10,147,9,9,5,5
"1919",136,0,150,1,1,1,0
"1920",140,13,140,22,13,7,6
"1921",1,0,1,0,0,0,0
"1922",0,0,1,0,0,0,0
"1923",157,8,127,11,11,3,4
"1924",142,0,144,0,0,0,1
"1925",129,0,115,0,0,0,0
"1926",147,1,130,1,0,0,0
"1927",143,0,137,0,0,0,0
"1928",138,9,134,10,8,5,5
"1929",137,0,142,0,0,0,0
"1930",136,0,120,0,0,0,0
"1931",0,0,1,0,0,0,0
"1932",133,0,126,0,0,0,0
"1933",140,0,147,0,0,0,0
"1934",123,0,120,0,0,0,0
"1935",138,0,132,0,0,0,0
"1936",155,0,127,0,0,0,0
"1937",151,0,150,0,0,0,0
"1938",143,0,140,0,0,0,0
"1939",161,0,135,0,0,0,0
"1940",0,0,1,0,0,0,0
"1941",143,11,127,14,20,4,5
"1942",148,0,133,0,0,0,0
"1943",128,12,129,9,14,7,8
"1944",139,0,116,0,0,0,0
"1945",155,0,131,1,1,0,0
"1946",158,0,132,0,0,0,0
"1947",1,0,1,0,0,0,0
"1948",0,0,1,0,0,0,0
"1949",146,0,134,0,0,0,0
"1950",141,12,139,15,13,7,5
"1951",153,1,135,1,1,0,0
"1952",1,0,1,0,0,0,0
"1953",139,8,142,10,9,4,6
"1954",126,0,122,0,0,0,0
"1955",0,0,1,0,0,0,0
"1956",161,8,141,14,10,5,5
"1957",0,0,1,0,0,0,0
"1958",0,0,1,0,0,0,0
"1959",145,0,133,0,0,0,0
"1960",122,0,155,0,0,1,0
"1961",148,16,149,14,12,7,9
"1962",0,0,1,0,0,0,0
"1963",143,0,127,0,0,1,0
"1964",142,8,120,12,13,5,8
"1965",149,9,138,10,14,3,5
"1966",150,0,132,0,0,0,0
"1967",141,0,144,0,0,0,0
"1968",142,0,132,0,0,0,0
"1969",138,0,128,0,1,0,0
"1970",149,15,146,15,18,6,7
"1971",161,12,137,13,12,5,6
"1972",133,1,128,0,0,0,0
"1973",142,13,137,16,12,7,5
"1974",150,2,144,0,0,0,1
"1975",145,0,132,0,0,0,0
"1976",144,10,124,16,11,6,6
"1977",147,0,138,0,0,0,0
"1978",152,15,146,12,10,7,5
"1979",139,11,136,24,15,5,5
"1980",142,0,132,0,0,0,0
"1981",138,16,136,18,16,7,5
"1982",140,10,184,13,10,7,8
"1983",1,0,0,0,0,0,0
"1984",0,0,1,0,0,0,0
"1985",156,0,159,0,1,0,0
"1986",135,12,109,15,13,7,7
"1987",143,11,114,9,10,5,4
"1988",163,13,158,17,14,8,8
"1989",141,0,138,0,0,0,0
"1990",117,9,111,10,13,7,5
"1991",156,19,134,14,19,3,4
"1992",147,12,149,11,14,8,7
"1993",136,11,130,11,13,6,4
"1994",120,0,130,0,0,0,0
"1995",126,14,119,15,14,4,7
"1996",146,7,117,10,8,4,4
"1997",143,15,119,21,18,8,7
"1998",141,11,123,19,11,5,5
"1999",130,14,136,20,13,5,6
"2000",0,0,1,0,0,0,0
"2001",137,6,139,11,11,4,3
"2002",0,0,1,0,0,0,0
"2003",164,13,155,16,12,6,5
"2004",134,12,136,16,9,3,8
"2005",127,12,148,11,9,6,7
"2006",132,11,133,15,12,4,7
"2007",141,13,131,16,18,5,6
"2008",125,10,107,13,9,5,4
"2009",0,0,1,0,0,0,0
"2010",0,0,1,0,0,0,0
"2011",157,13,136,14,16,7,5
"2012",130,14,127,13,13,4,5
"2013",131,15,141,18,13,4,5
"2014",118,0,109,1,0,0,0
"2015",150,1,138,1,1,1,1
"2016",152,16,146,18,19,10,10
"2017",129,12,113,12,16,6,5
"2018",157,12,136,11,10,4,7
"2019",2,0,1,0,0,0,0
"2020",127,0,123,0,0,0,0
"2021",163,0,143,0,0,0,0
"2022",145,15,147,12,11,3,6
"2023",152,8,139,11,8,6,5
"2024",136,0,123,0,1,0,0
"2025",135,16,135,15,10,7,8
"2026",134,0,126,0,0,0,0
"2027",144,11,137,14,10,5,5
"2028",146,0,128,0,0,0,0
"2029",0,0,2,0,0,0,0
"2030",155,0,165,0,0,0,0
"2031",147,0,144,0,0,0,0
"2032",0,0,1,0,0,0,0
"2033",3,0,3,0,0,0,0
"2034",162,13,140,13,18,5,4
"2035",137,14,145,14,13,4,6
"2036",123,2,156,0,1,0,1
"2037",145,16,125,15,12,5,7
"2038",142,14,136,17,14,4,10
"2039",139,0,113,0,0,0,0
"2040",175,0,152,0,0,0,0
"2041",131,9,138,12,12,4,4
"2042",135,9,139,11,9,4,6
"2043",174,16,156,10,13,6,8
"2044",139,0,132,0,0,0,0
"2045",131,13,121,13,16,6,6
"2046",155,13,131,19,12,7,5
"2047",129,12,136,21,12,5,6
"2048",142,12,131,17,13,3,5
"2049",151,0,137,0,0,1,0
"2050",147,6,156,12,12,3,6
"2051",141,9,139,13,16,6,5
"2052",156,11,146,17,15,7,5
"2053",144,17,145,16,13,5,5
"2054",126,0,112,0,0,0,0
"2055",153,12,148,14,16,4,5
"2056",0,0,1,0,0,0,0
"2057",136,10,130,12,19,5,7
"2058",135,0,133,0,0,0,0
"2059",164,0,127,0,0,0,0
"2060",0,0,0,0,0,0,0
"2061",142,0,129,0,0,0,0
"2062",160,13,129,15,18,5,8
"2063",155,0,131,0,0,0,0
"2064",136,0,117,0,0,0,0
"2065",0,0,1,0,0,0,0
"2066",131,13,139,20,14,5,6
"2067",144,11,135,10,16,5,6
"2068",129,12,120,14,13,5,5
"2069",156,0,160,0,0,0,0
"2070",145,13,144,13,16,8,10
"2071",0,0,1,0,0,0,0
"2072",150,14,135,16,16,6,9
"2073",130,11,136,16,11,6,5
"2074",0,0,0,0,0,0,0
"2075",1,0,1,0,0,0,0
"2076",153,0,152,0,0,0,0
"2077",0,0,1,0,0,0,0
"2078",0,0,1,0,0,0,0
"2079",149,7,125,10,9,3,3
"2080",131,13,136,16,13,6,7
"2081",142,0,159,0,0,0,0
"2082",156,0,126,0,0,0,0
"2083",144,10,140,12,13,4,5
"2084",0,0,1,0,0,0,0
"2085",140,0,127,0,0,0,0
"2086",0,0,1,0,0,0,0
"2087",139,1,140,0,0,0,0
"2088",142,10,123,12,10,4,5
"2089",0,0,1,0,0,0,0
"2090",140,10,138,9,12,6,7
"2091",141,8,133,14,9,4,7
"2092",140,11,130,15,18,4,8
"2093",141,0,142,0,0,0,0
"2094",126,0,114,0,0,0,0
"2095",144,0,143,0,0,0,0
"2096",162,12,152,13,15,4,6
"2097",135,10,127,14,10,4,5
"2098",0,0,0,0,0,0,0
"2099",155,14,160,10,13,7,5
"2100",146,0,138,0,0,0,0
"2101",117,8,119,17,13,4,6
"2102",137,0,132,0,0,0,0
"2103",0,0,1,0,0,0,0
"2104",142,1,155,0,0,0,0
"2105",132,14,126,15,17,7,5
"2106",0,0,0,0,0,0,0
"2107",130,0,137,0,0,0,0
"2108",138,9,131,12,10,4,4
"2109",139,9,147,11,10,4,4
"2110",126,12,139,10,8,5,5
"2111",139,10,128,11,14,4,6
"2112",0,0,1,0,0,0,0
"2113",135,15,124,14,15,6,6
"2114",140,10,154,14,16,5,7
"2115",0,0,1,0,0,0,0
"2116",142,0,121,1,0,0,0
"2117",174,14,157,16,12,6,8
"2118",154,0,154,0,0,0,0
"2119",148,9,153,15,9,3,8
"2120",162,12,170,15,15,5,5
"2121",121,0,114,0,0,0,0
"2122",0,0,1,0,0,0,0
"2123",156,1,148,0,0,0,0
"2124",122,9,143,15,14,6,6
"2125",135,1,131,0,0,1,0
"2126",135,0,140,0,1,0,0
"2127",151,0,146,0,0,0,0
"2128",161,11,143,14,17,4,7
"2129",164,9,148,12,15,4,7
"2130",153,10,124,17,8,3,5
"2131",120,0,139,0,0,0,0
"2132",0,0,1,0,0,0,0
"2133",138,0,131,0,0,0,0
"2134",130,8,125,6,12,4,4
"2135",124,0,126,0,0,0,0
"2136",160,0,147,0,0,0,0
"2137",123,6,131,8,6,3,4
"2138",139,11,138,11,13,5,5
"2139",149,14,128,14,12,5,7
"2140",0,0,0,0,0,0,0
"2141",1,0,1,0,0,0,0
"2142",117,0,134,0,0,0,0
"2143",140,6,114,12,9,3,5
"2144",126,0,116,0,0,0,0
"2145",1,0,1,0,0,0,0
"2146",137,0,151,0,0,0,0
"2147",152,0,135,0,0,0,0
"2148",127,0,136,0,0,0,0
"2149",145,12,142,12,10,4,4
"2150",154,0,141,0,0,0,0
"2151",139,0,127,0,0,0,0
"2152",158,13,144,13,12,4,5
"2153",0,0,1,0,0,0,0
"2154",136,0,136,0,0,0,1
"2155",123,7,123,10,11,4,4
"2156",176,10,165,13,13,7,6
"2157",124,13,145,20,15,8,9
"2158",125,0,132,0,0,0,0
"2159",139,12,138,12,13,5,7
"2160",174,0,136,0,0,0,0
"2161",141,16,139,16,16,6,7
"2162",152,0,136,0,0,0,1
"2163",149,0,138,0,0,0,0
"2164",144,8,130,12,14,4,6
"2165",143,0,156,0,0,0,0
"2166",155,0,148,0,0,0,0
"2167",144,0,143,0,0,0,0
"2168",154,12,170,8,10,7,4
"2169",0,0,0,0,0,0,0
"2170",167,0,140,0,0,0,0
"2171",160,9,154,10,12,6,4
"2172",0,0,1,0,0,0,0
"2173",0,0,1,0,0,0,0
"2174",0,0,1,0,0,0,0
"2175",0,0,1,0,0,0,0
"2176",158,0,136,0,0,0,0
"2177",152,9,143,13,12,5,5
"2178",157,12,152,12,16,7,6
"2179",137,12,123,16,13,6,5
"2180",142,0,117,0,1,0,0
"2181",158,0,149,1,0,0,0
"2182",144,1,140,1,1,1,1
"2183",0,0,0,0,0,0,0
"2184",0,0,0,0,0,0,0
"2185",135,11,136,13,10,7,4
"2186",145,0,145,0,0,0,0
"2187",133,9,132,15,11,4,5
"2188",135,9,131,13,16,6,5
"2189",124,17,142,15,18,5,7
"2190",136,0,126,0,0,0,0
"2191",119,0,121,0,2,0,0
"2192",0,0,1,0,0,0,0
"2193",141,16,139,19,14,7,9
"2194",155,0,126,0,0,0,0
"2195",174,10,131,12,10,4,6
"2196",149,0,134,0,0,0,0
"2197",142,10,140,14,11,4,7
"2198",139,0,125,0,0,0,0
"2199",116,9,111,13,10,4,5
"2200",152,11,147,15,9,5,7
"2201",131,0,138,0,1,0,0
"2202",137,13,133,15,12,4,6
"2203",143,9,140,16,14,5,7
"2204",0,0,1,0,0,0,0
"2205",149,0,137,0,1,0,0
"2206",148,0,143,0,0,0,0
"2207",133,9,124,11,8,4,5
"2208",143,0,160,0,0,0,0
"2209",150,13,138,16,13,4,7
"2210",127,16,128,13,9,4,8
"2211",141,18,125,15,14,7,5
"2212",147,0,131,0,0,0,0
"2213",151,12,139,13,15,8,4
"2214",133,0,138,0,0,0,0
"2215",123,0,129,0,0,0,0
"2216",139,12,132,18,18,7,9
"2217",0,0,1,0,0,0,0
"2218",146,0,142,0,2,0,0
"2219",134,9,131,12,12,6,4
"2220",130,7,142,10,13,6,6
"2221",131,14,117,16,16,3,7
"2222",156,0,147,0,0,0,0
"2223",124,0,137,0,0,0,0
"2224",0,0,0,0,0,0,0
"2225",138,0,134,0,0,0,0
"2226",154,12,131,17,17,6,6
"2227",0,0,1,0,0,0,0
"2228",139,12,149,12,16,7,5
"2229",136,1,143,0,1,0,1
"2230",169,0,132,0,0,0,0
"2231",150,0,123,1,0,0,0
"2232",148,12,122,16,18,5,9
"2233",0,0,1,0,0,0,0
"2234",151,13,146,14,12,3,5
"2235",172,0,140,0,0,0,0
"2236",165,0,135,0,0,0,0
"2237",127,12,142,11,11,8,5
"2238",117,1,130,1,0,0,1
"2239",143,15,142,17,15,8,6
"2240",135,0,126,1,2,0,0
"2241",123,16,109,19,11,7,5
"2242",131,0,151,0,0,0,0
"2243",146,11,130,14,10,6,5
"2244",142,10,143,10,16,6,5
"2245",135,13,130,12,9,3,5
"2246",145,0,128,0,0,0,0
"2247",147,12,149,15,15,4,10
"2248",128,14,154,13,11,4,7
"2249",136,0,127,0,0,0,0
"2250",0,0,1,0,0,0,0
"2251",165,0,118,2,1,0,1
"2252",151,0,127,0,0,0,0
"2253",0,0,1,0,0,0,0
"2254",0,0,1,0,0,0,0
"2255",0,0,0,0,0,0,0
"2256",161,0,132,0,0,0,0
"2257",173,0,151,0,0,0,0
"2258",135,9,130,15,10,4,8
"2259",147,12,118,12,14,6,5
"2260",145,9,120,10,12,5,4
"2261",0,0,2,0,0,0,0
"2262",153,0,136,0,0,0,0
"2263",162,10,123,26,15,6,9
"2264",131,10,131,12,13,5,6
"2265",167,7,154,15,11,3,6
"2266",129,0,139,0,0,0,0
"2267",136,1,122,0,1,1,0
"2268",0,0,1,0,0,0,0
"2269",0,0,1,0,0,0,0
"2270",164,13,140,11,16,7,5
"2271",170,11,127,14,16,3,4
"2272",140,0,135,0,0,0,0
"2273",140,0,128,0,0,1,0
"2274",166,18,140,16,22,8,5
"2275",0,0,1,0,0,0,0
"2276",157,0,127,0,0,0,0
"2277",137,0,138,0,0,0,0
"2278",151,0,148,0,0,0,0
"2279",150,0,134,0,0,0,1
"2280",129,0,133,0,0,0,1
"2281",140,0,116,0,0,0,0
"2282",0,0,0,0,0,0,0
"2283",148,7,139,7,11,3,4
"2284",135,0,131,0,0,0,0
"2285",0,0,0,0,0,0,0
"2286",140,11,122,13,16,3,6
"2287",141,0,150,0,0,0,0
"2288",0,0,1,0,0,0,0
"2289",137,0,133,0,0,0,0
"2290",126,0,113,0,0,0,0
"2291",161,0,126,0,0,0,0
"2292",139,12,143,13,12,6,6
"2293",0,0,1,0,0,0,0
"2294",131,13,127,14,11,4,5
"2295",146,0,112,2,0,0,0
"2296",145,11,131,9,10,5,6
"2297",118,13,140,13,18,6,8
"2298",125,0,119,0,0,0,0
"2299",0,0,1,0,0,0,0
"2300",127,0,122,0,0,0,0
"2301",0,0,1,0,0,0,0
"2302",0,0,1,0,0,0,0
"2303",148,9,139,13,11,5,10
"2304",0,0,1,0,0,0,0
"2305",151,0,147,0,0,0,0
"2306",174,0,161,0,0,0,0
"2307",137,0,130,0,1,1,1
"2308",161,0,138,0,0,0,0
"2309",147,0,146,0,0,0,0
"2310",120,0,131,0,0,0,0
"2311",116,0,130,0,0,0,0
"2312",157,9,147,10,13,6,5
"2313",150,0,122,0,0,0,0
"2314",0,0,1,0,0,0,0
"2315",140,12,138,14,13,7,4
"2316",1,0,1,0,0,0,0
"2317",142,0,130,1,1,0,0
"2318",154,12,158,11,12,6,6
"2319",173,11,161,15,14,5,6
"2320",139,1,147,1,1,0,1
"2321",122,0,116,0,0,0,0
"2322",133,13,143,9,17,4,5
"2323",155,0,143,0,0,0,0
"2324",144,12,137,11,11,4,5
"2325",142,0,131,0,0,0,0
"2326",149,0,124,0,0,0,0
"2327",145,0,126,0,0,0,0
"2328",139,0,132,0,0,0,0
"2329",145,0,127,0,0,0,0
"2330",145,0,156,0,0,0,0
"2331",170,1,159,0,0,0,0
"2332",128,0,143,0,0,0,0
"2333",162,9,139,9,8,5,4
"2334",121,0,137,0,0,0,0
"2335",0,0,1,0,0,0,0
"2336",154,0,141,0,0,0,0
"2337",0,0,1,0,0,0,0
"2338",113,0,113,0,0,0,0
"2339",136,9,130,15,13,4,6
"2340",156,10,143,16,15,5,7
"2341",129,14,128,22,15,6,7
"2342",153,9,144,12,12,3,6
"2343",148,11,160,14,19,5,5
"2344",168,0,157,0,0,0,0
"2345",173,0,147,1,1,0,0
"2346",131,0,125,0,0,0,0
"2347",146,0,116,1,1,0,0
"2348",145,0,123,0,0,0,0
"2349",162,14,137,23,20,5,5
"2350",0,0,1,0,0,0,0
"2351",0,0,1,0,0,0,0
"2352",145,0,119,2,2,0,0
"2353",0,0,0,0,0,0,0
"2354",154,11,146,10,15,3,6
"2355",0,0,1,0,0,0,0
"2356",132,10,148,8,9,5,6
"2357",159,12,162,11,19,6,6
"2358",0,0,1,0,0,0,0
"2359",143,0,127,0,1,0,0
"2360",143,12,136,13,19,5,6
"2361",130,9,127,16,10,4,3
"2362",124,11,131,13,21,5,5
"2363",127,17,121,19,14,7,9
"2364",147,0,158,2,1,0,0
"2365",164,0,170,0,1,0,0
"2366",0,0,2,0,0,0,0
"2367",0,0,1,0,0,0,0
"2368",155,0,129,0,0,0,0
"2369",141,8,130,13,10,5,6
"2370",144,0,132,0,0,0,0
"2371",135,9,142,11,10,4,4
"2372",1,0,1,0,0,0,0
"2373",0,0,0,0,0,0,0
"2374",156,10,158,13,12,4,4
"2375",134,9,138,11,13,6,6
"2376",144,14,128,14,11,4,10
"2377",136,11,131,13,18,4,6
"2378",138,12,131,14,10,5,6
"2379",0,0,0,0,0,0,0
"2380",1,0,0,0,0,0,0
"2381",0,0,1,0,0,0,0
"2382",139,0,127,0,1,0,0
"2383",172,15,128,15,17,6,7
"2384",2,0,0,0,0,0,0
"2385",154,12,129,14,16,6,5
"2386",156,12,135,15,12,4,6
"2387",155,14,132,16,12,6,7
"2388",139,12,132,13,12,3,5
"2389",152,0,145,0,0,0,0
"2390",143,14,118,20,16,7,10
"2391",150,12,155,12,14,4,4
"2392",0,0,1,0,0,0,0
"2393",152,0,135,0,0,0,0
"2394",146,0,143,0,0,0,0
"2395",157,9,142,17,18,7,7
"2396",130,0,145,0,0,0,0
"2397",171,10,143,17,15,3,9
"2398",133,0,136,0,0,0,0
"2399",141,0,140,0,1,0,0
"2400",134,10,125,13,12,8,8
"2401",154,0,140,0,0,0,0
"2402",0,0,1,0,0,0,0
"2403",155,1,152,0,0,0,0
"2404",161,10,140,12,14,4,4
"2405",170,16,143,20,14,4,6
"2406",130,15,140,16,16,6,6
"2407",1,0,1,0,0,0,0
"2408",0,0,1,0,0,0,0
"2409",137,10,131,11,16,5,8
"2410",142,0,133,0,0,0,0
"2411",144,0,138,0,0,0,0
"2412",149,14,133,12,12,5,6
"2413",140,11,152,13,15,6,9
"2414",0,0,1,0,0,0,0
"2415",147,0,120,0,0,0,0
"2416",0,0,0,0,0,0,0
"2417",159,0,132,0,0,0,0
"2418",142,1,139,0,1,0,1
"2419",133,0,148,0,1,0,0
"2420",0,0,0,0,0,0,0
"2421",117,14,135,12,13,4,7
"2422",0,0,1,0,0,0,0
"2423",143,0,144,0,0,0,0
"2424",132,13,126,15,12,5,6
"2425",146,0,146,0,0,0,0
"2426",0,0,1,0,0,0,0
"2427",153,12,148,15,14,6,7
"2428",146,0,129,0,0,0,0
"2429",137,0,153,1,1,1,1
"2430",129,0,129,0,1,0,0
"2431",0,0,1,0,0,0,0
"2432",150,18,138,12,16,4,5
"2433",150,6,141,11,13,5,5
"2434",140,0,120,1,1,0,0
"2435",166,12,160,11,11,4,4
"2436",143,10,116,14,14,5,6
"2437",0,0,1,0,0,0,0
"2438",165,9,149,16,18,5,6
"2439",134,10,149,17,13,5,5
"2440",138,13,155,13,11,4,8
"2441",0,0,1,0,0,0,0
"2442",150,15,139,15,15,6,6
"2443",128,0,127,0,0,0,0
"2444",158,13,161,12,12,3,5
"2445",135,0,129,0,0,0,0
"2446",142,0,158,0,0,0,0
"2447",127,0,136,0,0,0,0
"2448",157,9,131,14,14,3,6
"2449",138,0,145,1,2,0,0
"2450",169,0,174,0,0,0,0
"2451",1,0,1,0,0,0,0
"2452",137,0,134,0,0,0,0
"2453",151,0,134,0,0,0,0
"2454",158,14,152,13,14,4,5
"2455",150,0,140,1,0,0,0
"2456",155,11,166,19,11,5,8
"2457",134,0,128,0,0,0,0
"2458",1,0,1,0,0,0,0
"2459",149,11,135,11,11,5,7
"2460",0,0,1,0,0,0,0
"2461",0,0,0,0,0,0,0
"2462",151,0,147,0,0,0,0
"2463",152,13,137,20,17,5,8
"2464",141,10,136,9,14,5,4
"2465",140,1,132,1,1,0,0
"2466",136,10,126,15,13,5,5
"2467",132,14,131,12,14,7,5
"2468",145,0,133,0,0,0,1
"2469",146,11,133,14,10,5,7
"2470",1,0,1,0,0,0,0
"2471",163,0,152,0,0,0,0
"2472",162,9,141,12,13,6,5
"2473",124,0,119,0,0,0,0
"2474",151,0,132,0,0,0,0
"2475",139,18,131,10,20,8,6
"2476",139,10,131,18,11,3,7
"2477",130,1,131,0,1,0,0
"2478",141,0,136,0,0,0,0
"2479",0,0,0,0,0,0,0
"2480",144,0,134,0,0,0,0
"2481",128,10,123,12,11,5,6
"2482",0,0,1,0,0,0,0
"2483",153,0,156,0,0,0,0
"2484",137,2,134,1,1,1,1
"2485",146,12,138,14,9,9,5
"2486",118,13,123,16,12,3,7
"2487",121,12,110,14,11,5,5
"2488",153,15,134,14,14,5,7
"2489",155,11,137,13,14,5,7
"2490",150,7,125,12,7,4,4
"2491",162,13,128,15,12,5,6
"2492",125,6,129,14,11,3,9
"2493",146,9,131,10,12,4,5
"2494",150,12,142,11,12,4,5
"2495",0,0,1,0,0,0,0
"2496",145,0,135,0,0,0,0
"2497",143,0,147,0,0,0,0
"2498",143,12,124,16,12,6,9
"2499",181,13,155,16,14,5,4
"2500",156,0,137,0,0,0,0
