"","age1_orange.R","age1_green.R","age2_no_comorbid_orange.R","age2_no_comorbid_green.R","age2_comorbid_green.R","age3_no_comorbid_green.R","age3_comorbid_green.R"
"1",1,0,3,0,0,0,0
"2",0,0,1,0,0,0,0
"3",0,0,1,0,0,0,0
"4",0,0,1,0,0,0,0
"5",0,0,1,0,0,0,0
"6",0,0,0,0,0,0,0
"7",281,0,191,0,0,0,0
"8",0,0,1,0,0,0,0
"9",0,0,1,0,0,0,0
"10",2,0,1,0,0,0,0
"11",0,0,1,0,0,0,0
"12",316,0,242,0,1,0,0
"13",0,0,1,0,0,0,0
"14",0,0,1,0,0,0,0
"15",0,0,1,0,0,0,0
"16",0,0,1,0,0,0,0
"17",203,0,178,0,0,0,0
"18",1,0,1,0,0,0,0
"19",0,0,2,0,0,0,0
"20",1,0,2,0,0,0,0
"21",0,0,1,0,0,0,0
"22",4,0,3,0,0,0,0
"23",0,0,1,0,0,0,0
"24",46,0,39,0,0,0,0
"25",33,0,24,0,0,0,0
"26",0,0,1,0,0,0,0
"27",1,0,1,0,0,0,0
"28",4,0,2,0,0,0,0
"29",0,0,1,0,0,0,0
"30",0,0,1,0,0,0,0
"31",0,0,1,0,0,0,0
"32",0,0,1,0,0,0,0
"33",331,0,244,0,0,0,0
"34",0,0,3,0,0,0,0
"35",0,0,1,0,0,0,0
"36",258,0,188,0,0,0,0
"37",343,0,278,0,0,0,0
"38",3,0,3,0,0,0,0
"39",0,0,1,0,0,0,0
"40",0,0,1,0,0,0,0
"41",439,0,359,0,0,0,0
"42",0,0,1,0,0,0,0
"43",0,0,1,0,0,0,0
"44",5,0,2,0,0,0,0
"45",0,0,1,0,0,0,0
"46",136,0,101,0,0,0,0
"47",0,0,1,0,0,0,0
"48",0,0,1,0,0,0,0
"49",6,0,3,0,0,0,0
"50",21,0,14,0,0,0,0
"51",1,0,0,0,0,0,0
"52",0,0,1,0,0,0,0
"53",0,0,1,0,0,0,0
"54",0,0,1,0,0,0,0
"55",273,1,232,0,0,0,0
"56",0,0,1,0,0,0,0
"57",290,1,220,1,0,0,0
"58",0,0,1,0,0,0,0
"59",4,0,1,0,0,0,0
"60",0,0,2,0,0,0,0
"61",0,0,3,0,0,0,0
"62",0,0,2,0,0,0,0
"63",1,0,1,0,0,0,0
"64",283,0,195,0,0,0,0
"65",0,0,1,0,0,0,0
"66",0,0,1,0,0,0,0
"67",255,0,188,0,0,0,0
"68",301,1,239,2,0,0,0
"69",292,0,201,0,0,0,0
"70",17,0,11,0,0,0,0
"71",0,0,1,0,0,0,0
"72",0,0,1,0,0,0,0
"73",0,0,1,0,0,0,0
"74",0,0,1,0,0,0,0
"75",0,0,1,0,0,0,0
"76",0,0,2,0,0,0,0
"77",260,0,191,0,0,0,0
"78",0,0,2,0,0,0,0
"79",0,0,1,0,0,0,0
"80",0,0,1,0,0,0,0
"81",0,0,1,0,0,0,0
"82",2,0,5,0,0,0,0
"83",0,0,1,0,0,0,0
"84",0,0,1,0,0,0,0
"85",0,0,1,0,0,0,0
"86",0,0,1,0,0,0,0
"87",4,0,3,0,0,0,0
"88",8,0,6,0,0,0,0
"89",5,0,4,0,0,0,0
"90",0,0,1,0,0,0,0
"91",309,0,218,0,0,0,0
"92",411,0,301,2,1,0,1
"93",81,0,67,0,0,0,0
"94",0,0,1,0,0,0,0
"95",6,0,1,0,0,0,0
"96",0,0,1,0,0,0,0
"97",0,0,1,0,0,0,0
"98",1,0,1,0,0,0,0
"99",174,0,117,0,0,0,0
"100",0,0,1,0,0,0,0
"101",2,0,2,0,0,0,0
"102",0,0,1,0,0,0,0
"103",5,0,1,0,0,0,0
"104",0,0,2,0,0,0,0
"105",217,0,163,0,0,0,0
"106",0,0,1,0,0,0,0
"107",91,0,72,0,0,0,0
"108",40,0,42,0,0,0,0
"109",294,0,235,0,0,0,0
"110",303,0,253,0,0,0,0
"111",0,0,1,0,0,0,0
"112",16,0,14,0,0,0,0
"113",0,0,1,0,0,0,0
"114",0,0,1,0,0,0,0
"115",5,0,7,0,0,0,0
"116",2,0,2,0,0,0,0
"117",1,0,1,0,0,0,0
"118",0,0,1,0,0,0,0
"119",18,0,13,0,0,0,0
"120",0,0,1,0,0,0,0
"121",281,0,191,0,0,0,0
"122",0,0,1,0,0,0,0
"123",316,1,279,0,0,0,0
"124",0,0,1,0,0,0,0
"125",296,0,240,0,0,0,0
"126",2,0,1,0,0,0,0
"127",277,0,204,0,0,0,0
"128",0,0,1,0,0,0,0
"129",52,0,55,0,0,0,0
"130",2,0,1,0,0,0,0
"131",15,0,9,0,0,0,0
"132",13,0,7,0,0,0,0
"133",0,0,1,0,0,0,0
"134",0,0,1,0,0,0,0
"135",273,0,202,0,1,0,0
"136",0,0,2,0,0,0,0
"137",179,0,145,0,0,0,0
"138",5,0,8,0,0,0,0
"139",0,0,0,0,0,0,0
"140",0,0,1,0,0,0,0
"141",267,0,206,0,0,0,0
"142",0,0,0,0,0,0,0
"143",1,0,2,0,0,0,0
"144",4,0,6,0,0,0,0
"145",1,0,1,0,0,0,0
"146",0,0,1,0,0,0,0
"147",0,0,1,0,0,0,0
"148",0,0,3,0,0,0,0
"149",0,0,4,0,0,0,0
"150",0,0,2,0,0,0,0
"151",13,0,10,0,0,0,0
"152",0,0,1,0,0,0,0
"153",0,0,1,0,0,0,0
"154",0,0,0,0,0,0,0
"155",0,0,3,0,0,0,0
"156",0,0,2,0,0,0,0
"157",0,0,1,0,0,0,0
"158",1,0,3,0,0,0,0
"159",2,0,2,0,0,0,0
"160",0,0,1,0,0,0,0
"161",430,0,361,0,0,0,0
"162",0,0,1,0,0,0,0
"163",242,0,185,0,0,0,0
"164",0,0,2,0,0,0,0
"165",2,0,2,0,0,0,0
"166",0,0,1,0,0,0,0
"167",160,0,129,0,0,0,0
"168",240,0,183,0,0,0,0
"169",6,0,2,0,0,0,0
"170",0,0,1,0,0,0,0
"171",0,0,0,0,0,0,0
"172",1,0,2,0,0,0,0
"173",0,0,1,0,0,0,0
"174",1,0,1,0,0,0,0
"175",0,0,1,0,0,0,0
"176",75,0,57,0,0,0,0
"177",5,0,7,0,0,0,0
"178",129,0,86,0,0,0,0
"179",1,0,1,0,0,0,0
"180",0,0,1,0,0,0,0
"181",156,0,97,0,0,0,0
"182",1,0,1,0,0,0,0
"183",0,0,1,0,0,0,0
"184",0,0,2,0,0,0,0
"185",1,0,1,0,0,0,0
"186",0,0,1,0,0,0,0
"187",1,0,3,0,0,0,0
"188",0,0,1,0,0,0,0
"189",242,0,184,0,0,0,0
"190",47,0,42,0,0,0,0
"191",92,0,73,0,0,0,0
"192",253,0,173,0,0,0,0
"193",14,0,9,0,0,0,0
"194",0,0,1,0,0,0,0
"195",6,0,1,0,0,0,0
"196",254,2,171,0,0,0,0
"197",1,0,1,0,0,0,0
"198",0,0,1,0,0,0,0
"199",0,0,1,0,0,0,0
"200",0,0,1,0,0,0,0
"201",0,0,1,0,0,0,0
"202",2,0,0,0,0,0,0
"203",168,0,101,0,0,0,0
"204",2,0,1,0,0,0,0
"205",0,0,1,0,0,0,0
"206",41,0,25,0,0,0,0
"207",0,0,1,0,0,0,0
"208",0,0,1,0,0,0,0
"209",204,0,152,0,0,0,0
"210",0,0,1,0,0,0,0
"211",52,0,39,0,0,0,0
"212",2,0,1,0,0,0,0
"213",6,0,4,0,0,0,0
"214",319,0,227,0,0,0,0
"215",18,0,29,0,0,0,0
"216",400,0,313,0,0,0,0
"217",0,0,1,0,0,0,0
"218",0,0,1,0,0,0,0
"219",18,0,19,0,0,0,0
"220",0,0,1,0,0,0,0
"221",0,0,1,0,0,0,0
"222",4,0,4,0,0,0,0
"223",0,0,1,0,0,0,0
"224",0,0,1,0,0,0,0
"225",3,0,3,0,0,0,0
"226",0,0,1,0,0,0,0
"227",0,0,1,0,0,0,0
"228",44,0,36,0,0,0,0
"229",0,0,0,0,0,0,0
"230",1,0,2,0,0,0,0
"231",0,0,1,0,0,0,0
"232",1,0,5,0,0,0,0
"233",0,0,1,0,0,0,0
"234",284,0,217,0,0,0,0
"235",0,0,1,0,0,0,0
"236",0,0,1,0,0,0,0
"237",0,0,1,0,0,0,0
"238",306,0,252,0,0,0,0
"239",0,0,1,0,0,0,0
"240",0,0,1,0,0,0,0
"241",421,0,361,0,0,0,0
"242",0,0,0,0,0,0,0
"243",467,0,390,0,0,0,0
"244",0,0,1,0,0,0,0
"245",1,0,1,0,0,0,0
"246",1,0,1,0,0,0,0
"247",0,0,1,0,0,0,0
"248",202,0,160,0,0,0,0
"249",31,0,23,0,0,0,0
"250",4,0,7,0,0,0,0
"251",0,0,1,0,0,0,0
"252",2,0,0,0,0,0,0
"253",133,0,81,0,0,0,0
"254",0,0,1,0,0,0,0
"255",2,0,1,0,0,0,0
"256",1,0,1,0,0,0,0
"257",7,0,7,0,0,0,0
"258",361,0,275,0,0,0,0
"259",0,0,2,0,0,0,0
"260",1,0,1,0,0,0,0
"261",0,0,1,0,0,0,0
"262",1,0,1,0,0,0,0
"263",1,0,1,0,0,0,0
"264",5,0,5,0,0,0,0
"265",459,0,375,0,0,0,0
"266",272,0,192,0,0,0,0
"267",0,0,3,0,0,0,0
"268",3,0,1,0,0,0,0
"269",10,0,5,0,0,0,0
"270",0,0,1,0,0,0,0
"271",1,0,2,0,0,0,0
"272",232,0,145,0,0,0,0
"273",1,0,2,0,0,0,0
"274",2,0,4,0,0,0,0
"275",0,0,1,0,0,0,0
"276",3,0,2,0,0,0,0
"277",0,0,1,0,0,0,0
"278",24,0,15,0,0,0,0
"279",0,0,0,0,0,0,0
"280",0,0,1,0,0,0,0
"281",26,0,28,0,0,0,0
"282",10,0,9,0,0,0,0
"283",0,0,0,0,0,0,0
"284",114,0,68,0,0,0,0
"285",0,0,1,0,0,0,0
"286",264,0,193,0,0,0,0
"287",0,0,2,0,0,0,0
"288",110,0,70,0,0,0,0
"289",0,0,1,0,0,0,0
"290",0,0,1,0,0,0,0
"291",0,0,0,0,0,0,0
"292",195,0,132,0,0,0,0
"293",1,0,1,0,0,0,0
"294",0,0,1,0,0,0,0
"295",1,0,1,0,0,0,0
"296",0,0,2,0,0,0,0
"297",0,0,1,0,0,0,0
"298",0,0,1,0,0,0,0
"299",0,0,0,0,0,0,0
"300",0,0,1,0,0,0,0
"301",0,0,1,0,0,0,0
"302",0,0,1,0,0,0,0
"303",0,0,1,0,0,0,0
"304",166,0,118,0,0,0,0
"305",1,0,3,0,0,0,0
"306",0,0,1,0,0,0,0
"307",0,0,1,0,0,0,0
"308",0,0,2,0,0,0,0
"309",0,0,1,0,0,0,0
"310",0,0,1,0,0,0,0
"311",1,0,1,0,0,0,0
"312",0,0,1,0,0,0,0
"313",1,0,2,0,0,0,0
"314",0,0,1,0,0,0,0
"315",1,0,1,0,0,0,0
"316",57,0,45,0,0,0,0
"317",309,0,240,0,0,0,0
"318",279,0,200,0,0,0,0
"319",0,0,1,0,0,0,0
"320",6,0,1,0,0,0,0
"321",0,0,1,0,0,0,0
"322",0,0,1,0,0,0,0
"323",2,0,3,0,0,0,0
"324",2,0,1,0,0,0,0
"325",301,20,256,24,19,3,5
"326",0,0,1,0,0,0,0
"327",1,0,1,0,0,0,0
"328",0,0,1,0,0,0,0
"329",1,0,1,0,0,0,0
"330",0,0,1,0,0,0,0
"331",0,0,1,0,0,0,0
"332",0,0,0,0,0,0,0
"333",0,0,1,0,0,0,0
"334",290,0,196,0,0,0,0
"335",0,0,1,0,0,0,0
"336",4,0,4,0,0,0,0
"337",0,0,2,0,0,0,0
"338",0,0,1,0,0,0,0
"339",0,0,1,0,0,0,0
"340",269,0,190,0,0,0,0
"341",0,0,1,0,0,0,0
"342",435,0,333,0,0,0,0
"343",99,0,67,0,0,0,0
"344",0,0,1,0,0,0,0
"345",1,0,3,0,0,0,0
"346",0,0,1,0,0,0,0
"347",0,0,1,0,0,0,0
"348",20,0,9,0,0,0,0
"349",0,0,1,0,0,0,0
"350",0,0,1,0,0,0,0
"351",0,0,1,0,0,0,0
"352",5,0,1,0,0,0,0
"353",1,0,1,0,0,0,0
"354",2,0,1,0,0,0,0
"355",0,0,1,0,0,0,0
"356",182,0,167,0,0,0,0
"357",0,0,1,0,0,0,0
"358",18,0,15,0,0,0,0
"359",0,0,1,0,0,0,0
"360",240,0,191,0,0,0,0
"361",0,0,2,0,0,0,0
"362",15,0,13,0,0,0,0
"363",1,0,2,0,0,0,0
"364",4,0,2,0,0,0,0
"365",0,0,2,0,0,0,0
"366",372,0,287,0,0,0,0
"367",8,0,5,0,0,0,0
"368",0,0,1,0,0,0,0
"369",419,0,336,0,0,0,0
"370",0,0,1,0,0,0,0
"371",0,0,1,0,0,0,0
"372",26,0,11,0,0,0,0
"373",193,0,123,0,0,0,0
"374",3,0,2,0,0,0,0
"375",5,0,6,0,0,0,0
"376",321,0,270,0,0,0,1
"377",3,0,2,0,0,0,0
"378",470,0,372,0,0,0,0
"379",274,0,195,0,0,0,0
"380",0,0,0,0,0,0,0
"381",0,0,1,0,0,0,0
"382",0,0,1,0,0,0,0
"383",0,0,1,0,0,0,0
"384",332,0,235,0,0,0,0
"385",1,0,4,0,0,0,0
"386",1,0,0,0,0,0,0
"387",351,0,274,0,1,0,0
"388",3,0,3,0,0,0,0
"389",0,0,1,0,0,0,0
"390",12,0,4,0,0,0,0
"391",0,0,1,0,0,0,0
"392",234,0,154,0,0,0,0
"393",338,0,250,1,0,0,0
"394",0,0,1,0,0,0,0
"395",1,0,2,0,0,0,0
"396",0,0,1,0,0,0,0
"397",0,0,1,0,0,0,0
"398",194,0,120,0,0,0,0
"399",0,0,1,0,0,0,0
"400",0,0,1,0,0,0,0
"401",3,0,4,0,0,0,0
"402",1,0,1,0,0,0,0
"403",1,0,1,0,0,0,0
"404",3,0,2,0,0,0,0
"405",5,0,6,0,0,0,0
"406",1,0,1,0,0,0,0
"407",366,0,286,0,0,0,0
"408",1,0,2,0,0,0,0
"409",0,0,1,0,0,0,0
"410",1,0,3,0,0,0,0
"411",1,0,0,0,0,0,0
"412",0,0,1,0,0,0,0
"413",316,0,258,0,0,0,0
"414",0,0,0,0,0,0,0
"415",0,0,1,0,0,0,0
"416",357,0,297,0,0,0,0
"417",0,0,0,0,0,0,0
"418",4,0,1,0,0,0,0
"419",0,0,1,0,0,0,0
"420",310,0,218,0,0,0,0
"421",2,0,1,0,0,0,0
"422",2,0,1,0,0,0,0
"423",4,0,5,0,0,0,0
"424",13,0,9,0,0,0,0
"425",0,0,2,0,0,0,0
"426",2,0,1,0,0,0,0
"427",0,0,1,0,0,0,0
"428",0,0,1,0,0,0,0
"429",68,0,75,0,0,0,0
"430",15,0,16,0,0,0,0
"431",1,0,1,0,0,0,0
"432",129,0,102,0,0,0,0
"433",0,0,2,0,0,0,0
"434",6,0,6,0,0,0,0
"435",1,0,3,0,0,0,0
"436",0,0,2,0,0,0,0
"437",2,0,1,0,0,0,0
"438",0,0,1,0,0,0,0
"439",5,0,1,0,0,0,0
"440",265,0,191,0,0,0,0
"441",0,0,1,0,0,0,0
"442",1,0,1,0,0,0,0
"443",0,0,1,0,0,0,0
"444",2,0,1,0,0,0,0
"445",0,0,1,0,0,0,0
"446",0,0,1,0,0,0,0
"447",13,0,10,0,0,0,0
"448",0,0,1,0,0,0,0
"449",0,0,1,0,0,0,0
"450",0,0,1,0,0,0,0
"451",0,0,2,0,0,0,0
"452",13,0,13,0,0,0,0
"453",0,0,1,0,0,0,0
"454",253,0,168,0,0,0,0
"455",200,0,139,0,0,0,0
"456",0,0,1,0,0,0,0
"457",28,0,16,0,0,0,0
"458",0,0,1,0,0,0,0
"459",1,0,3,0,0,0,0
"460",0,0,1,0,0,0,0
"461",0,0,1,0,0,0,0
"462",294,0,250,0,0,0,0
"463",0,0,1,0,0,0,0
"464",286,0,232,0,0,0,0
"465",70,0,49,0,0,0,0
"466",0,0,1,0,0,0,0
"467",0,0,1,0,0,0,0
"468",0,0,1,0,0,0,0
"469",0,0,1,0,0,0,0
"470",185,0,118,0,0,0,0
"471",341,0,278,0,0,0,0
"472",0,0,1,0,0,0,0
"473",2,0,5,0,0,0,0
"474",1,0,2,0,0,0,0
"475",0,0,1,0,0,0,0
"476",1,0,6,0,0,0,0
"477",2,0,1,0,0,0,0
"478",1,0,1,0,0,0,0
"479",0,0,1,0,0,0,0
"480",268,0,206,0,0,0,0
"481",330,0,250,3,0,0,0
"482",145,0,109,0,0,0,0
"483",0,0,1,0,0,0,0
"484",254,0,162,0,0,0,0
"485",0,0,1,0,0,0,0
"486",11,0,6,0,0,0,0
"487",3,0,2,0,0,0,0
"488",9,0,4,0,0,0,0
"489",0,0,2,0,0,0,0
"490",0,0,1,0,0,0,0
"491",0,0,1,0,0,0,0
"492",0,0,1,0,0,0,0
"493",0,0,1,0,0,0,0
"494",0,0,1,0,0,0,0
"495",3,0,8,0,0,0,0
"496",0,0,1,0,0,0,0
"497",209,0,173,0,0,0,0
"498",9,0,2,0,1,1,0
"499",295,0,223,0,0,0,0
"500",300,0,250,0,0,1,0
"501",74,0,38,0,0,0,0
"502",0,0,1,0,0,0,0
"503",1,0,2,0,0,0,0
"504",1,0,0,0,0,0,0
"505",0,0,1,0,0,0,0
"506",42,0,32,0,0,0,0
"507",259,0,185,0,0,0,0
"508",0,0,2,0,0,0,0
"509",2,0,1,0,0,0,0
"510",0,0,1,0,0,0,0
"511",0,0,1,0,0,0,0
"512",5,0,7,0,0,0,0
"513",2,0,3,0,0,0,0
"514",0,0,1,0,0,0,0
"515",1,0,0,0,0,0,0
"516",266,0,184,0,0,0,0
"517",5,0,13,0,0,0,0
"518",0,0,1,0,0,0,0
"519",7,0,4,0,0,0,0
"520",1,0,2,0,0,0,0
"521",0,0,1,0,0,0,0
"522",0,0,1,0,0,0,0
"523",1,0,1,0,0,0,0
"524",469,0,336,0,0,0,0
"525",0,0,1,0,0,0,0
"526",0,0,1,0,0,0,0
"527",0,0,1,0,0,0,0
"528",0,0,1,0,0,0,0
"529",1,0,1,0,0,0,0
"530",2,0,2,0,0,0,0
"531",0,0,1,0,0,0,0
"532",0,0,1,0,0,0,0
"533",1,0,2,0,0,0,0
"534",0,0,2,0,0,0,0
"535",0,0,1,0,0,0,0
"536",2,0,1,0,0,0,0
"537",8,0,3,0,0,0,0
"538",316,0,246,0,0,0,0
"539",0,0,1,0,0,0,0
"540",0,0,1,0,0,0,0
"541",0,0,0,0,0,0,0
"542",1,0,1,0,0,0,0
"543",0,0,1,0,0,0,0
"544",235,1,155,0,0,0,0
"545",0,0,0,0,0,0,0
"546",2,0,2,0,0,0,0
"547",0,0,2,0,0,0,0
"548",4,0,3,0,0,0,0
"549",0,0,1,0,0,0,0
"550",3,0,1,0,0,0,0
"551",0,0,1,0,0,0,0
"552",5,0,3,0,0,0,0
"553",241,19,173,16,16,5,4
"554",0,0,1,0,0,0,0
"555",277,21,177,21,18,6,3
"556",3,0,5,0,0,0,0
"557",0,0,1,0,0,0,0
"558",1,0,0,0,0,0,0
"559",2,0,1,0,0,0,0
"560",0,0,1,0,0,0,0
"561",153,0,125,0,0,0,0
"562",0,0,1,0,0,0,0
"563",0,0,1,0,0,0,0
"564",1,0,1,0,0,0,0
"565",83,0,49,0,0,0,0
"566",2,0,1,0,0,0,0
"567",4,0,4,0,0,0,0
"568",0,0,1,0,0,0,0
"569",0,0,1,0,0,0,0
"570",0,0,1,0,0,0,0
"571",0,0,2,0,0,0,0
"572",190,0,157,0,0,0,0
"573",12,0,17,0,0,0,0
"574",0,0,1,0,0,0,0
"575",0,0,0,0,0,0,0
"576",0,0,3,0,0,0,0
"577",0,0,1,0,0,0,0
"578",0,0,1,0,0,0,0
"579",0,0,2,0,0,0,0
"580",0,0,1,0,0,0,0
"581",15,0,14,0,0,0,0
"582",0,0,1,0,0,0,0
"583",0,0,1,0,0,0,0
"584",0,0,1,0,0,0,0
"585",4,0,0,0,0,0,0
"586",2,0,1,0,0,0,0
"587",7,0,5,0,0,0,0
"588",0,0,1,0,0,0,0
"589",0,0,1,0,0,0,0
"590",0,0,1,0,0,0,0
"591",0,0,1,0,0,0,0
"592",185,0,113,0,0,0,0
"593",4,0,2,0,0,0,0
"594",246,0,158,0,0,0,0
"595",0,0,1,0,0,0,0
"596",219,0,169,0,0,0,0
"597",0,0,1,0,0,0,0
"598",0,0,1,0,0,0,0
"599",0,0,1,0,0,0,0
"600",155,0,114,0,0,0,0
"601",0,0,2,0,0,0,0
"602",0,0,1,0,0,0,0
"603",0,0,1,0,0,0,0
"604",3,0,5,0,0,0,0
"605",0,0,1,0,0,0,0
"606",2,0,5,0,0,0,0
"607",0,0,0,0,0,0,0
"608",0,0,1,0,0,0,0
"609",2,0,5,0,0,0,0
"610",0,0,1,0,0,0,0
"611",0,0,1,0,0,0,0
"612",1,0,2,0,0,0,0
"613",1,0,1,0,0,0,0
"614",1,0,1,0,0,0,0
"615",263,0,189,0,1,0,0
"616",1,0,1,0,0,0,0
"617",0,0,1,0,0,0,0
"618",0,0,1,0,0,0,0
"619",142,0,112,0,0,0,0
"620",0,0,1,0,0,0,0
"621",0,0,1,0,0,0,0
"622",177,0,140,0,0,0,0
"623",1,0,0,0,0,0,0
"624",0,0,2,0,0,0,0
"625",0,0,1,0,0,0,0
"626",274,0,181,0,0,0,0
"627",337,0,231,0,0,0,0
"628",0,0,2,0,0,0,0
"629",0,0,1,0,0,0,0
"630",200,0,159,0,0,0,0
"631",199,1,163,4,3,0,1
"632",13,0,6,0,0,0,0
"633",4,0,2,0,0,0,0
"634",1,0,2,0,0,0,0
"635",236,1,185,0,0,0,0
"636",340,0,249,0,0,0,0
"637",0,0,1,0,0,0,0
"638",0,0,1,0,0,0,0
"639",0,0,1,0,0,0,0
"640",0,0,1,0,0,0,0
"641",279,0,225,0,0,0,0
"642",0,0,2,0,0,0,0
"643",0,0,1,0,0,0,0
"644",0,0,1,0,0,0,0
"645",6,0,6,0,0,0,0
"646",0,0,1,0,0,0,0
"647",1,0,3,0,0,0,0
"648",0,0,2,0,0,0,0
"649",3,0,2,0,0,0,0
"650",0,0,1,0,0,0,0
"651",0,0,1,0,0,0,0
"652",253,0,202,1,0,0,0
"653",0,0,2,0,0,0,0
"654",0,0,1,0,0,0,0
"655",0,0,1,0,0,0,0
"656",0,0,1,0,0,0,0
"657",1,0,1,0,0,0,0
"658",0,0,1,0,0,0,0
"659",7,0,1,0,0,0,0
"660",0,0,1,0,0,0,0
"661",4,0,1,0,0,0,0
"662",13,0,8,0,0,0,0
"663",0,0,2,0,0,0,0
"664",6,0,4,0,0,0,0
"665",218,0,150,0,1,0,0
"666",0,0,1,0,0,0,0
"667",7,0,4,0,0,0,0
"668",185,0,160,0,0,0,0
"669",0,0,1,0,0,0,0
"670",250,0,167,0,0,0,0
"671",0,0,1,0,0,0,0
"672",0,0,1,0,0,0,0
"673",107,0,65,0,0,0,0
"674",0,0,1,0,0,0,0
"675",0,0,1,0,0,0,0
"676",20,0,20,0,0,0,0
"677",0,0,1,0,0,0,0
"678",0,0,1,0,0,0,0
"679",1,0,1,0,0,0,0
"680",0,0,1,0,0,0,0
"681",0,0,0,0,0,0,0
"682",1,0,1,0,0,0,0
"683",3,0,3,0,0,0,0
"684",2,0,2,0,0,0,0
"685",408,0,315,0,0,0,0
"686",0,0,1,0,0,0,0
"687",4,0,9,0,0,0,0
"688",501,0,394,0,0,0,0
"689",0,0,1,0,0,0,0
"690",1,0,4,0,0,0,0
"691",0,0,0,0,0,0,0
"692",195,0,144,0,0,0,0
"693",0,0,1,0,0,0,0
"694",18,0,20,0,0,0,0
"695",0,0,1,0,0,0,0
"696",10,0,16,0,0,0,0
"697",0,0,3,0,0,0,0
"698",293,0,237,0,0,0,0
"699",0,0,1,0,0,0,0
"700",3,0,5,0,0,0,0
"701",0,0,1,0,0,0,0
"702",21,0,14,0,0,0,0
"703",1,0,1,0,0,0,0
"704",0,0,1,0,0,0,0
"705",0,0,1,0,0,0,0
"706",0,0,1,0,0,0,0
"707",48,0,34,0,0,0,0
"708",279,0,179,0,0,0,0
"709",3,0,1,0,0,0,0
"710",278,0,188,0,0,0,0
"711",0,0,1,0,0,0,0
"712",0,0,1,0,0,0,0
"713",12,0,6,0,0,0,0
"714",0,0,1,0,0,0,0
"715",0,0,1,0,0,0,0
"716",0,0,1,0,0,0,0
"717",0,0,1,0,0,0,0
"718",0,0,1,0,0,0,0
"719",0,0,1,0,0,0,0
"720",0,0,1,0,0,0,0
"721",0,0,1,0,0,0,0
"722",200,0,122,0,0,0,0
"723",0,0,1,0,0,0,0
"724",6,0,5,0,0,0,0
"725",0,0,1,0,0,0,0
"726",0,0,1,0,0,0,0
"727",2,0,2,0,0,0,0
"728",221,0,151,0,0,0,0
"729",400,2,301,2,2,0,0
"730",0,0,1,0,0,0,0
"731",339,0,274,0,0,0,0
"732",1,0,1,0,0,0,0
"733",0,0,2,0,0,0,0
"734",0,0,0,0,0,0,0
"735",266,3,188,1,2,4,3
"736",0,0,2,0,0,0,0
"737",17,0,7,0,0,0,0
"738",2,0,2,0,0,0,0
"739",9,0,9,0,0,0,0
"740",0,0,1,0,0,0,0
"741",209,0,155,0,0,0,0
"742",266,0,256,0,0,0,0
"743",0,0,1,0,0,0,0
"744",221,27,164,32,26,6,12
"745",1,0,2,0,0,0,0
"746",106,0,91,0,0,0,0
"747",296,0,241,0,0,0,0
"748",275,0,246,0,0,0,0
"749",17,0,15,0,0,0,0
"750",0,0,1,0,0,0,0
"751",6,0,5,0,0,0,0
"752",229,0,137,0,0,0,0
"753",0,0,0,0,0,0,0
"754",0,0,1,0,0,0,0
"755",0,0,2,0,0,0,0
"756",2,0,2,0,0,0,0
"757",2,0,3,0,0,0,0
"758",0,0,1,0,0,0,0
"759",0,0,1,0,0,0,0
"760",0,0,1,0,0,0,0
"761",0,0,1,0,0,0,0
"762",0,0,1,0,0,0,0
"763",20,0,16,0,0,0,0
"764",0,0,1,0,0,0,0
"765",0,0,1,0,0,0,0
"766",85,0,62,0,0,0,0
"767",332,0,258,0,0,0,0
"768",1,0,1,0,0,0,0
"769",0,0,1,0,0,0,0
"770",7,0,5,0,0,0,0
"771",0,0,1,0,0,0,0
"772",30,0,20,0,0,0,0
"773",0,0,1,0,0,0,0
"774",1,0,1,0,0,0,0
"775",0,0,1,0,0,0,0
"776",0,0,1,0,0,0,0
"777",0,0,1,0,0,0,0
"778",0,0,1,0,0,0,0
"779",2,0,2,0,0,0,0
"780",0,0,1,0,0,0,0
"781",5,0,3,0,0,0,0
"782",54,0,29,0,0,0,0
"783",2,0,5,0,0,0,0
"784",0,0,1,0,0,0,0
"785",1,0,2,0,0,0,0
"786",6,0,11,0,0,0,0
"787",2,0,2,0,0,0,0
"788",360,1,299,0,1,0,0
"789",0,0,1,0,0,0,0
"790",0,0,1,0,0,0,0
"791",443,0,361,0,0,0,0
"792",0,0,1,0,0,0,0
"793",1,0,2,0,0,0,0
"794",4,0,3,0,0,0,0
"795",347,0,254,0,0,0,0
"796",19,0,13,0,0,0,0
"797",18,0,13,0,0,0,0
"798",0,0,1,0,0,0,0
"799",12,0,13,0,0,0,0
"800",1,0,1,0,0,0,0
"801",284,0,210,0,0,0,0
"802",2,0,3,0,0,0,0
"803",9,0,2,0,0,0,0
"804",5,0,6,0,0,0,0
"805",1,0,1,0,0,0,0
"806",310,0,214,0,0,0,0
"807",0,0,1,0,0,0,0
"808",0,0,1,0,0,0,0
"809",361,0,263,0,0,0,0
"810",4,0,3,0,0,0,0
"811",0,0,0,0,0,0,0
"812",0,0,1,0,0,0,0
"813",0,0,1,0,0,0,0
"814",2,0,4,0,0,0,0
"815",0,0,0,0,0,0,0
"816",0,0,1,0,0,0,0
"817",2,0,1,0,0,0,0
"818",84,0,57,0,0,0,0
"819",2,0,3,0,0,0,0
"820",0,0,1,0,0,0,0
"821",1,0,1,0,0,0,0
"822",0,0,1,0,0,0,0
"823",203,0,144,0,0,0,0
"824",17,0,9,0,0,0,0
"825",3,0,2,0,0,0,0
"826",2,0,3,0,0,0,0
"827",0,0,1,0,0,0,0
"828",1,0,1,0,0,0,0
"829",232,0,171,0,0,0,0
"830",338,0,239,0,0,0,0
"831",3,0,4,0,0,0,0
"832",1,0,1,0,0,0,0
"833",1,0,1,0,0,0,0
"834",363,0,244,0,0,0,0
"835",0,0,5,0,0,0,0
"836",0,0,1,0,0,0,0
"837",324,0,276,0,0,0,0
"838",0,0,2,0,0,0,0
"839",0,0,1,0,0,0,0
"840",0,0,1,0,0,0,0
"841",1,0,3,0,0,0,0
"842",0,0,1,0,0,0,0
"843",0,0,1,0,0,0,0
"844",346,0,250,0,0,0,0
"845",1,0,0,0,0,0,0
"846",6,0,8,0,0,0,0
"847",1,0,2,0,0,0,0
"848",0,0,2,0,0,0,0
"849",0,0,2,0,0,0,0
"850",1,0,0,0,0,0,0
"851",0,0,0,0,0,0,0
"852",9,0,7,0,0,0,0
"853",0,0,1,0,0,0,0
"854",1,0,2,0,0,0,0
"855",218,1,162,0,1,0,0
"856",0,0,1,0,0,0,0
"857",0,0,2,0,0,0,0
"858",6,0,2,0,0,0,0
"859",6,0,6,0,0,0,0
"860",0,0,2,0,0,0,0
"861",0,0,1,0,0,0,0
"862",1,0,1,0,0,0,0
"863",0,0,1,0,0,0,0
"864",3,0,1,0,0,0,0
"865",315,0,261,0,0,0,0
"866",201,0,124,0,0,0,0
"867",21,0,15,0,0,0,0
"868",34,0,27,0,0,0,0
"869",0,0,1,0,0,0,0
"870",0,0,1,0,0,0,0
"871",0,0,2,0,0,0,0
"872",0,0,1,0,0,0,0
"873",223,0,158,0,0,0,0
"874",0,0,1,0,0,0,0
"875",4,0,4,0,0,0,0
"876",33,0,16,0,0,0,0
"877",0,0,3,0,1,0,0
"878",98,0,56,0,0,0,0
"879",6,0,2,0,0,0,0
"880",17,0,13,0,0,0,0
"881",0,0,1,0,0,0,0
"882",0,0,0,0,0,0,0
"883",1,0,1,0,0,0,0
"884",6,0,4,0,0,0,0
"885",14,0,5,0,0,0,0
"886",0,0,1,0,0,0,0
"887",0,0,1,0,0,0,0
"888",4,0,7,0,0,0,0
"889",3,0,2,0,0,0,0
"890",0,0,1,0,0,0,0
"891",1,0,1,0,0,0,0
"892",0,0,2,0,0,0,0
"893",0,0,2,0,0,0,0
"894",0,0,1,0,0,0,0
"895",0,0,1,0,0,0,0
"896",2,0,1,0,0,0,0
"897",0,0,0,0,0,0,0
"898",2,0,1,0,0,0,0
"899",0,0,1,0,0,0,0
"900",306,1,215,0,1,0,0
"901",0,0,1,0,0,0,0
"902",1,0,2,0,0,0,0
"903",265,0,218,1,0,0,0
"904",1,0,2,0,0,0,0
"905",0,0,1,0,0,0,0
"906",0,0,1,0,0,0,0
"907",0,0,1,0,0,0,0
"908",0,0,1,0,0,0,0
"909",154,0,116,0,0,0,0
"910",0,0,1,0,0,0,0
"911",1,0,2,0,0,0,0
"912",0,0,2,0,0,0,0
"913",308,1,260,0,0,0,1
"914",0,0,2,0,0,0,0
"915",0,0,1,0,0,0,0
"916",0,0,1,0,0,0,0
"917",262,0,202,0,0,0,0
"918",0,0,1,0,0,0,0
"919",7,0,5,0,0,0,0
"920",4,0,4,0,0,0,0
"921",0,0,1,0,0,0,0
"922",14,0,12,0,0,0,0
"923",2,0,1,0,0,0,0
"924",7,0,6,0,0,0,0
"925",308,0,218,0,0,0,0
"926",277,0,171,0,0,0,0
"927",303,0,248,0,0,0,0
"928",0,0,1,0,0,0,0
"929",0,0,1,0,0,0,0
"930",0,0,1,0,0,0,0
"931",0,0,1,0,0,0,0
"932",207,0,155,0,0,0,0
"933",77,0,46,0,0,0,0
"934",487,0,414,0,0,0,0
"935",0,0,1,0,0,0,0
"936",0,0,1,0,0,0,0
"937",3,0,2,0,0,0,0
"938",0,0,1,0,0,0,0
"939",139,0,116,0,0,0,0
"940",0,0,1,0,0,0,0
"941",1,0,1,0,0,0,0
"942",0,0,1,0,0,0,0
"943",1,0,0,0,0,0,0
"944",2,0,3,0,0,0,0
"945",0,0,1,0,0,0,0
"946",1,0,2,0,0,0,0
"947",161,0,128,0,0,0,0
"948",0,0,1,0,0,0,0
"949",262,0,215,0,0,0,0
"950",1,0,1,0,0,0,0
"951",1,0,2,0,0,0,0
"952",0,0,1,0,0,0,0
"953",131,2,102,1,1,0,0
"954",10,0,3,0,0,0,0
"955",0,0,1,0,0,0,0
"956",2,0,3,0,0,0,0
"957",0,0,1,0,0,0,0
"958",0,0,1,0,0,0,0
"959",156,0,90,0,0,0,0
"960",1,0,1,0,0,0,0
"961",253,0,206,0,0,0,0
"962",249,0,191,0,0,0,0
"963",0,0,1,0,0,0,0
"964",2,0,2,0,0,0,0
"965",31,0,14,0,0,0,0
"966",3,0,3,0,0,0,0
"967",0,0,1,0,0,0,0
"968",0,0,1,0,0,0,0
"969",2,0,2,0,0,0,0
"970",186,0,139,0,0,0,0
"971",1,0,4,0,0,0,0
"972",3,0,2,0,0,0,0
"973",1,0,2,0,0,0,0
"974",0,0,2,0,0,0,0
"975",2,0,4,0,0,0,0
"976",0,0,1,0,0,0,0
"977",195,0,162,0,0,0,0
"978",4,0,4,0,0,0,0
"979",3,0,1,0,0,0,0
"980",18,0,16,0,0,0,0
"981",0,0,1,0,0,0,0
"982",92,9,71,7,8,1,0
"983",0,0,1,0,0,0,0
"984",1,0,4,0,0,0,0
"985",0,0,1,0,0,0,0
"986",0,0,0,0,0,0,0
"987",0,0,2,0,0,0,0
"988",0,0,2,0,0,0,0
"989",10,0,10,0,0,0,0
"990",0,0,1,0,0,0,0
"991",0,0,1,0,0,0,0
"992",346,0,248,0,0,0,0
"993",0,0,0,0,0,0,0
"994",12,0,11,1,0,0,0
"995",67,0,54,0,0,0,0
"996",0,0,1,0,0,0,0
"997",0,0,1,0,0,0,0
"998",7,0,4,0,0,0,0
"999",4,0,4,0,0,0,0
"1000",33,0,21,0,0,0,0
"1001",245,0,186,0,0,0,0
"1002",2,0,2,0,0,0,0
"1003",30,0,11,0,0,0,0
"1004",2,0,1,0,0,0,0
"1005",418,0,349,0,0,0,0
"1006",180,0,126,0,0,0,0
"1007",0,0,1,0,0,0,0
"1008",0,0,1,0,0,0,0
"1009",1,0,1,0,0,0,0
"1010",4,0,6,0,0,0,0
"1011",0,0,0,0,0,0,0
"1012",199,0,143,2,0,0,0
"1013",250,0,191,0,0,0,0
"1014",0,0,1,0,0,0,0
"1015",412,0,334,0,0,0,0
"1016",0,0,1,0,0,0,0
"1017",1,0,1,0,0,0,0
"1018",0,0,1,0,0,0,0
"1019",1,0,1,0,0,0,0
"1020",0,0,1,0,0,0,0
"1021",0,0,1,0,0,0,0
"1022",0,0,1,0,0,0,0
"1023",159,0,133,0,0,0,0
"1024",0,0,1,0,0,0,0
"1025",7,0,4,0,0,0,0
"1026",0,0,0,0,0,0,0
"1027",117,0,89,0,0,0,0
"1028",0,0,2,0,0,0,0
"1029",1,0,2,0,0,0,0
"1030",0,0,1,0,0,0,0
"1031",0,0,1,0,0,0,0
"1032",0,0,1,0,0,0,0
"1033",3,0,4,0,0,0,0
"1034",0,0,2,0,0,0,0
"1035",0,0,1,0,0,0,0
"1036",1,0,1,0,0,0,0
"1037",0,0,2,0,0,0,0
"1038",0,0,1,0,0,0,0
"1039",11,0,10,0,0,0,0
"1040",13,0,8,0,0,0,0
"1041",122,0,89,0,0,0,0
"1042",1,0,0,0,0,0,0
"1043",245,0,180,0,0,0,0
"1044",302,0,219,0,0,0,0
"1045",0,0,1,0,0,0,0
"1046",3,0,2,0,0,0,0
"1047",0,0,0,0,0,0,0
"1048",1,0,1,0,0,0,0
"1049",491,11,369,12,11,1,0
"1050",0,0,1,0,0,0,0
"1051",1,0,0,0,0,0,0
"1052",231,0,189,0,0,0,0
"1053",0,0,1,0,0,0,0
"1054",0,0,1,0,0,0,0
"1055",160,0,114,0,0,0,0
"1056",7,0,3,0,0,0,0
"1057",3,0,1,0,0,0,0
"1058",0,0,1,0,0,0,0
"1059",2,0,3,0,0,0,0
"1060",0,0,2,0,0,0,0
"1061",0,0,1,0,0,0,0
"1062",0,0,1,0,0,0,0
"1063",2,0,5,0,0,0,0
"1064",6,0,13,0,0,0,0
"1065",0,0,1,0,0,0,0
"1066",1,0,1,0,0,0,0
"1067",0,0,1,0,0,0,0
"1068",0,0,1,0,0,0,0
"1069",0,0,1,0,0,0,0
"1070",0,0,1,0,0,0,0
"1071",0,0,1,0,0,0,0
"1072",1,0,3,0,0,0,0
"1073",0,0,0,0,0,0,0
"1074",0,0,0,0,0,0,0
"1075",239,0,171,0,0,0,0
"1076",1,0,2,0,0,0,0
"1077",0,0,1,0,0,0,0
"1078",0,0,1,0,0,0,0
"1079",241,0,175,0,0,0,0
"1080",4,0,3,0,0,0,0
"1081",112,0,98,0,0,0,0
"1082",0,0,1,0,0,0,0
"1083",1,0,0,0,0,0,0
"1084",226,6,154,4,7,0,0
"1085",85,0,49,0,0,0,0
"1086",0,0,1,0,0,0,0
"1087",16,0,10,0,0,0,0
"1088",0,0,1,0,0,0,0
"1089",242,0,189,0,0,0,0
"1090",0,0,1,0,0,0,0
"1091",0,0,1,0,0,0,0
"1092",33,0,25,0,0,0,0
"1093",0,0,1,0,0,0,0
"1094",94,0,56,0,0,0,0
"1095",0,0,1,0,0,0,0
"1096",450,0,379,0,0,0,0
"1097",0,0,1,0,0,0,0
"1098",0,0,2,0,0,0,0
"1099",0,0,1,0,0,0,0
"1100",1,0,5,0,0,0,0
"1101",0,0,1,0,0,0,0
"1102",297,0,227,0,0,0,0
"1103",0,0,1,0,0,0,0
"1104",219,0,168,0,0,0,0
"1105",0,0,0,0,0,0,0
"1106",501,0,382,0,0,0,0
"1107",0,0,1,0,0,0,0
"1108",293,0,259,0,4,1,1
"1109",1,0,1,0,0,0,0
"1110",0,0,1,0,0,0,0
"1111",0,0,1,0,0,0,0
"1112",190,0,152,0,0,0,0
"1113",2,0,1,0,0,0,0
"1114",1,0,1,0,0,0,0
"1115",0,0,1,0,0,0,0
"1116",1,0,1,0,0,0,0
"1117",1,0,2,0,0,0,0
"1118",1,0,3,0,0,0,0
"1119",1,0,1,0,0,0,0
"1120",0,0,1,0,0,0,0
"1121",0,0,1,0,0,0,0
"1122",2,0,4,0,0,0,0
"1123",0,0,1,0,0,0,0
"1124",0,0,1,0,0,0,0
"1125",84,0,63,0,0,0,0
"1126",0,0,1,0,0,0,0
"1127",185,0,144,0,0,0,0
"1128",0,0,1,0,0,0,0
"1129",3,0,5,0,0,0,0
"1130",1,0,0,0,0,0,0
"1131",42,0,34,0,0,0,0
"1132",0,0,1,0,0,0,0
"1133",0,0,1,0,0,0,0
"1134",5,0,4,0,0,0,0
"1135",30,0,12,0,0,0,0
"1136",21,0,21,0,0,0,0
"1137",115,0,84,0,0,0,0
"1138",2,0,1,0,0,0,0
"1139",1,0,1,0,0,0,0
"1140",0,0,1,0,0,0,0
"1141",0,0,1,0,0,0,0
"1142",0,0,1,0,0,0,0
"1143",1,0,1,0,0,0,0
"1144",0,0,1,0,0,0,0
"1145",0,0,1,0,0,0,0
"1146",239,0,191,0,0,0,0
"1147",2,0,3,0,0,0,0
"1148",115,0,74,0,0,0,0
"1149",2,0,3,0,0,0,0
"1150",0,0,1,0,0,0,0
"1151",0,0,1,0,0,0,0
"1152",135,0,93,0,0,0,0
"1153",178,0,140,0,0,0,0
"1154",0,0,1,0,0,0,0
"1155",4,0,9,0,0,0,0
"1156",3,0,1,0,0,0,0
"1157",0,0,0,0,0,0,0
"1158",14,0,14,0,0,0,0
"1159",8,0,2,0,0,0,0
"1160",0,0,1,0,0,0,0
"1161",67,0,43,0,0,0,0
"1162",399,0,298,0,0,0,0
"1163",2,0,1,0,0,0,0
"1164",246,0,178,0,0,0,0
"1165",0,0,1,0,0,0,0
"1166",0,0,1,0,0,0,0
"1167",0,0,1,0,0,0,0
"1168",0,0,2,0,0,0,0
"1169",1,0,2,0,0,0,0
"1170",0,0,1,0,0,0,0
"1171",1,0,4,0,0,0,0
"1172",2,0,2,0,0,0,0
"1173",231,0,129,0,0,0,0
"1174",0,0,1,0,0,0,0
"1175",0,0,1,0,0,0,0
"1176",1,0,1,0,0,0,0
"1177",200,0,159,0,0,0,0
"1178",0,0,1,0,0,0,0
"1179",1,0,1,0,0,0,0
"1180",1,0,1,0,0,0,0
"1181",4,0,4,0,0,0,0
"1182",0,0,1,0,0,0,0
"1183",361,0,302,0,0,0,0
"1184",1,0,2,0,0,0,0
"1185",78,0,59,0,0,0,0
"1186",0,0,1,0,0,0,0
"1187",0,0,0,0,0,0,0
"1188",0,0,1,0,0,0,0
"1189",320,0,245,1,0,0,0
"1190",8,0,3,0,0,0,0
"1191",283,0,225,0,0,0,0
"1192",0,0,1,0,0,0,0
"1193",240,0,186,0,0,0,0
"1194",180,0,135,0,0,0,0
"1195",5,0,2,0,0,0,0
"1196",0,0,0,0,0,0,0
"1197",0,0,1,0,0,0,0
"1198",0,0,0,0,0,0,0
"1199",72,0,43,0,0,0,0
"1200",1,0,1,0,0,0,0
"1201",2,0,2,0,0,0,0
"1202",0,0,1,0,0,0,0
"1203",11,0,7,0,0,0,0
"1204",0,0,1,0,0,0,0
"1205",4,0,10,0,0,0,0
"1206",0,0,1,0,0,0,0
"1207",1,0,1,0,0,0,0
"1208",0,0,0,0,0,0,0
"1209",7,0,4,0,0,0,0
"1210",0,0,1,0,0,0,0
"1211",1,0,3,0,0,0,0
"1212",0,0,2,0,0,0,0
"1213",0,0,0,0,0,0,0
"1214",1,0,1,0,0,0,0
"1215",0,0,1,0,0,0,0
"1216",184,0,148,0,0,0,0
"1217",2,0,2,0,0,0,0
"1218",0,0,2,0,0,0,0
"1219",5,0,3,0,0,0,0
"1220",8,0,8,0,0,0,0
"1221",0,0,1,0,0,0,0
"1222",0,0,1,0,0,0,0
"1223",1,0,1,0,0,0,0
"1224",0,0,1,0,0,0,0
"1225",0,0,1,0,0,0,0
"1226",0,0,1,0,0,0,0
"1227",7,0,1,0,0,0,0
"1228",6,0,2,0,0,0,0
"1229",0,0,1,0,0,0,0
"1230",84,0,68,0,0,0,0
"1231",15,0,12,0,0,0,0
"1232",265,0,192,0,0,0,0
"1233",0,0,1,0,0,0,0
"1234",0,0,1,0,0,0,0
"1235",1,0,1,0,0,0,0
"1236",258,0,197,0,0,0,0
"1237",0,0,1,0,0,0,0
"1238",0,0,1,0,0,0,0
"1239",422,0,342,0,0,0,0
"1240",0,0,1,0,0,0,0
"1241",273,0,189,0,0,0,0
"1242",0,0,4,0,0,0,0
"1243",0,0,1,0,0,0,0
"1244",287,0,227,0,0,0,0
"1245",201,0,160,0,0,0,0
"1246",1,0,1,0,0,0,0
"1247",0,0,1,0,0,0,0
"1248",1,0,1,0,0,0,0
"1249",0,0,1,0,0,0,0
"1250",0,0,1,0,0,0,0
"1251",443,0,364,1,1,0,0
"1252",249,0,216,0,0,0,0
"1253",0,0,1,0,0,0,0
"1254",0,0,1,0,0,0,0
"1255",209,0,147,0,0,0,0
"1256",0,0,1,0,0,0,0
"1257",1,0,2,0,0,0,0
"1258",108,0,56,0,1,0,0
"1259",2,0,3,0,0,0,0
"1260",0,0,1,0,0,0,0
"1261",0,0,1,0,0,0,0
"1262",1,0,1,0,0,0,0
"1263",2,0,1,0,0,0,0
"1264",244,0,188,0,0,0,0
"1265",1,0,1,0,0,0,0
"1266",0,0,1,0,0,0,0
"1267",1,0,2,0,0,0,0
"1268",4,0,5,0,0,0,0
"1269",0,0,1,0,0,0,0
"1270",0,0,1,0,0,0,0
"1271",2,0,5,0,0,0,0
"1272",0,0,1,0,0,0,0
"1273",2,0,1,0,0,0,0
"1274",292,0,220,0,0,0,0
"1275",0,0,1,0,0,0,0
"1276",0,0,0,0,0,0,0
"1277",0,0,1,0,0,0,0
"1278",2,0,3,0,0,0,0
"1279",0,0,1,0,0,0,0
"1280",12,0,13,0,0,0,0
"1281",0,0,1,0,0,0,0
"1282",2,0,6,0,0,0,0
"1283",0,0,1,0,0,0,0
"1284",11,0,4,0,0,0,0
"1285",0,0,1,0,0,0,0
"1286",2,0,2,0,0,0,0
"1287",0,0,1,0,0,0,0
"1288",3,0,1,0,0,0,0
"1289",3,0,2,0,0,0,0
"1290",0,0,1,0,0,0,0
"1291",319,0,261,0,0,0,0
"1292",11,0,12,0,0,0,0
"1293",214,0,141,0,0,0,0
"1294",1,0,1,0,0,0,0
"1295",0,0,1,0,0,0,0
"1296",0,0,1,0,0,0,0
"1297",225,0,165,0,0,0,0
"1298",0,0,1,0,0,0,0
"1299",0,0,1,0,0,0,0
"1300",1,0,1,0,0,0,0
"1301",0,0,1,0,0,0,0
"1302",0,0,1,0,0,0,0
"1303",259,0,195,0,0,0,0
"1304",20,0,20,0,0,0,0
"1305",0,0,1,0,0,0,0
"1306",9,0,13,0,0,0,0
"1307",0,0,1,0,0,0,0
"1308",40,0,22,0,0,0,0
"1309",0,0,1,0,0,0,0
"1310",0,0,1,0,0,0,0
"1311",0,0,1,0,0,0,0
"1312",37,0,24,0,0,0,0
"1313",0,0,1,0,0,0,0
"1314",201,0,158,0,0,0,0
"1315",0,0,1,0,0,0,0
"1316",0,0,2,0,0,0,0
"1317",311,0,223,0,0,0,0
"1318",0,0,2,0,0,0,0
"1319",7,0,15,0,0,0,0
"1320",0,0,1,0,0,0,0
"1321",0,0,1,0,0,0,0
"1322",4,0,2,0,0,0,0
"1323",0,0,1,0,0,0,0
"1324",1,0,3,0,0,0,0
"1325",0,0,1,0,0,0,0
"1326",0,0,1,0,0,0,0
"1327",1,0,2,0,0,0,0
"1328",0,0,1,0,0,0,0
"1329",10,0,10,0,0,0,0
"1330",0,0,1,0,0,0,0
"1331",8,0,7,0,0,0,0
"1332",0,0,1,0,0,0,0
"1333",5,0,1,0,0,0,0
"1334",12,0,8,0,0,0,0
"1335",0,0,1,0,0,0,0
"1336",28,0,14,0,0,0,0
"1337",8,0,9,0,0,0,0
"1338",0,0,1,0,0,0,0
"1339",2,0,3,0,0,0,0
"1340",371,0,290,0,0,0,0
"1341",2,0,1,0,0,0,0
"1342",1,0,2,0,0,0,0
"1343",0,0,1,0,0,0,0
"1344",53,0,35,0,0,0,0
"1345",1,0,1,0,0,0,0
"1346",1,0,1,0,0,0,0
"1347",0,0,1,0,0,0,0
"1348",0,0,3,0,0,0,0
"1349",0,0,4,0,0,0,0
"1350",0,0,1,0,0,0,0
"1351",1,0,2,0,0,0,0
"1352",259,0,185,0,0,0,0
"1353",241,0,215,0,0,0,0
"1354",280,0,206,0,0,0,0
"1355",0,0,1,0,0,0,0
"1356",4,0,6,0,0,0,0
"1357",183,0,143,0,0,0,0
"1358",290,0,225,0,0,0,0
"1359",1,0,1,0,0,0,0
"1360",6,0,6,0,0,0,0
"1361",206,0,156,0,0,0,0
"1362",3,0,9,0,0,0,0
"1363",3,0,1,0,0,0,0
"1364",0,0,1,0,0,0,0
"1365",0,0,1,0,0,0,0
"1366",0,0,1,0,0,0,0
"1367",6,0,8,0,0,0,0
"1368",0,0,1,0,0,0,0
"1369",0,0,1,0,0,0,0
"1370",2,0,1,0,0,0,0
"1371",0,0,1,0,0,0,0
"1372",1,0,1,0,0,0,0
"1373",275,0,210,0,0,0,0
"1374",0,0,1,0,0,0,0
"1375",2,0,1,0,0,0,0
"1376",1,0,3,0,0,0,0
"1377",0,0,1,0,0,0,0
"1378",5,0,2,0,0,0,0
"1379",6,0,2,0,0,0,0
"1380",0,0,1,0,0,0,0
"1381",0,0,2,0,0,0,0
"1382",0,0,1,0,0,0,0
"1383",76,0,59,0,0,0,0
"1384",1,0,2,0,0,0,0
"1385",144,0,115,0,0,0,0
"1386",0,0,1,0,0,0,0
"1387",4,0,3,0,0,0,0
"1388",0,0,1,0,0,0,0
"1389",0,0,1,0,0,0,0
"1390",1,0,0,0,0,0,0
"1391",11,0,12,0,0,0,0
"1392",0,0,1,0,0,0,0
"1393",228,0,187,0,0,0,0
"1394",0,0,1,0,0,0,0
"1395",0,0,1,0,0,0,0
"1396",4,0,1,0,0,0,0
"1397",2,0,3,0,0,0,0
"1398",280,0,160,0,0,0,0
"1399",198,0,124,0,0,0,0
"1400",0,0,1,0,0,0,0
"1401",0,0,1,0,0,0,0
"1402",0,0,1,0,0,0,0
"1403",4,0,3,0,0,0,0
"1404",1,0,2,0,0,0,0
"1405",218,0,161,0,0,0,0
"1406",0,0,1,0,0,0,0
"1407",0,0,1,0,0,0,0
"1408",0,0,3,0,0,0,0
"1409",0,0,0,0,0,0,0
"1410",0,0,2,0,0,0,0
"1411",0,0,1,0,0,0,0
"1412",0,0,1,0,0,0,0
"1413",0,0,1,0,0,0,0
"1414",0,0,1,0,0,0,0
"1415",0,0,1,0,0,0,0
"1416",1,0,0,0,0,0,0
"1417",0,0,1,0,0,0,0
"1418",0,0,1,0,0,0,0
"1419",0,0,0,0,0,0,0
"1420",248,0,203,0,0,0,0
"1421",181,0,145,0,0,0,0
"1422",1,0,3,0,0,0,0
"1423",2,0,2,0,0,0,0
"1424",359,0,296,0,0,0,0
"1425",247,0,175,0,0,0,0
"1426",19,0,14,0,0,0,0
"1427",0,0,2,0,0,0,0
"1428",0,0,1,0,0,0,0
"1429",23,0,22,0,0,0,0
"1430",0,0,1,0,0,0,0
"1431",0,0,3,0,0,0,0
"1432",1,0,3,0,0,0,0
"1433",0,0,1,0,0,0,0
"1434",1,0,1,0,0,0,0
"1435",3,0,2,0,0,0,0
"1436",402,4,336,9,5,3,1
"1437",8,0,9,0,0,0,0
"1438",254,0,187,0,0,0,0
"1439",67,0,64,0,0,0,0
"1440",0,0,1,0,0,0,0
"1441",323,0,218,0,0,0,0
"1442",18,0,8,0,0,0,0
"1443",1,0,2,0,0,0,0
"1444",0,0,1,0,0,0,0
"1445",30,0,17,0,0,0,0
"1446",0,0,1,0,0,0,0
"1447",1,0,2,0,0,0,0
"1448",3,0,3,0,0,0,0
"1449",274,0,191,0,0,0,0
"1450",100,0,70,0,0,0,0
"1451",1,0,1,0,0,0,0
"1452",0,0,1,0,0,0,0
"1453",321,0,278,0,0,0,0
"1454",0,0,3,0,0,0,0
"1455",9,0,11,0,0,0,0
"1456",17,0,19,0,0,0,0
"1457",0,0,1,0,0,0,0
"1458",0,0,1,0,0,0,0
"1459",9,0,4,0,0,0,0
"1460",81,0,63,0,0,0,0
"1461",0,0,1,0,0,0,0
"1462",2,0,1,0,0,0,0
"1463",0,0,1,0,0,0,0
"1464",0,0,1,0,0,0,0
"1465",153,1,101,0,1,0,0
"1466",1,0,2,0,0,0,0
"1467",0,0,2,0,0,0,0
"1468",0,0,1,0,0,0,0
"1469",0,0,1,0,0,0,0
"1470",3,0,4,0,0,0,0
"1471",0,0,1,0,0,0,0
"1472",285,0,215,0,0,0,0
"1473",0,0,1,0,0,0,0
"1474",2,0,1,0,0,0,0
"1475",0,0,1,0,0,0,0
"1476",1,0,1,0,0,0,0
"1477",0,0,1,0,0,0,0
"1478",0,0,1,0,0,0,0
"1479",2,0,2,0,0,0,0
"1480",0,0,1,0,0,0,0
"1481",0,0,1,0,0,0,0
"1482",0,0,2,0,0,0,0
"1483",0,0,1,0,0,0,0
"1484",1,0,0,0,0,0,0
"1485",2,0,2,0,0,0,0
"1486",0,0,1,0,0,0,0
"1487",2,0,1,0,0,0,0
"1488",0,0,1,0,0,0,0
"1489",0,0,1,0,0,0,0
"1490",306,0,226,1,0,0,0
"1491",0,0,1,0,0,0,0
"1492",354,0,279,0,0,0,0
"1493",285,0,215,0,0,0,0
"1494",0,0,1,0,0,0,0
"1495",0,0,1,0,0,0,0
"1496",11,0,11,0,0,0,0
"1497",0,0,1,0,0,0,0
"1498",174,1,129,0,2,0,1
"1499",1,0,2,0,0,0,0
"1500",0,0,1,0,0,0,0
"1501",5,0,3,0,0,0,0
"1502",10,0,6,0,0,0,0
"1503",0,0,2,0,0,0,0
"1504",0,0,2,0,0,0,0
"1505",0,0,1,0,0,0,0
"1506",0,0,1,0,0,0,0
"1507",0,0,0,0,0,0,0
"1508",2,0,2,0,0,0,0
"1509",184,0,122,0,0,0,0
"1510",0,0,1,0,0,0,0
"1511",250,0,205,0,0,0,0
"1512",0,0,1,0,0,0,0
"1513",0,0,1,0,0,0,0
"1514",1,0,1,0,0,0,0
"1515",9,0,9,0,0,0,0
"1516",312,0,209,0,0,0,0
"1517",79,0,70,0,0,0,0
"1518",3,0,6,0,0,0,0
"1519",1,0,2,0,0,0,0
"1520",0,0,1,0,0,0,0
"1521",0,0,1,0,0,0,0
"1522",271,0,184,0,0,0,0
"1523",3,1,4,0,0,0,0
"1524",331,0,272,0,0,0,0
"1525",1,0,2,0,0,0,0
"1526",4,0,2,0,0,0,0
"1527",0,0,1,0,0,0,0
"1528",0,0,1,0,0,0,0
"1529",0,0,1,0,0,0,0
"1530",0,0,1,0,0,0,0
"1531",0,0,1,0,0,0,0
"1532",2,0,1,0,0,0,0
"1533",27,0,16,0,0,0,0
"1534",0,0,1,0,0,0,0
"1535",354,0,251,1,0,0,1
"1536",0,0,1,0,0,0,0
"1537",52,0,30,0,0,0,0
"1538",0,0,1,0,0,0,0
"1539",0,0,1,0,0,0,0
"1540",0,0,1,0,0,0,0
"1541",0,0,1,0,0,0,0
"1542",6,0,5,0,0,0,0
"1543",0,0,0,0,0,0,0
"1544",1,0,4,0,0,0,0
"1545",0,0,3,0,0,0,0
"1546",0,0,2,0,0,0,0
"1547",4,0,4,0,0,0,0
"1548",0,0,1,0,0,0,0
"1549",0,0,1,0,0,0,0
"1550",256,0,225,0,0,0,0
"1551",2,0,1,0,0,0,0
"1552",1,0,2,0,0,0,0
"1553",231,0,182,0,0,0,0
"1554",0,0,1,0,0,0,0
"1555",0,0,1,0,0,0,0
"1556",24,0,16,0,0,0,0
"1557",0,0,1,0,0,0,0
"1558",0,0,3,0,0,0,0
"1559",311,0,224,0,0,0,0
"1560",196,0,155,0,0,0,0
"1561",0,0,1,0,0,0,0
"1562",2,0,4,0,0,0,0
"1563",0,0,1,0,0,0,0
"1564",0,0,2,0,0,0,0
"1565",5,0,4,0,0,0,0
"1566",241,0,164,0,0,0,0
"1567",0,0,1,0,0,0,0
"1568",1,0,2,0,0,0,0
"1569",0,0,1,0,0,0,0
"1570",2,0,1,0,0,0,0
"1571",4,0,0,0,0,0,0
"1572",0,0,1,0,0,0,0
"1573",1,0,0,0,0,0,0
"1574",1,0,3,0,0,0,0
"1575",0,0,1,0,0,0,0
"1576",2,0,6,0,0,0,0
"1577",0,0,1,0,0,0,0
"1578",1,0,5,0,0,0,0
"1579",6,0,4,0,0,0,0
"1580",7,0,2,0,0,0,0
"1581",8,0,6,0,0,0,0
"1582",0,0,1,0,0,0,0
"1583",0,0,1,0,0,0,0
"1584",10,0,18,0,0,0,0
"1585",1,0,1,0,0,0,0
"1586",1,0,1,0,0,0,0
"1587",1,0,0,0,0,0,0
"1588",9,0,8,0,0,0,0
"1589",2,0,1,0,0,0,0
"1590",0,0,0,0,0,0,0
"1591",0,0,1,0,0,0,0
"1592",0,0,1,0,0,0,0
"1593",0,0,1,0,0,0,0
"1594",259,0,220,0,0,0,0
"1595",205,0,163,0,0,0,0
"1596",2,0,1,0,0,0,0
"1597",0,0,1,0,0,0,0
"1598",0,0,1,0,0,0,0
"1599",0,0,1,0,0,0,0
"1600",248,0,178,0,0,0,0
"1601",0,0,1,0,0,0,0
"1602",0,0,1,0,0,0,0
"1603",0,0,1,0,0,0,0
"1604",0,0,1,0,0,0,0
"1605",2,0,2,0,0,0,0
"1606",0,0,1,0,0,0,0
"1607",0,0,1,0,0,0,0
"1608",0,0,0,0,0,0,0
"1609",0,0,1,0,0,0,0
"1610",2,0,2,0,0,0,0
"1611",3,0,1,0,0,0,0
"1612",1,0,1,0,0,0,0
"1613",0,0,1,0,0,0,0
"1614",129,0,105,0,0,0,0
"1615",182,0,151,0,0,0,0
"1616",15,0,14,0,0,0,0
"1617",215,0,171,0,0,0,0
"1618",0,0,2,0,0,0,0
"1619",2,0,1,0,0,0,0
"1620",0,0,1,0,0,0,0
"1621",245,0,189,0,0,0,0
"1622",0,0,1,0,0,0,0
"1623",4,0,1,0,0,0,0
"1624",236,0,162,0,0,0,0
"1625",0,0,1,0,0,0,0
"1626",0,0,1,0,0,0,0
"1627",0,0,1,0,0,0,0
"1628",90,0,64,0,0,0,0
"1629",0,0,1,0,0,0,0
"1630",305,0,218,0,0,0,0
"1631",0,0,0,0,0,0,0
"1632",1,0,1,0,0,0,0
"1633",0,0,1,0,0,0,0
"1634",320,0,246,0,0,0,0
"1635",0,0,1,0,0,0,0
"1636",0,0,1,0,0,0,0
"1637",1,0,1,0,0,0,0
"1638",0,0,1,0,0,0,0
"1639",0,0,1,0,0,0,0
"1640",0,0,1,0,0,0,0
"1641",0,0,1,0,0,0,0
"1642",3,0,2,0,0,0,0
"1643",322,0,248,0,0,0,0
"1644",5,0,2,0,0,0,0
"1645",0,0,1,0,0,0,0
"1646",0,0,1,0,0,0,0
"1647",3,0,3,0,0,0,0
"1648",0,0,0,0,0,0,0
"1649",0,0,0,0,0,0,0
"1650",35,1,18,0,0,0,0
"1651",0,0,1,0,0,0,0
"1652",0,0,1,0,0,0,0
"1653",0,0,1,0,0,0,0
"1654",0,0,1,0,0,0,0
"1655",270,0,181,1,0,0,0
"1656",323,0,228,0,0,0,0
"1657",3,0,2,0,0,0,0
"1658",0,0,1,0,0,0,0
"1659",274,0,188,0,4,0,0
"1660",0,0,1,0,0,0,0
"1661",1,0,3,0,0,0,0
"1662",0,0,1,0,0,0,0
"1663",0,0,1,0,0,0,0
"1664",291,0,218,0,0,0,0
"1665",1,0,2,0,0,0,0
"1666",219,0,164,0,0,0,0
"1667",0,0,2,0,0,0,0
"1668",358,0,254,0,0,0,0
"1669",344,0,243,0,0,0,0
"1670",125,0,84,0,0,0,0
"1671",128,0,104,0,0,0,0
"1672",1,0,3,0,0,0,0
"1673",0,0,1,0,0,0,0
"1674",0,0,3,0,0,0,0
"1675",0,0,0,0,0,0,0
"1676",7,0,6,0,0,0,0
"1677",0,0,1,0,0,0,0
"1678",1,0,1,0,0,0,0
"1679",0,0,1,0,0,0,0
"1680",3,0,3,1,0,0,0
"1681",273,0,192,0,0,0,0
"1682",122,0,61,0,0,0,0
"1683",0,0,1,0,0,0,0
"1684",0,0,1,0,0,0,0
"1685",3,0,4,0,0,0,0
"1686",0,0,1,0,0,0,0
"1687",302,0,212,0,0,0,0
"1688",0,0,1,0,0,0,0
"1689",4,0,1,0,0,0,0
"1690",0,0,0,0,0,0,0
"1691",0,0,1,0,0,0,0
"1692",3,0,1,0,0,0,0
"1693",0,0,1,0,0,0,0
"1694",0,0,2,0,0,0,0
"1695",6,0,6,0,0,0,0
"1696",37,0,21,0,0,0,0
"1697",0,0,1,0,0,0,0
"1698",0,0,1,0,0,0,0
"1699",5,0,2,0,0,0,0
"1700",1,0,1,0,0,0,0
"1701",0,0,1,0,0,0,0
"1702",40,0,24,0,0,0,0
"1703",0,0,1,0,0,0,0
"1704",316,0,239,0,0,0,0
"1705",0,0,1,0,0,0,0
"1706",0,0,1,0,0,0,0
"1707",0,0,1,0,0,0,0
"1708",0,0,1,0,0,0,0
"1709",0,0,0,0,0,0,0
"1710",202,1,162,3,2,0,0
"1711",211,0,173,0,0,0,0
"1712",4,0,8,0,0,0,0
"1713",0,0,1,0,0,0,0
"1714",1,0,1,0,0,0,0
"1715",0,0,1,0,0,0,0
"1716",0,0,1,0,0,0,0
"1717",0,0,1,0,0,0,0
"1718",157,0,124,0,0,0,0
"1719",220,1,183,1,2,0,0
"1720",0,0,2,0,0,0,0
"1721",201,0,163,1,2,0,1
"1722",0,0,1,0,0,0,0
"1723",0,0,1,0,0,0,0
"1724",258,0,183,0,0,0,0
"1725",0,0,1,0,0,0,0
"1726",0,0,1,0,0,0,0
"1727",0,0,1,0,0,0,0
"1728",0,0,1,0,0,0,0
"1729",4,0,4,0,0,0,0
"1730",0,0,1,0,0,0,0
"1731",3,0,5,0,0,0,0
"1732",226,0,159,0,0,0,0
"1733",209,0,151,0,0,0,0
"1734",1,0,1,0,0,0,0
"1735",0,0,1,0,0,0,0
"1736",0,0,1,0,0,0,0
"1737",0,0,1,0,0,0,0
"1738",5,0,2,0,0,0,0
"1739",0,0,1,0,0,0,0
"1740",0,0,1,0,0,0,0
"1741",11,0,8,0,0,0,0
"1742",6,0,7,0,0,0,0
"1743",0,0,1,0,0,0,0
"1744",278,0,209,0,0,0,0
"1745",0,0,1,0,0,0,0
"1746",394,0,311,0,0,0,0
"1747",0,0,1,0,0,0,0
"1748",0,0,1,0,0,0,0
"1749",0,0,1,0,0,0,0
"1750",0,0,0,0,0,0,0
"1751",281,0,198,0,0,0,0
"1752",0,0,1,0,0,0,0
"1753",0,0,0,0,0,0,0
"1754",0,0,1,0,0,0,0
"1755",1,0,1,0,0,0,0
"1756",308,0,246,0,0,0,0
"1757",333,0,258,0,0,0,0
"1758",0,0,1,0,0,0,0
"1759",7,0,3,0,0,0,0
"1760",0,0,1,0,0,0,0
"1761",0,0,0,0,0,0,0
"1762",255,1,190,0,0,0,0
"1763",248,0,188,0,0,0,0
"1764",1,0,2,0,0,0,0
"1765",2,0,1,0,0,0,0
"1766",1,0,2,0,0,0,0
"1767",185,0,141,0,0,0,0
"1768",0,0,1,0,0,0,0
"1769",0,0,0,0,0,0,0
"1770",0,0,1,0,0,0,0
"1771",0,0,1,0,0,0,0
"1772",0,0,1,0,0,0,0
"1773",0,0,1,0,0,0,0
"1774",0,0,1,0,0,0,0
"1775",0,0,1,0,0,0,0
"1776",1,0,1,0,0,0,0
"1777",2,0,4,0,0,0,0
"1778",5,0,2,0,0,0,0
"1779",249,0,189,0,1,0,0
"1780",0,0,1,0,0,0,0
"1781",0,0,2,0,0,0,0
"1782",0,0,1,0,0,0,0
"1783",4,0,1,0,0,0,0
"1784",0,0,1,0,0,0,0
"1785",123,0,80,0,0,0,0
"1786",1,0,0,0,0,0,0
"1787",404,0,307,0,1,0,0
"1788",0,0,1,0,0,0,0
"1789",106,0,72,0,0,0,0
"1790",5,0,4,0,0,0,0
"1791",199,0,141,0,0,0,0
"1792",156,0,115,0,0,0,0
"1793",7,0,5,0,0,0,0
"1794",0,0,1,0,0,0,0
"1795",96,2,88,2,1,0,2
"1796",248,0,172,1,1,0,0
"1797",0,0,1,0,0,0,0
"1798",1,0,1,0,0,0,0
"1799",0,0,2,0,0,0,0
"1800",3,0,0,0,0,0,0
"1801",241,0,179,0,0,0,0
"1802",0,0,1,0,0,0,0
"1803",0,0,0,0,0,0,0
"1804",0,0,1,0,0,0,0
"1805",291,16,252,12,8,5,2
"1806",258,0,179,0,0,0,0
"1807",0,0,1,0,0,0,0
"1808",2,0,1,0,0,0,0
"1809",0,0,0,0,0,0,0
"1810",3,0,2,0,0,0,0
"1811",0,0,2,0,0,0,0
"1812",0,0,1,0,0,0,0
"1813",0,0,1,0,0,0,0
"1814",0,0,1,0,0,0,0
"1815",3,0,1,0,0,0,0
"1816",0,0,1,0,0,0,0
"1817",309,0,249,0,2,0,0
"1818",3,0,2,0,0,0,0
"1819",151,0,115,0,1,0,0
"1820",85,0,41,0,0,0,0
"1821",0,0,1,0,0,0,0
"1822",2,0,2,0,0,0,0
"1823",3,0,1,0,0,0,0
"1824",0,0,1,0,0,0,0
"1825",4,0,3,0,0,0,0
"1826",14,0,12,0,0,0,0
"1827",12,0,16,0,0,0,0
"1828",277,0,225,0,0,0,0
"1829",2,0,3,0,0,0,0
"1830",14,0,12,0,0,0,0
"1831",214,0,184,0,0,0,0
"1832",12,0,5,0,0,0,0
"1833",1,0,5,0,0,0,0
"1834",6,0,4,0,0,0,0
"1835",0,0,1,0,0,0,0
"1836",0,0,1,0,0,0,0
"1837",0,0,1,0,0,0,0
"1838",18,0,15,0,0,0,0
"1839",0,0,1,0,0,0,0
"1840",289,0,233,0,0,0,0
"1841",4,0,10,0,0,0,0
"1842",6,0,1,0,0,0,0
"1843",0,0,1,0,0,0,0
"1844",0,0,1,0,0,0,0
"1845",1,0,2,0,0,0,0
"1846",0,0,1,0,0,0,0
"1847",0,0,0,0,0,0,0
"1848",4,0,5,0,0,0,0
"1849",0,0,1,0,0,0,0
"1850",285,0,214,0,0,0,0
"1851",0,0,1,0,0,0,0
"1852",0,0,1,0,0,0,0
"1853",3,0,1,0,0,0,0
"1854",225,0,164,0,0,0,0
"1855",264,0,212,0,0,0,0
"1856",0,0,1,0,0,0,0
"1857",0,0,1,0,0,0,0
"1858",0,0,1,0,0,0,0
"1859",0,0,3,0,0,0,0
"1860",0,0,0,0,0,0,0
"1861",0,0,1,0,0,0,0
"1862",0,0,1,0,0,0,0
"1863",3,0,3,0,0,0,0
"1864",1,0,3,0,0,0,0
"1865",4,0,3,0,0,0,0
"1866",0,0,1,0,0,0,0
"1867",250,0,197,0,0,0,0
"1868",206,0,146,0,0,0,0
"1869",0,0,1,0,0,0,0
"1870",0,0,1,0,0,0,0
"1871",0,0,1,0,0,0,0
"1872",0,0,1,0,0,0,0
"1873",0,0,1,0,0,0,0
"1874",0,0,1,0,0,0,0
"1875",284,0,207,0,0,0,0
"1876",5,0,3,0,0,0,0
"1877",0,0,1,0,0,0,0
"1878",330,2,290,3,3,1,2
"1879",0,0,1,0,0,0,0
"1880",0,0,1,0,0,0,0
"1881",0,0,1,0,0,0,0
"1882",0,0,1,0,0,0,0
"1883",1,0,1,0,0,0,0
"1884",460,0,379,0,0,0,0
"1885",2,0,5,0,0,0,0
"1886",0,0,1,0,0,0,0
"1887",0,0,1,0,0,0,0
"1888",0,0,1,0,0,0,0
"1889",0,0,1,0,0,0,0
"1890",315,0,236,0,1,0,0
"1891",0,0,1,0,0,0,0
"1892",1,0,1,0,0,0,0
"1893",0,0,0,0,0,0,0
"1894",0,0,1,0,0,0,0
"1895",0,0,1,0,0,0,0
"1896",0,0,1,0,0,0,0
"1897",1,0,1,0,0,0,0
"1898",1,0,1,0,0,0,0
"1899",0,0,1,0,0,0,0
"1900",0,0,1,0,0,0,0
"1901",0,0,1,0,0,0,0
"1902",1,0,1,0,0,0,0
"1903",0,0,1,0,0,0,0
"1904",3,0,3,0,0,0,0
"1905",0,0,0,0,0,0,0
"1906",317,0,246,0,0,0,0
"1907",0,0,1,0,0,0,0
"1908",0,0,1,0,0,0,0
"1909",0,0,1,0,0,0,0
"1910",1,0,1,0,0,0,0
"1911",330,0,268,0,0,0,0
"1912",0,0,0,0,0,0,0
"1913",2,0,3,0,0,0,0
"1914",0,0,1,0,0,0,0
"1915",201,0,144,0,0,0,0
"1916",0,0,1,0,0,0,0
"1917",0,0,1,0,0,0,0
"1918",263,0,212,0,0,0,0
"1919",2,0,0,0,0,0,0
"1920",0,0,1,0,0,0,0
"1921",0,0,1,0,0,0,0
"1922",324,3,247,9,17,9,4
"1923",12,0,5,0,0,0,0
"1924",0,0,1,0,0,0,0
"1925",0,0,0,0,0,0,0
"1926",0,0,1,0,0,0,0
"1927",0,0,1,0,0,0,0
"1928",0,0,5,0,0,0,0
"1929",0,0,1,0,0,0,0
"1930",1,0,1,0,0,0,0
"1931",0,0,1,0,0,0,0
"1932",4,0,0,0,0,0,0
"1933",286,0,212,0,0,0,0
"1934",288,0,216,0,0,0,0
"1935",266,0,190,0,0,0,0
"1936",12,0,13,0,0,0,0
"1937",0,0,1,0,0,0,0
"1938",10,0,19,0,0,0,0
"1939",0,0,0,0,0,0,0
"1940",0,0,1,0,0,0,0
"1941",0,0,1,0,0,0,0
"1942",0,0,1,0,0,0,0
"1943",1,0,1,0,0,0,0
"1944",5,0,11,0,0,0,0
"1945",0,0,1,0,0,0,0
"1946",1,0,2,0,0,0,0
"1947",0,0,1,0,0,0,0
"1948",19,0,20,0,0,0,0
"1949",0,0,1,0,0,0,0
"1950",0,0,0,0,0,0,0
"1951",2,0,3,0,0,0,0
"1952",0,0,1,0,0,0,0
"1953",0,0,1,0,0,0,0
"1954",0,0,1,0,0,0,0
"1955",23,0,14,0,0,0,0
"1956",1,0,1,0,0,0,0
"1957",90,0,76,0,0,0,0
"1958",7,0,3,0,0,0,0
"1959",5,0,6,0,0,0,0
"1960",1,0,1,0,0,0,0
"1961",0,0,0,0,0,0,0
"1962",9,0,12,0,0,0,0
"1963",1,0,1,0,0,0,0
"1964",313,0,236,0,0,0,0
"1965",0,0,1,0,0,0,0
"1966",185,1,148,0,2,0,0
"1967",0,0,1,0,0,0,0
"1968",0,0,1,0,0,0,0
"1969",280,0,200,0,0,0,0
"1970",0,0,1,0,0,0,0
"1971",1,0,1,0,0,0,0
"1972",0,0,1,0,0,0,0
"1973",1,0,1,0,0,0,0
"1974",38,0,36,0,0,0,0
"1975",0,0,1,0,0,0,0
"1976",316,0,242,0,0,0,0
"1977",35,0,27,0,0,0,0
"1978",0,0,1,0,0,0,0
"1979",179,0,129,0,1,0,0
"1980",9,0,6,0,0,0,0
"1981",0,0,1,0,0,0,0
"1982",1,0,1,0,0,0,0
"1983",6,0,4,0,0,0,0
"1984",0,0,1,0,0,0,0
"1985",0,0,1,0,0,0,0
"1986",0,0,1,0,0,0,0
"1987",0,0,1,0,0,0,0
"1988",296,0,217,0,0,0,0
"1989",1,0,2,0,0,0,0
"1990",0,0,1,0,0,0,0
"1991",0,0,1,0,0,0,0
"1992",0,0,2,0,0,0,0
"1993",2,0,4,0,0,0,0
"1994",14,0,8,0,0,0,0
"1995",0,0,1,0,0,0,0
"1996",1,0,3,0,0,0,0
"1997",11,0,17,0,0,0,0
"1998",3,0,2,0,0,0,0
"1999",4,0,3,0,0,0,0
"2000",1,0,1,0,0,0,0
"2001",2,0,2,0,0,0,0
"2002",2,0,2,0,0,0,0
"2003",0,0,2,0,0,0,0
"2004",0,0,2,0,0,0,0
"2005",6,0,3,0,0,0,0
"2006",273,0,222,0,0,0,0
"2007",0,0,1,0,0,0,0
"2008",0,0,0,0,0,0,0
"2009",11,0,13,0,0,0,0
"2010",0,0,2,0,0,0,0
"2011",0,0,1,0,0,0,0
"2012",0,0,1,0,0,0,0
"2013",1,0,1,0,0,0,0
"2014",1,0,2,0,0,0,0
"2015",2,0,3,0,0,0,0
"2016",2,0,2,0,0,0,0
"2017",0,0,1,0,0,0,0
"2018",0,0,1,0,0,0,0
"2019",0,0,1,0,0,0,0
"2020",25,0,22,0,0,0,0
"2021",0,0,1,0,0,0,0
"2022",0,0,1,0,0,0,0
"2023",1,0,3,0,0,0,0
"2024",0,0,1,0,0,0,0
"2025",0,0,2,0,0,0,0
"2026",80,0,70,0,0,0,0
"2027",1,0,0,0,0,0,0
"2028",1,0,0,0,0,0,0
"2029",0,0,1,0,0,0,0
"2030",0,0,1,0,0,0,0
"2031",0,0,1,0,0,0,0
"2032",0,0,1,0,0,0,0
"2033",0,0,1,0,0,0,0
"2034",1,0,1,0,0,0,0
"2035",0,0,1,0,0,0,0
"2036",0,0,1,0,0,0,0
"2037",1,0,2,0,0,0,0
"2038",166,0,145,0,0,0,0
"2039",0,0,1,0,0,0,0
"2040",0,0,1,0,0,0,0
"2041",4,0,3,0,0,0,0
"2042",0,0,1,0,0,0,0
"2043",0,0,1,0,0,0,0
"2044",265,0,183,0,0,0,0
"2045",0,0,1,0,0,0,0
"2046",0,0,1,0,0,0,0
"2047",0,0,2,0,0,0,0
"2048",82,0,70,0,0,0,0
"2049",243,0,221,0,0,0,0
"2050",0,0,1,0,0,0,0
"2051",0,0,1,0,0,0,0
"2052",0,0,1,0,0,0,0
"2053",103,0,69,0,0,0,0
"2054",350,20,269,20,32,10,6
"2055",358,0,288,0,0,0,0
"2056",1,0,1,0,0,0,0
"2057",166,0,130,0,0,0,0
"2058",0,0,1,0,0,0,0
"2059",1,0,1,0,0,0,0
"2060",3,0,5,0,0,0,0
"2061",0,0,1,0,0,0,0
"2062",0,0,1,0,0,0,0
"2063",0,0,2,0,0,0,0
"2064",9,0,7,0,0,0,0
"2065",0,0,1,0,0,0,0
"2066",0,0,1,0,0,0,0
"2067",1,0,2,0,0,0,0
"2068",0,0,1,0,0,0,0
"2069",0,0,0,0,0,0,0
"2070",1,0,2,0,0,0,0
"2071",0,0,1,0,0,0,0
"2072",0,0,2,0,0,0,0
"2073",263,0,194,0,0,0,0
"2074",0,0,1,0,0,0,0
"2075",267,0,208,0,0,0,0
"2076",0,0,1,0,0,0,0
"2077",5,0,3,0,0,0,0
"2078",0,0,1,0,0,0,0
"2079",0,0,1,0,0,0,0
"2080",0,0,1,0,0,0,0
"2081",0,0,2,0,0,0,0
"2082",324,0,251,0,0,0,0
"2083",0,0,1,0,0,0,0
"2084",0,0,1,0,0,0,0
"2085",0,0,1,0,0,0,0
"2086",1,0,1,0,0,0,0
"2087",292,0,219,0,0,0,0
"2088",0,0,1,0,0,0,0
"2089",0,0,1,0,0,0,0
"2090",0,0,1,0,0,0,0
"2091",0,0,1,0,0,0,0
"2092",1,0,1,0,0,0,0
"2093",1,0,1,0,0,0,0
"2094",0,0,0,0,0,0,0
"2095",0,0,0,0,0,0,0
"2096",0,0,1,0,0,0,0
"2097",1,0,1,0,0,0,0
"2098",11,0,4,0,0,0,0
"2099",195,0,135,0,0,0,0
"2100",1,0,3,0,0,0,0
"2101",0,0,2,0,0,0,0
"2102",3,0,2,0,0,0,0
"2103",2,0,0,0,0,0,0
"2104",1,0,1,0,0,0,0
"2105",0,0,1,0,0,0,0
"2106",0,0,2,0,0,0,0
"2107",2,0,2,0,0,0,0
"2108",0,0,1,0,0,0,0
"2109",0,0,1,0,0,0,0
"2110",0,0,1,0,0,0,0
"2111",0,0,2,0,0,0,0
"2112",2,0,2,0,0,0,0
"2113",238,0,154,0,0,0,0
"2114",0,0,1,0,0,0,0
"2115",8,0,6,0,0,0,0
"2116",5,0,2,0,0,0,0
"2117",0,0,2,0,0,0,0
"2118",0,0,1,0,0,0,0
"2119",0,0,1,0,0,0,0
"2120",0,0,1,0,0,0,0
"2121",308,0,224,0,0,0,0
"2122",0,0,1,0,0,0,0
"2123",235,0,189,0,0,0,0
"2124",0,0,1,0,0,0,0
"2125",1,0,1,0,0,0,0
"2126",2,0,1,0,0,0,0
"2127",0,0,1,0,0,0,0
"2128",11,0,4,0,0,0,0
"2129",53,0,34,0,0,0,0
"2130",0,0,1,0,0,0,0
"2131",66,0,43,0,0,0,0
"2132",10,0,2,0,0,0,0
"2133",0,0,1,0,0,0,0
"2134",0,0,2,0,0,0,0
"2135",1,0,1,0,0,0,0
"2136",0,0,2,0,0,0,0
"2137",4,0,6,0,0,0,0
"2138",1,0,2,0,0,0,0
"2139",2,0,4,0,0,0,0
"2140",0,0,1,0,0,0,0
"2141",1,0,1,0,0,0,0
"2142",3,0,3,0,0,0,0
"2143",0,0,1,0,0,0,0
"2144",5,0,7,0,0,0,0
"2145",0,0,0,0,0,0,0
"2146",15,0,11,0,0,0,0
"2147",42,0,22,0,0,0,0
"2148",443,0,358,0,0,0,0
"2149",164,0,127,0,0,0,0
"2150",22,0,12,0,0,0,0
"2151",0,0,0,0,0,0,0
"2152",0,0,1,0,0,0,0
"2153",0,0,1,0,0,0,0
"2154",476,0,415,0,0,0,0
"2155",0,0,1,0,0,0,0
"2156",314,0,231,0,0,0,0
"2157",1,0,4,0,0,0,0
"2158",0,0,1,0,0,0,0
"2159",1,0,1,0,0,0,0
"2160",0,0,1,0,0,0,0
"2161",0,0,1,0,0,0,0
"2162",0,0,1,0,0,0,0
"2163",0,0,1,0,0,0,0
"2164",0,0,1,0,0,0,0
"2165",0,0,1,0,0,0,0
"2166",0,0,1,0,0,0,0
"2167",0,0,2,0,0,0,0
"2168",0,0,1,0,0,0,0
"2169",0,0,1,0,0,0,0
"2170",0,0,2,0,0,0,0
"2171",27,0,16,0,0,0,0
"2172",81,0,47,0,0,0,0
"2173",5,0,1,0,0,0,0
"2174",1,0,1,0,0,0,0
"2175",218,0,142,0,0,0,0
"2176",305,0,229,0,0,0,0
"2177",61,0,55,0,0,0,0
"2178",5,0,5,0,0,0,0
"2179",0,0,1,0,0,0,0
"2180",30,0,14,0,0,0,0
"2181",0,0,1,0,0,0,0
"2182",0,0,1,0,0,0,0
"2183",0,0,1,0,0,0,0
"2184",14,0,17,0,0,0,0
"2185",0,0,1,0,0,0,0
"2186",0,0,1,0,0,0,0
"2187",0,0,1,0,0,0,0
"2188",248,0,206,0,0,0,0
"2189",0,0,1,0,0,0,0
"2190",42,0,47,0,0,0,0
"2191",1,0,3,0,0,0,0
"2192",0,0,2,0,0,0,0
"2193",0,0,1,0,0,0,0
"2194",4,0,3,0,0,0,0
"2195",277,3,180,1,0,0,0
"2196",0,0,1,0,0,0,0
"2197",274,0,216,0,0,0,0
"2198",0,0,1,0,0,0,0
"2199",0,0,1,0,0,0,0
"2200",0,0,2,0,0,0,0
"2201",2,0,0,0,0,0,0
"2202",0,0,1,0,0,0,0
"2203",0,0,1,0,0,0,0
"2204",0,0,1,0,0,0,0
"2205",210,0,153,0,0,0,0
"2206",0,0,2,0,0,0,0
"2207",0,0,1,0,0,0,0
"2208",0,0,1,0,0,0,0
"2209",0,0,1,0,0,0,0
"2210",0,0,2,0,0,0,0
"2211",0,0,1,0,0,0,0
"2212",2,0,1,0,0,0,0
"2213",248,0,186,0,0,0,0
"2214",1,0,1,0,0,0,0
"2215",0,0,1,0,0,0,0
"2216",0,0,2,0,0,0,0
"2217",0,0,0,0,0,0,0
"2218",0,0,1,0,0,0,0
"2219",1,0,2,0,0,0,0
"2220",90,0,65,0,0,0,0
"2221",4,0,3,0,0,0,0
"2222",0,0,0,0,0,0,0
"2223",247,0,172,0,0,0,0
"2224",0,0,1,0,0,0,0
"2225",0,0,1,0,0,0,0
"2226",2,0,2,0,0,0,0
"2227",13,0,14,0,0,0,0
"2228",206,0,127,0,0,0,0
"2229",3,0,2,0,0,0,0
"2230",341,0,267,0,0,0,0
"2231",8,0,4,0,0,0,0
"2232",86,0,67,0,0,0,0
"2233",214,0,159,0,0,0,0
"2234",0,0,1,0,0,0,0
"2235",0,0,1,0,0,0,0
"2236",33,0,15,0,0,0,0
"2237",0,0,1,0,0,0,0
"2238",2,0,7,0,0,0,0
"2239",1,0,1,0,0,0,0
"2240",0,0,1,0,0,0,0
"2241",0,0,0,0,0,0,0
"2242",2,0,4,0,0,0,0
"2243",0,0,1,0,0,0,0
"2244",15,0,20,0,0,0,0
"2245",0,0,4,0,0,0,0
"2246",3,0,4,0,0,0,0
"2247",0,0,2,0,0,0,0
"2248",193,0,136,0,0,0,0
"2249",0,0,1,0,0,0,0
"2250",0,0,1,0,0,0,0
"2251",1,0,2,0,0,0,0
"2252",0,0,1,0,0,0,0
"2253",0,0,1,0,0,0,0
"2254",353,0,254,0,0,0,0
"2255",1,0,1,0,0,0,0
"2256",0,0,0,0,0,0,0
"2257",256,0,174,0,0,0,0
"2258",360,0,269,0,0,0,0
"2259",0,0,1,0,0,0,0
"2260",0,0,1,0,0,0,0
"2261",264,0,198,0,0,0,0
"2262",0,0,0,0,0,0,0
"2263",55,0,36,0,0,0,0
"2264",0,0,1,0,0,0,0
"2265",195,0,132,1,0,0,0
"2266",0,0,1,0,0,0,0
"2267",1,0,1,0,0,0,0
"2268",0,0,1,0,0,0,0
"2269",248,0,200,0,0,1,0
"2270",0,0,1,0,0,0,0
"2271",0,0,0,0,0,0,0
"2272",0,0,1,0,0,0,0
"2273",286,0,231,0,0,0,0
"2274",322,8,284,9,8,1,2
"2275",0,0,1,0,0,0,0
"2276",0,0,1,0,0,0,0
"2277",0,0,1,0,0,0,0
"2278",0,0,1,0,0,0,0
"2279",10,0,2,0,0,0,0
"2280",306,2,198,0,1,1,1
"2281",319,0,263,0,0,0,0
"2282",167,0,152,0,0,0,0
"2283",5,0,0,0,0,0,0
"2284",40,0,34,0,0,0,0
"2285",0,0,1,0,0,0,0
"2286",4,0,2,0,0,0,0
"2287",4,0,3,0,0,0,0
"2288",0,0,1,0,0,0,0
"2289",3,0,5,0,0,0,0
"2290",2,0,1,0,0,0,0
"2291",0,0,1,0,0,0,0
"2292",486,0,372,0,0,0,0
"2293",0,0,1,0,0,0,0
"2294",0,0,0,0,0,0,0
"2295",0,0,1,0,0,0,0
"2296",0,0,1,0,0,0,0
"2297",0,0,2,0,0,0,0
"2298",33,0,27,0,0,0,0
"2299",0,0,1,0,0,0,0
"2300",13,0,4,0,0,0,0
"2301",0,0,1,0,0,0,0
"2302",0,0,1,0,0,0,0
"2303",1,0,1,0,0,0,0
"2304",0,0,1,0,0,0,0
"2305",0,0,0,0,0,0,0
"2306",0,0,1,0,0,0,0
"2307",0,0,1,0,0,0,0
"2308",4,0,1,0,0,0,0
"2309",0,0,1,0,0,0,0
"2310",0,0,1,0,0,0,0
"2311",9,0,13,0,0,0,0
"2312",1,0,2,0,0,0,0
"2313",0,0,1,0,0,0,0
"2314",0,0,1,0,0,0,0
"2315",0,0,2,0,0,0,0
"2316",0,0,1,0,0,0,0
"2317",1,0,1,0,0,0,0
"2318",0,0,1,0,0,0,0
"2319",0,0,2,0,0,0,0
"2320",139,0,103,0,0,0,0
"2321",1,0,2,0,0,0,0
"2322",3,0,7,0,0,0,0
"2323",1,0,2,0,0,0,0
"2324",112,0,74,0,0,0,0
"2325",30,0,21,0,0,0,0
"2326",19,0,10,0,0,0,0
"2327",1,0,1,0,0,0,0
"2328",0,0,2,0,0,0,0
"2329",107,0,88,0,0,0,0
"2330",0,0,2,0,0,0,0
"2331",0,0,1,0,0,0,0
"2332",0,0,1,0,0,0,0
"2333",0,0,1,0,0,0,0
"2334",0,0,2,0,0,0,0
"2335",0,0,1,0,0,0,0
"2336",0,0,1,0,0,0,0
"2337",0,0,1,0,0,0,0
"2338",445,0,338,0,1,0,0
"2339",0,0,1,0,0,0,0
"2340",0,0,1,0,0,0,0
"2341",8,0,5,0,0,0,0
"2342",3,0,2,0,0,0,0
"2343",156,0,130,0,0,0,0
"2344",324,0,264,0,0,0,0
"2345",0,0,1,0,0,0,0
"2346",0,0,0,0,0,0,0
"2347",0,0,1,0,0,0,0
"2348",0,0,1,0,0,0,0
"2349",0,0,1,0,0,0,0
"2350",0,0,1,0,0,0,0
"2351",2,0,0,0,0,0,0
"2352",0,0,1,0,0,0,0
"2353",292,0,237,0,0,0,0
"2354",4,0,10,0,0,0,0
"2355",207,5,159,6,0,0,0
"2356",0,0,3,0,0,0,0
"2357",0,0,4,0,0,0,0
"2358",0,0,1,0,0,0,0
"2359",0,0,1,0,0,0,0
"2360",0,0,1,0,0,0,0
"2361",1,0,1,0,0,0,0
"2362",281,0,192,0,0,0,0
"2363",3,0,1,0,0,0,0
"2364",23,0,32,0,0,0,0
"2365",390,2,307,3,1,0,0
"2366",0,0,1,0,0,0,0
"2367",7,0,3,0,0,0,0
"2368",0,0,1,0,0,0,0
"2369",0,0,1,0,0,0,0
"2370",454,0,365,0,0,0,0
"2371",0,0,1,0,0,0,0
"2372",2,0,2,0,0,0,0
"2373",0,0,1,0,0,0,0
"2374",0,0,1,0,0,0,0
"2375",0,0,1,0,0,0,0
"2376",0,0,1,0,0,0,0
"2377",0,0,1,0,0,0,0
"2378",3,0,3,0,0,0,0
"2379",0,0,2,0,0,0,0
"2380",0,0,1,0,0,0,0
"2381",0,0,1,0,0,0,0
"2382",0,0,1,0,0,0,0
"2383",0,0,1,0,0,0,0
"2384",1,0,2,0,0,0,0
"2385",0,0,2,0,0,0,0
"2386",0,0,2,0,0,0,0
"2387",0,0,1,0,0,0,0
"2388",159,0,110,0,0,0,0
"2389",0,0,1,0,0,0,0
"2390",5,0,2,0,0,0,0
"2391",1,0,1,0,0,0,0
"2392",0,0,1,0,0,0,0
"2393",2,0,2,0,0,0,0
"2394",0,0,1,0,0,0,0
"2395",0,0,1,0,0,0,0
"2396",0,0,1,0,0,0,0
"2397",0,0,0,0,0,0,0
"2398",0,0,1,0,0,0,0
"2399",2,0,6,0,0,0,0
"2400",263,0,201,0,0,0,0
"2401",0,0,1,0,0,0,0
"2402",5,0,3,0,0,0,0
"2403",0,0,1,0,0,0,0
"2404",0,0,0,0,0,0,0
"2405",284,0,227,0,0,0,0
"2406",0,0,0,0,0,0,0
"2407",37,0,24,0,0,0,0
"2408",1,0,2,0,0,0,0
"2409",223,0,189,0,0,0,0
"2410",0,0,1,0,0,0,0
"2411",0,0,2,0,0,0,0
"2412",0,0,1,0,0,0,0
"2413",0,0,1,0,0,0,0
"2414",169,0,124,0,0,0,0
"2415",1,0,0,0,0,0,0
"2416",193,0,144,0,0,0,0
"2417",2,0,3,0,0,0,0
"2418",0,0,1,0,0,0,0
"2419",1,0,1,0,0,0,0
"2420",0,0,1,0,0,0,0
"2421",170,0,168,0,0,0,0
"2422",1,0,1,0,0,0,0
"2423",251,0,174,0,0,0,0
"2424",2,0,1,0,0,0,0
"2425",5,0,7,0,0,0,0
"2426",2,0,3,0,0,0,0
"2427",0,0,1,0,0,0,0
"2428",1,0,2,0,0,0,0
"2429",0,0,1,0,0,0,0
"2430",0,0,1,0,0,0,0
"2431",0,0,1,0,0,0,0
"2432",0,0,1,0,0,0,0
"2433",0,0,3,0,0,0,0
"2434",1,0,2,0,0,0,0
"2435",24,0,21,0,0,0,0
"2436",2,0,2,0,0,0,0
"2437",1,0,1,0,0,0,0
"2438",0,0,1,0,0,0,0
"2439",0,0,1,0,0,0,0
"2440",1,0,2,0,0,0,0
"2441",0,0,1,0,0,0,0
"2442",0,0,1,0,0,0,0
"2443",26,0,19,0,0,0,0
"2444",1,0,1,0,0,0,0
"2445",0,0,1,0,0,0,0
"2446",0,0,1,0,0,0,0
"2447",1,0,1,0,0,0,0
"2448",343,0,255,0,0,0,0
"2449",0,0,1,0,0,0,0
"2450",74,0,47,0,0,0,0
"2451",0,0,1,0,0,0,0
"2452",0,0,1,0,0,0,0
"2453",8,0,3,0,0,0,0
"2454",0,0,1,0,0,0,0
"2455",0,0,1,0,0,0,0
"2456",0,0,1,0,0,0,0
"2457",2,0,3,0,0,0,0
"2458",0,0,1,0,0,0,0
"2459",311,5,273,5,4,0,2
"2460",247,0,196,0,0,0,0
"2461",0,0,1,0,0,0,0
"2462",238,0,163,0,0,0,0
"2463",8,0,7,0,0,0,0
"2464",0,0,2,0,0,0,0
"2465",266,0,204,0,0,0,0
"2466",0,0,1,0,0,0,0
"2467",2,0,1,0,0,0,0
"2468",210,0,168,0,0,0,0
"2469",0,0,1,0,0,0,0
"2470",6,0,1,0,0,0,0
"2471",357,0,286,0,0,0,0
"2472",0,0,2,0,0,0,0
"2473",3,0,2,0,0,0,0
"2474",0,0,1,0,0,0,0
"2475",0,0,1,0,0,0,0
"2476",0,0,1,0,0,0,0
"2477",36,0,20,0,0,0,0
"2478",0,0,1,0,0,0,0
"2479",5,0,3,0,0,0,0
"2480",203,0,142,0,0,0,0
"2481",429,0,304,0,0,0,0
"2482",0,0,1,0,0,0,0
"2483",18,0,19,0,0,0,0
"2484",3,0,2,0,0,0,0
"2485",0,0,2,0,0,0,0
"2486",256,0,191,0,0,0,0
"2487",0,0,1,0,0,0,0
"2488",1,0,1,0,0,0,0
"2489",1,0,4,0,0,0,0
"2490",1,0,1,0,0,0,0
"2491",0,0,1,0,0,0,0
"2492",10,0,10,0,0,0,0
"2493",0,0,1,0,0,0,0
"2494",0,0,1,0,0,0,0
"2495",0,0,1,0,0,0,0
"2496",0,0,1,0,0,0,0
"2497",0,0,1,0,0,0,0
"2498",0,0,1,0,0,0,0
"2499",0,0,1,0,0,0,0
"2500",0,0,1,0,0,0,0
