"","age1_orange.E","age1_green.E","age2_no_comorbid_orange.E","age2_no_comorbid_green.E","age2_comorbid_green.E","age3_no_comorbid_green.E","age3_comorbid_green.E"
"1",6.56519540977851,0,0,0,0,0,0
"2",0,0,0,0,0,0,0
"3",0,0,0,0,0,0,0
"4",0,0,0,0,0,0,0
"5",0,0,0,0,0,0,0
"6",0,0,0,0,0,0,0
"7",113.298938313344,0,76.6235524913033,0,0,0,0
"8",0,0,0,0,0,0,0
"9",0,0,0,0,0,0,0
"10",3.80267880632728,0,0,0,0,0,0
"11",0,0,0,0,0,0,0
"12",65.7112112318935,0,79.9072007865385,0,37.3689386239684,0,0
"13",0,0,0,0,0,0,0
"14",0,0,0,0,0,0,0
"15",0,0,0,0,0,0,0
"16",0,0,0,0,0,0,0
"17",39.611808901011,0,53.0216382765988,0,0,0,0
"18",4.14756255281005,0,0,0,0,0,0
"19",0,0,0,0,0,0,0
"20",2.92265237715059,0,0,0,0,0,0
"21",0,0,0,0,0,0,0
"22",7.13649863321475,0,0,0,0,0,0
"23",0,0,0,0,0,0,0
"24",76.2459874476767,0,50.214575357408,0,0,0,0
"25",33.234647031266,0,32.3205153495625,0,0,0,0
"26",0,0,0,0,0,0,0
"27",1.05175460351086,0,0,0,0,0,0
"28",20.3375436938042,0,0,0,0,0,0
"29",0,0,0,0,0,0,0
"30",0,0,0,0,0,0,0
"31",0,0,0,0,0,0,0
"32",0,0,0,0,0,0,0
"33",53.1686108352607,0,51.0065023609585,0,0,0,0
"34",0,0,0,0,0,0,0
"35",0,0,0,0,0,0,0
"36",49.2566836666321,0,59.4330371801555,0,0,0,0
"37",69.0971013501883,0,77.0016626516509,0,0,0,0
"38",7.83677956286153,0,7.3998536755055,0,0,0,0
"39",0,0,0,0,0,0,0
"40",0,0,0,0,0,0,0
"41",86.6899127055318,0,61.7042647336749,0,0,0,0
"42",0,0,0,0,0,0,0
"43",0,0,0,0,0,0,0
"44",7.47195425683156,0,0,0,0,0,0
"45",0,0,0,0,0,0,0
"46",48.9924703273167,0,83.4782942490199,0,0,0,0
"47",0,0,0,0,0,0,0
"48",0,0,0,0,0,0,0
"49",3.64139530576762,0,4.30922930798858,0,0,0,0
"50",31.4800747727962,0,24.8566887310877,0,0,0,0
"51",2.22759884036942,0,0,0,0,0,0
"52",0,0,0,0,0,0,0
"53",0,0,0,0,0,0,0
"54",0,0,0,0,0,0,0
"55",86.8496908508258,99.0048500128512,90.8029612236678,0,0,0,0
"56",0,0,0,0,0,0,0
"57",83.5748930208376,80.1171451010643,204.334549816376,184.277769939932,73.7164975895618,0,77.1509044863209
"58",0,0,0,0,0,0,0
"59",6.40975319772192,0,0,0,0,0,0
"60",0,0,0,0,0,0,0
"61",0,0,0,0,0,0,0
"62",0,0,0,0,0,0,0
"63",3.1508374394144,0,0,0,0,0,0
"64",126.389677722548,0,124.575091606568,0,0,0,0
"65",0,0,0,0,0,0,0
"66",0,0,0,0,0,0,0
"67",88.9982504432987,0,65.2155028332906,0,0,0,0
"68",70.1082284664954,77.7199442134302,73.3900077933016,74.7717531265092,0,0,0
"69",62.4236092050878,0,65.740244284406,0,0,0,0
"70",8.03525442354824,0,28.7589415175757,0,0,0,0
"71",0,0,0,0,0,0,0
"72",0,0,0,0,0,0,0
"73",0,0,0,0,0,0,0
"74",0,0,0,0,0,0,0
"75",0,0,0,0,0,0,0
"76",0,0,0,0,0,0,0
"77",127.556419757003,0,136.264038326517,0,0,0,0
"78",0,0,0,0,0,0,0
"79",0,0,0,0,0,0,0
"80",0,0,0,0,0,0,0
"81",0,0,0,0,0,0,0
"82",13.00886541216,0,11.0301082222472,0,0,0,0
"83",0,0,0,0,0,0,0
"84",0,0,0,0,0,0,0
"85",0,0,0,0,0,0,0
"86",0,0,0,0,0,0,0
"87",6.8033494751825,0,0,0,0,0,0
"88",12.7250964065011,0,24.0587963012484,0,0,0,0
"89",15.1572955718821,0,0,0,0,0,0
"90",0,0,0,0,0,0,0
"91",139.176079184949,0,128.013521384524,0,0,0,0
"92",110.884746119459,140.159725154086,115.521883775671,132.80283293889,135.945394748425,0,137.792605699322
"93",94.7130884853309,0,43.5930678289144,0,0,0,0
"94",0,0,0,0,0,0,0
"95",5.53266790213707,0,0,0,0,0,0
"96",0,0,0,0,0,0,0
"97",0,0,0,0,0,0,0
"98",3.86116971330562,0,0,0,0,0,0
"99",143.776661581052,0,140.668582731995,0,0,0,0
"100",0,0,0,0,0,0,0
"101",2.69955011796098,0,0,0,0,0,0
"102",0,0,0,0,0,0,0
"103",8.46813433270025,0,0,0,0,0,0
"104",0,0,0,0,0,0,0
"105",111.527142959142,0,108.296252356896,0,0,0,0
"106",0,0,0,0,0,0,0
"107",33.1748048688951,0,38.6397553132581,0,0,0,0
"108",56.6975220856029,0,59.6076151543924,0,0,0,0
"109",79.9982216452696,0,86.7004497008286,0,0,0,0
"110",93.228437719491,0,100.102321591081,0,0,0,0
"111",0,0,0,0,0,0,0
"112",20.5571708124852,0,12.7502071668542,0,0,0,0
"113",0,0,0,0,0,0,0
"114",0,0,0,0,0,0,0
"115",13.5331756231417,0,10.8895071319448,0,0,0,0
"116",5.26267214190357,0,0,0,0,0,0
"117",0.851384845673633,0,0,0,0,0,0
"118",0,0,0,0,0,0,0
"119",8.88091764934779,0,15.8832520946296,0,0,0,0
"120",0,0,0,0,0,0,0
"121",46.8991203475651,0,45.6105359088299,0,0,0,0
"122",0,0,0,0,0,0,0
"123",158.896613457827,295.216338382723,157.380874453456,0,292.253221496011,0,0
"124",0,0,0,0,0,0,0
"125",112.536320252834,0,108.321254680405,0,0,0,0
"126",9.94260926797525,0,0,0,0,0,0
"127",56.7267783267332,0,59.4365139683443,0,0,0,0
"128",0,0,0,0,0,0,0
"129",14.5823508518081,0,28.7804296528069,0,0,0,0
"130",4.19340681593855,0,0,0,0,0,0
"131",8.10397933438883,0,13.8240151730986,0,0,0,0
"132",16.7011151266127,0,20.5865304000879,0,0,0,0
"133",0,0,0,0,0,0,0
"134",0,0,0,0,0,0,0
"135",65.0552369388117,0,60.5049498290811,0,27.3368373385856,0,0
"136",0,0,0,0,0,0,0
"137",75.9202318869885,0,67.3108473327379,0,0,0,0
"138",4.80807186420542,0,11.6091583116098,0,0,0,0
"139",0,0,0,0,0,0,0
"140",0,0,0,0,0,0,0
"141",100.665537253094,0,79.7684356506581,0,0,0,0
"142",0,0,0,0,0,0,0
"143",19.0094374086946,0,0,0,0,0,0
"144",6.35408644018608,0,2.05829913759547,0,0,0,0
"145",6.05753231797647,0,0,0,0,0,0
"146",0,0,0,0,0,0,0
"147",0,0,0,0,0,0,0
"148",0,0,0,0,0,0,0
"149",0,0,0,0,0,0,0
"150",0,0,0,0,0,0,0
"151",28.4761270541982,0,19.0584206328147,0,0,0,0
"152",0,0,0,0,0,0,0
"153",0,0,0,0,0,0,0
"154",0,0,0,0,0,0,0
"155",0,0,0,0,0,0,0
"156",0,0,0,0,0,0,0
"157",0,0,0,0,0,0,0
"158",4.1326271398956,0,0,0,0,0,0
"159",9.04711302060517,0,0,0,0,0,0
"160",0,0,0,0,0,0,0
"161",52.6576463376461,0,64.184785330373,0,0,0,0
"162",0,0,0,0,0,0,0
"163",103.851663858204,0,95.992793109415,0,0,0,0
"164",0,0,0,0,0,0,0
"165",2.72074406781724,0,0,0,0,0,0
"166",0,0,0,0,0,0,0
"167",91.9595020701801,0,103.10541650354,0,0,0,0
"168",52.4333796357164,0,66.2594711596713,0,0,0,0
"169",4.55889171938721,0,0,0,0,0,0
"170",0,0,0,0,0,0,0
"171",0,0,0,0,0,0,0
"172",7.85865800160767,0,0,0,0,0,0
"173",0,0,0,0,0,0,0
"174",2.10805051223771,0,0,0,0,0,0
"175",0,0,0,0,0,0,0
"176",50.8172215907939,0,54.2593394300371,0,0,0,0
"177",19.8568733633379,0,0,0,0,0,0
"178",51.4013260616882,0,87.8233043326601,0,0,0,0
"179",3.37791807508884,0,0,0,0,0,0
"180",0,0,0,0,0,0,0
"181",156.700603133862,0,169.330853560123,0,0,0,0
"182",0.471538574481658,0,0,0,0,0,0
"183",0,0,0,0,0,0,0
"184",0,0,0,0,0,0,0
"185",7.30070123645866,0,0,0,0,0,0
"186",0,0,0,0,0,0,0
"187",6.32443957634695,0,0,0,0,0,0
"188",0,0,0,0,0,0,0
"189",74.1117321167909,0,66.2830843799877,0,0,0,0
"190",63.0344192924005,0,57.4554858748846,0,0,0,0
"191",129.017699461459,0,124.700355399744,0,0,0,0
"192",109.950062653431,0,98.3764808195526,0,0,0,0
"193",9.78715436998364,0,31.1430678336208,0,0,0,0
"194",0,0,0,0,0,0,0
"195",14.8882986402209,0,0,0,0,0,0
"196",101.483188844772,99.6745450993513,111.604428449493,0,0,0,95.9724069239617
"197",4.05705099876988,0,0,0,0,0,0
"198",0,0,0,0,0,0,0
"199",0,0,0,0,0,0,0
"200",0,0,0,0,0,0,0
"201",0,0,0,0,0,0,0
"202",6.93345077228386,0,0,0,0,0,0
"203",81.4549092602673,0,74.5353139525755,0,0,0,0
"204",9.66926654056972,0,0,0,0,0,0
"205",0,0,0,0,0,0,0
"206",31.5712926121858,0,47.5322634054376,0,0,0,0
"207",0,0,0,0,0,0,0
"208",0,0,0,0,0,0,0
"209",74.0770675608677,0,63.8972479971978,0,0,0,0
"210",0,0,0,0,0,0,0
"211",82.4470901388314,0,81.4355737492799,0,0,0,0
"212",7.87452630903376,0,0,0,0,0,0
"213",22.7674839211706,0,0,0,0,0,0
"214",115.291475848607,0,93.1503919839707,0,0,0,0
"215",2.9220746520939,0,7.90531649345566,0,0,0,0
"216",89.9790086023143,0,94.4530389811334,0,0,0,0
"217",0,0,0,0,0,0,0
"218",0,0,0,0,0,0,0
"219",28.3029734746286,0,29.3961990976515,0,0,0,0
"220",0,0,0,0,0,0,0
"221",0,0,0,0,0,0,0
"222",3.28756456522009,0,0,0,0,0,0
"223",0,0,0,0,0,0,0
"224",0,0,0,0,0,0,0
"225",0.118647168560528,0,0,0,0,0,0
"226",0,0,0,0,0,0,0
"227",0,0,0,0,0,0,0
"228",9.2227999183821,0,17.1950056498531,0,0,0,0
"229",0,0,0,0,0,0,0
"230",8.73962093462864,0,0,0,0,0,0
"231",0,0,0,0,0,0,0
"232",3.93257160542777,0,20.3494348566758,0,0,0,0
"233",0,0,0,0,0,0,0
"234",87.6634080705335,0,103.465183847549,0,0,0,0
"235",0,0,0,0,0,0,0
"236",0,0,0,0,0,0,0
"237",0,0,0,0,0,0,0
"238",86.1984373166038,0,93.8249012049505,0,0,0,0
"239",0,0,0,0,0,0,0
"240",0,0,0,0,0,0,0
"241",91.6286695346427,0,103.476158184067,0,0,108.470394697837,0
"242",0,0,0,0,0,0,0
"243",63.3433970089101,0,69.7527382523825,0,0,0,0
"244",0,0,0,0,0,0,0
"245",9.211825437426,0,0,0,0,0,0
"246",3.78468090976392,0,0,0,0,0,0
"247",0,0,0,0,0,0,0
"248",82.0435648069818,0,92.5008796068634,63.584687489672,0,0,0
"249",17.7628072145908,0,17.1601968495791,0,0,0,0
"250",10.1534592061312,0,7.67433661361474,0,0,0,0
"251",0,0,0,0,0,0,0
"252",2.5752845823557,0,0,0,0,0,0
"253",73.8899408704092,0,34.4583901250332,0,0,0,0
"254",0,0,0,0,0,0,0
"255",2.62324816494641,0,0,0,0,0,0
"256",12.5831269676823,0,0,0,0,0,0
"257",4.5971718761844,0,5.09032330606902,0,0,0,0
"258",144.374297053285,0,139.568079240003,0,0,0,0
"259",0,0,0,0,0,0,0
"260",1.32026553767791,0,0,0,0,0,0
"261",0,0,0,0,0,0,0
"262",0.566339756369775,0,0,0,0,0,0
"263",3.82309602579257,0,0,0,0,0,0
"264",4.70089035356133,0,1.69863518217441,0,0,0,0
"265",87.568161830491,0,86.7737049696366,0,0,0,0
"266",128.651424801377,0,135.017708591525,0,0,0,0
"267",0,0,13.4176152549986,0,0,0,0
"268",0.262845223190795,0,0,0,0,0,0
"269",10.1463789641042,0,0,0,0,0,0
"270",0,0,0,0,0,0,0
"271",0.463854628040972,0,0,0,0,0,0
"272",61.2038137045136,0,54.3360335307817,0,0,0,0
"273",1.04409484271391,0,0,0,0,0,0
"274",5.94544801337792,0,9.31227570273071,0,0,0,0
"275",0,0,0,0,0,0,0
"276",3.09349651157858,0,0,0,0,0,0
"277",0,0,0,0,0,0,0
"278",17.4569867741887,0,57.0460576805327,0,0,0,0
"279",0,0,0,0,0,0,0
"280",0,0,0,0,0,0,0
"281",25.0595017674033,0,37.1839890047801,0,0,0,0
"282",29.8007765727388,0,23.9361407020672,0,0,0,0
"283",0,0,0,0,0,0,0
"284",43.2626081397074,0,41.1918159958456,0,0,0,0
"285",0,0,0,0,0,0,0
"286",50.4400126244247,0,96.2754691359114,0,0,0,0
"287",0,0,0,0,0,0,0
"288",49.2265725895446,0,24.0809055277123,0,0,0,0
"289",0,0,0,0,0,0,0
"290",0,0,0,0,0,0,0
"291",0,0,0,0,0,0,0
"292",85.2832859960457,0,47.5437415443684,0,0,0,0
"293",2.15311262703269,0,0,0,0,0,0
"294",0,0,0,0,0,0,0
"295",11.9160134063972,0,0,0,0,0,0
"296",0,0,0,0,0,0,0
"297",0,0,0,0,0,0,0
"298",0,0,0,0,0,0,0
"299",0,0,0,0,0,0,0
"300",0,0,0,0,0,0,0
"301",0,0,0,0,0,0,0
"302",0,0,0,0,0,0,0
"303",0,0,0,0,0,0,0
"304",65.6898713419379,0,72.6144467751573,0,0,0,0
"305",2.46228692267797,0,4.3935557990878,0,0,0,0
"306",0,0,0,0,0,0,0
"307",0,0,0,0,0,0,0
"308",0,0,0,0,0,0,0
"309",0,0,0,0,0,0,0
"310",0,0,0,0,0,0,0
"311",5.15949496844673,0,0,0,0,0,0
"312",0,0,0,0,0,0,0
"313",3.56534681295989,0,0,0,0,0,0
"314",0,0,0,0,0,0,0
"315",7.43732049861204,0,0,0,0,0,0
"316",41.0405977143269,0,55.0939391421166,0,0,0,0
"317",157.169433477966,0,134.928737171626,0,0,0,0
"318",51.6315303858846,0,57.5370065738337,0,0,0,0
"319",0,0,0,0,0,0,0
"320",6.61754505912123,0,0,0,0,0,0
"321",0,0,0,0,0,0,0
"322",0,0,0,0,0,0,0
"323",16.0898777049067,0,0,0,0,0,0
"324",2.08528380974044,0,0,0,0,0,0
"325",109.848767435542,153.904709943161,129.186568264455,185.560072862566,162.42285050186,146.386093806153,181.956551346905
"326",0,0,0,0,0,0,0
"327",5.04153602185858,0,0,0,0,0,0
"328",0,0,0,0,0,0,0
"329",0.62677307615606,0,0,0,0,0,0
"330",0,0,0,0,0,0,0
"331",0,0,0,0,0,0,0
"332",0,0,0,0,0,0,0
"333",0,0,0,0,0,0,0
"334",60.9316489512922,0,78.3924725350155,0,0,0,0
"335",0,0,0,0,0,0,0
"336",7.81282057807341,0,12.170335318267,0,0,0,0
"337",0,0,0,0,0,0,0
"338",0,0,0,0,0,0,0
"339",0,0,0,0,0,0,0
"340",39.6362843775942,0,37.5690276634724,0,0,0,0
"341",0,0,0,0,0,0,0
"342",102.001852880068,0,93.1379224659415,0,0,0,0
"343",41.7850566755372,0,36.6350831538997,0,0,0,0
"344",0,0,0,0,0,0,0
"345",4.99843413824525,0,0,0,0,0,0
"346",0,0,0,0,0,0,0
"347",0,0,0,0,0,0,0
"348",21.1089944299965,0,26.9563746313339,0,0,0,0
"349",0,0,0,0,0,0,0
"350",0,0,0,0,0,0,0
"351",0,0,0,0,0,0,0
"352",12.6509514528626,0,0,0,0,0,0
"353",13.8693425391319,0,0,0,0,0,0
"354",3.78700116276594,0,0,0,0,0,0
"355",0,0,0,0,0,0,0
"356",114.064573957737,0,111.973532117983,0,0,0,0
"357",0,0,0,0,0,0,0
"358",14.4404395815113,0,2.98289090722281,0,0,0,0
"359",0,0,0,0,0,0,0
"360",101.261153696909,0,116.38789708478,0,0,0,0
"361",0,0,0,0,0,0,0
"362",12.0269862134131,0,15.9384729067754,0,0,0,0
"363",5.53479729732141,0,6.97259814578557,0,0,0,0
"364",5.90681522356414,0,0,0,0,0,0
"365",0,0,0,0,0,0,0
"366",58.967143080989,0,99.2649851674735,0,0,0,0
"367",3.84336411842962,0,4.44884529341168,0,0,0,0
"368",0,0,0,0,0,0,0
"369",84.7777298373281,0,103.066431217178,0,0,0,0
"370",0,0,0,0,0,0,0
"371",0,0,0,0,0,0,0
"372",24.37928213551,0,12.2437081425329,0,0,0,0
"373",63.5096276069183,0,58.9287153466703,0,0,0,0
"374",1.03704287076526,0,0,0,0,0,0
"375",4.16291332599525,0,5.90493582373377,0,0,0,0
"376",58.787874269757,0,80.7618789066704,0,0,0,96.5884946426506
"377",16.3718882827832,0,0,0,0,0,0
"378",95.3369164544983,0,107.930050305165,0,0,0,0
"379",73.6735288447757,0,85.0496881832456,0,0,0,0
"380",0,0,0,0,0,0,0
"381",0,0,0,0,0,0,0
"382",0,0,0,0,0,0,0
"383",0,0,0,0,0,0,0
"384",68.5782792142091,0,101.607845698319,0,0,0,0
"385",8.74634346673752,0,0,0,0,0,0
"386",2.02708322231949,0,0,0,0,0,0
"387",90.2706870281216,0,126.107144577984,0,89.22386117398,0,0
"388",5.57568270627768,0,0,0,0,0,0
"389",0,0,0,0,0,0,0
"390",13.1707192011791,0,0,0,0,0,0
"391",0,0,0,0,0,0,0
"392",41.5119781726386,0,30.9483898031621,0,0,0,0
"393",47.9647550761329,0,84.1969690973704,63.3392618527501,0,0,0
"394",0,0,0,0,0,0,0
"395",3.31912398913157,0,0,0,0,0,0
"396",0,0,0,0,0,0,0
"397",0,0,0,0,0,0,0
"398",72.2496421286097,0,44.8535255583354,0,0,0,0
"399",0,0,0,0,0,0,0
"400",0,0,0,0,0,0,0
"401",8.30893563835389,0,6.1727678433036,0,0,0,0
"402",1.09633432129051,0,0,0,0,0,0
"403",5.35633451402672,0,0,0,0,0,0
"404",3.05080291163054,0,0,0,0,0,0
"405",15.5050268854225,0,12.3019499677456,0,0,0,0
"406",2.91068800212334,0,0,0,0,0,0
"407",42.3599570227752,0,47.4055646774063,0,0,0,0
"408",4.25166185990645,0,0,0,0,0,0
"409",0,0,0,0,0,0,0
"410",4.9456123266293,0,4.088600135036,0,0,0,0
"411",2.12158745202461,0,0,0,0,0,0
"412",0,0,0,0,0,0,0
"413",71.7004863841104,0,72.5771723267746,0,0,0,0
"414",0,0,0,0,0,0,0
"415",0,0,0,0,0,0,0
"416",177.192232711765,0,186.268889530978,0,0,0,0
"417",0,0,0,0,0,0,0
"418",1.62952492233538,0,0,0,0,0,0
"419",0,0,0,0,0,0,0
"420",113.186552879245,0,84.1983726906194,0,0,0,0
"421",4.27344180768006,0,0,0,0,0,0
"422",7.73444748637086,0,0,0,0,0,0
"423",10.1503648042401,0,7.5278609434664,0,0,0,0
"424",15.7047027171635,0,12.4498596668631,0,0,0,0
"425",0,0,0,0,0,0,0
"426",2.8405351671414,0,0,0,0,0,0
"427",0,0,0,0,0,0,0
"428",0,0,0,0,0,0,0
"429",61.4699454232553,0,62.9570549171974,0,0,0,0
"430",47.3907768355591,0,48.5990373942737,0,0,0,0
"431",4.61136653642645,0,0,0,0,0,0
"432",17.4851136255973,0,20.4525085421003,0,0,0,0
"433",0,0,0,0,0,0,0
"434",9.83967442214736,0,9.61619814549798,0,0,0,0
"435",8.74249087823421,0,0,0,0,0,0
"436",0,0,0,0,0,0,0
"437",5.36027836917195,0,0,0,0,0,0
"438",0,0,0,0,0,0,0
"439",13.024060195618,0,0,0,0,0,0
"440",79.8226819847568,0,85.3250587847222,0,0,0,0
"441",0,0,0,0,0,0,0
"442",10.0873808545754,0,0,0,0,0,0
"443",6.05832221090757,0,0,0,0,0,0
"444",1.76698516943396,0,0,0,0,0,0
"445",0,0,0,0,0,0,0
"446",0,0,0,0,0,0,0
"447",8.09174600399066,0,14.7986271816687,0,0,0,0
"448",0,0,0,0,0,0,0
"449",0,0,0,0,0,0,0
"450",0,0,0,0,0,0,0
"451",0,0,0,0,0,0,0
"452",19.6427719960783,0,27.0262728190872,0,0,0,0
"453",0,0,0,0,0,0,0
"454",134.509497324413,0,133.329268813239,0,0,0,0
"455",73.8029345014404,0,68.8898882741026,0,0,0,0
"456",0,0,0,0,0,0,0
"457",19.5609709684411,0,13.9799400705204,0,0,0,0
"458",0,0,0,0,0,0,0
"459",16.166303107146,0,0,0,0,0,0
"460",0,0,0,0,0,0,0
"461",0,0,0,0,0,0,0
"462",174.755723608006,0,172.234856959809,0,0,0,0
"463",0,0,0,0,0,0,0
"464",31.5294542043836,0,33.5995504047123,0,0,0,0
"465",48.6527396043726,0,23.0285350636115,0,0,0,0
"466",0,0,0,0,0,0,0
"467",0,0,0,0,0,0,0
"468",0,0,0,0,0,0,0
"469",0,0,0,0,0,0,0
"470",58.2912218013494,0,75.7645156081499,0,0,0,0
"471",71.0349286424983,0,62.5794662801489,0,0,0,0
"472",0,0,0,0,0,0,0
"473",9.47833459154366,0,12.1418634687072,0,0,0,0
"474",3.03972697759344,0,0,0,0,0,0
"475",0,0,0,0,0,0,0
"476",26.3243479121863,0,24.8891496008926,0,0,0,0
"477",5.57320777345581,0,0,0,0,0,0
"478",2.47091259407304,0,0,0,0,0,0
"479",0,0,0,0,0,0,0
"480",69.1458402593515,0,79.4988870142196,0,0,0,0
"481",117.972712923708,0,43.8327385470913,117.679921589533,0,0,0
"482",37.1249941637725,0,49.5058588595427,0,0,0,0
"483",0,0,0,0,0,0,0
"484",51.11618465973,0,43.3299421500556,0,0,0,0
"485",0,0,0,0,0,0,0
"486",8.70157697060921,0,0,0,0,0,0
"487",3.95459225442551,0,0,0,0,0,0
"488",20.2249625947385,0,18.2002101595281,0,0,0,0
"489",0,0,0,0,0,0,0
"490",0,0,0,0,0,0,0
"491",0,0,0,0,0,0,0
"492",0,0,0,0,0,0,0
"493",0,0,0,0,0,0,0
"494",0,0,0,0,0,0,0
"495",13.7639921894888,0,20.9836662126162,0,0,0,0
"496",0,0,0,0,0,0,0
"497",50.5625138679796,0,47.5570020804397,0,0,0,0
"498",12.4286931212784,0,0,0,27.1895572534679,23.9833106809917,0
"499",61.2287871819026,0,58.1267196330504,0,0,0,0
"500",103.773126988713,0,107.2478731365,0,0,72.1038880309626,0
"501",20.5341357958677,0,14.3661160995404,0,0,0,0
"502",0,0,0,0,0,0,0
"503",5.84422366362734,0,6.17178330940021,0,0,0,0
"504",1.51204179443008,0,0,0,0,0,0
"505",0,0,0,0,0,0,0
"506",63.1282018467877,0,16.2801649446535,0,0,0,0
"507",109.998355438904,0,114.042185078144,0,0,0,0
"508",0,0,0,0,0,0,0
"509",2.58170544521165,0,0,0,0,0,0
"510",0,0,0,0,0,0,0
"511",0,0,0,0,0,0,0
"512",17.4136118431618,0,22.3570609953765,0,0,0,0
"513",2.3249583154878,0,0,0,0,0,0
"514",0,0,0,0,0,0,0
"515",1.88014295744433,0,0,0,0,0,0
"516",115.998791328661,0,115.887208161601,0,0,0,0
"517",30.1065478500632,0,26.765092288055,0,0,0,0
"518",0,0,0,0,0,0,0
"519",36.691716272402,0,35.6016644562117,0,0,0,0
"520",1.83698578693964,0,0,0,0,0,0
"521",0,0,0,0,0,0,0
"522",0,0,0,0,0,0,0
"523",1.38954637021438,0,0,0,0,0,0
"524",85.1184717642595,0,76.1246250505819,0,0,0,0
"525",0,0,0,0,0,0,0
"526",0,0,0,0,0,0,0
"527",0,0,0,0,0,0,0
"528",0,0,0,0,0,0,0
"529",4.63929662857311,0,0,0,0,0,0
"530",3.61170723662699,0,6.36533406714954,0,0,0,0
"531",0,0,0,0,0,0,0
"532",0,0,0,0,0,0,0
"533",2.76726717238268,0,0,0,0,0,0
"534",0,0,0,0,0,0,0
"535",0,0,0,0,0,0,0
"536",0.923267920982191,0,0,0,0,0,0
"537",27.1135269494661,0,0,0,0,0,0
"538",37.6441909366118,0,84.9084867202548,0,0,0,0
"539",0,0,0,0,0,0,0
"540",0,0,0,0,0,0,0
"541",0,0,0,0,0,0,0
"542",7.41763158723101,0,0,0,0,0,0
"543",0,0,0,0,0,0,0
"544",133.420488685721,171.599534345773,136.282803702902,0,0,0,0
"545",0,0,0,0,0,0,0
"546",1.96979313121959,0,0,0,0,0,0
"547",0,0,0,0,0,0,0
"548",5.39693914157468,0,0,0,0,0,0
"549",0,0,0,0,0,0,0
"550",4.58537698294079,0,0,0,0,0,0
"551",0,0,0,0,0,0,0
"552",22.2525080372616,0,0,0,0,0,0
"553",28.5204584292378,112.236523450856,41.3107152388148,121.989795934896,112.409255574543,117.344287910749,118.104019278028
"554",0,0,0,0,0,0,0
"555",86.208634225456,213.103754550075,87.411994895393,199.344963972689,204.336354081595,203.777580935708,297.556342522627
"556",7.26418304439496,0,0,0,0,0,0
"557",0,0,0,0,0,0,0
"558",22.3932410563996,0,0,0,0,0,0
"559",12.554978090529,0,0,0,0,0,0
"560",0,0,0,0,0,0,0
"561",195.064737382683,0,217.281403614466,0,0,0,0
"562",0,0,0,0,0,0,0
"563",0,0,0,0,0,0,0
"564",1.29508131796402,0,0,0,0,0,0
"565",22.1908195550053,0,34.935929090886,0,0,0,0
"566",3.24363362821571,0,0,0,0,0,0
"567",3.78491748919437,0,4.87015653509479,0,0,0,0
"568",0,0,0,0,0,0,0
"569",0,0,0,0,0,0,0
"570",0,0,0,0,0,0,0
"571",0,0,0,0,0,0,0
"572",92.6373689325223,0,95.5015484511339,0,0,0,0
"573",63.2084114890232,0,55.8936628723113,0,0,0,0
"574",0,0,0,0,0,0,0
"575",0,0,0,0,0,0,0
"576",0,0,0,0,0,0,0
"577",0,0,0,0,0,0,0
"578",0,0,0,0,0,0,0
"579",10.8858488661115,0,0,0,0,0,0
"580",0,0,0,0,0,0,0
"581",31.8719681543058,0,27.9233250434072,0,0,0,0
"582",0,0,0,0,0,0,0
"583",0,0,0,0,0,0,0
"584",0,0,0,0,0,0,0
"585",10.8449810039313,0,0,0,0,0,0
"586",3.59727011063306,0,0,0,0,0,0
"587",24.2366833261326,0,22.1129931938005,0,0,0,0
"588",0,0,0,0,0,0,0
"589",0,0,0,0,0,0,0
"590",0,0,0,0,0,0,0
"591",0,0,0,0,0,0,0
"592",32.9336303086523,0,54.0356740367929,0,0,0,0
"593",3.51541598775664,0,0,0,0,0,0
"594",91.4038878131947,0,92.0976839402289,0,0,0,0
"595",0,0,0,0,0,0,0
"596",118.698977357023,0,111.615620385782,0,0,0,0
"597",0,0,0,0,0,0,0
"598",0,0,0,0,0,0,0
"599",0,0,0,0,0,0,0
"600",38.5779522188317,0,25.0629222230793,0,0,0,0
"601",0,0,0,0,0,0,0
"602",0,0,0,0,0,0,0
"603",0,0,0,0,0,0,0
"604",14.7651530076774,0,0,0,0,0,0
"605",0,0,0,0,0,0,0
"606",0.67837318750333,0,11.8813837766412,0,0,0,0
"607",0,0,0,0,0,0,0
"608",0,0,0,0,0,0,0
"609",0.889816537934504,0,5.91006092826821,0,0,0,0
"610",0,0,0,0,0,0,0
"611",0,0,0,0,0,0,0
"612",2.579325854723,0,0,0,0,0,0
"613",5.28082318762476,0,0,0,0,0,0
"614",2.40918125069837,0,0,0,0,0,0
"615",27.1939157498106,0,59.8332364021195,0,53.0568983270313,0,0
"616",4.11348158988122,0,0,0,0,0,0
"617",0,0,0,0,0,0,0
"618",0,0,0,0,0,0,0
"619",42.4104340391556,0,87.2867808926685,0,0,0,0
"620",0,0,0,0,0,0,0
"621",0,0,0,0,0,0,0
"622",45.4393302182076,0,36.3613376306906,0,0,0,0
"623",0.691435854279983,0,0,0,0,0,0
"624",0,0,0,0,0,0,0
"625",0,0,0,0,0,0,0
"626",105.84324223884,0,108.665529948706,0,0,0,0
"627",146.85015337473,0,133.766687082106,0,0,0,0
"628",0,0,0,0,0,0,0
"629",0,0,0,0,0,0,0
"630",56.7365717783523,0,68.5585757335664,0,0,0,0
"631",55.1557215975777,123.711899985636,82.4326536825391,108.803539812169,109.842716280495,0,110.307886631586
"632",6.20704900568333,0,20.4878019713173,0,0,0,0
"633",22.5778539782973,0,0,0,0,0,0
"634",5.58735908576341,0,0,0,0,0,0
"635",69.2658514795458,75.170087011765,71.518349630894,0,0,28.5269359464103,72.0019335499538
"636",112.277162218612,0,127.818491524887,0,0,0,0
"637",0,0,0,0,0,0,0
"638",0,0,0,0,0,0,0
"639",0,0,0,0,0,0,0
"640",0,0,0,0,0,0,0
"641",42.9730191399368,0,33.0473738568222,0,0,0,0
"642",0,0,0,0,0,0,0
"643",0,0,0,0,0,0,0
"644",0,0,0,0,0,0,0
"645",45.5880755408431,0,52.5152176776655,0,0,0,0
"646",0,0,0,0,0,0,0
"647",9.17647613515647,0,1.55239129278426,0,0,0,0
"648",0,0,0,0,0,0,0
"649",1.08578302321816,0,0,0,0,0,0
"650",0,0,0,0,0,0,0
"651",0,0,0,0,0,0,0
"652",89.0575361455242,0,95.5718643986714,88.4182191151829,0,0,0
"653",0,0,0,0,0,0,0
"654",0,0,0,0,0,0,0
"655",0,0,0,0,0,0,0
"656",0,0,0,0,0,0,0
"657",12.5841156997773,0,0,0,0,0,0
"658",0,0,0,0,0,0,0
"659",4.1060818841016,0,0,0,0,0,0
"660",0,0,0,0,0,0,0
"661",11.4138947976974,0,0,0,0,0,0
"662",21.2074593509562,0,24.8350978413478,0,0,0,0
"663",0,0,0,0,0,0,0
"664",3.2667540011314,0,4.48288935738027,0,0,0,0
"665",130.155940880378,0,133.897491894586,0,147.832054576737,0,0
"666",0,0,0,0,0,0,0
"667",19.4315483403491,0,4.39606852368789,0,0,0,0
"668",143.567351457857,0,148.26848345826,0,0,0,0
"669",0,0,0,0,0,0,0
"670",89.5742677572259,0,119.197734161778,0,0,0,0
"671",0,0,0,0,0,0,0
"672",14.870680543584,0,0,0,0,0,0
"673",110.064221322461,0,47.2635779966721,0,0,0,0
"674",0,0,0,0,0,0,0
"675",0,0,0,0,0,0,0
"676",36.8324485293997,0,30.0261097720145,0,0,0,0
"677",0,0,0,0,0,0,0
"678",0,0,0,0,0,0,0
"679",2.64704521802456,0,0,0,0,0,0
"680",0,0,0,0,0,0,0
"681",5.36640528389466,0,0,0,0,0,0
"682",0.903868039585571,0,0,0,0,0,0
"683",4.68219000975645,0,0,0,0,0,0
"684",8.14238896034794,0,0,0,0,0,0
"685",61.9898791655493,0,93.4898061226623,0,0,0,0
"686",0,0,0,0,0,0,0
"687",12.3805129992412,0,15.2175323555278,0,0,0,0
"688",58.2358684882732,0,67.992133687676,0,0,0,68.4005814772652
"689",0,0,0,0,0,0,0
"690",14.8674815058508,0,0,0,0,0,0
"691",0,0,0,0,0,0,0
"692",44.8179484415009,0,21.4219922225808,0,0,0,0
"693",0,0,0,0,0,0,0
"694",30.0970073227152,0,32.5915771583039,0,0,0,0
"695",0,0,0,0,0,0,0
"696",5.20073061323456,0,7.86047550835162,0,0,0,0
"697",0,0,0,0,0,0,0
"698",54.2951908050536,0,47.7406483110516,0,0,0,0
"699",0,0,0,0,0,0,0
"700",9.88078332879918,0,7.31778555318433,0,0,0,0
"701",0,0,0,0,0,0,0
"702",8.76781447529924,0,5.89761028617324,0,0,0,0
"703",2.29989651266307,0,0,0,0,0,0
"704",0,0,0,0,0,0,0
"705",0,0,0,0,0,0,0
"706",0,0,0,0,0,0,0
"707",46.2894480833293,0,17.6515030015787,0,0,0,0
"708",41.7146061857138,0,59.0663910142971,0,0,0,0
"709",4.54590042596538,0,0,0,0,0,0
"710",66.5289149090572,0,60.886196818083,0,0,0,0
"711",0,0,0,0,0,0,0
"712",0,0,0,0,0,0,0
"713",10.3351076405758,0,0,0,0,0,0
"714",0,0,0,0,0,0,0
"715",0,0,0,0,0,0,0
"716",0,0,0,0,0,0,0
"717",0,0,0,0,0,0,0
"718",0,0,0,0,0,0,0
"719",0,0,0,0,0,0,0
"720",0,0,0,0,0,0,0
"721",0,0,0,0,0,0,0
"722",66.3345895913751,0,30.5874652286271,0,0,0,0
"723",0,0,0,0,0,0,0
"724",9.95864217175644,0,8.3074429701622,0,0,0,0
"725",0,0,0,0,0,0,0
"726",0,0,0,0,0,0,0
"727",2.60288064514716,0,0,0,0,0,0
"728",129.252984524413,0,136.86037435141,0,0,0,0
"729",137.975319084027,162.966264619749,127.50876909656,165.979880767903,162.501571366814,0,166.767227340324
"730",0,0,0,0,0,0,0
"731",183.752151229393,0,168.399213140161,0,0,0,0
"732",3.25962595928088,0,0,0,0,0,0
"733",0,0,0,0,0,0,0
"734",0,0,0,0,0,0,0
"735",37.8101350552478,37.594921461132,62.0647357898324,34.6620358462437,52.3998000160459,56.3032303409667,30.9381893462763
"736",0,0,0,0,0,0,0
"737",8.82768307615147,0,5.15710886151732,0,0,0,0
"738",1.6573223199239,0,0,0,0,0,0
"739",3.80017162237162,0,5.82959990984691,0,0,0,0
"740",0,0,0,0,0,0,0
"741",163.076299587291,0,168.836542517411,0,0,0,0
"742",88.5912707333198,0,93.7170635749225,0,0,0,0
"743",0,0,0,0,0,0,0
"744",45.9816897498235,136.858576040602,44.3721726969984,136.216091438689,143.100554671562,65.489156227621,138.26138984105
"745",2.65290631133067,0,0,0,0,0,0
"746",107.172789988135,0,102.797820132148,0,0,0,0
"747",89.7314726162976,0,106.51603928685,0,0,0,0
"748",96.9526567744723,0,102.830353857657,0,0,0,0
"749",21.8026914785887,0,13.9861106510271,0,0,0,0
"750",0,0,0,0,0,0,0
"751",4.2771983268196,0,6.44205755401681,0,0,0,0
"752",75.1107770157828,0,68.4588138900644,0,0,0,0
"753",0,0,0,0,0,0,0
"754",0,0,0,0,0,0,0
"755",0,0,0,0,0,0,0
"756",8.86164536600537,0,0,0,0,0,0
"757",1.9855210004454,0,5.66172022335472,0,0,0,0
"758",0,0,0,0,0,0,0
"759",0,0,0,0,0,0,0
"760",0,0,0,0,0,0,0
"761",0,0,0,0,0,0,0
"762",0,0,0,0,0,0,0
"763",9.60219892827691,0,37.5841744765089,0,0,0,0
"764",0,0,0,0,0,0,0
"765",0,0,0,0,0,0,0
"766",57.5046192050813,0,66.5044923095666,0,0,0,0
"767",80.5817744272204,0,85.4192971319779,0,0,0,0
"768",14.7186679764865,0,0,0,0,0,0
"769",0,0,0,0,0,0,0
"770",22.4879417940938,0,0,0,0,0,0
"771",0,0,0,0,0,0,0
"772",16.7913625972805,0,4.55245560036187,0,0,0,0
"773",0,0,0,0,0,0,0
"774",1.68599143730541,0,0,0,0,0,0
"775",0,0,0,0,0,0,0
"776",0,0,0,0,0,0,0
"777",0,0,0,0,0,0,0
"778",0,0,0,0,0,0,0
"779",5.40295808983092,0,0,0,0,0,0
"780",0,0,0,0,0,0,0
"781",1.00845880693657,0,0,0,0,0,0
"782",37.5983439407468,0,33.1794322027335,0,0,0,0
"783",4.3850975623616,0,3.96158519219427,0,0,0,0
"784",0,0,0,0,0,0,0
"785",1.85787181564177,0,0,0,0,0,0
"786",8.83453108844321,0,6.45818769112633,0,0,0,0
"787",7.00580978177603,0,0,0,0,0,0
"788",58.0168914347704,170.296850789693,75.7180069087056,0,177.780093500078,0,0
"789",0,0,0,0,0,0,0
"790",0,0,0,0,0,0,0
"791",49.4969272134763,0,52.6599497231128,0,0,0,0
"792",0,0,0,0,0,0,0
"793",0.455694410561941,0,0,0,0,0,0
"794",13.404451658572,0,0,0,0,0,0
"795",69.5180031751687,0,57.6263489995373,0,0,0,0
"796",24.3884763691407,0,22.9137218473159,0,0,0,0
"797",34.3545493422704,0,9.04816188547346,0,0,0,0
"798",0,0,0,0,0,0,0
"799",8.59249013822835,0,17.3932514574286,0,0,0,0
"800",2.81629604347804,0,0,0,0,0,0
"801",52.1489012686014,0,85.4468388976752,0,0,0,0
"802",12.792128443831,0,0,0,0,0,0
"803",6.90241921323486,0,0,0,0,0,0
"804",16.0028282522785,0,12.3761715330085,0,0,0,0
"805",1.75252023744929,0,0,0,0,0,0
"806",98.7289586584331,0,113.673785599611,111.819318473814,0,0,0
"807",0,0,0,0,0,0,0
"808",0,0,0,0,0,0,0
"809",51.978392106075,0,49.7022420797067,0,0,0,0
"810",14.537527936556,0,38.165052115049,0,0,0,0
"811",0,0,0,0,0,0,0
"812",0,0,0,0,0,0,0
"813",0,0,0,0,0,0,0
"814",0.69710675933664,0,4.0374927937889,0,0,0,0
"815",0,0,0,0,0,0,0
"816",0,0,0,0,0,0,0
"817",3.37903522534623,0,0,0,0,0,0
"818",27.7285866644641,0,14.1494896559255,0,0,0,0
"819",22.4052220975453,0,0,0,0,0,0
"820",0,0,0,0,0,0,0
"821",3.29162256979866,0,0,0,0,0,0
"822",0,0,0,0,0,0,0
"823",67.771023135512,0,62.4067558786513,0,0,0,0
"824",10.3938125517473,0,13.1153891089414,0,0,0,0
"825",35.1773098982587,0,0,0,0,0,0
"826",0.888327999142985,0,0,0,0,0,0
"827",0,0,0,0,0,0,0
"828",1.752505853761,0,0,0,0,0,0
"829",38.0480228073251,0,73.5397542217427,0,0,0,0
"830",73.8306137777689,0,64.0588319876005,0,0,0,0
"831",14.7923851812293,0,0,0,0,0,0
"832",1.22631471847708,0,0,0,0,0,0
"833",3.52933246518251,0,0,0,0,0,0
"834",60.7143907878248,0,60.8485478576948,0,0,0,0
"835",0,0,3.49363614851359,0,0,0,0
"836",0,0,0,0,0,0,0
"837",94.4084141333298,0,73.9416867705507,0,0,0,0
"838",0,0,0,0,0,0,0
"839",0,0,0,0,0,0,0
"840",0,0,0,0,0,0,0
"841",0.293792038413036,0,0,0,0,0,0
"842",0,0,0,0,0,0,0
"843",0,0,0,0,0,0,0
"844",73.6065243861281,0,84.5046034858707,0,0,0,0
"845",16.4000940719928,0,0,0,0,0,0
"846",18.8012354717542,0,23.1992139129468,0,0,0,0
"847",0.559093322212442,0,0,0,0,0,0
"848",0,0,0,0,0,0,0
"849",0,0,0,0,0,0,0
"850",0.584722766667749,0,0,0,0,0,0
"851",0,0,0,0,0,0,0
"852",19.8526565814828,0,20.1025538227584,0,0,0,0
"853",0,0,0,0,0,0,0
"854",2.64249026460391,0,0,0,0,0,0
"855",60.4614678210944,66.6512881094024,71.1586054960187,0,64.205598641084,0,0
"856",0,0,0,0,0,0,0
"857",0,0,0,0,0,0,0
"858",13.400111150841,0,0,0,0,0,0
"859",3.57595732796899,0,3.92363323159482,0,0,0,0
"860",0,0,0,0,0,0,0
"861",0,0,0,0,0,0,0
"862",7.61820479999629,0,0,0,0,0,0
"863",0,0,0,0,0,0,0
"864",8.8247387840909,0,0,0,0,0,0
"865",77.4875348077617,0,39.7717405241929,0,0,0,0
"866",95.633092059531,0,67.5389338043719,0,0,0,0
"867",2.37832295406513,0,42.8712546306395,0,0,0,0
"868",32.2879818428774,0,27.5566181178027,0,0,0,0
"869",0,0,0,0,0,0,0
"870",0,0,0,0,0,0,0
"871",0,0,0,0,0,0,0
"872",0,0,0,0,0,0,0
"873",98.8875677628523,0,62.4540867361892,0,0,0,0
"874",0,0,0,0,0,0,0
"875",14.6300195582771,0,0,0,0,0,0
"876",59.9932901231396,0,7.40037165025322,0,0,0,0
"877",0,0,0,0,14.726643324929,0,0
"878",76.7260546556968,0,85.4260099350907,0,0,0,0
"879",4.88947966143166,0,8.17565136665294,0,0,0,0
"880",23.9753287097886,0,27.8804355674087,0,0,0,0
"881",0,0,0,0,0,0,0
"882",0,0,0,0,0,0,0
"883",1.34895333562004,0,0,0,0,0,0
"884",4.8256002539778,0,0,0,0,0,0
"885",8.09028723734531,0,5.69023537830829,0,0,0,0
"886",0,0,0,0,0,0,0
"887",0,0,0,0,0,0,0
"888",26.322942413217,0,16.1578695556507,0,0,0,0
"889",8.58874158524219,0,0,0,0,0,0
"890",0,0,0,0,0,0,0
"891",3.52248282841732,0,0,0,0,0,0
"892",0,0,0,0,0,0,0
"893",0,0,0,0,0,0,0
"894",0,0,0,0,0,0,0
"895",2.72173756845352,0,0,0,0,0,0
"896",2.65873673653899,0,0,0,0,0,0
"897",0,0,0,0,0,0,0
"898",9.06272093197845,0,0,0,0,0,0
"899",0,0,0,0,0,0,0
"900",38.0034649148595,92.247468635766,83.6411423959813,0,90.016657503344,0,0
"901",0,0,0,0,0,0,0
"902",7.44273411412621,0,0,0,0,0,0
"903",200.585771051008,0,122.486903369564,159.686406936717,0,0,0
"904",4.51116123083004,0,0,0,0,0,0
"905",0,0,0,0,0,0,0
"906",0,0,0,0,0,0,0
"907",0,0,0,0,0,0,0
"908",0,0,0,0,0,0,0
"909",17.3407341457898,0,60.8886125420503,0,0,0,0
"910",0,0,0,0,0,0,0
"911",2.10948355312946,0,0,0,0,0,0
"912",0,0,0,0,0,0,0
"913",87.7156793061414,61.7287055126624,85.5009050594851,0,0,0,95.4368107576537
"914",0,0,0,0,0,0,0
"915",0,0,0,0,0,0,0
"916",0,0,0,0,0,0,0
"917",73.5236163463248,0,82.1212186968744,0,0,0,0
"918",0,0,0,0,0,0,0
"919",14.0289035442588,0,13.7829662835858,0,0,0,0
"920",12.9553461433877,0,0,0,0,0,0
"921",0,0,0,0,0,0,0
"922",34.9814755243892,0,37.2906756012226,0,0,0,0
"923",6.30591543993472,0,0,0,0,0,0
"924",2.68978809713656,0,17.4049190735056,0,0,0,0
"925",87.5952255936455,0,91.6119125884725,0,0,0,0
"926",63.857703507087,0,96.5822167901544,0,0,0,0
"927",133.201807101558,0,107.078439869572,0,0,0,0
"928",0,0,0,0,0,0,0
"929",0,0,0,0,0,0,0
"930",0,0,0,0,0,0,0
"931",0,0,0,0,0,0,0
"932",126.579746696002,0,134.704654935624,0,0,0,0
"933",68.3718175841131,0,76.7007623546791,0,0,0,0
"934",48.4266299044502,0,54.9996304067606,0,0,0,0
"935",0,0,0,0,0,0,0
"936",0,0,0,0,0,0,0
"937",10.4445517800957,0,0,0,0,0,0
"938",0,0,0,0,0,0,0
"939",48.9461377099215,0,13.2707598541421,0,0,0,0
"940",0,0,0,0,0,0,0
"941",7.55223155627558,0,0,0,0,0,0
"942",0,0,0,0,0,0,0
"943",1.29860034748812,0,0,0,0,0,0
"944",3.99571647801586,0,0,0,0,0,0
"945",0,0,0,0,0,0,0
"946",3.30241854215132,0,0,0,0,0,0
"947",43.4138684004395,0,39.0644511980368,0,0,0,0
"948",0,0,0,0,0,0,0
"949",115.114451847285,0,110.448592140111,0,0,0,0
"950",1.38907307448762,0,0,0,0,0,0
"951",5.10327176691753,0,0,0,0,0,0
"952",0,0,0,0,0,0,0
"953",30.4032952038873,70.0409468531601,56.0474950467557,70.4415484164332,65.4636938088575,0,0
"954",16.2119148029664,0,0,0,0,0,0
"955",0,0,0,0,0,0,0
"956",6.27165982672086,0,9.27736043911041,0,0,0,0
"957",0,0,0,0,0,0,0
"958",0,0,0,0,0,0,0
"959",171.000114823893,0,118.205603694199,0,0,0,0
"960",2.65251883925601,0,0,0,0,0,0
"961",69.769258619028,0,30.7550032424329,0,0,0,0
"962",37.9336504081336,0,122.512505564578,0,0,0,0
"963",0,0,0,0,0,0,0
"964",5.04528287915136,0,0,0,0,0,0
"965",37.5488024695009,0,17.2887292623521,0,0,0,0
"966",4.40571628620465,0,0,0,0,0,0
"967",0,0,0,0,0,0,0
"968",0,0,0,0,0,0,0
"969",3.06352222187868,0,3.33479168841077,0,0,0,0
"970",108.331312263965,0,115.269318726774,0,0,0,0
"971",4.59416999752113,0,17.179667931194,0,0,0,0
"972",11.9724302749798,0,0,0,0,0,0
"973",10.3680214875551,0,0,0,0,0,0
"974",0,0,0,0,0,0,0
"975",1.12010373312965,0,0,0,0,0,0
"976",0,0,0,0,0,0,0
"977",58.3589955520117,0,61.9314698142972,0,0,0,0
"978",16.1625067286183,0,0,0,0,0,0
"979",4.14136661906202,0,0,0,0,0,0
"980",11.9546265793322,0,11.3366578115139,0,0,0,0
"981",0,0,0,0,0,0,0
"982",48.938026991954,60.1131045011888,74.1207362991714,59.9627355255618,66.4403432525318,84.2308616898484,72.2303115828043
"983",0,0,0,0,0,0,0
"984",25.8748458727894,0,4.91679955698235,0,0,0,0
"985",0,0,0,0,0,0,0
"986",0,0,0,0,0,0,0
"987",0,0,0,0,0,0,0
"988",0,0,0,0,0,0,0
"989",10.5716408305126,0,12.4964240097703,0,0,0,0
"990",0,0,0,0,0,0,0
"991",0,0,0,0,0,0,0
"992",79.84600161458,0,86.9039482060051,0,0,0,0
"993",0,0,0,0,0,0,0
"994",6.42019434616938,0,4.28677535113949,8.82296163047082,0,0,0
"995",29.1827051093989,0,35.6251858013287,0,0,0,0
"996",0,0,0,0,0,0,0
"997",0,0,0,0,0,0,0
"998",5.6280525209651,0,9.05628132752511,0,0,0,0
"999",8.10000828197798,0,0,0,0,0,0
"1000",13.7485722452779,0,12.3279279390258,0,0,0,0
"1001",122.39875085337,0,112.489503471228,0,0,0,0
"1002",2.90571102895773,0,0,0,0,0,0
"1003",12.5316606912427,0,32.1561274706042,0,0,0,0
"1004",1.72920002399279,0,0,0,0,0,0
"1005",101.844141469877,0,90.0888003188798,0,0,0,0
"1006",52.2561236073634,0,50.2245705771198,0,0,0,0
"1007",0,0,0,0,0,0,0
"1008",0,0,0,0,0,0,0
"1009",0.988816073239241,0,0,0,0,0,0
"1010",0.728549881195871,0,17.7597854031166,0,0,0,0
"1011",0,0,0,0,0,0,0
"1012",52.5699277039807,0,59.6232906397031,29.0942750124432,32.006848123537,0,0
"1013",35.6403267172856,0,41.5731039671977,0,0,0,0
"1014",0,0,0,0,0,0,0
"1015",96.085323996279,0,95.795689266434,0,0,0,0
"1016",0,0,0,0,0,0,0
"1017",1.38605192588084,0,0,0,0,0,0
"1018",0,0,0,0,0,0,0
"1019",3.54571458756642,0,0,0,0,0,0
"1020",0,0,0,0,0,0,0
"1021",0,0,0,0,0,0,0
"1022",0,0,0,0,0,0,0
"1023",59.460577766669,0,91.2752589762465,0,0,0,0
"1024",0,0,0,0,0,0,0
"1025",12.1267820130103,0,0,0,0,0,0
"1026",0,0,0,0,0,0,0
"1027",52.275430195659,0,38.3584543792503,0,0,0,0
"1028",0,0,0,0,0,0,0
"1029",2.88762320391094,0,0,0,0,0,0
"1030",0,0,0,0,0,0,0
"1031",0,0,0,0,0,0,0
"1032",0,0,0,0,0,0,0
"1033",27.2154070064397,0,0,0,0,0,0
"1034",0,0,0,0,0,0,0
"1035",0,0,0,0,0,0,0
"1036",3.78584361621789,0,0,0,0,0,0
"1037",0,0,0,0,0,0,0
"1038",0,0,0,0,0,0,0
"1039",19.524799263819,0,12.46013650314,0,0,0,0
"1040",45.4489207769764,0,38.6015829770871,0,0,0,0
"1041",37.1115759940785,0,37.2349900258308,0,0,0,0
"1042",7.34748477954885,0,0,0,0,0,0
"1043",77.6354990431262,0,54.7336136409295,0,0,0,0
"1044",109.603740717343,0,108.090102423533,0,0,0,0
"1045",0,0,0,0,0,0,0
"1046",10.320619034565,0,0,0,0,0,0
"1047",0,0,0,0,0,0,0
"1048",0.378955229186392,0,0,0,0,0,0
"1049",76.0826584337452,105.783154113343,83.7769600108797,86.5584828432798,92.1056791673494,78.7130434541935,81.0379806950956
"1050",0,0,0,0,0,0,0
"1051",36.133698422354,0,0,0,0,0,0
"1052",54.4942864917818,0,184.735148147657,0,0,0,0
"1053",0,0,0,0,0,0,0
"1054",0,0,0,0,0,0,0
"1055",124.509371054207,0,123.77772756217,0,0,0,0
"1056",9.28436045215197,0,15.6057282755331,0,0,0,0
"1057",3.29767289977158,0,0,0,0,0,0
"1058",0,0,0,0,0,0,0
"1059",10.0813245533042,0,0,0,0,0,0
"1060",0,0,0,0,0,0,0
"1061",0,0,0,0,0,0,0
"1062",0,0,0,0,0,0,0
"1063",0.474165198007703,0,2.06806661675077,0,0,0,0
"1064",1.97261961880682,0,5.48809001667321,0,0,0,0
"1065",0,0,0,0,0,0,0
"1066",13.0376104127522,0,0,0,0,0,0
"1067",0,0,0,0,0,0,0
"1068",1.80429584176219,0,0,0,0,0,0
"1069",0,0,0,0,0,0,0
"1070",0,0,0,0,0,0,0
"1071",0,0,0,0,0,0,0
"1072",1.81969005689639,0,2.86843409539546,0,0,0,0
"1073",0,0,0,0,0,0,0
"1074",0,0,0,0,0,0,0
"1075",87.5544274316816,0,83.0629402344299,0,0,0,0
"1076",5.12857267370474,0,0,0,0,0,0
"1077",0,0,0,0,0,0,0
"1078",0,0,0,0,0,0,0
"1079",101.900796194654,0,106.70613397101,0,0,0,0
"1080",21.3034690736547,0,0,0,0,0,0
"1081",66.3252700676893,0,68.0160420378163,0,0,0,0
"1082",0,0,0,0,0,0,0
"1083",16.4974828026821,0,0,0,0,0,0
"1084",65.0224303004245,90.2982871041872,83.8950906389635,73.0374825710572,83.52977304153,0,85.1237834096003
"1085",25.9184163947419,0,55.6850175996536,0,0,0,0
"1086",0,0,0,0,0,0,0
"1087",70.0593087464205,0,77.8611273417115,0,0,0,0
"1088",0,0,0,0,0,0,0
"1089",158.98565861569,0,163.368458223094,0,0,0,0
"1090",0,0,0,0,0,0,0
"1091",0,0,0,0,0,0,0
"1092",28.5218076455239,0,45.8063581821773,0,0,0,0
"1093",0,0,0,0,0,0,0
"1094",88.2522316029143,0,102.756464127094,0,0,0,0
"1095",0,0,0,0,0,0,0
"1096",67.7499002857716,0,70.1308063196805,0,0,0,0
"1097",0,0,0,0,0,0,0
"1098",26.1635129271011,0,0,0,0,0,0
"1099",0,0,0,0,0,0,0
"1100",29.8163040945664,0,15.9152440868797,0,0,0,0
"1101",0,0,0,0,0,0,0
"1102",48.5838029142383,0,47.1392960120598,0,0,0,0
"1103",0,0,0,0,0,0,0
"1104",59.5456714935796,0,51.1761693258849,0,0,0,0
"1105",0,0,0,0,0,0,0
"1106",97.8855954565662,0,91.3157183367743,0,0,0,0
"1107",0,0,0,0,0,0,0
"1108",28.4108776220359,0,112.31840135788,0,148.226209415637,150.749317934398,149.407846006451
"1109",7.64798588869984,0,0,0,0,0,0
"1110",0,0,0,0,0,0,0
"1111",0,0,0,0,0,0,0
"1112",129.545711702623,0,143.983039126727,0,0,0,0
"1113",4.83171740446383,0,0,0,0,0,0
"1114",3.38718337867946,0,0,0,0,0,0
"1115",0,0,0,0,0,0,0
"1116",2.35296067363447,0,0,0,0,0,0
"1117",7.03329971315256,0,0,0,0,0,0
"1118",5.76751922677748,0,0,0,0,0,0
"1119",1.45914937490868,0,0,0,0,0,0
"1120",0,0,0,0,0,0,0
"1121",0,0,0,0,0,0,0
"1122",1.51256363543641,0,0,0,0,0,0
"1123",0,0,0,0,0,0,0
"1124",0,0,0,0,0,0,0
"1125",9.21846318763733,0,13.3106494492605,0,0,0,0
"1126",0,0,0,0,0,0,0
"1127",227.717639289551,0,187.120357253553,0,0,0,0
"1128",0,0,0,0,0,0,0
"1129",8.08126714866177,0,63.8355901935152,0,0,0,0
"1130",1.87599457525166,0,0,0,0,0,0
"1131",14.1255697447091,0,12.0611375316221,0,0,0,0
"1132",0,0,0,0,0,0,0
"1133",0,0,0,0,0,0,0
"1134",24.1483318745624,0,0,0,0,0,0
"1135",22.8723973387403,0,34.1489630784124,0,0,0,0
"1136",14.9805787754912,0,13.6730040761658,0,0,0,0
"1137",22.285333031256,0,74.3546451699979,0,0,0,0
"1138",10.9557891858876,0,0,0,0,0,0
"1139",1.07897740838449,0,0,0,0,0,0
"1140",0,0,0,0,0,0,0
"1141",0,0,0,0,0,0,0
"1142",0,0,0,0,0,0,0
"1143",1.44887475541626,0,0,0,0,0,0
"1144",0,0,0,0,0,0,0
"1145",0,0,0,0,0,0,0
"1146",36.0388116928106,0,38.5560989857868,0,0,0,0
"1147",2.69650207980433,0,0,0,0,0,0
"1148",72.8170640289927,0,74.9806057918932,0,0,0,0
"1149",18.070615852365,0,11.3211368148083,0,0,0,0
"1150",0,0,0,0,0,0,0
"1151",0,0,0,0,0,0,0
"1152",54.5432927215964,0,89.4318996859926,0,0,0,0
"1153",86.2193233985852,0,77.3424084107414,0,0,0,0
"1154",0,0,0,0,0,0,0
"1155",26.2891533921436,0,0,0,0,0,0
"1156",9.18897220472366,0,0,0,0,0,0
"1157",0,0,0,0,0,0,0
"1158",23.508451932159,0,18.9058429435075,0,0,0,0
"1159",34.1094896933818,0,28.8258629557044,0,0,0,0
"1160",0,0,0,0,0,0,0
"1161",34.220359236257,0,28.888171611485,0,0,0,0
"1162",68.0962701718848,0,86.3859203716933,0,0,0,0
"1163",0.469175995963255,0,0,0,0,0,0
"1164",100.921908725569,0,99.7321951366894,0,0,0,0
"1165",0,0,0,0,0,0,0
"1166",0,0,0,0,0,0,0
"1167",0,0,0,0,0,0,0
"1168",0.995699640597765,0,0,0,0,0,0
"1169",0.515661919912609,0,0,0,0,0,0
"1170",0,0,0,0,0,0,0
"1171",10.9146331736633,0,13.7535112921067,0,0,0,0
"1172",7.76364254267601,0,0,0,0,0,0
"1173",49.0749182380289,0,53.494419805749,0,0,0,0
"1174",0,0,0,0,0,0,0
"1175",0,0,0,0,0,0,0
"1176",12.7607082876952,0,0,0,0,0,0
"1177",30.1863102108901,0,66.2754419902745,0,0,0,0
"1178",0,0,0,0,0,0,0
"1179",0.78594852906382,0,0,0,0,0,0
"1180",0.242902789411567,0,0,0,0,0,0
"1181",3.69916310535853,0,0,0,0,0,0
"1182",10.9918317352892,0,0,0,0,0,0
"1183",79.5660914607436,0,76.5117812653459,0,0,0,0
"1184",15.4850300182799,0,0,0,0,0,0
"1185",32.3989882668552,0,134.170881950852,0,0,0,0
"1186",0,0,0,0,0,0,0
"1187",0,0,0,0,0,0,0
"1188",0,0,0,0,0,0,0
"1189",159.555193129532,0,167.071097527731,164.81937817105,0,0,0
"1190",3.7554353188606,0,15.2282680896955,0,0,0,0
"1191",116.612527012335,0,114.800262806781,0,0,0,0
"1192",0,0,0,0,0,0,0
"1193",41.2270785401217,0,25.5502535984053,0,0,0,0
"1194",34.3953311441173,0,30.8133598402956,0,0,0,0
"1195",1.16719564545653,0,0,0,0,0,0
"1196",0,0,0,0,0,0,0
"1197",0,0,0,0,0,0,0
"1198",0,0,0,0,0,0,0
"1199",79.1473085311281,0,85.2723239714452,0,0,0,0
"1200",1.1289555978131,0,0,0,0,0,0
"1201",0.439469097553045,0,0,0,0,0,0
"1202",0,0,0,0,0,0,0
"1203",7.32585472863111,0,0,0,0,0,0
"1204",0,0,0,0,0,0,0
"1205",8.7108515733142,0,7.76972264972932,0,0,0,0
"1206",0,0,0,0,0,0,0
"1207",3.5540729279159,0,0,0,0,0,0
"1208",0,0,0,0,0,0,0
"1209",15.7966783805459,0,0,0,0,0,0
"1210",0,0,0,0,0,0,0
"1211",7.59516299301202,0,0,0,0,0,0
"1212",0,0,0,0,0,0,0
"1213",2.89312938668977,0,0,0,0,0,0
"1214",2.25677768040898,0,0,0,0,0,0
"1215",0,0,0,0,0,0,0
"1216",62.6064124793738,0,59.5169841278785,0,0,0,0
"1217",2.63938566230474,0,0,0,0,0,0
"1218",0,0,0,0,0,0,0
"1219",4.13816043529273,0,0,0,0,0,0
"1220",2.79595450775461,0,4.85205549537247,0,0,0,0
"1221",0,0,0,0,0,0,0
"1222",0,0,0,0,0,0,0
"1223",9.21866219746693,0,0,0,0,0,0
"1224",0,0,0,0,0,0,0
"1225",0,0,0,0,0,0,0
"1226",0,0,0,0,0,0,0
"1227",6.08492520863617,0,0,0,0,0,0
"1228",2.87372781812662,0,0,0,0,0,0
"1229",0,0,0,0,0,0,0
"1230",59.6726836255842,0,44.6379405827,0,0,0,0
"1231",16.8469122095564,0,14.8202701938326,0,0,0,0
"1232",161.599865319711,0,168.027190726631,0,0,0,0
"1233",0,0,0,0,0,0,0
"1234",0.00720107012717396,0,0,0,0,0,0
"1235",2.00464703215674,0,0,0,0,0,0
"1236",142.410747023145,0,93.9853101640199,0,0,0,0
"1237",0,0,0,0,0,0,0
"1238",0,0,0,0,0,0,0
"1239",94.8764190121963,0,103.559546838426,0,0,0,0
"1240",0,0,0,0,0,0,0
"1241",112.347860931762,0,145.611903061046,0,0,0,0
"1242",0,0,0,0,0,0,0
"1243",0,0,0,0,0,0,0
"1244",87.5706431314949,0,52.1951498042586,0,0,0,0
"1245",53.4787186659407,0,109.101913862696,0,0,0,0
"1246",9.09556750784183,0,0,0,0,0,0
"1247",0,0,0,0,0,0,0
"1248",2.41026059632314,0,0,0,0,0,0
"1249",0,0,0,0,0,0,0
"1250",0,0,0,0,0,0,0
"1251",60.3017543667411,0,62.5447408839666,60.3352718011123,44.8735272816408,0,0
"1252",28.4724491984971,0,78.872358186374,0,0,0,0
"1253",0,0,0,0,0,0,0
"1254",0,0,0,0,0,0,0
"1255",77.350138076112,0,72.491044489871,0,0,0,0
"1256",0,0,0,0,0,0,0
"1257",3.3776098245277,0,0,0,0,0,0
"1258",40.2156708231359,0,45.3342526708831,0,73.3781312456199,0,0
"1259",1.7369357542529,0,0,0,0,0,0
"1260",0,0,0,0,0,0,0
"1261",0,0,0,0,0,0,0
"1262",0.940841061217827,0,0,0,0,0,0
"1263",3.17990976792958,0,0,0,0,0,0
"1264",99.0289797303856,0,145.268598230218,0,0,0,0
"1265",3.67722390931389,0,0,0,0,0,0
"1266",0,0,0,0,0,0,0
"1267",5.99877763387505,0,0,0,0,0,0
"1268",6.75997800895927,0,0,0,0,0,0
"1269",0,0,0,0,0,0,0
"1270",0,0,0,0,0,0,0
"1271",2.87853818632039,0,11.7340478233959,0,0,0,0
"1272",0,0,0,0,0,0,0
"1273",3.910256563676,0,0,0,0,0,0
"1274",98.7444766583033,0,97.579180201764,0,0,0,0
"1275",0,0,0,0,0,0,0
"1276",0,0,0,0,0,0,0
"1277",0,0,0,0,0,0,0
"1278",2.53498176945543,0,0,0,0,0,0
"1279",0,0,0,0,0,0,0
"1280",18.6884527315128,0,24.649144937811,0,0,0,0
"1281",0,0,0,0,0,0,0
"1282",2.64914393247723,0,8.52107826431858,0,0,0,0
"1283",0,0,0,0,0,0,0
"1284",8.08795037877443,0,0,0,0,0,0
"1285",0,0,0,0,0,0,0
"1286",5.05988475795919,0,0,0,0,0,0
"1287",0,0,0,0,0,0,0
"1288",7.77301446926849,0,0,0,0,0,0
"1289",6.9364265540366,0,0,0,0,0,0
"1290",0,0,0,0,0,0,0
"1291",75.9775141154538,0,122.960509161364,0,0,0,0
"1292",13.4940416869777,0,22.3378203036281,0,0,0,0
"1293",100.417483071269,0,99.2479933933535,0,0,0,0
"1294",2.11523422488719,0,0,0,0,0,0
"1295",0,0,0,0,0,0,0
"1296",0,0,0,0,0,0,0
"1297",134.980989497527,0,72.0492111224952,0,0,0,0
"1298",0,0,0,0,0,0,0
"1299",0,0,0,0,0,0,0
"1300",2.12630850248972,0,0,0,0,0,0
"1301",0,0,0,0,0,0,0
"1302",0,0,0,0,0,0,0
"1303",96.5754541368689,0,98.5834267693047,0,0,0,0
"1304",19.0748647241424,0,17.581775031868,0,0,0,0
"1305",0,0,0,0,0,0,0
"1306",14.056311052966,0,20.0054648531654,0,0,0,0
"1307",0,0,0,0,0,0,0
"1308",82.4645574936735,0,92.4613046552479,0,0,0,0
"1309",0,0,0,0,0,0,0
"1310",0,0,0,0,0,0,0
"1311",0,0,0,0,0,0,0
"1312",16.531305570123,0,11.4025279234642,0,0,0,0
"1313",0,0,0,0,0,0,0
"1314",107.139193720623,0,53.9535080770012,0,0,0,125.353010670951
"1315",0,0,0,0,0,0,0
"1316",0,0,0,0,0,0,0
"1317",102.754567391268,0,104.240990127983,0,0,0,0
"1318",0,0,0,0,0,0,0
"1319",17.8118154290075,0,14.4704774563175,0,0,0,0
"1320",0,0,0,0,0,0,0
"1321",0,0,0,0,0,0,0
"1322",11.4791751507593,0,0,0,0,0,0
"1323",0,0,0,0,0,0,0
"1324",11.4171488323973,0,0,0,0,0,0
"1325",0,0,0,0,0,0,0
"1326",0,0,0,0,0,0,0
"1327",0.746056537069175,0,0,0,0,0,0
"1328",0,0,0,0,0,0,0
"1329",14.0213036026887,0,21.6045404427953,0,0,0,0
"1330",0,0,0,0,0,0,0
"1331",15.7494735626343,0,11.0002994530763,0,0,0,0
"1332",0,0,0,0,0,0,0
"1333",1.9105097368957,0,0,0,0,0,0
"1334",23.4698806052867,0,27.9742463857945,0,0,0,0
"1335",0,0,0,0,0,0,0
"1336",20.9570897592511,0,35.9621329363996,0,0,0,0
"1337",13.9676656399931,0,18.7495583446219,0,0,0,0
"1338",0,0,0,0,0,0,0
"1339",2.68168391364914,0,1.68934186112055,0,0,0,0
"1340",83.7949448630147,0,76.7458172414257,0,0,0,0
"1341",0.856596100494816,0,0,0,0,0,0
"1342",2.80361831627546,0,0,0,0,0,0
"1343",0,0,0,0,0,0,0
"1344",87.9409236505034,0,91.3766802090354,0,0,0,0
"1345",3.23177730353302,0,0,0,0,0,0
"1346",10.1101916184936,0,0,0,0,0,0
"1347",0,0,0,0,0,0,0
"1348",0,0,3.36146748602833,0,0,0,0
"1349",0,0,2.288178772213,0,0,0,0
"1350",0,0,0,0,0,0,0
"1351",0.855641965609951,0,0,0,0,0,0
"1352",94.1160884108348,0,37.3249658046233,0,0,0,0
"1353",80.3958747271562,0,74.6912103051218,0,0,0,0
"1354",70.6398765020101,0,75.6359866116846,0,0,0,0
"1355",0,0,0,0,0,0,0
"1356",2.39427014075105,0,6.57224140136733,0,0,0,0
"1357",71.4191033555123,0,83.5510640625166,0,0,0,0
"1358",210.44786759841,0,104.744789498512,0,0,0,0
"1359",2.41201564720477,0,0,0,0,0,0
"1360",3.46557271093681,0,10.8207403801588,0,0,0,0
"1361",89.8035715251437,0,82.7742049960575,0,0,0,0
"1362",1.4321377353588,0,3.4200512799963,0,0,0,0
"1363",6.79011509995751,0,0,0,0,0,0
"1364",0,0,0,0,0,0,0
"1365",0,0,0,0,0,0,0
"1366",0,0,0,0,0,0,0
"1367",13.0367198313522,0,6.70696068558273,0,0,0,0
"1368",0,0,0,0,0,0,0
"1369",5.02197560190507,0,0,0,0,0,0
"1370",11.0964611546642,0,0,0,0,0,0
"1371",0,0,0,0,0,0,0
"1372",1.24836008749741,0,0,0,0,0,0
"1373",217.500474204274,0,226.866334383186,0,0,0,0
"1374",0,0,0,0,0,0,0
"1375",11.402008289438,0,0,0,0,0,0
"1376",5.23154881046962,0,0,0,0,0,0
"1377",0,0,0,0,0,0,0
"1378",17.8181562935689,0,0,0,0,0,0
"1379",16.5041141125665,0,0,0,0,0,0
"1380",0,0,0,0,0,0,0
"1381",0,0,0,0,0,0,0
"1382",0,0,0,0,0,0,0
"1383",70.351736446292,0,80.6377966810845,0,0,0,0
"1384",5.17870685507147,0,0,0,0,0,0
"1385",35.2811469199989,0,38.999555264636,0,0,0,0
"1386",0,0,0,0,0,0,0
"1387",14.7381922545824,0,0,0,0,0,0
"1388",0,0,0,0,0,0,0
"1389",0,0,0,0,0,0,0
"1390",4.94805052603424,0,0,0,0,0,0
"1391",27.7236449861841,0,26.8192208216808,0,0,0,0
"1392",0,0,0,0,0,0,0
"1393",70.4633708782006,0,68.6600845005832,0,0,0,0
"1394",0,0,0,0,0,0,0
"1395",0,0,0,0,0,0,0
"1396",3.56048182226659,0,0,0,0,0,0
"1397",5.36231238524992,0,0,0,0,0,0
"1398",54.1373240447772,0,68.3158052279209,0,0,0,0
"1399",41.2748359049223,0,65.2802625527334,0,0,0,0
"1400",0,0,0,0,0,0,0
"1401",0,0,0,0,0,0,0
"1402",0,0,0,0,0,0,0
"1403",8.85010913257891,0,0,0,0,0,0
"1404",11.5597326626014,0,0,0,0,0,0
"1405",96.2407284859074,0,49.5261265069895,0,0,0,0
"1406",0,0,0,0,0,0,0
"1407",0,0,0,0,0,0,0
"1408",0,0,0,0,0,0,0
"1409",0,0,0,0,0,0,0
"1410",0,0,0,0,0,0,0
"1411",0,0,0,0,0,0,0
"1412",0,0,0,0,0,0,0
"1413",0,0,0,0,0,0,0
"1414",0,0,0,0,0,0,0
"1415",0,0,0,0,0,0,0
"1416",11.5063246614878,0,0,0,0,0,0
"1417",0,0,0,0,0,0,0
"1418",0,0,0,0,0,0,0
"1419",0,0,0,0,0,0,0
"1420",59.4678585317634,0,52.1662981708935,0,0,0,0
"1421",25.8686938170039,0,42.670909725929,0,39.9824441366784,0,0
"1422",12.1419818978501,0,0,0,0,0,0
"1423",2.98465002288507,0,0,0,0,0,0
"1424",94.0666172815239,0,129.023245554247,0,0,0,0
"1425",50.1195221165651,0,67.0966376658031,0,0,0,0
"1426",28.0336975701849,0,2.31155723713136,0,0,0,0
"1427",0,0,0,0,0,0,0
"1428",0,0,0,0,0,0,0
"1429",16.0596991869165,0,26.675202238287,0,0,0,0
"1430",0,0,0,0,0,0,0
"1431",0,0,11.3163144705228,0,0,0,0
"1432",0.692868916255723,0,0,0,0,0,0
"1433",0,0,0,0,0,0,0
"1434",0.47647552501992,0,0,0,0,0,0
"1435",8.53987061167716,0,0,0,0,0,0
"1436",102.808309603927,111.201156935385,107.337491789927,110.594184062184,72.6072734629445,106.422914691846,108.043680346775
"1437",14.9694317791771,0,11.2405881103659,0,0,0,0
"1438",89.7017264327264,0,89.2654512022936,0,0,0,0
"1439",58.6938968424059,0,44.608325991053,0,0,0,0
"1440",0,0,0,0,0,0,0
"1441",59.9473598987156,0,44.5003220887087,0,0,0,0
"1442",16.9398682650146,0,6.97818672052904,0,0,0,0
"1443",2.58827660032996,0,0,0,0,0,0
"1444",0,0,0,0,0,0,0
"1445",28.1132932677902,0,24.2383954829701,0,0,0,0
"1446",0,0,0,0,0,0,0
"1447",19.0854458773352,0,5.62498486825747,0,0,0,0
"1448",8.88924090544297,0,4.97862162564194,0,0,0,0
"1449",50.4019415811684,0,74.7863028449402,0,0,0,0
"1450",54.6359340872651,0,46.3527911178877,0,0,0,0
"1451",3.10511207504871,0,0,0,0,0,0
"1452",0,0,0,0,0,0,0
"1453",99.4106055457232,0,98.6115786232737,0,0,0,0
"1454",0,0,0,0,0,0,0
"1455",10.0403378685621,0,10.2583758685274,0,0,0,0
"1456",15.6547915561743,0,16.1735234776275,0,0,0,0
"1457",0,0,0,0,0,0,0
"1458",0,0,0,0,0,0,0
"1459",6.87763545944149,0,0,0,0,0,0
"1460",141.621010274982,0,56.6712611930021,0,0,0,0
"1461",0,0,0,0,0,0,0
"1462",1.59730716663471,0,0,0,0,0,0
"1463",0,0,0,0,0,0,0
"1464",0,0,0,0,0,0,0
"1465",80.7735674241752,90.1453860254595,86.9678962980235,0,96.8887738177719,0,0
"1466",0.726107651481015,0,0,0,0,0,0
"1467",0,0,0,0,0,0,0
"1468",0,0,0,0,0,0,0
"1469",0,0,0,0,0,0,0
"1470",30.2570244374381,0,0,0,0,0,0
"1471",0,0,0,0,0,0,0
"1472",50.427133787801,0,48.8966513313248,0,0,0,0
"1473",0,0,0,0,0,0,0
"1474",1.24633138017153,0,0,0,0,0,0
"1475",0,0,0,0,0,0,0
"1476",7.01418937138557,0,0,0,0,0,0
"1477",0,0,0,0,0,0,0
"1478",0,0,0,0,0,0,0
"1479",16.1650638063029,0,0,0,0,0,0
"1480",0,0,0,0,0,0,0
"1481",0,0,0,0,0,0,0
"1482",0,0,0,0,0,0,0
"1483",0,0,0,0,0,0,0
"1484",18.055489751608,0,0,0,0,0,0
"1485",1.88280151608994,0,0,0,0,0,0
"1486",0,0,0,0,0,0,0
"1487",5.14744062095608,0,0,0,0,0,0
"1488",3.36873143648178,0,0,0,0,0,0
"1489",0,0,0,0,0,0,0
"1490",37.0028819769164,0,27.6222700857431,82.7552662443025,0,0,0
"1491",0,0,0,0,0,0,0
"1492",102.429390493161,0,138.731981020598,0,0,0,0
"1493",76.8472699597242,0,94.694927603701,0,0,0,0
"1494",0,0,0,0,0,0,0
"1495",0,0,0,0,0,0,0
"1496",12.1645795684463,0,11.9611760846279,0,0,0,0
"1497",0,0,0,0,0,0,0
"1498",112.353672334236,108.615160334323,83.8308175992319,0,112.304019783931,0,107.657780731456
"1499",2.9069513984077,0,0,0,0,0,0
"1500",0,0,0,0,0,0,0
"1501",5.48268038485695,0,0,0,0,0,0
"1502",4.01182160681996,0,6.76746679393131,0,0,0,0
"1503",0,0,0,0,0,0,0
"1504",0,0,0,0,0,0,0
"1505",0,0,0,0,0,0,0
"1506",0,0,0,0,0,0,0
"1507",0,0,0,0,0,0,0
"1508",9.90994141674792,0,0,0,0,0,0
"1509",39.9395259828725,0,43.7813624455875,0,0,0,0
"1510",0,0,0,0,0,0,0
"1511",69.0531348883056,0,81.4603930780567,0,0,0,0
"1512",0,0,0,0,0,0,0
"1513",0,0,0,0,0,0,0
"1514",0.328613895772611,0,0,0,0,0,0
"1515",12.4610397442353,0,9.0496955721234,0,0,0,0
"1516",160.39588543611,0,153.683823532664,0,0,0,0
"1517",58.3962000869878,0,63.9609408675908,0,0,0,0
"1518",8.19052348957497,0,10.6139533044355,0,0,0,0
"1519",1.7398005262347,0,0,0,0,0,0
"1520",0,0,0,0,0,0,0
"1521",0,0,0,0,0,0,0
"1522",55.5184405337683,0,57.8690555783134,0,0,0,0
"1523",5.39274841064516,7.36395345556186,0,0,0,5.99981610939752,0
"1524",83.246468346225,0,96.6900082439958,0,0,0,0
"1525",0.668222720987416,0,1.10226859702141,0,0,0,0
"1526",3.34881021510232,0,0,0,0,0,0
"1527",0,0,0,0,0,0,0
"1528",0,0,0,0,0,0,0
"1529",0,0,0,0,0,0,0
"1530",0,0,0,0,0,0,0
"1531",0,0,0,0,0,0,0
"1532",2.11844239721229,0,0,0,0,0,0
"1533",22.3900363169786,0,18.146065571254,0,0,0,0
"1534",0,0,0,0,0,0,0
"1535",102.371124336121,0,106.698001372143,83.6355316927383,0,0,168.592910658063
"1536",0,0,0,0,0,0,0
"1537",15.1915940289768,0,14.6598168197652,0,0,0,0
"1538",0,0,0,0,0,0,0
"1539",0,0,0,0,0,0,0
"1540",0,0,0,0,0,0,0
"1541",0,0,0,0,0,0,0
"1542",3.85672490686576,0,16.1061813214415,0,0,0,0
"1543",0,0,0,0,0,0,0
"1544",1.66146273633663,0,0,0,0,0,0
"1545",0,0,0.895219801177835,0,0,0,0
"1546",0,0,3.17249590113222,0,0,0,0
"1547",7.95745505658392,0,18.8620874822311,0,0,0,0
"1548",0,0,0,0,0,0,0
"1549",0,0,0,0,0,0,0
"1550",44.090586439222,0,61.1429070115322,0,0,0,0
"1551",19.1140510217226,0,0,0,0,0,0
"1552",8.19909898326262,0,0,0,0,0,0
"1553",69.7570950355374,0,74.2377538577412,0,0,0,0
"1554",0,0,0,0,0,0,0
"1555",0,0,0,0,0,0,0
"1556",57.2079146764289,0,48.722959756302,0,0,0,0
"1557",0,0,0,0,0,0,0
"1558",0,0,0,0,0,0,0
"1559",89.0785357734408,0,96.7984388213363,0,0,0,0
"1560",42.5805697006078,0,40.0439572332725,0,0,0,0
"1561",0,0,0,0,0,0,0
"1562",11.233352822749,0,8.53364523709199,0,0,0,0
"1563",0,0,0,0,0,0,0
"1564",0,0,0,0,0,0,0
"1565",14.9723031918977,0,0,0,0,0,0
"1566",112.446847260663,0,103.63664025183,0,0,0,0
"1567",0,0,0,0,0,0,0
"1568",3.24878169595564,0,0,0,0,0,0
"1569",0,0,0,0,0,0,0
"1570",6.45239580932516,0,0,0,0,0,0
"1571",7.8526969879533,0,0,0,0,0,0
"1572",0,0,0,0,0,0,0
"1573",20.6474697398769,0,0,0,0,0,0
"1574",1.63013312729266,0,0.990179899820632,0,0,0,0
"1575",0,0,0,0,0,0,0
"1576",2.94206122338374,0,6.69485842378768,0,0,0,0
"1577",0,0,0,0,0,0,0
"1578",2.53592483853662,0,0,0,0,0,0
"1579",26.9433331564434,0,0,0,0,0,0
"1580",0.445076760930443,0,0,0,0,0,0
"1581",19.1169679275619,0,9.33419992081635,0,0,0,0
"1582",0,0,0,0,0,0,0
"1583",0,0,0,0,0,0,0
"1584",13.4513353060989,0,25.8812728343644,0,0,0,0
"1585",0.913162363809571,0,0,0,0,0,0
"1586",6.65978063967355,0,0,0,0,0,0
"1587",4.96484327741795,0,0,0,0,0,0
"1588",16.1448184287767,0,5.26074008673483,0,0,0,0
"1589",0.789702429222432,0,0,0,0,0,0
"1590",0,0,0,0,0,0,0
"1591",0,0,0,0,0,0,0
"1592",0,0,0,0,0,0,0
"1593",0,0,0,0,0,0,0
"1594",37.8481358676095,0,40.8188199592194,0,0,0,0
"1595",121.752732512638,0,121.281455976428,0,0,0,0
"1596",1.83860653696247,0,0,0,0,0,0
"1597",0,0,0,0,0,0,0
"1598",0,0,0,0,0,0,0
"1599",0,0,0,0,0,0,0
"1600",69.4276374597317,0,103.0424575814,0,0,0,0
"1601",0,0,0,0,0,0,0
"1602",0,0,0,0,0,0,0
"1603",0,0,0,0,0,0,0
"1604",0,0,0,0,0,0,0
"1605",8.45063282878482,0,0,0,0,0,0
"1606",0,0,0,0,0,0,0
"1607",0,0,0,0,0,0,0
"1608",0,0,0,0,0,0,0
"1609",0,0,0,0,0,0,0
"1610",11.4285789974256,0,0,0,0,0,0
"1611",10.7601132878541,0,0,0,0,0,0
"1612",3.96134468160281,0,0,0,0,0,0
"1613",0,0,0,0,0,0,0
"1614",33.0212283663396,0,36.2237807192874,0,0,0,0
"1615",83.9042636798161,0,87.0344778424918,0,0,0,0
"1616",16.618067018348,0,22.9112250826675,0,0,0,0
"1617",55.0421518178432,0,62.8321548295622,0,0,0,0
"1618",0,0,0,0,0,0,0
"1619",11.367497660713,0,0,0,0,0,0
"1620",0,0,0,0,0,0,0
"1621",80.9008173606816,0,72.5931601613934,0,0,0,0
"1622",0,0,0,0,0,0,0
"1623",4.55899183572102,0,0,0,0,0,0
"1624",137.221267323699,0,151.705688111579,0,0,0,0
"1625",0,0,0,0,0,0,0
"1626",0,0,0,0,0,0,0
"1627",0,0,0,0,0,0,0
"1628",15.9840206346482,0,23.4561456358476,0,0,0,0
"1629",0,0,0,0,0,0,0
"1630",83.1638243355776,0,86.8647996766702,0,0,0,0
"1631",0,0,0,0,0,0,0
"1632",3.15621923179752,0,0,0,0,0,0
"1633",0,0,0,0,0,0,0
"1634",131.969425443932,0,133.002102987012,0,0,0,0
"1635",0,0,0,0,0,0,0
"1636",0,0,0,0,0,0,0
"1637",2.32124681758081,0,0,0,0,0,0
"1638",2.37390768837103,0,0,0,0,0,0
"1639",0,0,0,0,0,0,0
"1640",0,0,0,0,0,0,0
"1641",0,0,0,0,0,0,0
"1642",8.27635256872422,0,0,0,0,0,0
"1643",66.5252605558419,0,62.3787775992671,0,0,0,0
"1644",8.15167826059556,0,0,0,0,0,0
"1645",0,0,0,0,0,0,0
"1646",0,0,0,0,0,0,0
"1647",10.9750025555572,0,0,0,0,0,0
"1648",0,0,0,0,0,0,0
"1649",0,0,0,0,0,0,0
"1650",13.8959858321886,17.8730590267863,40.9895377390445,0,0,0,0
"1651",0,0,0,0,0,0,0
"1652",0,0,0,0,0,0,0
"1653",0,0,0,0,0,0,0
"1654",0,0,0,0,0,0,0
"1655",66.6362232610052,0,71.8157412445878,46.1687685130178,0,0,0
"1656",101.133837201904,0,89.0814652106477,0,0,0,0
"1657",22.4997734032691,0,0,0,0,0,0
"1658",0,0,0,0,0,0,0
"1659",70.1861049122733,0,89.1400190636813,78.6319021325211,78.5945458589171,0,0
"1660",0,0,0,0,0,0,0
"1661",2.96473710514799,0,0,0,0,0,0
"1662",0,0,0,0,0,0,0
"1663",0,0,0,0,0,0,0
"1664",77.6810972802357,0,76.2169988507996,0,0,0,0
"1665",10.1410215130205,0,0,0,0,0,0
"1666",36.4458845062367,0,46.1258975876696,0,0,0,0
"1667",0,0,0,0,0,0,0
"1668",222.972192475455,0,162.687975772024,0,0,0,0
"1669",51.2629551022,0,34.0157252739455,0,0,0,0
"1670",62.1630806842025,0,58.0847533815408,0,0,0,0
"1671",55.8363512574971,0,57.8755041796676,0,0,0,0
"1672",7.10573132789971,0,0.459636920224614,0,0,0,0
"1673",0,0,0,0,0,0,0
"1674",0,0,0,0,0,0,0
"1675",0,0,0,0,0,0,0
"1676",1.16132002360739,0,12.9762493016747,0,0,0,0
"1677",0,0,0,0,0,0,0
"1678",2.96665562181262,0,0,0,0,0,0
"1679",0,0,0,0,0,0,0
"1680",8.55926422708488,0,0,6.54272533498682,0,0,0
"1681",170.534135882177,0,134.334030367265,0,0,0,0
"1682",22.9109971861086,0,40.8281231229298,0,0,0,0
"1683",0,0,0,0,0,0,0
"1684",0,0,0,0,0,0,0
"1685",1.84382747006647,0,0,0,0,0,0
"1686",0,0,0,0,0,0,0
"1687",65.210641098295,0,74.4461184619476,0,0,0,0
"1688",0,0,0,0,0,0,0
"1689",2.24162246341623,0,0,0,0,0,0
"1690",0,0,0,0,0,0,0
"1691",0,0,0,0,0,0,0
"1692",1.04588444715336,0,0,0,0,0,0
"1693",0,0,0,0,0,0,0
"1694",0,0,0,0,0,0,0
"1695",1.47546504605965,0,3.42599703265079,0,0,0,0
"1696",8.11311749399544,0,5.59061306848419,0,0,0,0
"1697",0,0,0,0,0,0,0
"1698",0,0,0,0,0,0,0
"1699",9.04853873397768,0,0,0,0,0,0
"1700",6.05173542660509,0,0,0,0,0,0
"1701",0,0,0,0,0,0,0
"1702",25.0713334832982,0,31.7224152313925,0,0,0,0
"1703",0,0,0,0,0,0,0
"1704",99.072799572782,0,105.313736729593,0,0,0,0
"1705",0,0,0,0,0,0,0
"1706",0,0,0,0,0,0,0
"1707",0,0,0,0,0,0,0
"1708",0,0,0,0,0,0,0
"1709",0,0,0,0,0,0,0
"1710",56.9442909611156,80.2832658086279,56.0720616294892,84.279297439677,87.4259020539571,0,0
"1711",63.5422835695139,0,126.301494110767,0,0,0,0
"1712",11.422348272081,0,11.5871220578496,0,0,0,0
"1713",0,0,0,0,0,0,0
"1714",2.00458542868266,0,0,0,0,0,0
"1715",0,0,0,0,0,0,0
"1716",0,0,0,0,0,0,0
"1717",0,0,0,0,0,0,0
"1718",78.6899898423718,0,81.0053015121482,0,0,0,0
"1719",33.1231299292786,46.1262573282318,37.254235456687,45.5220359662203,41.1917147245433,0,0
"1720",5.31803203995486,0,0,0,0,0,0
"1721",135.549639021454,167.89065080563,147.744726995494,166.102110280683,164.036593845974,0,150.373919661464
"1722",0,0,0,0,0,0,0
"1723",0,0,0,0,0,0,0
"1724",111.957166336194,0,109.920378789463,0,0,0,0
"1725",0,0,0,0,0,0,0
"1726",0,0,0,0,0,0,0
"1727",0,0,0,0,0,0,0
"1728",0,0,0,0,0,0,0
"1729",7.31389542632038,0,0,0,0,0,0
"1730",0,0,0,0,0,0,0
"1731",14.9117909628656,0,0,0,0,0,0
"1732",169.069176596399,0,171.399224240671,0,0,0,0
"1733",67.5931306434074,0,73.6269180126839,0,0,0,0
"1734",1.03879217009789,0,0,0,0,0,0
"1735",0,0,0,0,0,0,0
"1736",0,0,0,0,0,0,0
"1737",0,0,0,0,0,0,0
"1738",12.5501428638109,0,0,0,0,0,0
"1739",0,0,0,0,0,0,0
"1740",0,0,0,0,0,0,0
"1741",41.0691838970937,0,24.4785181565528,0,0,0,0
"1742",9.73444324807131,0,11.9369729090504,0,0,0,0
"1743",0,0,0,0,0,0,0
"1744",67.3737487930457,0,66.0089540935037,0,0,0,0
"1745",0,0,0,0,0,0,0
"1746",51.738154390761,0,59.4616414188036,0,0,0,0
"1747",0,0,0,0,0,0,0
"1748",0,0,0,0,0,0,0
"1749",0,0,0,0,0,0,0
"1750",0,0,0,0,0,0,0
"1751",94.0793455089986,0,110.113496786832,0,0,0,0
"1752",0,0,0,0,0,0,0
"1753",0,0,0,0,0,0,0
"1754",0,0,0,0,0,0,0
"1755",2.63422530352112,0,0,0,0,0,0
"1756",170.404508823106,0,175.73791735503,0,0,0,0
"1757",80.2378579552126,0,70.8270224725205,0,0,0,0
"1758",0,0,0,0,0,0,0
"1759",17.6908466785673,0,8.45310798668699,0,0,0,0
"1760",0,0,0,0,0,0,0
"1761",0,0,0,0,0,0,0
"1762",127.789749807616,79.5027117300608,115.128103130366,0,0,0,0
"1763",37.6717905395378,0,46.5913899368816,0,0,0,0
"1764",4.65606738130049,0,0,0,0,0,0
"1765",4.72005592308258,0,0,0,0,0,0
"1766",8.86624760388682,0,0,0,0,0,0
"1767",109.100780742892,0,68.100835712233,0,0,0,0
"1768",0,0,0,0,0,0,0
"1769",0,0,0,0,0,0,0
"1770",0,0,0,0,0,0,0
"1771",0,0,0,0,0,0,0
"1772",0,0,0,0,0,0,0
"1773",0,0,0,0,0,0,0
"1774",0,0,0,0,0,0,0
"1775",0,0,0,0,0,0,0
"1776",8.67604796609764,0,0,0,0,0,0
"1777",4.32743528052729,0,0,0,0,0,0
"1778",12.2229790531715,0,0,0,0,0,0
"1779",79.0315454854942,0,70.1070026925936,0,209.484462533415,0,0
"1780",0,0,0,0,0,0,0
"1781",0,0,0,0,0,0,0
"1782",0,0,0,0,0,0,0
"1783",2.67008303142083,0,0,0,0,0,0
"1784",0,0,0,0,0,0,0
"1785",66.6526314412964,0,33.3308005514627,0,0,0,0
"1786",5.03706001496236,0,0,0,0,0,0
"1787",60.3789538894947,0,83.4655181446508,0,25.5743237252165,0,0
"1788",0,0,0,0,0,0,0
"1789",26.1851703821092,0,41.6139706080186,0,0,0,0
"1790",11.8959614638948,0,0,0,0,0,0
"1791",43.344160546518,0,47.3963441659574,0,0,0,0
"1792",68.0914277568413,0,103.032866189162,0,0,0,0
"1793",7.40325610729459,0,18.3907512125479,0,0,0,0
"1794",0,0,0,0,0,0,0
"1795",71.0181338821675,115.204099857717,79.9600844972722,101.003661208604,125.70776387815,0,107.492109422714
"1796",111.346576106274,0,102.599111219754,125.358499848244,122.199050957676,118.615042385103,0
"1797",0,0,0,0,0,0,0
"1798",2.72856024921054,0,0,0,0,0,0
"1799",0,0,0,0,0,0,0
"1800",4.73267396469236,0,0,0,0,0,0
"1801",68.8549176964509,0,64.6737346612721,0,0,0,0
"1802",0,0,0,0,0,0,0
"1803",0,0,0,0,0,0,0
"1804",0,0,0,0,0,0,0
"1805",60.5755331772016,113.284168358855,71.8754794854007,74.9077440873013,82.4215992386295,67.8661902226066,95.6529938832661
"1806",38.4374821340251,0,43.189276090865,0,0,0,0
"1807",0,0,0,0,0,0,0
"1808",6.64973132721659,0,0,0,0,0,0
"1809",0,0,0,0,0,0,0
"1810",9.51277728476092,0,0,0,0,0,0
"1811",0,0,0,0,0,0,0
"1812",0,0,0,0,0,0,0
"1813",0,0,0,0,0,0,0
"1814",0,0,0,0,0,0,0
"1815",4.09681748339072,0,0,0,0,0,0
"1816",0,0,0,0,0,0,0
"1817",34.5358663144041,0,67.0508253898162,0,121.723971592173,0,0
"1818",3.25526691655167,0,0,0,0,0,0
"1819",72.4843963836953,0,69.2603002670246,0,68.5196279657824,0,0
"1820",55.2492111398325,0,51.5625990464235,0,0,0,0
"1821",0,0,0,0,0,0,0
"1822",8.17220018717562,0,0,0,0,0,0
"1823",3.80581660328234,0,0,0,0,0,0
"1824",0,0,0,0,0,0,0
"1825",3.20845916040886,0,5.12369321575529,0,0,0,0
"1826",7.50642721933705,0,6.61208684923149,0,0,0,0
"1827",21.389404242078,0,15.8362891585936,0,0,0,0
"1828",59.4623797103047,0,34.102913921699,0,0,0,0
"1829",15.0905113811969,0,0,0,0,0,0
"1830",15.2990078893893,0,0.833939551518562,0,0,0,0
"1831",55.351416169075,0,44.4909818790616,0,0,0,0
"1832",4.47094247608029,0,10.7275032724986,0,0,0,0
"1833",4.44313208944968,0,5.68166334473492,0,0,0,0
"1834",35.5423770741178,0,0,0,0,0,0
"1835",0,0,0,0,0,0,0
"1836",0,0,0,0,0,0,0
"1837",0,0,0,0,0,0,0
"1838",52.1295051613884,0,11.7429194728008,0,0,0,0
"1839",0,0,0,0,0,0,0
"1840",64.4598226946519,0,75.0333540063619,0,0,0,0
"1841",9.06972839200001,0,9.61149842513127,0,0,0,0
"1842",9.84281003065433,0,0,0,0,0,0
"1843",0,0,0,0,0,0,0
"1844",0,0,0,0,0,0,0
"1845",1.73872835100628,0,0,0,0,0,0
"1846",0,0,0,0,0,0,0
"1847",0,0,0,0,0,0,0
"1848",17.1279501524684,0,0,0,0,0,0
"1849",0,0,0,0,0,0,0
"1850",129.546215739331,0,93.3515230765599,0,0,0,0
"1851",0,0,0,0,0,0,0
"1852",0,0,0,0,0,0,0
"1853",4.14735046475652,0,0,0,0,0,0
"1854",64.3757398225863,0,67.9497936981029,0,0,0,0
"1855",118.398154390971,0,57.71077261674,0,0,0,0
"1856",0,0,0,0,0,0,0
"1857",0,0,0,0,0,0,0
"1858",0,0,0,0,0,0,0
"1859",0,0,0,0,0,0,0
"1860",0,0,0,0,0,0,0
"1861",0,0,0,0,0,0,0
"1862",0,0,0,0,0,0,0
"1863",11.1033928157877,0,0,0,0,0,0
"1864",4.10577578929306,0,0,0,0,0,0
"1865",8.63883204537811,0,6.57486154261275,0,0,0,0
"1866",0,0,0,0,0,0,0
"1867",95.0464491395725,0,116.122422197942,0,0,0,0
"1868",70.0978771491204,0,66.6790991572217,0,0,0,0
"1869",0,0,0,0,0,0,0
"1870",0,0,0,0,0,0,0
"1871",0,0,0,0,0,0,0
"1872",0,0,0,0,0,0,0
"1873",0,0,0,0,0,0,0
"1874",0,0,0,0,0,0,0
"1875",80.661305044852,0,98.6776520005314,0,0,0,0
"1876",2.02193517200129,0,7.86180294253501,0,0,0,0
"1877",0,0,0,0,0,0,0
"1878",32.5465898973332,70.321317120887,86.9066560934271,43.3067118694638,59.6113562331354,71.4353295051163,68.7983980650949
"1879",0,0,0,0,0,0,0
"1880",0,0,0,0,0,0,0
"1881",0,0,0,0,0,0,0
"1882",0,0,0,0,0,0,0
"1883",8.74239044257548,0,0,0,0,0,0
"1884",81.1433176605757,0,77.5176557828383,0,0,0,0
"1885",9.85490325249225,0,16.7140906864295,0,0,0,0
"1886",0,0,0,0,0,0,0
"1887",0,0,0,0,0,0,0
"1888",0,0,0,0,0,0,0
"1889",0,0,0,0,0,0,0
"1890",163.745251044197,0,168.977708110513,0,126.953474265787,0,0
"1891",0,0,0,0,0,0,0
"1892",3.33009124581346,0,0,0,0,0,0
"1893",0,0,0,0,0,0,0
"1894",0,0,0,0,0,0,0
"1895",0,0,0,0,0,0,0
"1896",0,0,0,0,0,0,0
"1897",6.51498239697282,0,0,0,0,0,0
"1898",11.5346506498514,0,0,0,0,0,0
"1899",0,0,0,0,0,0,0
"1900",0,0,0,0,0,0,0
"1901",0,0,0,0,0,0,0
"1902",2.42313268777206,0,0,0,0,0,0
"1903",0,0,0,0,0,0,0
"1904",13.9251041725985,0,0,0,0,0,0
"1905",0,0,0,0,0,0,0
"1906",40.4822306127105,0,60.7578548228191,0,0,0,0
"1907",0,0,0,0,0,0,0
"1908",0,0,0,0,0,0,0
"1909",0,0,0,0,0,0,0
"1910",6.90914724896459,0,0,0,0,0,0
"1911",71.6365713997643,0,104.140491915806,0,0,0,146.498546298075
"1912",0,0,0,0,0,0,0
"1913",5.35772179656101,0,14.4178214567976,0,0,0,0
"1914",0,0,0,0,0,0,0
"1915",93.0948358184783,0,66.491100003602,0,0,0,0
"1916",0,0,0,0,0,0,0
"1917",0,0,0,0,0,0,0
"1918",171.716934833398,0,175.356167425917,0,0,0,0
"1919",4.33806376212627,0,0,0,0,0,0
"1920",0,0,0,0,0,0,0
"1921",0,0,0,0,0,0,0
"1922",123.52959478386,99.4165101849176,127.641689874591,187.82638756205,163.714734680746,184.087536873435,154.396638074161
"1923",7.50002927406068,0,0,0,0,0,0
"1924",0,0,0,0,0,0,0
"1925",0,0,0,0,0,0,0
"1926",0,0,0,0,0,0,0
"1927",0,0,0,0,0,0,0
"1928",0,0,5.77438910450953,0,0,0,0
"1929",0,0,0,0,0,0,0
"1930",1.48756628777102,0,0,0,0,0,0
"1931",0,0,0,0,0,0,0
"1932",33.5214064302639,0,0,0,0,0,0
"1933",86.3331745594425,0,293.378685930921,0,0,0,0
"1934",81.3925402897219,0,81.090596882308,0,0,0,0
"1935",68.8813168658868,0,65.4155327453604,0,0,0,0
"1936",32.2364576517086,0,21.9085372486892,0,0,0,0
"1937",0,0,0,0,0,0,0
"1938",36.094194937,0,30.7807486679464,0,0,0,0
"1939",0,0,0,0,0,0,0
"1940",0,0,0,0,0,0,0
"1941",0,0,0,0,0,0,0
"1942",0,0,0,0,0,0,0
"1943",2.12555119803689,0,0,0,0,0,0
"1944",9.55842296230914,0,5.59219554442795,0,0,0,0
"1945",0,0,0,0,0,0,0
"1946",4.38542864487849,0,0,0,0,0,0
"1947",0,0,0,0,0,0,0
"1948",5.69656964270952,0,9.47257124324307,0,0,0,0
"1949",0,0,0,0,0,0,0
"1950",0,0,0,0,0,0,0
"1951",3.72484833308546,0,0,0,0,0,0
"1952",0,0,0,0,0,0,0
"1953",0,0,0,0,0,0,0
"1954",0,0,0,0,0,0,0
"1955",18.9554681070387,0,50.2901847396977,0,0,0,0
"1956",4.23013299233883,0,0,0,0,0,0
"1957",73.0580392773816,0,74.2444768008073,0,0,0,0
"1958",16.042510461512,0,12.6156462886444,0,0,0,0
"1959",4.27996900563318,0,6.96535490599999,0,0,0,0
"1960",0.830528065333006,0,0,0,0,0,0
"1961",0,0,0,0,0,0,0
"1962",12.1872191758053,0,4.80355777216949,0,0,0,0
"1963",1.55439418873512,0,0,0,0,0,0
"1964",54.857932621419,0,68.81977740952,0,0,0,0
"1965",0,0,0,0,0,0,0
"1966",37.469755119228,155.324994690167,38.7219199209858,0,151.246411700379,0,0
"1967",0,0,0,0,0,0,0
"1968",0,0,0,0,0,0,0
"1969",65.7042582405568,0,30.1000730916533,0,0,0,0
"1970",0,0,0,0,0,0,0
"1971",10.3259998525271,0,0,0,0,0,0
"1972",0,0,0,0,0,0,0
"1973",2.00840889178389,0,0,0,0,0,0
"1974",50.9032384867958,0,62.9983453287477,0,0,0,0
"1975",0,0,0,0,0,0,0
"1976",90.0195295337949,0,35.3998665757759,0,0,0,0
"1977",25.6751051454904,0,15.6339526781726,0,0,0,0
"1978",0,0,0,0,0,0,0
"1979",49.291382632105,0,51.9609460684879,0,64.6962598101125,0,0
"1980",18.4233615637567,0,0,0,0,0,0
"1981",0,0,0,0,0,0,0
"1982",1.29806230819507,0,0,0,0,0,0
"1983",9.79885163965104,0,16.2653714967044,0,0,0,0
"1984",0,0,0,0,0,0,0
"1985",0,0,0,0,0,0,0
"1986",0,0,0,0,0,0,0
"1987",0,0,0,0,0,0,0
"1988",158.885773219755,0,178.17226976856,0,0,0,0
"1989",4.34223360841745,0,0,0,0,0,0
"1990",0,0,0,0,0,0,0
"1991",0,0,0,0,0,0,0
"1992",0,0,0,0,0,0,0
"1993",6.88425930482337,0,9.06377676524497,0,0,0,0
"1994",23.4100616531317,0,12.6228965809578,0,0,0,0
"1995",0,0,0,0,0,0,0
"1996",12.9563711807191,0,0,0,0,0,0
"1997",32.4669981946816,0,34.1812411407647,0,0,0,0
"1998",4.94052846038249,0,0,0,0,0,0
"1999",0.688858398930166,0,0,0,0,0,0
"2000",1.47167752958494,0,0,0,0,0,0
"2001",4.44914251420864,0,0,0,0,0,0
"2002",2.07391678326069,0,0,0,0,0,0
"2003",0,0,0,0,0,0,0
"2004",0,0,0,0,0,0,0
"2005",16.2316769366279,0,0,0,0,0,0
"2006",108.765053773831,0,114.918647679219,0,0,0,0
"2007",0,0,0,0,0,0,0
"2008",0,0,0,0,0,0,0
"2009",25.043869913963,0,10.7782581250751,0,0,0,0
"2010",0,0,0,0,0,0,0
"2011",0,0,0,0,0,0,0
"2012",0,0,0,0,0,0,0
"2013",0.510668822839455,0,0,0,0,0,0
"2014",4.90738493407437,0,0,0,0,0,0
"2015",12.1674252511562,0,0,0,0,0,0
"2016",2.52679079539656,0,0,0,0,0,0
"2017",0,0,0,0,0,0,0
"2018",0,0,0,0,0,0,0
"2019",0,0,0,0,0,0,0
"2020",35.7120544773999,0,25.898047349925,0,0,0,0
"2021",0,0,0,0,0,0,0
"2022",0,0,0,0,0,0,0
"2023",2.98463537470077,0,3.1369814965617,0,0,0,0
"2024",0,0,0,0,0,0,0
"2025",0,0,0,0,0,0,0
"2026",35.6828476656585,0,36.8106491327404,0,0,0,0
"2027",5.63729972193809,0,0,0,0,0,0
"2028",21.0425132329486,0,0,0,0,0,0
"2029",0,0,0,0,0,0,0
"2030",0,0,0,0,0,0,0
"2031",0,0,0,0,0,0,0
"2032",0,0,0,0,0,0,0
"2033",0,0,0,0,0,0,0
"2034",6.81106681183119,0,0,0,0,0,0
"2035",0,0,0,0,0,0,0
"2036",0,0,0,0,0,0,0
"2037",5.24301795719427,0,0,0,0,0,0
"2038",70.5135161847025,0,68.2796565509231,0,0,0,0
"2039",0,0,0,0,0,0,0
"2040",0,0,0,0,0,0,0
"2041",12.6929374879554,0,0,0,0,0,0
"2042",0,0,0,0,0,0,0
"2043",0,0,0,0,0,0,0
"2044",79.9071458275936,0,92.6922287121592,0,0,0,0
"2045",0,0,0,0,0,0,0
"2046",0,0,0,0,0,0,0
"2047",0,0,0,0,0,0,0
"2048",84.9225848872742,0,44.1130018717556,0,0,0,0
"2049",70.5024435567456,0,84.6684019151969,0,0,0,0
"2050",0,0,0,0,0,0,0
"2051",0,0,0,0,0,0,0
"2052",0,0,0,0,0,0,0
"2053",38.4501482600699,0,44.3918251643965,0,0,0,0
"2054",63.4862874585874,148.989261126657,59.7875845173958,151.683664331258,173.4388099517,164.167664216552,158.110427481257
"2055",99.8176181835217,0,140.979084779925,0,0,0,0
"2056",8.90120890314436,0,0,0,0,0,0
"2057",37.1813229869932,0,40.4110136777159,0,0,0,0
"2058",0,0,0,0,0,0,0
"2059",0.65375435121973,0,0,0,0,0,0
"2060",1.90130120247241,0,0,0,0,0,0
"2061",0,0,0,0,0,0,0
"2062",0,0,0,0,0,0,0
"2063",0,0,0,0,0,0,0
"2064",40.8514719882352,0,42.1386558625311,0,0,0,0
"2065",0,0,0,0,0,0,0
"2066",0,0,0,0,0,0,0
"2067",2.87940937434417,0,0,0,0,0,0
"2068",0,0,0,0,0,0,0
"2069",0,0,0,0,0,0,0
"2070",5.14791186405603,0,0,0,0,0,0
"2071",0,0,0,0,0,0,0
"2072",0,0,0,0,0,0,0
"2073",65.4771204051083,0,47.2175263684316,0,0,0,0
"2074",0,0,0,0,0,0,0
"2075",126.049663644905,0,166.071286363351,0,0,0,0
"2076",0,0,0,0,0,0,0
"2077",1.05501680682265,0,0,0,0,0,0
"2078",0,0,0,0,0,0,0
"2079",0,0,0,0,0,0,0
"2080",0,0,0,0,0,0,0
"2081",0,0,0,0,0,0,0
"2082",102.866592299266,0,115.302922758048,0,0,0,0
"2083",0,0,0,0,0,0,0
"2084",0,0,0,0,0,0,0
"2085",0,0,0,0,0,0,0
"2086",10.249536582211,0,0,0,0,0,0
"2087",98.674041807077,0,107.109018858482,0,0,0,0
"2088",0,0,0,0,0,0,0
"2089",0,0,0,0,0,0,0
"2090",0,0,0,0,0,0,0
"2091",0,0,0,0,0,0,0
"2092",2.354931013601,0,0,0,0,0,0
"2093",6.70593522179519,0,0,0,0,0,0
"2094",0,0,0,0,0,0,0
"2095",0,0,0,0,0,0,0
"2096",0,0,0,0,0,0,0
"2097",3.32790202627416,0,0,0,0,0,0
"2098",7.06939731064542,0,16.1834936222026,0,0,0,0
"2099",103.399804151849,0,80.7056816552841,0,0,0,0
"2100",1.27855223591336,0,0,0,0,0,0
"2101",0,0,0,0,0,0,0
"2102",5.84217916965799,0,0,0,0,0,0
"2103",10.2602593834081,0,0,0,0,0,0
"2104",3.09314775899652,0,0,0,0,0,0
"2105",0,0,0,0,0,0,0
"2106",0,0,0,0,0,0,0
"2107",4.11215600755646,0,0,0,0,0,0
"2108",0,0,0,0,0,0,0
"2109",0,0,0,0,0,0,0
"2110",0,0,0,0,0,0,0
"2111",0,0,0,0,0,0,0
"2112",4.20177483399191,0,0,0,0,0,0
"2113",30.8157541666204,0,36.9916125340819,0,0,0,0
"2114",0,0,0,0,0,0,0
"2115",35.0268798123792,0,24.8184246016156,0,0,0,0
"2116",13.2464802551571,0,0,0,0,0,0
"2117",0,0,0,0,0,0,0
"2118",0,0,0,0,0,0,0
"2119",0,0,0,0,0,0,0
"2120",0,0,0,0,0,0,0
"2121",66.1583000626847,0,49.2626830803022,0,0,0,0
"2122",0,0,0,0,0,0,0
"2123",118.217585819032,0,111.645860921552,0,0,0,0
"2124",0,0,0,0,0,0,0
"2125",4.21181409742539,0,0,0,0,0,0
"2126",2.93329232920646,0,0,0,0,0,0
"2127",0,0,0,0,0,0,0
"2128",11.4725836429461,0,22.9806315750032,0,0,0,0
"2129",45.8494002580555,0,47.5166929913422,0,0,0,0
"2130",0,0,0,0,0,0,0
"2131",27.7846374403295,0,24.1829896283568,0,0,0,0
"2132",8.89577738044527,0,0,0,0,0,0
"2133",0,0,0,0,0,0,0
"2134",0,0,0,0,0,0,0
"2135",1.98651237919129,0,0,0,0,0,0
"2136",0,0,0,0,0,0,0
"2137",19.5334530584366,0,21.02604969969,0,0,0,0
"2138",8.56945513479829,0,0,0,0,0,0
"2139",13.5709667041598,0,7.18244820174198,0,0,0,0
"2140",0,0,0,0,0,0,0
"2141",1.7382153897633,0,0,0,0,0,0
"2142",8.36634627357711,0,0,0,0,0,0
"2143",0,0,0,0,0,0,0
"2144",7.02004053879756,0,0,0,0,0,0
"2145",0,0,0,0,0,0,0
"2146",22.4942959228941,0,21.2112107823708,0,0,0,0
"2147",23.5988661252308,0,12.8586030342056,0,0,0,0
"2148",52.7523621224655,0,55.8822509119322,0,0,0,0
"2149",48.3118573486725,0,52.1244618260385,0,0,0,0
"2150",9.25425885922902,0,1.52545319893525,0,0,0,0
"2151",0,0,0,0,0,0,0
"2152",0,0,0,0,0,0,0
"2153",0,0,0,0,0,0,0
"2154",77.1649974748472,0,75.0696150030924,0,0,0,0
"2155",0,0,0,0,0,0,0
"2156",78.8693203796439,0,81.9696610795289,0,0,0,0
"2157",9.37469383612101,0,6.83852481489101,0,0,0,0
"2158",0,0,0,0,0,0,0
"2159",3.15002117569941,0,0,0,0,0,0
"2160",0,0,0,0,0,0,0
"2161",0,0,0,0,0,0,0
"2162",0,0,0,0,0,0,0
"2163",0,0,0,0,0,0,0
"2164",0,0,0,0,0,0,0
"2165",0,0,0,0,0,0,0
"2166",0,0,0,0,0,0,0
"2167",8.56699535334166,0,0,0,0,0,0
"2168",0,0,0,0,0,0,0
"2169",0,0,0,0,0,0,0
"2170",0,0,0,0,0,0,0
"2171",16.234434033161,0,12.8103828898006,0,0,0,0
"2172",50.3651287349035,0,47.0716253908726,0,0,0,0
"2173",5.2973768051924,0,0,0,0,0,0
"2174",0.847557367012177,0,0,0,0,0,0
"2175",69.0565389123735,0,59.0289582768027,0,0,0,0
"2176",78.0090375803234,0,87.474579143082,0,0,0,0
"2177",69.599220773673,0,38.345408484075,0,0,0,0
"2178",4.37411721836272,0,6.83600277790984,0,0,0,0
"2179",0,0,0,0,0,0,0
"2180",81.3450559647727,0,76.9805702845889,0,0,0,0
"2181",0,0,0,0,0,0,0
"2182",0,0,0,0,0,0,0
"2183",0,0,0,0,0,0,0
"2184",22.4019910533032,0,3.78327257455084,0,0,0,0
"2185",0,0,0,0,0,0,0
"2186",0,0,0,0,0,0,0
"2187",0,0,0,0,0,0,0
"2188",92.3541712417122,0,24.6238137479485,0,0,0,0
"2189",0,0,0,0,0,0,0
"2190",64.7875853982006,0,42.5190983001042,0,0,0,0
"2191",1.42175339841781,0,0,0,0,0,0
"2192",0,0,0,0,0,0,0
"2193",0,0,0,0,0,0,0
"2194",1.84519731755244,0,0,0,0,0,0
"2195",81.031046315128,96.3137386639212,92.8109472461493,98.457150278195,0,0,0
"2196",0,0,0,0,0,0,0
"2197",52.117028530603,0,58.718182820993,0,0,0,0
"2198",0,0,0,0,0,0,0
"2199",0,0,0,0,0,0,0
"2200",0,0,0,0,0,0,0
"2201",28.1262449542377,0,0,0,0,0,0
"2202",0,0,0,0,0,0,0
"2203",0,0,0,0,0,0,0
"2204",0,0,0,0,0,0,0
"2205",96.6472612993927,0,114.260926034193,0,0,0,0
"2206",0,0,0,0,0,0,0
"2207",3.7822387008246,0,0,0,0,0,0
"2208",0,0,0,0,0,0,0
"2209",0,0,0,0,0,0,0
"2210",0,0,0,0,0,0,0
"2211",0,0,0,0,0,0,0
"2212",3.98293568732715,0,0,0,0,0,0
"2213",19.5933273984424,0,63.8320411346897,0,0,0,0
"2214",2.2028703753718,0,0,0,0,0,0
"2215",0,0,0,0,0,0,0
"2216",0,0,0,0,0,0,0
"2217",0,0,0,0,0,0,0
"2218",0,0,0,0,0,0,0
"2219",3.82404286206899,0,0,0,0,0,0
"2220",98.3324397468984,0,91.5475229880924,0,0,0,0
"2221",3.37187730551055,0,0,0,0,0,0
"2222",0,0,0,0,0,0,0
"2223",153.419193107576,0,154.051294705308,0,0,0,0
"2224",0,0,0,0,0,0,0
"2225",0,0,0,0,0,0,0
"2226",1.19085819569123,0,0,0,0,0,0
"2227",30.875638506212,0,33.1756566054231,0,0,0,0
"2228",93.2623132136622,0,61.4390436599728,0,0,0,0
"2229",2.26590849561505,0,0,0,0,0,0
"2230",85.6730628516267,0,69.7653830951498,0,0,0,0
"2231",28.3640065373743,0,0,0,0,0,0
"2232",26.0843914525342,0,37.6917668662538,0,146.262600693442,0,0
"2233",115.099751941435,0,111.521885550922,0,0,0,0
"2234",0,0,0,0,0,0,0
"2235",0,0,0,0,0,0,0
"2236",44.5219218168551,0,18.2548887350241,0,0,0,0
"2237",0,0,0,0,0,0,0
"2238",4.41291566732555,0,5.2717322035319,0,0,0,0
"2239",2.27735946914066,0,0,0,0,0,0
"2240",0,0,0,0,0,0,0
"2241",0,0,0,0,0,0,0
"2242",6.26914845774484,0,0,0,0,0,0
"2243",0,0,0,0,0,0,0
"2244",27.0644461463287,0,11.6374732381659,0,0,0,0
"2245",0,0,16.131229620723,0,0,0,0
"2246",4.45636381602009,0,5.67735316826066,0,0,0,0
"2247",1.0858441925947,0,0,0,0,0,0
"2248",99.4530149498996,0,118.195775101509,0,0,0,0
"2249",0,0,0,0,0,0,0
"2250",0,0,0,0,0,0,0
"2251",13.0726680550558,0,0,0,0,0,0
"2252",0,0,0,0,0,0,0
"2253",0,0,0,0,0,0,0
"2254",80.5703050711912,0,92.5011042405528,0,0,0,0
"2255",0.909771339337749,0,0,0,0,0,0
"2256",0,0,0,0,0,0,0
"2257",51.5772253015517,0,75.3076755176399,0,0,0,0
"2258",135.103367608749,0,127.728439559065,0,0,0,0
"2259",0,0,0,0,0,0,0
"2260",0,0,0,0,0,0,0
"2261",44.3678876636164,0,137.35347019087,0,0,0,0
"2262",0,0,0,0,0,0,0
"2263",19.8497828656606,0,29.9624106871095,0,0,0,0
"2264",0,0,0,0,0,0,0
"2265",180.096319523933,0,195.983925479536,139.228309491333,0,0,0
"2266",0,0,0,0,0,0,0
"2267",2.42901975382327,0,0,0,0,0,0
"2268",0,0,0,0,0,0,0
"2269",61.8316451015136,0,50.9191164002015,0,0,79.6658874141577,0
"2270",0,0,0,0,0,0,0
"2271",0,0,0,0,0,0,0
"2272",0,0,0,0,0,0,0
"2273",27.4881037851921,0,31.0723637666441,0,0,0,0
"2274",45.9421652396471,126.222160247084,68.5674517918517,121.461557234123,131.918973869199,101.161866279773,84.8338350055447
"2275",0,0,0,0,0,0,0
"2276",0,0,0,0,0,0,0
"2277",0,0,0,0,0,0,0
"2278",0,0,0,0,0,0,0
"2279",18.8813597578339,0,0,0,0,0,0
"2280",68.6296947378744,115.737251028185,57.6568631368742,0,116.30346690476,110.267257714997,118.55473550202
"2281",64.7162893751709,0,63.1588996441791,0,0,0,0
"2282",35.2756748464324,0,33.3748587539668,0,0,0,0
"2283",6.01279307972396,0,0,0,0,0,0
"2284",16.0238051766188,0,9.45731493091065,0,0,0,0
"2285",0,0,0,0,0,0,0
"2286",11.6235913243066,0,0,0,0,0,0
"2287",4.03887107369316,0,0,0,0,0,0
"2288",0,0,0,0,0,0,0
"2289",5.85678395255475,0,3.28474758620132,0,0,0,0
"2290",1.39141046045103,0,0,0,0,0,0
"2291",0,0,0,0,0,0,0
"2292",84.5555203404995,0,78.7930229338014,0,0,0,0
"2293",0,0,0,0,0,0,0
"2294",0,0,0,0,0,0,0
"2295",0,0,0,0,0,0,0
"2296",0,0,0,0,0,0,0
"2297",0,0,0,0,0,0,0
"2298",55.9240946957714,0,41.0056905011913,0,0,0,0
"2299",0,0,0,0,0,0,0
"2300",8.02227758137963,0,7.27584998796201,0,0,0,0
"2301",0,0,0,0,0,0,0
"2302",2.53305985412396,0,0,0,0,0,0
"2303",9.77815193564725,0,0,0,0,0,0
"2304",0,0,0,0,0,0,0
"2305",0,0,0,0,0,0,0
"2306",0,0,0,0,0,0,0
"2307",0,0,0,0,0,0,0
"2308",4.80310226633902,0,0,0,0,0,0
"2309",0,0,0,0,0,0,0
"2310",0,0,0,0,0,0,0
"2311",6.76185530568381,0,26.0299572786562,0,0,0,0
"2312",2.94337638718687,0,0,0,0,0,0
"2313",0,0,0,0,0,0,0
"2314",0,0,0,0,0,0,0
"2315",0,0,4.70238743238053,0,0,0,0
"2316",0,0,0,0,0,0,0
"2317",2.09831288319002,0,0,0,0,0,0
"2318",0,0,0,0,0,0,0
"2319",0,0,0,0,0,0,0
"2320",27.9298834754943,0,18.8205796597406,0,0,0,0
"2321",6.10937323974168,0,0,0,0,0,0
"2322",26.4989899988229,0,8.08169067204623,0,0,0,0
"2323",3.61430267641731,0,0,0,0,0,0
"2324",31.4918150699307,0,77.1908129891936,0,0,0,0
"2325",7.79703735090421,0,27.3728283525505,0,0,0,0
"2326",24.4566540849006,0,26.6106759850719,0,0,0,0
"2327",0.353914929286107,0,0,0,0,0,0
"2328",0,0,0,0,0,0,0
"2329",50.6803182108838,0,51.9373120047758,0,0,0,0
"2330",0,0,0,0,0,0,0
"2331",0,0,0,0,0,0,0
"2332",0,0,0,0,0,0,0
"2333",0,0,0,0,0,0,0
"2334",0,0,0,0,0,0,0
"2335",0,0,0,0,0,0,0
"2336",0,0,0,0,0,0,0
"2337",0,0,0,0,0,0,0
"2338",59.8369100241814,0,62.1954164545063,0,88.2093114174467,0,0
"2339",0,0,0,0,0,0,0
"2340",0,0,0,0,0,0,0
"2341",21.4181464618804,0,19.3177163753556,0,0,0,0
"2342",9.62729571180894,0,0,0,0,0,0
"2343",39.5891681637527,0,37.075733451802,0,0,0,0
"2344",121.442236039845,0,135.576981052906,0,0,0,0
"2345",0,0,0,0,0,0,0
"2346",0,0,0,0,0,0,0
"2347",0,0,0,0,0,0,0
"2348",0,0,0,0,0,0,0
"2349",0,0,0,0,0,0,0
"2350",0,0,0,0,0,0,0
"2351",1.59991970877447,0,0,0,0,0,0
"2352",0,0,0,0,0,0,0
"2353",71.8523857823848,0,63.0157185716663,0,0,0,0
"2354",4.53400097880788,0,12.9876358591011,0,0,0,0
"2355",85.0656222820923,171.722195393238,91.4853348249554,175.964755526705,0,0,0
"2356",2.41072667015662,0,0,0,0,0,0
"2357",0,0,0,0,0,0,0
"2358",0,0,0,0,0,0,0
"2359",0,0,0,0,0,0,0
"2360",0,0,0,0,0,0,0
"2361",0.673656691088257,0,0,0,0,0,0
"2362",80.3258266327601,0,75.7618830450106,0,0,0,0
"2363",5.14778151310005,0,0,0,0,0,0
"2364",13.6890577463452,0,59.946582726206,0,0,0,0
"2365",59.5610844219099,93.9171853720801,77.6698086788345,82.6190053084911,78.9619343911153,0,87.2892750315152
"2366",0,0,0,0,0,0,0
"2367",31.1832758940881,0,6.13350468624185,0,0,0,0
"2368",0,0,0,0,0,0,0
"2369",0,0,0,0,0,0,0
"2370",77.4888617912891,0,82.378154421231,0,0,0,0
"2371",0,0,0,0,0,0,0
"2372",1.41986491550668,0,0,0,0,0,0
"2373",0,0,0,0,0,0,0
"2374",0,0,0,0,0,0,0
"2375",0,0,0,0,0,0,0
"2376",0,0,0,0,0,0,0
"2377",0,0,0,0,0,0,0
"2378",3.74215049914043,0,9.46385768505217,0,0,0,0
"2379",0,0,0,0,0,0,0
"2380",0,0,0,0,0,0,0
"2381",0,0,0,0,0,0,0
"2382",0,0,0,0,0,0,0
"2383",0,0,0,0,0,0,0
"2384",0.816681612871702,0,0,0,0,0,0
"2385",0,0,0,0,0,0,0
"2386",0,0,0,0,0,0,0
"2387",0,0,0,0,0,0,0
"2388",135.780004340142,0,125.367291050115,0,0,0,0
"2389",0,0,0,0,0,0,0
"2390",1.50412331603576,0,0,0,0,0,0
"2391",1.25507264688011,0,0,0,0,0,0
"2392",0,0,0,0,0,0,0
"2393",11.7865930777836,0,0,0,0,0,0
"2394",0,0,0,0,0,0,0
"2395",0,0,0,0,0,0,0
"2396",0,0,0,0,0,0,0
"2397",0,0,0,0,0,0,0
"2398",0,0,0,0,0,0,0
"2399",13.0700368928069,0,15.5660020745184,0,0,0,0
"2400",73.5199096502896,0,42.5113043330044,0,0,0,0
"2401",0,0,0,0,0,0,0
"2402",8.29810992140536,0,0,0,0,0,0
"2403",0,0,0,0,0,0,0
"2404",0,0,0,0,0,0,0
"2405",76.7936293642351,0,78.3542130817266,0,0,0,0
"2406",0,0,0,0,0,0,0
"2407",108.913234701933,0,108.049125237233,0,0,0,0
"2408",2.88202110657087,0,0,0,0,0,0
"2409",43.2646070832018,0,46.1073111229854,0,0,0,0
"2410",0,0,0,0,0,0,0
"2411",0,0,0,0,0,0,0
"2412",0,0,0,0,0,0,0
"2413",0,0,0,0,0,0,0
"2414",98.1864895053587,0,109.279702167151,0,0,0,0
"2415",14.8831854943278,0,0,0,0,0,0
"2416",58.8004697507923,0,70.257590522418,0,0,0,0
"2417",5.12519536474623,0,4.17842693154419,0,0,0,0
"2418",0,0,0,0,0,0,0
"2419",7.36777085797563,0,0,0,0,0,0
"2420",0,0,0,0,0,0,0
"2421",84.7576132545183,0,73.851687041309,0,0,0,0
"2422",3.1306475984026,0,0,0,0,0,0
"2423",69.610059927145,0,61.1170447613825,0,0,0,0
"2424",5.10972152274795,0,0,0,0,0,0
"2425",10.9302170970494,0,8.83290456378955,0,0,0,0
"2426",0.863433312313882,0,0,0,0,0,0
"2427",0,0,0,0,0,0,0
"2428",9.67217379609064,0,0,0,0,0,0
"2429",0,0,0,0,0,0,0
"2430",0,0,0,0,0,0,0
"2431",0,0,0,0,0,0,0
"2432",0,0,0,0,0,0,0
"2433",0,0,2.35215926365858,0,0,0,0
"2434",3.59543896218247,0,0,0,0,0,0
"2435",25.9317931441195,0,23.5274718222638,0,0,0,0
"2436",2.91980919406887,0,0,0,0,0,0
"2437",1.09798795260701,0,0,0,0,0,0
"2438",0,0,0,0,0,0,0
"2439",0,0,0,0,0,0,0
"2440",7.307170110903,0,8.40886602334336,0,0,0,0
"2441",0,0,0,0,0,0,0
"2442",0,0,0,0,0,0,0
"2443",22.3791042831585,0,26.5986007011148,0,0,0,0
"2444",1.18091132070998,0,0,0,0,0,0
"2445",0,0,0,0,0,0,0
"2446",0,0,0,0,0,0,0
"2447",1.15539385020296,0,0,0,0,0,0
"2448",102.087974043104,0,98.8371844158143,0,0,0,0
"2449",0,0,0,0,0,0,0
"2450",77.1814373504511,0,80.49308761056,0,0,0,0
"2451",0,0,0,0,0,0,0
"2452",0,0,0,0,0,0,0
"2453",11.57157175591,0,11.4329155705911,0,0,0,0
"2454",0,0,0,0,0,0,0
"2455",0,0,0,0,0,0,0
"2456",0,0,0,0,0,0,0
"2457",1.77746513413296,0,0,0,0,0,0
"2458",0,0,0,0,0,0,0
"2459",80.8071835769256,86.2519851937124,78.9462421009298,100.757386742424,67.1200827309102,81.3951343973653,107.098863518677
"2460",48.3215903839529,0,72.3519082059792,0,0,0,0
"2461",0,0,0,0,0,0,0
"2462",82.1033527317553,0,94.8049446624212,0,0,0,0
"2463",22.3307947723734,0,16.8044490399,0,0,0,0
"2464",0,0,0,0,0,0,0
"2465",229.867525122706,0,227.185066204543,0,0,0,0
"2466",0,0,0,0,0,0,0
"2467",1.48579764592368,0,0,0,0,0,0
"2468",59.8929957993556,0,59.3375174373221,0,0,0,0
"2469",0,0,0,0,0,0,0
"2470",0.732486387807621,0,0,0,0,0,0
"2471",70.7608333511675,0,83.385253684578,0,0,0,0
"2472",6.43628703397576,0,0,0,0,0,0
"2473",7.02266639787774,0,0,0,0,0,0
"2474",0,0,0,0,0,0,0
"2475",0,0,0,0,0,0,0
"2476",0,0,0,0,0,0,0
"2477",18.8755835395204,0,12.2515186684139,0,0,0,0
"2478",0,0,0,0,0,0,0
"2479",7.13012464906936,0,0,0,0,0,0
"2480",91.4248238524265,0,103.762413497098,0,0,0,0
"2481",63.1825467427233,0,72.8411597966896,0,0,0,0
"2482",0,0,0,0,0,0,0
"2483",10.7637282143865,0,3.88868751897581,0,0,0,0
"2484",6.26352907709784,0,0,0,0,0,0
"2485",0,0,0,0,0,0,0
"2486",51.0057449796961,0,46.7909552589803,0,0,0,0
"2487",0,0,0,0,0,0,0
"2488",2.86648440761836,0,0,0,0,0,0
"2489",6.38918590374365,0,0,0,0,0,0
"2490",7.29489344270678,0,0,0,0,0,0
"2491",0,0,0,0,0,0,0
"2492",2.67610321516732,0,2.74321993967766,0,0,0,0
"2493",0,0,0,0,0,0,0
"2494",0,0,0,0,0,0,0
"2495",0,0,0,0,0,0,0
"2496",0,0,0,0,0,0,0
"2497",0,0,0,0,0,0,0
"2498",0,0,0,0,0,0,0
"2499",0,0,0,0,0,0,0
"2500",0,0,0,0,0,0,0
