"","age1_orange.A","age1_green.A","age2_no_comorbid_orange.A","age2_no_comorbid_green.A","age2_comorbid_green.A","age3_no_comorbid_green.A","age3_comorbid_green.A"
"1",48.6063470723016,87.8783225871021,54.6305487773034,102.522254491353,101.110726819482,114.293512793068,92.1058923800016
"2",49.5820579817561,67.1259860190822,55.0590902385224,87.3651955583313,59.0846936530957,81.6625750459422,75.0946673599523
"3",53.2287125390407,65.2734165268123,51.6746986901566,84.6674651033148,106.957336817583,83.9332595284487,101.416617816044
"4",46.175144194951,72.2753787369583,50.0213102205676,89.4924033850637,82.6012616429072,60.508664946716,88.3176328284318
"5",80.9733745745342,102.626118237765,83.4051405801585,109.926242968246,122.453483843663,128.569342853839,99.3969443900806
"6",54.6438947486074,78.8781922849312,59.3888999898894,99.4643855460602,100.170238883575,79.5665554436939,85.8932114618528
"7",0,0,0,0,0,0,0
"8",56.3761211072863,62.9069911651033,42.027712976957,81.2822755602775,84.6897194666348,86.4387560871421,78.4931042915009
"9",60.4999369013612,134.279427112072,64.4251746580247,126.709021964885,129.249666505226,133.236231927818,136.107800178976
"10",49.5326890426296,74.3385576457686,42.7278541263005,81.5202610531602,87.866710988652,86.9875417407354,87.5757155191322
"11",48.1589258341796,108.346792514858,49.4807955779051,121.555228106998,94.1993426790207,103.12320289722,118.375214354446
"12",52.5714035675615,86.2441275782165,53.7867602758644,80.938784592668,96.1248059004251,101.377922924296,99.6216921480259
"13",73.4303174068028,114.184060852021,76.4924056896793,111.339743553359,125.746649417345,103.408993316992,135.128006442412
"14",41.0185821306402,74.2228317562641,53.2578958461594,76.4172303753259,77.0428959196613,86.4558402501718,86.1127825988081
"15",55.8125482460789,71.8914575904158,55.4717532199149,87.772659012366,91.583505564104,89.9266597452087,106.16611421124
"16",52.2580748058862,98.1867775067738,53.8510325782965,93.2744275376021,96.7468971612481,107.247598391276,106.332808786667
"17",0,0,0,0,0,0,0
"18",50.8903887790281,77.4779913710434,55.6841422151772,77.1951485396577,75.3241765420533,69.6181668641403,78.8242592238635
"19",37.9521522560058,113.372735678114,49.0011363711333,123.340315789855,118.580499437779,103.638298570464,112.424744167535
"20",62.1657691080159,83.3082417394181,55.8231833180162,88.4484563279838,79.5246043767986,86.388909716551,82.9291244818947
"21",65.8533303290397,108.178736570071,67.3598187892119,101.29152173249,110.822267911981,118.020744606117,117.867219552375
"22",47.4220958660547,92.7952630081669,52.1310999581337,98.7209386586746,101.575062147024,96.4051495971312,87.6754775144951
"23",48.6040478661956,91.0585588423774,50.4612980832562,107.437574803707,102.319457197547,102.647096807439,93.0086387931363
"24",57.356542017102,0,57.3090315781149,0,0,0,0
"25",65.329151651747,97.0648372671909,65.0215236167612,105.883002467452,104.77207982209,88.4793123690273,102.817069360714
"26",0,0,0.634772481449693,0,0,0,0
"27",39.1749809632921,65.3098361292319,43.9854547552847,67.4417023036479,73.6266476047719,65.4870175253208,72.4927911079316
"28",58.898384684765,90.8612687513555,55.419285147603,94.2740991927355,90.7715757020816,96.7410516426373,100.19590378657
"29",35.5615267391862,41.6051044123713,43.9599059728189,61.6644708755132,57.0410214004363,71.7099919631317,71.3248474855548
"30",40.9661274478494,69.9420967455431,49.5628664737349,84.7404704478808,84.1237529876279,86.1932948241543,64.8309741254533
"31",56.9071016652514,97.231729933351,62.7382551904745,92.7546830831279,97.0964154026644,98.0291241783476,84.6421694763899
"32",0,0,4.46597070289365,0,0,0,0
"33",38.4225928117808,89.9856510966903,44.7139391556248,75.8779180355266,87.8119013559778,94.2307433245144,93.5406585616645
"34",0,0,0,0,0,0,0
"35",59.2118700807779,102.552665293347,69.6807490891408,104.252525525893,104.265108286205,103.042865511347,127.836504819225
"36",58.5968996652477,71.1356718526956,57.9313648092262,70.4312920152524,80.6320692236508,81.7774637268229,78.4888032908362
"37",53.8261198286868,68.2198192294131,47.9132911270457,77.045727028152,65.2901041702809,63.7222421532339,37.9459457523228
"38",57.8486559551958,83.058324185838,56.562694609026,103.76437076139,93.9171106147132,102.581767653783,98.869958222322
"39",38.7240054097614,59.26487832275,54.1083344370621,74.601898987783,87.0207694027655,91.1161900185278,93.7546192689071
"40",51.0337170341039,79.7389828580728,50.1267488842388,83.4569997380538,78.7210558924781,79.6307382756788,76.4813722097846
"41",46.9633330768575,50.4537392264083,47.908354733458,79.0023918189889,87.071643820518,72.6965526324821,75.1645213422454
"42",57.8411891152504,90.511065672294,57.9486719527648,114.798935817119,100.342027022041,110.605734433925,107.995045539607
"43",48.7469991243803,83.8397707994013,48.8306104504527,92.7899738292194,82.1879710576883,104.491316274658,95.9522409962317
"44",48.6265381535984,75.4359884904095,51.04735932032,74.1614795967797,93.1128702944617,56.2222205381503,72.3576291485433
"45",47.9589567860092,81.449989296422,53.0364235746505,67.9968175485301,88.5234132312072,81.137018238022,94.7667062934094
"46",36.0181188199343,51.4341580562174,48.0705534757301,58.669790136802,62.7134353481359,64.2348452734989,68.0097632412649
"47",47.7488801909473,79.2771971079591,51.736546373373,80.132331812628,83.8180407160479,82.8483454543021,90.1552488294083
"48",43.9198145361533,65.1668101106659,45.1056951271148,69.5750214033541,66.3496001586176,59.6400870841099,64.1651846416836
"49",52.0479887396528,0,54.3776402030716,0,0,0,0
"50",70.9991438641862,124.010053637736,67.3787297186751,134.837770705966,137.48951900879,121.591506157546,128.306123553454
"51",0,0,0.836030475482377,0,0,0,0
"52",59.216257788886,93.3869852427456,60.0923054531919,85.0594596684814,76.4190752439474,72.9907157847236,80.0215452447151
"53",63.977895712506,86.3350685881756,65.6958987208026,84.0819218654086,84.7767290556633,72.5102173503539,90.5601177010673
"54",0,0,1.29448237948451,0,0,0,0
"55",43.703878772061,54.8278960005852,50.6391723466302,74.3425684625621,73.804845643557,73.0200823239679,94.9338276548712
"56",64.7250698292131,99.5074197438972,64.0728987535781,111.276461115826,122.110239919334,116.32916170813,115.196307746082
"57",53.567179622861,65.0708503910982,51.0640925770068,82.7311509986341,70.657479231007,77.5244455364545,94.0966545856403
"58",42.7218109148023,0,52.1289261400627,0,0,0,0
"59",42.9302756328622,74.1889006762131,49.254778918393,80.4765166692468,68.4258204755729,74.6020598364561,87.5024981366473
"60",49.9825625789573,70.5719249175353,55.2799621485808,74.1864367196942,83.1660933318053,64.1334637186725,65.2222140502702
"61",51.8034620190659,101.772797603479,60.6465275693563,110.217028370402,98.802271903092,102.030476893312,89.8524885984304
"62",55.8029090363654,65.5898758605529,54.4589213041649,80.9111643313346,86.5626279831862,70.1733297043855,82.7697876265435
"63",42.2720424650245,82.7635669759495,39.9003586790488,109.496422312253,111.334483624178,102.308939703742,92.4739488818027
"64",0,0,2.57890934148808,0,0,0,0
"65",60.6408996519656,96.0437764988504,66.5278065675769,0,0,0,84.1778827315375
"66",0,0,0,0,0,0,0
"67",0,0,0,0,0,0,0
"68",51.6070068425755,80.6156489048566,52.5865842567689,92.4099237070616,98.6684864359483,89.3114571080338,82.7997540424886
"69",45.7221027181,78.4227826553154,41.3721393481647,79.7472867597486,80.0317504055804,86.0420397507441,85.4442323745623
"70",0,0,0,0,0,0,0
"71",50.6852636655996,78.0678341030322,51.9351062143046,93.2876890864103,91.1810861038224,93.3746471420103,101.312638766777
"72",52.8842343768394,101.913943168512,60.0709108376491,84.4506631953775,107.17954355987,101.045740044752,109.610950138772
"73",56.4239773376285,0,58.904152869777,0,0,0,73.8218558629245
"74",49.3711681907009,93.9238876602035,51.4336994605113,81.3134006425521,81.4664672340053,77.6127386015498,79.7271485717002
"75",65.2991422093564,71.1629817167269,65.7215520871973,76.6777302857297,82.0529852422753,79.599954705536,78.3436230173929
"76",58.7236541417897,99.3011333418744,57.6370892272491,98.8367871069899,94.6208630577349,87.4140256018191,86.9626628447013
"77",50.3572598738332,100.545065019983,50.8371118769312,95.2847813375805,99.9724484477509,106.122851008395,95.2020691832897
"78",39.5703877625472,75.6260984944257,45.8989867004274,85.5307768934205,78.3365707833112,86.6014614443501,97.4842550822887
"79",63.8687943164679,68.9058223969994,57.3942900849052,90.8100565495312,83.8658995182552,88.8437562094774,73.5257048722857
"80",49.2845602583916,65.6044943265981,53.3358270228557,52.1827620300681,53.1183634048518,45.9187731722405,68.4046485996875
"81",0,0,0,0,0,0,0
"82",46.7687576036778,0,44.3493616154225,0,0,0,0
"83",45.8381678116802,94.5736205509248,53.730894516861,106.180058815532,100.178702089149,125.681131760811,94.7847205483032
"84",58.4626896659465,110.706081250614,66.7420437082347,120.53671695459,110.00931189638,125.602778189984,112.124417669892
"85",40.8020542306406,87.3125477558289,48.5549297054248,79.4472443560238,81.0031140546761,99.9650445791811,65.089189953192
"86",46.5265531226999,89.3338307049262,48.3418899183677,90.29581641981,81.0413708767291,85.3193429968099,90.367816448949
"87",0,0,0,0,0,0,0
"88",0,0,0,0,0,0,0
"89",0,0,0,0,0,0,0
"90",0,0,0,0,0,0,0
"91",49.6441561680626,104.576796251149,58.6954833025201,98.2152030577035,96.4372330572275,114.502304777666,104.297777813907
"92",40.2924483721143,70.9250175435549,51.0257246732842,94.2921143373074,88.0977055304327,61.895191888984,97.1160856728232
"93",0,0,0,0,0,0,0
"94",0,0,0,0,0,0,0
"95",42.0035450287125,79.604352556151,46.4726723773527,76.3316286152342,80.3945443059855,76.9609907117043,83.6578661429861
"96",62.2380082406412,109.692377860927,58.7599942324099,105.290489102536,94.5380891060514,98.0804081869793,101.472935428026
"97",51.5503661333769,94.5336080426896,58.3436983494995,61.0584776057288,76.6413298403246,74.3225152832059,90.2934054555962
"98",51.3364279475814,99.0173064597329,58.1104918491081,103.305859700962,98.813206958943,118.088122931176,107.268596816686
"99",52.4166542740348,46.0939210626002,63.5387261105701,59.7217714167584,69.7561165668344,75.1031440104676,61.8815538181648
"100",48.0797795377579,89.5636634865132,54.2061005623136,113.073021762138,87.6719722726825,111.411488802225,95.6928526499896
"101",45.7076691886653,93.7621375089185,56.0587545204978,102.016445089568,83.5337138831163,106.231026479625,116.051712638002
"102",0,0,0,0,0,0,0
"103",0,0,0,0,0,0,0
"104",61.4927526359931,86.629126982667,62.231576996989,72.7924857621636,91.2903461418481,100.80485690599,85.0174934206664
"105",46.5596229089036,99.9926970588978,58.8020077942372,105.962493692716,94.3604824999781,87.3115545520283,105.931820504667
"106",46.184985838812,111.528563436686,57.3730837157557,136.518648467121,113.034842805978,88.7497373280231,139.718988931457
"107",45.0839776558054,110.236453563518,47.5413358406475,116.765158753935,123.684922984296,136.950402387209,117.617207296181
"108",0,0,0,0,0,0,0
"109",46.3365444538811,98.5486489310638,53.4688501490493,89.3978713800434,89.2915734700589,94.2853411246943,108.790488805883
"110",0,0,0,0,0,0,0
"111",61.0899599667884,97.5643294985457,62.7862279284496,87.7040973757123,91.0466949834095,103.144982282349,91.0626843083224
"112",76.3768553649177,120.836921338532,72.9370793806343,121.979821835905,112.937432006803,124.777770063167,132.000415496765
"113",50.5834070897916,91.9767208555301,56.0342567108293,74.8161352368706,83.001152610523,82.7279404439231,79.469046911071
"114",0,0,0,0,0,0,0
"115",45.0402835209739,73.0208672095029,48.814388822286,71.7493014615133,74.8474955741704,73.3452125726006,75.240925266762
"116",37.8876243040339,72.5366253784591,48.8229329210714,80.4118815501734,71.6328223071213,72.3772561866343,77.5918145525641
"117",59.291816170436,93.0131165233357,56.270420969134,84.7266819154186,88.1544238451443,110.185124151167,80.3513782212842
"118",57.2047064312001,79.5401995452012,60.2761726639236,84.7453779832956,100.476339905405,96.5604638451134,86.8419530381681
"119",49.3975605166261,94.0678683894579,55.1236771277974,106.806319872372,111.420173202465,96.7830857386953,126.801894906954
"120",49.0186519362948,95.6864026642885,50.537609217262,86.2771923669375,93.267377707471,74.6742054344303,93.3939498875516
"121",45.1447859549341,97.6154060916531,48.8506832386855,73.6334021887494,88.6987360608039,91.6761070347816,66.9503356137514
"122",52.5784992211031,75.3664154732562,57.8488339178215,71.6077884235794,85.43525392353,93.992401096426,96.6647627632343
"123",57.723484150597,97.0442583280731,56.6584029728677,85.6773565413276,88.9222595233256,94.5092026524851,93.5450367451889
"124",57.8840233798895,87.18243273032,60.3066889631808,93.9665085276839,117.814544012374,104.408527068751,86.2424180612256
"125",55.215641078434,111.7541003684,57.9832903549534,131.367281280177,147.708587327331,129.303270821731,123.717866642516
"126",43.1140667547199,106.373062085799,42.9422058226639,88.6820968515034,105.806136818714,98.2165017633161,93.153112848176
"127",70.8134881192705,67.1797248919828,71.8201428651899,74.5432820307691,82.145460384955,96.1547018172858,78.8536736341196
"128",38.0826648491648,95.1928048581057,53.8857283509003,105.874024826738,95.4760373273664,85.2157370407439,101.091552481374
"129",57.7859375132976,50.944169466306,64.7510669573321,56.4158147853265,72.3549905125183,68.6230769942097,58.6632216259394
"130",57.1675816422638,90.4423592749047,55.4945833966192,97.3615118341917,111.85165432854,100.597619885062,112.423702610284
"131",43.7323882034552,64.3938407348125,51.3236348446101,82.4346568651771,72.8381234947538,85.9874069246511,79.8000537812285
"132",65.5521742114947,105.830425058418,70.9792132614017,108.853466510324,95.5634588336473,99.1689199906524,117.448889806101
"133",49.4213772867946,86.1845327363026,60.3234337396209,100.928356398001,104.843474825879,95.3203118766591,106.203885880339
"134",56.0981109407124,90.7613007437852,48.6833952087891,84.6909599021684,78.3441563532402,93.2617672856136,90.5406453104549
"135",45.3470654436075,64.2917730951348,41.9431375220743,76.8234275411674,75.5075642717579,76.9518058253406,62.3324531672757
"136",47.3597884550414,69.4946017197653,58.5930179372967,75.374246105991,77.8051178246463,85.5440067739784,81.4743287275049
"137",0,0,1.68178095560245,0,0,0,0
"138",61.3348674755494,86.8021830570053,66.6010128089639,85.0881754560619,108.278896240828,79.3162833731575,78.3755406332984
"139",52.8178314110693,83.2479711021996,57.2741891436264,93.7724023507088,76.1487871202993,89.6715950310456,98.2321751526973
"140",51.6424097712799,95.1948229784777,57.2246338109297,100.902597561035,94.0264195375455,97.5434871510219,100.532176829332
"141",57.9085071843959,70.8144146341576,58.45911969795,85.1745750587436,75.5226532058545,46.2099420884841,75.8009061367312
"142",50.603184408133,66.2246984946055,51.8265013087815,79.794252649939,82.4067477409428,64.9846456768703,67.5718745680804
"143",46.1105150708351,70.8383541060669,49.7871102866176,61.8017246835161,78.7065107992147,61.9527652760606,102.854700194486
"144",54.6101337497387,91.2078811650861,53.9434193624462,93.0580747837143,94.2115742726463,110.469372171286,117.530102578245
"145",42.9066793997245,93.8325574026481,44.7570742219856,103.355891196657,85.2578474107571,99.5938453740098,108.365853408108
"146",0,0,0,0,0,0,0
"147",46.4140031448372,49.3499054397829,40.8106017009458,72.4664026836076,83.1263612306826,93.7465412415097,76.4571972511911
"148",43.1520647757888,118.561778455284,53.104815668731,109.219384381566,117.678034348445,87.2749333829159,108.697939198647
"149",51.3340339719325,81.4825454494703,59.4606944665279,84.5907406730345,92.6421967362498,61.5243879962258,80.1327523066873
"150",53.1255701249246,88.8818101283143,57.6674588942143,80.7983318344194,87.6269329324268,98.7897530521899,94.2269354227839
"151",55.0815893944401,71.736860093821,57.7863008857787,91.4292363692317,90.8209160785807,82.0364258905244,78.3630995633402
"152",48.3156948325813,72.0481413299105,54.4216514962854,86.4987364369523,73.8919158849917,89.2025938012092,89.8553694777957
"153",58.3696383548014,106.702817466275,61.9709360828615,102.384877708932,104.75962943875,111.295288919818,108.782993854784
"154",53.1843946294154,77.539362098604,51.1550258761023,82.4029746936085,75.118817140561,65.9589170648028,79.1933143704638
"155",53.6009695004875,90.3603966720205,53.9659691091164,101.818962637492,89.0170033047617,107.393781689831,82.9338041251565
"156",51.8282870042427,75.0943993806073,55.4808123416246,65.7775625760449,79.9172009737554,77.553816906417,74.3246454182525
"157",47.2317098145314,90.1821118741574,56.9447963706808,113.561239813174,106.089531616359,113.375080304674,101.800193883288
"158",44.8169745325132,73.9065409475506,43.687967615924,98.9118480865602,75.3155864352421,87.5645954382021,102.465746489209
"159",56.207836234952,64.2425689299164,57.6876191134353,72.2368411216407,55.4548780275165,61.6824470531354,62.40797663032
"160",0,0,0,0,0,0,0
"161",48.9460029270976,73.2694107825941,50.5935015526069,72.396455267569,89.1671509095288,67.9385975256378,69.5456624208789
"162",46.7605617508135,107.637615410133,44.6688486929624,105.824209228087,108.386576574256,93.6373442609057,115.329834968013
"163",49.9620262634649,110.332716801945,46.9385073646974,114.326577927097,110.122277740527,119.541113440214,116.737752095748
"164",41.7268920698875,103.831799043044,55.6101259928875,114.796699712999,99.664949472481,88.8424470764933,91.9128903583396
"165",51.0966943573158,67.8809764260063,55.0298193824775,0,0,0,0
"166",67.2318821897165,97.1421662785957,75.6432982924456,110.647286315554,116.273588378702,104.088754718607,102.975246824514
"167",46.6070252669713,81.628608699973,45.1517394074851,90.8572419573901,90.0147127612614,92.1378460039307,91.7958352844745
"168",0,0,0,0,0,0,0
"169",55.2413057973195,88.9489112383762,57.5101010162794,100.489547287206,92.2429622382786,90.9597010589714,100.716559448177
"170",55.2926373941444,85.7855979300378,54.284623423582,88.0689123527122,77.0174629471141,74.7197257410863,80.7061841103999
"171",41.986491543314,82.5442659097341,45.0469857038856,91.3503505689646,70.3008136374072,81.0537985478217,103.677751129819
"172",59.615452506339,129.273393482599,69.8388215087804,122.62029425675,131.773521732703,135.753948080602,133.773166865299
"173",57.5118181259931,54.7299000304001,59.0117075733814,70.8915489458044,74.9592057225314,63.7829587593145,34.4384662072599
"174",0,0,4.44119150136926,0,0,0,0
"175",70.2303523880619,0,80.4480221174145,0,0,0,0
"176",43.9557979753159,79.6261751879591,47.8633388900659,88.1409969373254,82.0148754875404,92.8182330279746,81.8828305592645
"177",55.7039348684443,82.079625954319,58.1779164802004,125.60058476225,89.2455884639035,109.024636912534,89.2455024176306
"178",64.2777857672406,101.393118820722,65.0294883335045,91.7831765868305,83.7219894887153,83.4454476644055,97.8369807747536
"179",54.1421942105408,81.2634839222164,52.5942842344655,93.4265399435932,80.9522396935867,99.236541990735,93.6192720582573
"180",53.1051542731905,99.1075894673054,51.9358613163813,104.803748706366,96.8094778588067,105.784343337857,111.904557064434
"181",54.1994422006501,75.097887474013,54.4512501188655,68.4884695134518,85.0627964241818,69.7386923647351,71.5660751001385
"182",48.1936948121901,69.8164114074397,45.5136154642105,101.560583207038,76.0886483371023,87.6032801439071,107.15008853634
"183",46.1349724567394,72.931600615543,43.730286908878,91.1815228125988,74.48985524312,76.740265345651,96.3474979610576
"184",46.5672154319187,91.410012632636,50.7301803880007,97.3751598334473,99.3318599568285,109.464242221071,76.7360957734118
"185",41.9632006934968,80.8458696355702,45.7143385969689,95.8394913151122,86.8202233050681,96.0797052649922,105.292185176811
"186",47.9958789698188,87.4598602510286,49.7699648265206,81.600546213436,82.142075133238,94.3595447572581,119.766228167547
"187",50.8009481194594,72.8673208087873,48.1823088916502,83.2795628729077,85.3837669852654,89.3823438601286,92.4364556507437
"188",42.5930054996169,89.223069103936,55.6362565946389,78.835721982815,95.0825734111853,75.8535856536358,98.801496771846
"189",52.2385286619644,66.3034590943165,45.5480399120929,71.8151751870098,70.4264644095085,60.1401288322323,66.9398516153325
"190",0,0,0,0,0,0,0
"191",53.9521560156251,80.6950981193558,56.8563079852353,95.9616753506492,97.5684701910291,92.0471901241595,74.1279656810505
"192",44.6222093107788,74.7982508706638,47.9825910736382,88.4809198372101,104.215329688808,74.4324025221117,84.0411668763393
"193",49.109360040143,87.698289407938,55.8954138313335,76.5285163564073,72.7200200857444,66.9295008554865,89.5817930962912
"194",54.0905380964073,89.3237898835827,52.7648375051857,112.573559877662,81.716221769642,85.2086914143757,96.4957388591887
"195",61.6105581020255,0,65.4190906577634,0,0,0,0
"196",65.3792840592902,113.186371159337,63.9211191151495,103.591456217904,128.284413813935,90.1960805224643,113.713269305299
"197",56.5008615345637,72.569474269373,56.7087301776616,81.4304685654972,100.977439590409,81.7805076923115,92.0323981699946
"198",44.3537107899623,76.0436848022873,54.6161537460979,96.8031309139978,101.896201928759,95.6944524619289,108.660792986642
"199",41.8289598032332,102.560929507813,53.9182757080612,88.9546062604211,85.2352814348279,96.7629283175608,90.8197319758634
"200",0,0,0,0,0,0,0
"201",47.1440382940453,102.610346907549,53.4077508534244,94.030933508188,91.8055015238426,104.499747115554,107.052682733929
"202",61.3424161960625,92.5703380064937,61.4744494446119,88.8592395166087,92.7748753685103,96.6125739065556,101.114275162291
"203",51.9232671464041,85.0882427635103,52.3137295331744,77.8746336684323,86.1739262885509,85.2487782023193,69.5008931774914
"204",64.3555303398993,89.4528208629606,68.6578694011203,107.658017249612,100.593346102766,91.5912197834407,96.0660937980755
"205",58.4538997304248,106.887819693358,58.5909496576526,113.104309852793,114.965290444874,102.068729309792,113.356460956276
"206",0,0,0,0,0,0,0
"207",38.7720324431651,79.1995899158791,48.2707697813599,98.2168828602696,86.5199371229028,94.2170895926308,99.6838615467523
"208",53.5327036328285,101.129478827834,58.4690868739823,122.249045005421,103.315122820881,95.6422884143059,118.096395665294
"209",50.6272179124952,106.624235959287,57.8002326983513,110.047263045241,103.157379252107,115.484845345442,110.845106021288
"210",47.6795505601851,102.476219002311,64.7609593980109,101.116196517119,108.746907059026,110.481695174375,111.026747752835
"211",46.6290059596823,149.864706013112,58.4341143308177,135.121231816572,144.22459204563,141.72578594099,137.784247497756
"212",45.7090436544426,73.4612014103687,46.7241340569633,74.4047131617715,70.4891397355275,79.1489592755998,64.7315552810255
"213",52.551659903192,83.361175535635,59.3794590128101,71.3897789887651,80.3205039332269,75.8459889022014,90.6638158551432
"214",44.4553017015461,95.6654400389077,55.8605146650041,111.400629003469,113.057424321969,94.6091315140374,107.163437714111
"215",45.1798748885777,75.2628510903595,45.358149205508,76.1993856422276,70.7216968599821,96.2929859435977,75.2135858317243
"216",0,0,0,0,0,0,0
"217",65.4702724245981,87.8701161579578,73.0284107344748,104.837468318026,99.5332113093072,88.3289074697465,99.4098425029285
"218",43.5829570240854,35.0974000640416,46.4404637765761,40.7423849957325,48.8738670134013,44.9699669107423,33.9799726902892
"219",56.8715824098042,95.9788447318693,57.9065825456857,121.409072520285,119.037420514144,126.866156626745,128.395823838139
"220",42.4839689225029,105.613613132647,50.8110369215044,101.729197373044,98.704373679653,130.856687716909,89.6884528749765
"221",51.7885296687944,0,58.1382760947149,0,0,0,0
"222",52.9010760110512,95.0737627639276,54.9450893648038,105.773220933144,89.8718653123407,80.2440838522776,92.4667865716718
"223",50.2145544595212,90.4040615280824,53.5595998612186,100.389981252435,103.461534582025,94.5662907522048,98.5913455937469
"224",47.8325130932396,104.172806064961,46.4676485458249,109.200229968325,111.023993659117,98.2414784413901,116.954665994753
"225",0,0,0,0,0,0,0
"226",0,0,0,0,0,0,0
"227",44.1787186022821,107.184025187887,41.7851548972142,105.084935277542,119.213408355487,90.7708041316568,115.306736681009
"228",48.451246191385,60.2619095552086,44.9033000418017,58.377741099784,53.9487734633683,76.4642012043326,64.9592773484325
"229",0,0,0,0,0,0,0
"230",45.3548357029276,101.050407301432,47.3979803051487,99.1878829926364,99.6779042097633,89.8390411108834,79.7237359710829
"231",42.8348108953229,98.616594851885,50.499191939423,108.582217622113,113.187922305633,128.618179512904,95.8900498329287
"232",44.6751520570603,70.3002344229408,45.8789491130497,74.535121574508,60.1284276203929,60.9758434571242,86.8365734533609
"233",34.6764067265475,66.1872714779455,37.7299761626903,83.7938122476759,94.5385922952224,71.9193739430777,86.3852066670735
"234",54.0928991141835,98.7101446962396,55.0833861898638,92.4921989658379,85.7580818381065,103.032654177875,105.145513443329
"235",0,0,3.76822641641391,0,0,0,0
"236",48.2091762922746,114.199561149174,58.94142507044,118.197533046194,96.4516168278319,103.243966923347,105.217994025918
"237",42.8368125425873,48.3030006880807,43.2784819921476,56.3449796333761,55.2465728701876,62.2498383920088,60.5435420184729
"238",56.3282207050617,85.1815393530937,58.149807608839,80.9346239875341,95.4473470026891,100.835884066313,98.7490261427605
"239",48.1065352468279,70.4197228070202,58.1389975271119,88.3801672688894,79.5693194903302,65.5835693995295,79.2658062957113
"240",49.5173975499776,106.984311842779,53.5517812036468,97.1751913190558,87.7715446058042,105.8650763801,96.508052794752
"241",50.0638738046236,69.0759777903745,47.7614459308168,68.4279554353081,73.1508686489551,82.5594054952271,90.2247511247189
"242",0,0,0,0,0,0,0
"243",56.2126758742196,78.463884316182,53.1796140719508,82.9351404527977,85.4175888155642,79.3157566196994,77.3553391666168
"244",48.6386530947641,0,56.8006525415104,0,0,0,0
"245",72.7535410981581,0,69.4201285390403,0,0,0,0
"246",0,0,0,0,0,0,0
"247",58.7854550437716,103.386088377241,51.3353333475602,92.7016240986421,105.527833684136,113.790397509399,110.694033699115
"248",50.0369872968491,100.343414629372,54.2611964814533,115.720627945162,106.390276274808,97.032468459883,133.617776416055
"249",41.1533569757202,59.9617680092313,51.1751732065257,76.5619828629422,73.6290786480103,77.3828950540152,71.4368664169735
"250",0,0,0,0,0,0,0
"251",37.4075531189316,93.7403821699208,48.5288478832915,83.3275862313036,94.9840587925025,107.857022735593,82.7260972240324
"252",0,0,0,0,0,0,0
"253",59.2122970630009,141.217050263453,63.3446790113794,140.472201731032,141.212275560819,130.119461061829,127.652486964459
"254",52.7366508837936,99.4548059979506,50.5884485302876,80.312663367842,92.7109095090529,85.0216168824297,85.9495081048538
"255",52.1690488943027,56.9112029068756,48.2568277675067,81.2333514439403,82.262935599262,99.1094867180539,77.5949114052978
"256",51.4843769224603,98.4221428652,49.555147515282,113.47874880778,129.090151451237,115.344616327651,99.077284289427
"257",38.1412711021167,69.8443002689006,42.933797148421,82.047799952726,95.7716303615457,82.2579798215194,74.2853165106962
"258",0,0,0,0,0,0,0
"259",73.6258688068788,82.4884074689665,69.353471852725,91.5100625385359,92.9024437190741,89.0009402350012,105.697346230559
"260",52.4062334995007,94.4701861256705,51.073099608265,92.6950932111536,95.0621617761053,97.9231533762212,86.1562782091222
"261",66.5697566873233,128.345487928138,73.5174775209587,109.117080665688,117.988949394486,110.408360853379,126.302635170485
"262",51.5669807631334,77.5928456947609,57.4087043538399,77.5073863139871,90.8594085147428,81.5807010325259,80.3002945589342
"263",59.3330413718825,97.714382080662,60.7745111638999,92.1399253572241,89.652420160209,95.2213921561673,102.033611615753
"264",0,0,13.2118334382435,0,0,0,0
"265",54.6861049738631,88.7801888767206,56.786860681887,99.2234200998221,102.056162146145,87.2145192348689,82.3267670828471
"266",51.2783965657698,76.0202852234176,59.5297042323747,89.6094666899959,91.846038606915,64.1450330310709,89.794584547871
"267",49.4257860181044,0,45.6779614775246,0,0,0,0
"268",0,0,0,0,0,0,0
"269",52.398438930201,82.6123589001608,51.2014118885614,93.6817885657229,67.4912748076352,71.9498367409046,91.4394598260272
"270",51.2884395460216,88.3492536322908,54.3938111123432,79.7915520086347,90.7938386180632,77.9154344806399,91.2848996838476
"271",46.7491526600555,88.8485281949826,51.2472776764688,97.9750307516462,95.0713243629548,80.1094111688471,88.0641073952985
"272",52.2644703764726,91.4909431964185,56.6189921515765,88.1727384583614,86.5414724968078,68.1919444407326,110.122786579668
"273",51.4972752803626,79.4547488521894,53.4995224813214,90.519964099238,91.8759188870229,106.403169663254,82.726696652426
"274",68.0952619159448,106.835101044143,69.0365451641898,110.790933049271,95.3230443633772,104.578270306234,117.069623230794
"275",0,0,0,0,0,0,0
"276",49.6101760985743,78.2287495107493,53.175904964723,87.7404627897609,83.251869563067,90.0947172240908,78.2788886130258
"277",55.8001459776323,87.2927827240662,52.5041177474658,84.433167563718,82.2542110101254,85.0356418526873,108.46833982324
"278",54.326818664756,113.639880873823,54.689621674258,127.433716176414,122.920697317842,127.769979502183,110.112556223996
"279",53.1853131320198,60.4092211269346,58.0765966102068,63.8479599539029,66.2604768041028,62.2746372060534,64.2598272143587
"280",42.6509303659278,66.7822356841984,48.5976463770656,73.1736126742711,83.561359979334,68.3838889772539,90.7033609123989
"281",0,0,1.59811340869731,0,0,0,0
"282",0,0,0,0,0,0,0
"283",0,0,0,0,0,0,0
"284",44.547031694852,73.6149364200754,45.0875009919837,75.847552733201,82.429180733502,75.8353494543497,71.6664435816105
"285",54.9065039682532,88.8918727529982,58.9022560406098,96.5083317263645,89.7534378349533,86.4294205135701,106.116200521235
"286",0,0,1.83763597161244,0,0,0,0
"287",40.7773536743112,100.234067780207,44.9090075994728,100.634675780975,101.657912765483,99.4389416099945,98.2269053418095
"288",50.6790430790294,74.0077215314938,49.7817075268688,97.2294740057782,85.9784722348949,45.125197333463,70.7894671966343
"289",51.1062501237621,76.8256661068439,52.1032136407438,60.6643757079274,68.7817468692282,78.3553137368708,58.6628869961847
"290",42.6078609935337,81.1624113222818,46.7461393735598,98.0990559607855,82.0754254519826,92.2714286731498,70.142099949841
"291",0,0,0,0,0,0,0
"292",0,0,0,0,0,0,0
"293",58.9494005088195,94.2000137022991,60.0586190814287,101.253293007102,101.392671398548,112.49953812847,95.1750232320057
"294",0,0,3.1308836450843,0,0,0,0
"295",0,0,0,0,0,0,0
"296",38.3997906679895,77.7308248229849,52.9998136016535,87.0746025309595,89.7729784127539,79.1734144247128,58.9993839464976
"297",43.3177764809197,83.9591059193605,53.2027593873205,85.9646083020875,88.8478615620038,96.4176397210475,82.127444999793
"298",49.561051806445,78.6050726907258,49.2216318394676,72.1957894840275,87.9556498121881,86.6566502676258,81.1778217848247
"299",8.48696744000342,0,0,0,0,0,0
"300",0,0,2.54580549323249,0,0,0,0
"301",0,0,0,0,0,0,0
"302",54.2607667374795,101.318635362993,56.7581687364775,100.182088184367,100.258610393004,89.0907695665198,98.152645957511
"303",46.0905824485815,99.6764288942863,50.5792265408898,116.134881467057,116.463708699612,120.962713274922,90.9020445273886
"304",61.5150056145648,95.946434238323,66.0368811897854,99.4105229508842,88.8094749168492,93.6512956906238,92.6818935774089
"305",43.7603959769626,64.5162377877917,43.5112504848134,55.8955980968433,70.7461727921277,82.9104687435668,69.6996749968887
"306",64.3456466920928,122.585171640568,75.0070699295631,113.430750053362,121.641591232711,129.072717359424,123.776312423823
"307",41.7359752731466,81.8414698053534,59.2707273063087,90.5721103215247,67.4179049589706,49.0115436540281,83.7853088913181
"308",50.187814307975,78.9352721159,57.2855829138742,114.649895602407,102.249831985196,104.532209901015,95.0240788575699
"309",62.5213635834692,141.869654060763,66.1983619501818,149.487225103482,152.243560016161,142.888088371704,141.342359995081
"310",52.4392166921578,47.4735115136156,50.9566918090511,74.8865189479218,72.7793718025455,70.7672225975939,72.4650795567019
"311",52.7534549271599,73.7721770585753,54.5262193598424,85.6481234898573,91.5457043783908,65.6795186236648,71.8305473361794
"312",50.2029241460625,101.011584025622,53.9949704391674,110.270347870686,113.3111105696,118.366645238037,124.114001454361
"313",50.6514503164972,60.7544990324923,55.6878058569258,67.3039248040881,71.6521102285499,64.8147863983052,79.8281417848006
"314",71.9518016671777,98.4735641806299,73.5119070257298,100.031472226313,94.8449694058775,114.521046350112,103.462052241988
"315",50.5409844113401,85.3997266256949,56.1269697900596,85.814776408024,82.5214364429326,88.3732952778325,92.1337301331787
"316",51.4051997401413,95.4407275785686,58.389658468023,96.485630687234,98.1246207355029,82.9045598797163,120.837608324475
"317",47.7621450855491,0,46.8467511083277,0,0,0,0
"318",40.1730443871831,60.8467862696868,45.8183932818656,64.748735170509,70.197463267393,78.8821276632716,70.3023127836539
"319",44.6139974092964,65.5331399030091,51.2471853930494,84.8433398314392,89.2461150754186,94.3493347691601,85.6134341275482
"320",0,0,0,0,0,0,0
"321",45.2644669553364,74.6606019638813,56.3477562209025,89.6066192400704,90.7640030710879,93.9107911480233,89.4702210734941
"322",70.9435508441505,98.348894463161,72.2832140047891,109.081023639242,133.368467076825,116.036445355228,139.103523507679
"323",50.0972703099007,83.1699263676338,60.0157699521998,79.7287035040562,86.4702385371495,92.727217335667,80.4450145299648
"324",51.2407242773143,111.296646088118,53.2612664534483,109.133794237955,94.6482727120276,0,87.3455901592787
"325",0,0,0,0,0,0,0
"326",49.4893272263187,83.8284953355029,50.3628559318488,136.529803321109,144.414926177678,145.140787512054,128.388341561978
"327",57.6341654969736,0,59.5782535870488,0,0,0,0
"328",49.4787835154467,119.313357420246,51.9231578248529,144.450984738655,133.483778978188,129.523433890843,146.291582753482
"329",51.6145582207784,98.066259099125,54.3442026712597,81.9502220926464,90.4186908589953,117.517014800446,102.884621810979
"330",50.9248450287849,80.7506941208062,56.8271903782969,93.7245345368256,82.2260422677828,104.303941294341,84.7122671238925
"331",47.8862828449132,95.4811987047415,38.0679010190686,83.9651270070517,104.80373584002,103.261391972769,101.807525871194
"332",56.8630473566576,105.133917980262,62.3909041336913,114.355780570685,132.983538505623,95.3876421053962,106.328917391233
"333",56.1629457957844,91.6384234742132,61.0619464421241,109.506762100223,132.279133596151,83.7542130632769,111.146879162869
"334",40.0842082512398,108.41190631867,50.5798845009249,119.730818021574,131.386676508977,132.707704185746,132.93563485478
"335",62.4699736936017,86.4049630581211,69.5893607206717,105.27147260459,94.4991302940211,82.786261125992,94.6171775209977
"336",56.5749687544073,103.085634552659,60.2961517815291,114.23822075096,119.264370261435,136.3866372376,129.440591079919
"337",49.1281801932564,92.1755498760617,48.0186519972489,105.891645309849,85.468665718885,101.103222531676,100.50845161456
"338",42.0853439145152,75.729552348508,48.7244814814411,66.0580492189429,74.7986110242262,109.466968553108,79.2302223425441
"339",41.2867894270549,65.9434276369138,50.5196236410008,72.4591889112378,74.6273944588922,71.356972794544,83.5022309734615
"340",50.7067323929862,111.950314188956,60.3154376933615,107.517098827615,107.304258604622,115.710011667997,114.972741476702
"341",0,0,3.23318235684272,0,0,0,0
"342",49.6041563647617,81.3493462699278,46.0124877907978,78.5874967944946,92.0304174822015,104.531057805694,117.049313584076
"343",53.998469800298,86.0647967091897,55.0239876997672,89.3734787826344,80.1777082284348,77.7159973903384,85.177918059712
"344",48.3380455998561,78.7006937557432,52.3603382520049,87.679914835455,94.2378803664938,85.9277281514074,91.527465697473
"345",48.1178302993157,76.1884181526454,52.2164922698284,95.6430087819738,84.7844769476368,85.5024890778244,91.8238750042216
"346",0,0,0,0,0,0,0
"347",56.7674728539925,90.3532074700713,68.2789366911722,104.805787697665,89.0392294535335,95.8697920800345,95.1020865462822
"348",53.1380625483077,85.8528793601405,59.0706642278939,69.9954787482917,80.367449578303,78.7050360307036,89.5988402777596
"349",53.2868758340901,90.9391702545076,55.1353773570054,89.9453863141584,91.6684002593304,129.728282966384,87.5626088049034
"350",49.2385033808442,75.8062357366323,57.7128932288681,83.5236705919876,83.6020158384893,78.7044748594121,75.062232519618
"351",72.1024422476902,88.5872516025972,75.3897612319504,111.388773045571,111.522424362441,95.6938364623217,109.996179278516
"352",48.6084326485544,78.9252073297573,51.4976659775043,66.2645762232582,81.3517705555497,83.8033486609767,80.8912416200143
"353",55.9344688087726,81.2176305108782,57.2672256150363,82.8278810544068,80.6997783767967,83.7914729846828,74.6475205893924
"354",45.9494899407749,99.4613010878896,42.5741607234429,93.5343591175102,106.51073306465,103.61206256062,93.0698491463988
"355",56.9960847726219,82.2258294871645,62.4560890489884,82.0766051944142,86.4788415582661,76.7312308370357,84.4567541143712
"356",48.9776444916886,87.7430143336107,51.5019682033588,98.7691517117968,112.842705852214,115.110968926247,106.317642452642
"357",55.0289795358257,115.806805660289,52.4076933925434,114.227924498436,111.18000680916,107.124971150466,125.340764804282
"358",52.7739565437835,87.3827006527775,51.6333543807115,73.8903972533393,99.5021079719122,59.1895047289465,70.390479798139
"359",46.3531157308001,77.3013533378748,56.1844037905521,86.7019838662005,95.0189619715993,88.1163019724398,75.5866234078395
"360",51.5057793934502,112.400085406212,61.2055270125372,120.892089261154,117.702614632,113.949601248381,134.918802036405
"361",50.8547614255107,58.9280070905355,44.453731806952,73.6693731217932,66.6488367427964,58.5877467933262,90.8867350351451
"362",50.92996329245,80.18272279539,49.5540740685747,80.1402272295075,93.4753570205227,70.6266005948556,88.4442388476332
"363",54.9467506774048,89.4912261257262,62.7825780754591,94.7523255941611,93.6603291444512,83.3721560882223,80.1711595380694
"364",57.0808425659745,129.234353696423,64.5349337575946,119.167554555429,116.194548347462,122.834951047898,121.332369136127
"365",0,0,0,0,0,0,0
"366",0,0,0,0,0,0,0
"367",51.1712284314508,79.8251923633014,48.3272857635998,80.7292156117131,100.741379151502,79.2294869880915,75.5048347396345
"368",43.0624594244832,55.4743612012908,55.7339149196585,83.8395785318579,70.3905609709904,55.5725512507739,58.4677848919358
"369",44.9737160577844,111.474795666245,53.4084977232909,105.423795371645,103.510050212034,101.102034894272,108.079613198484
"370",49.8314269544871,73.6298096270956,52.6362623841971,93.262278105233,86.7457224425443,92.0024931281228,109.506309524321
"371",44.2028771003888,78.2343572527147,50.7979343786863,90.7174330513783,94.5858352938663,79.2697347035654,92.3925715971463
"372",46.1344359009693,61.391947802193,44.3851777047649,76.6541911318548,66.8838492245336,88.8529225291285,79.3820236050719
"373",54.0563076923191,77.7208976112086,57.2850056531981,97.2522524860603,97.870833986042,84.7054653530401,93.3000171144088
"374",51.2300983441506,0,57.3416073698584,0,0,0,0
"375",51.6395304226623,0,53.5489606170157,0,0,0,0
"376",52.7160966686961,0,51.9559498585002,0,0,0,53.4993070349848
"377",46.2600240235378,103.088012140498,51.6629857739805,94.2486918724673,95.4392086221412,113.829132544219,83.5363338510919
"378",0,0,0,0,0,0,0
"379",45.6295717497798,108.622278487555,57.2378261995847,104.351574361527,104.362805976212,114.465813440074,90.8756160259959
"380",42.0503799728756,0,48.9049696480574,0,0,0,0
"381",0,0,0,0,0,0,0
"382",43.1359082484241,70.8154414255022,40.4184013110918,97.2982442474485,93.0601116660381,73.5190035786618,120.326600500448
"383",44.4898467801036,91.7419015774247,48.3581914580973,68.8560309193765,98.3136858341412,74.0746353559315,94.5925865194713
"384",50.1547285159177,77.6771350279097,60.5263224942971,71.2838188747921,76.8858597158156,84.6410206333993,74.2963745182823
"385",0,0,0,0,0,0,0
"386",0,0,0,0,0,0,0
"387",0,0,0,0,0,0,0
"388",42.0709004823581,66.9213011252072,48.8216864873555,60.8984552934775,67.2868274709508,88.3743154139453,81.2572793148019
"389",47.6309071062176,74.6429531748941,52.2938122255908,82.8979223736808,93.7526208296367,104.243779552607,69.6773120785394
"390",64.5197755855298,81.8574294608936,72.4028181918101,97.2767269651324,86.8446054912291,102.229593251024,99.5744334873768
"391",57.8317347915845,81.6752059906455,58.136000295517,89.7029550495835,79.2961745022048,85.2776821051159,87.5470631831449
"392",45.3156588149644,69.6836768091149,47.1899249953546,68.0279310344939,69.2447557314112,61.8439632094621,93.19482765516
"393",57.5164466573137,82.5218284988111,58.7726774206561,90.1126676680182,86.6127884287259,89.8850419992563,70.1819180226257
"394",57.3501018086451,88.8100064290474,60.617744018964,99.730912390504,83.9654891849604,93.083425182156,115.577654729743
"395",53.2790688972601,71.0056555156753,59.2316632933745,81.9300349833704,77.1253616372116,84.1769798974256,96.930724611542
"396",50.4985910652571,84.1579872666215,49.2956364713378,84.6187554433646,76.5027207354155,57.7091194474241,86.0313354009545
"397",49.5666265312325,62.5838942039233,42.3040960078105,76.5445196801706,84.8388206520785,67.0291014356383,81.6783763093214
"398",53.2748063375965,82.2573799778338,60.3377787354513,79.7167314294716,82.1360883670754,69.3324519987333,66.3922243629443
"399",55.857794579255,0,58.6609865258185,0,0,0,0
"400",42.588601211615,109.466518002497,50.3277702009343,80.6367671917657,88.5972377680747,120.748229214003,94.9368747638244
"401",49.5582554073546,91.6558378260434,51.1036056243869,89.9852755568725,83.4439752373414,107.327521611436,87.7293419050974
"402",55.548476474938,74.7706829909938,62.9792430687727,83.3891843698557,83.2973272236523,99.6570027187465,111.670914324349
"403",50.9524598930608,111.221112271912,53.2975733607487,110.745573617558,143.004054544744,119.530614359902,113.466295031009
"404",46.8451477686777,83.3937150638671,58.4328721049306,100.510502657521,83.8444738872286,61.3026278093324,94.9812856869093
"405",48.5254482332831,77.2639804010486,55.1467409108882,70.3486650768554,82.2246974446189,104.600826818851,61.0672738848476
"406",57.3766869863115,97.9291819161075,57.5763823608226,104.358404650327,101.182810060157,100.306977296528,82.9158007331299
"407",60.493314109111,89.4109480796147,68.1661386197562,69.9924817593724,74.1215663445861,79.822501041508,87.9841569139981
"408",59.5381278998665,78.9593561719646,55.9554163212469,74.6117775789644,91.2687635419828,89.023253159555,95.4567796383392
"409",54.2327760315183,68.0642254092355,56.9179797105851,64.0686946457151,68.5236335774334,77.6342752634916,93.0225220113724
"410",0,0,0,0,0,0,0
"411",0,0,0,0,0,0,0
"412",0,0,0,0,0,0,0
"413",58.9308998860919,77.521718945583,64.9618192099169,107.110183680798,97.0358892850332,82.4779863552207,86.0642143476438
"414",55.1165983560814,0,61.8965693201635,0,0,0,0
"415",43.5023028445138,86.2173619772008,53.8938327182439,86.8770062703258,91.2513430470847,99.1510458873284,96.5534980227055
"416",40.3052350670059,75.1788310556224,42.0163199921119,71.8918014386935,72.6825869811017,73.4053325227575,66.9974921739063
"417",46.6845503384139,66.0860563971477,47.5395354214413,90.1973202493483,81.8800850868022,81.5090353250571,114.361998977467
"418",46.3697814425365,90.9011412811996,51.5987683536773,102.993905878478,84.271856150426,87.1163867620675,72.037289000457
"419",49.7197171364828,83.9321406792663,53.6367377688296,78.5089020917535,94.2073103145417,74.0877292480338,78.6220382576508
"420",53.528086372403,125.128547174275,62.2918214390379,116.489942518125,116.13661097918,135.730862121893,131.551325954155
"421",0,0,0,0,0,0,0
"422",48.4420836388271,81.0592094265493,54.755919417654,91.7603510723625,99.7856441281293,90.0053194310835,76.4231185716278
"423",53.2483191408459,86.9113350749578,54.3265532719166,85.7828379302165,76.0597068463539,68.8515548297091,73.6924804452222
"424",50.3541547446105,106.799954631904,56.8720796777338,91.155079244229,109.321659776577,87.9382659128611,101.241940678166
"425",42.1804520441962,67.3039422237757,47.6355371661356,88.3972886615944,94.2628106742927,67.1168183506167,79.7347855460071
"426",45.0232352717733,93.0405527299882,40.3104961671001,79.682266577365,96.2101372047005,89.1287541739589,91.0849212502761
"427",58.0416791181219,100.416308763921,64.5919166635041,101.119194902954,98.4537565262814,114.098190297159,103.979686700035
"428",44.9015773718621,58.684434240745,45.6726296958983,70.2203472214323,61.767737171907,66.6417157888879,68.4351030446605
"429",57.4294851462347,96.8949747737592,69.8403723021948,117.546779947941,110.546289750634,108.630089924021,118.555723777732
"430",48.5885595154306,86.609019586882,55.4864664138795,84.6298148804237,90.5376362503506,97.3357941600951,85.6992060210551
"431",50.3021324547969,81.5517295706121,54.2289080295361,94.7520836445882,75.8513444794938,71.978871929432,100.882478591348
"432",51.316314323828,75.2791664653427,65.4831105019497,69.5397946855987,60.7723785174745,85.9042076512484,69.9780115406642
"433",53.3844205389975,71.11164797409,54.1785570571177,121.021328485525,111.540317367355,108.521021819366,116.421886560737
"434",0,0,0,0,0,0,0
"435",54.0314263346841,92.4754171323615,50.4556280559932,89.4321821640161,97.765289879976,80.8963274865849,71.6601480320845
"436",50.1622328688827,82.3518087161301,54.9644254496392,95.8302266139762,82.8200323051825,77.5513722790381,82.9746331697611
"437",47.6513640722856,60.0599240972859,46.4588785363566,70.1403501242761,82.4690174400803,102.287831925691,67.8618190829525
"438",59.7250447415068,104.537293541625,58.9388400529847,112.375120207941,115.921891260443,100.52718609499,137.272692464384
"439",39.700852823475,84.4939248700869,55.2109551038004,126.885207365169,90.5293724557534,109.127475412214,99.699553319535
"440",54.5752848216007,87.2808284956449,57.3471238561965,93.1258033988022,89.2545930680431,84.9141545305176,91.8715788720182
"441",49.8888946612392,99.1354147702038,48.0054263649592,103.833932285647,109.059368211618,106.192156736742,127.399753422633
"442",80.3110135312961,112.455655379609,83.3724795959849,114.111503104967,121.417496638291,96.4427000665342,133.020399020339
"443",49.5837228236683,106.346224106585,49.1653178600121,110.34233862422,100.023347135513,94.7896468849479,113.729150903564
"444",47.522944476638,98.6467862958076,52.7478515479862,111.217427523222,109.320876462729,130.95625157377,104.31927153265
"445",43.8425123917303,74.3187954166563,51.2155691794769,71.7055390135754,69.0943588814009,71.2444165687832,74.9944383058651
"446",48.9459193322352,85.4540471413282,50.9320180823875,90.0490025197089,82.4708774677199,88.5139509260006,88.7162864394644
"447",0,0,0,0,0,0,0
"448",0,0,0,0,0,0,0
"449",46.5526727949336,80.5154144692534,52.5722422970315,85.6731771338861,85.6640101439007,73.2259779988534,86.7117764306061
"450",49.7842647584282,85.1315786572076,58.8480149546825,84.0109200604368,78.6672593089824,94.2735002720099,102.832035282015
"451",43.092318965042,72.5626181861824,54.24944932441,79.4085677684637,80.9975193501773,85.7101425706713,71.1898722151322
"452",45.4318370097832,103.521119313748,53.9829896836777,98.7264338140279,94.0639271979221,94.7740768919853,99.405377376446
"453",59.8215058499023,98.534585164762,58.0146696664819,106.298179534461,102.724348751198,56.3108434657628,111.463872274961
"454",68.3411431793051,89.5369989501915,69.3231325923121,100.221637886202,93.5837759418023,81.8894583349845,108.887884589971
"455",55.0186589776741,96.5720339858478,52.7158537419236,102.973247511947,96.0624981223775,110.54513527077,60.6104126913261
"456",45.41223206766,81.4200685709435,48.138163350429,86.0330954822392,92.0854883708039,78.7820202834483,78.1776710263788
"457",63.1816981115509,92.0659600673164,61.7137114717874,97.4162183009696,95.2660927197542,91.0761030347986,97.4238836811516
"458",58.6417045657239,87.5387362580521,54.238190785238,110.960532723978,125.640124560719,116.052480338775,112.790559620387
"459",44.575938530968,65.7442006172886,46.6956015640293,78.9841452316442,71.0990527764843,86.3570089676892,87.5385741205907
"460",49.8629207458988,87.9597064756693,55.5384259262817,93.1973083137818,93.6095156489351,86.2824260490848,64.2494181025131
"461",49.1446732031065,101.626710244701,59.1975355268123,94.3933055862494,98.7782497874969,99.6158045204513,77.4113030338023
"462",0,0,0,0,0,0,0
"463",0,0,3.02547108542194,0,0,0,0
"464",54.1858236038841,103.895504258626,61.049333828842,108.171335732249,97.746160724348,101.791221362706,108.92447249347
"465",56.2508958197971,91.6643287364711,55.1437075386285,99.7304612055317,91.9608830353716,77.4624728275687,87.7313067569444
"466",0,0,0,0,0,0,0
"467",46.5759445795798,95.0608354603462,48.0032504615603,86.2585827950372,107.021669300613,94.1368590141523,99.4650510473127
"468",49.3377758062255,103.032848523253,55.9728072445022,117.322930893146,107.781773341837,114.91928650965,117.286017886939
"469",52.0172622540228,80.7386638559314,59.8736238485813,89.6248136820723,99.4889542288396,127.14751964951,89.4981726523173
"470",0,0,2.53037304364274,0,0,0,0
"471",55.0070481562858,77.6920926541217,63.6087259805902,102.038194572548,96.1098381722248,106.007729014987,91.2069327879433
"472",52.3066148926273,110.948163762355,52.0308274445145,131.677731916945,126.968722679068,106.385245515655,138.806632023266
"473",48.6386786888518,74.096645504392,50.4186581506828,84.8166273065345,89.4907605914412,87.4418277559947,67.3652315702696
"474",0,0,0,0,0,0,0
"475",50.7959457796624,93.2159457385782,48.6650784957702,107.312097345308,96.7296606793011,71.02106755701,89.273602952708
"476",50.4562411061328,52.7062166963892,57.5862002803539,85.7865592711221,77.5671616424116,80.5314221398852,84.6125470073842
"477",70.0376623955765,88.0540485645478,73.0485623712595,115.026850311044,98.3576654989699,101.08603346505,104.137445108859
"478",51.6598276223511,84.1758183080364,48.88576040828,89.8597691972549,93.0171433519235,89.4852770356244,87.266828266825
"479",0,0,0,0,0,0,0
"480",41.271883344516,76.3819345898,50.019363221131,87.7725910940133,88.93988395616,64.9498689227054,78.9353365393946
"481",0,0,0,0,0,0,0
"482",52.3906903128982,108.114147149003,52.2907025454801,106.016948798296,103.221370686611,128.913823847068,113.585974934785
"483",49.6138167270922,73.4482800549904,56.471193102001,81.7422186702311,80.3733350843048,81.9312747052122,86.252416146246
"484",62.1464371784178,110.555012272763,63.4267819021861,113.081341974582,114.229127842697,95.8243699705352,111.115555150774
"485",0,0,0,0,0,0,0
"486",44.9372400723806,77.3371725447929,46.6941485053025,75.9429873611634,74.7706868376742,80.0563183118894,81.0023450480784
"487",58.1784439249682,92.455025164714,67.1700128080581,132.116815997729,135.336301975513,112.092376114213,109.54595146387
"488",51.2642763841078,64.0728298991447,50.5527584210842,74.1327927116494,70.368253870956,84.9471543461944,84.1115443049216
"489",59.829249838186,80.9563591526821,58.7787218167036,93.7146603520305,97.2783930436734,100.050853897681,114.378753870098
"490",48.546685610881,88.5996545691342,52.1624196779746,98.7028559387361,114.289903933903,104.09026833156,114.366898858227
"491",47.6715248270343,0,48.1166022030897,0,0,0,74.0398476281718
"492",42.5382348734712,45.0962490917118,54.0335244112425,58.6945075631418,69.6342788139731,86.6079754850921,65.626540920512
"493",48.1510319742973,87.5748155593444,55.9185606718771,95.0004316350887,88.58292581842,97.6693707414752,91.4619445228627
"494",68.6045392900448,98.1540039098118,68.7452198863999,102.984359043875,107.621483035537,104.205026585332,109.537593734217
"495",47.4297911373289,103.458845638259,55.2751931335986,106.730320768928,91.0248931469137,100.427327922694,117.68832030752
"496",73.9713159904877,85.3837775661215,75.2943167738992,97.3310918988419,102.347115730276,113.466518517083,96.3497902429531
"497",0,0,0,0,0,0,0
"498",68.284691463537,135.19440997621,69.9180973933271,135.965987920199,132.152717294773,119.276472608758,141.037632756209
"499",0,0,0,0,0,0,0
"500",60.8067836541418,95.6096269160732,67.3626338043608,96.5206267639766,105.379582078847,95.3656241498097,93.8493556981047
