"time" "age1_orange.S" "age1_green.S" "age2_no_comorbid_orange.S" "age2_no_comorbid_green.S" "age2_comorbid_green.S" "age3_no_comorbid_green.S" "age3_comorbid_green.S" "age1_orange.E" "age1_green.E" "age2_no_comorbid_orange.E" "age2_no_comorbid_green.E" "age2_comorbid_green.E" "age3_no_comorbid_green.E" "age3_comorbid_green.E" "age1_orange.P" "age1_green.P" "age2_no_comorbid_orange.P" "age2_no_comorbid_green.P" "age2_comorbid_green.P" "age3_no_comorbid_green.P" "age3_comorbid_green.P" "age1_orange.A" "age1_green.A" "age2_no_comorbid_orange.A" "age2_no_comorbid_green.A" "age2_comorbid_green.A" "age3_no_comorbid_green.A" "age3_comorbid_green.A" "age1_orange.I" "age1_green.I" "age2_no_comorbid_orange.I" "age2_no_comorbid_green.I" "age2_comorbid_green.I" "age3_no_comorbid_green.I" "age3_comorbid_green.I" "age1_orange.H" "age1_green.H" "age2_no_comorbid_orange.H" "age2_no_comorbid_green.H" "age2_comorbid_green.H" "age3_no_comorbid_green.H" "age3_comorbid_green.H" "age1_orange.R" "age1_green.R" "age2_no_comorbid_orange.R" "age2_no_comorbid_green.R" "age2_comorbid_green.R" "age3_no_comorbid_green.R" "age3_comorbid_green.R" "age1_orange.D" "age1_green.D" "age2_no_comorbid_orange.D" "age2_no_comorbid_green.D" "age2_comorbid_green.D" "age3_no_comorbid_green.D" "age3_comorbid_green.D"
0 752 62 847 94 125 44 75 0 0 1 0 0 0 0 0 0 0 0 0 0 0 0 0 0 0 0 0 0 0 0 0 0 0 0 0 0 0 0 0 0 0 0 0 0 0 0 0 0 0 0 0 0 0 0 0 0
1.25600563263571 752 62 847 94 125 44 75 0 0 0 0 0 0 0 0 0 1 0 0 0 0 0 0 0 0 0 0 0 0 0 0 0 0 0 0 0 0 0 0 0 0 0 0 0 0 0 0 0 0 0 0 0 0 0 0 0
3.07951546597715 752 62 846 94 125 44 75 0 0 1 0 0 0 0 0 0 1 0 0 0 0 0 0 0 0 0 0 0 0 0 0 0 0 0 0 0 0 0 0 0 0 0 0 0 0 0 0 0 0 0 0 0 0 0 0 0
6.50922011390029 752 62 846 94 125 44 75 0 0 1 0 0 0 0 0 0 0 0 0 0 0 0 0 1 0 0 0 0 0 0 0 0 0 0 0 0 0 0 0 0 0 0 0 0 0 0 0 0 0 0 0 0 0 0 0 0
7.46169526371401 752 62 846 94 125 44 75 0 0 0 0 0 0 0 0 0 1 0 0 0 0 0 0 1 0 0 0 0 0 0 0 0 0 0 0 0 0 0 0 0 0 0 0 0 0 0 0 0 0 0 0 0 0 0 0 0
7.72023109048431 751 62 846 94 125 44 75 1 0 0 0 0 0 0 0 0 1 0 0 0 0 0 0 1 0 0 0 0 0 0 0 0 0 0 0 0 0 0 0 0 0 0 0 0 0 0 0 0 0 0 0 0 0 0 0 0
8.29966437324207 751 62 846 94 125 44 75 1 0 0 0 0 0 0 0 0 0 0 0 0 0 0 0 1 0 0 0 0 0 0 1 0 0 0 0 0 0 0 0 0 0 0 0 0 0 0 0 0 0 0 0 0 0 0 0 0
9.23695054211296 751 62 846 94 125 44 75 0 0 0 0 0 0 0 1 0 0 0 0 0 0 0 0 1 0 0 0 0 0 0 1 0 0 0 0 0 0 0 0 0 0 0 0 0 0 0 0 0 0 0 0 0 0 0 0 0
10.3114168143847 751 62 846 94 125 44 75 0 0 0 0 0 0 0 1 0 0 0 0 0 0 0 0 1 0 0 0 0 0 0 0 0 0 0 0 0 0 0 0 0 0 0 0 0 1 0 0 0 0 0 0 0 0 0 0 0
10.4041684956652 751 62 846 94 125 44 75 0 0 0 0 0 0 0 0 0 0 0 0 0 0 0 0 1 0 0 0 0 1 0 0 0 0 0 0 0 0 0 0 0 0 0 0 0 1 0 0 0 0 0 0 0 0 0 0 0
11.2833758064121 750 62 846 94 125 44 75 1 0 0 0 0 0 0 0 0 0 0 0 0 0 0 0 1 0 0 0 0 1 0 0 0 0 0 0 0 0 0 0 0 0 0 0 0 1 0 0 0 0 0 0 0 0 0 0 0
11.6522081972435 750 62 846 94 125 44 75 1 0 0 0 0 0 0 0 0 0 0 0 0 0 0 0 1 0 0 0 0 0 0 0 0 0 0 0 0 0 0 0 0 0 0 1 0 1 0 0 0 0 0 0 0 0 0 0 0
13.3012813566066 750 62 846 94 125 44 75 0 0 0 0 0 0 0 1 0 0 0 0 0 0 0 0 1 0 0 0 0 0 0 0 0 0 0 0 0 0 0 0 0 0 0 1 0 1 0 0 0 0 0 0 0 0 0 0 0
13.3290582862055 750 62 846 94 125 44 75 0 0 0 0 0 0 0 0 0 0 0 0 0 0 0 0 1 0 0 0 0 1 0 0 0 0 0 0 0 0 0 0 0 0 0 1 0 1 0 0 0 0 0 0 0 0 0 0 0
14.2696338028892 750 62 845 94 125 44 75 0 0 1 0 0 0 0 0 0 0 0 0 0 0 0 0 1 0 0 0 0 1 0 0 0 0 0 0 0 0 0 0 0 0 0 1 0 1 0 0 0 0 0 0 0 0 0 0 0
14.8059239380722 750 62 845 94 125 44 75 0 0 0 0 0 0 0 0 0 1 0 0 0 0 0 0 1 0 0 0 0 1 0 0 0 0 0 0 0 0 0 0 0 0 0 1 0 1 0 0 0 0 0 0 0 0 0 0 0
15.2371436266482 750 62 844 94 125 44 75 0 0 1 0 0 0 0 0 0 1 0 0 0 0 0 0 1 0 0 0 0 1 0 0 0 0 0 0 0 0 0 0 0 0 0 1 0 1 0 0 0 0 0 0 0 0 0 0 0
15.5315106314194 750 62 844 94 125 44 75 0 0 1 0 0 0 0 0 0 0 0 0 0 0 0 0 1 0 0 0 0 1 0 1 0 0 0 0 0 0 0 0 0 0 0 1 0 1 0 0 0 0 0 0 0 0 0 0 0
15.6266894774024 750 62 844 94 125 44 75 0 0 1 0 0 0 0 0 0 0 0 0 0 0 0 0 0 0 0 0 0 1 0 1 0 0 0 0 0 0 0 0 0 0 0 1 0 2 0 0 0 0 0 0 0 0 0 0 0
17.6375935626883 750 62 844 94 125 44 75 0 0 0 0 0 0 0 0 0 1 0 0 0 0 0 0 0 0 0 0 0 1 0 1 0 0 0 0 0 0 0 0 0 0 0 1 0 2 0 0 0 0 0 0 0 0 0 0 0
18.5222754093143 750 62 844 94 125 44 75 0 0 0 0 0 0 0 0 0 1 0 0 0 0 0 0 0 0 0 0 0 1 0 0 0 0 0 0 0 0 0 0 0 0 0 1 0 3 0 0 0 0 0 0 0 0 0 0 0
23.3975220104348 750 62 844 94 125 44 75 0 0 0 0 0 0 0 0 0 0 0 0 0 0 0 0 0 0 0 0 0 1 0 1 0 0 0 0 0 0 0 0 0 0 0 1 0 3 0 0 0 0 0 0 0 0 0 0 0
23.4214269258654 750 62 844 94 125 44 75 0 0 0 0 0 0 0 0 0 0 0 0 0 0 0 0 0 0 0 0 0 1 0 0 0 0 0 0 0 0 0 0 0 0 0 1 0 4 0 0 0 0 0 0 0 0 0 0 0
24.2163009100709 750 62 844 94 125 44 75 0 0 0 0 0 0 0 0 0 0 0 0 0 0 0 0 0 0 0 0 0 0 0 0 0 0 0 0 0 0 0 0 0 0 0 2 0 4 0 0 0 0 0 0 0 0 0 0 0
365 750 62 844 94 125 44 75 0 0 0 0 0 0 0 0 0 0 0 0 0 0 0 0 0 0 0 0 0 0 0 0 0 0 0 0 0 0 0 0 0 0 0 2 0 4 0 0 0 0 0 0 0 0 0 0 0
