"","age1_orange.D","age1_green.D","age2_no_comorbid_orange.D","age2_no_comorbid_green.D","age2_comorbid_green.D","age3_no_comorbid_green.D","age3_comorbid_green.D"
"1",6.91489361702128,4.80769230769231,8.84433962264151,9.59488272921109,26.3578274760383,13.6363636363636,54.9597855227882
"2",7.84574468085106,0,8.49056603773585,1.06609808102345,0,2.27272727272727,0
"3",7.04787234042553,0,7.19339622641509,0,0,0,0
"4",8.6436170212766,8.01282051282051,8.84433962264151,8.52878464818763,26.3578274760383,22.7272727272727,52.2788203753351
"5",7.4468085106383,6.41025641025641,7.66509433962264,6.39658848614073,23.1629392971246,22.7272727272727,49.597855227882
"6",7.71276595744681,4.80769230769231,9.08018867924528,10.6609808102345,27.1565495207668,18.1818181818182,44.2359249329759
"7",0,0,0,0,0,0,0
"8",7.71276595744681,6.41025641025641,8.9622641509434,8.52878464818763,29.5527156549521,15.9090909090909,53.6193029490617
"9",6.91489361702128,0,8.37264150943396,0,0,0,0
"10",7.18085106382979,8.01282051282051,6.72169811320755,6.39658848614073,21.5654952076677,25,44.2359249329759
"11",5.98404255319149,8.01282051282051,6.48584905660377,11.727078891258,30.3514376996805,25,48.2573726541555
"12",5.85106382978723,6.41025641025641,7.66509433962264,6.39658848614073,23.1629392971246,22.7272727272727,53.6193029490617
"13",6.38297872340426,12.8205128205128,9.08018867924528,6.39658848614073,26.3578274760383,15.9090909090909,56.3002680965147
"14",6.64893617021277,1.6025641025641,8.9622641509434,14.9253731343284,29.5527156549521,25,50.9383378016086
"15",8.37765957446809,3.20512820512821,7.54716981132075,11.727078891258,30.3514376996805,18.1818181818182,64.343163538874
"16",7.4468085106383,14.4230769230769,8.37264150943396,8.52878464818763,23.961661341853,6.81818181818182,44.2359249329759
"17",5.31914893617021,4.80769230769231,7.90094339622642,9.59488272921109,24.7603833865815,27.2727272727273,58.9812332439678
"18",7.18085106382979,0,8.25471698113208,0,0,0,0
"19",6.91489361702128,3.20512820512821,8.37264150943396,12.7931769722815,19.1693290734824,27.2727272727273,63.0026809651475
"20",0,0,0,0,0,0,0
"21",7.04787234042553,6.41025641025641,9.31603773584906,7.46268656716418,26.3578274760383,22.7272727272727,37.5335120643432
"22",6.38297872340426,11.2179487179487,8.72641509433962,8.52878464818763,21.5654952076677,18.1818181818182,45.5764075067024
"23",5.98404255319149,14.4230769230769,8.49056603773585,8.52878464818763,23.1629392971246,18.1818181818182,52.2788203753351
"24",6.91489361702128,8.01282051282051,9.66981132075472,9.59488272921109,29.5527156549521,15.9090909090909,46.916890080429
"25",0,0,0,0,0,0,0
"26",7.84574468085106,6.41025641025641,8.37264150943396,14.9253731343284,28.7539936102236,20.4545454545455,44.2359249329759
"27",0,0,0,0,0,0,0
"28",6.78191489361702,4.80769230769231,10.9669811320755,8.52878464818763,27.9552715654952,27.2727272727273,49.597855227882
"29",8.11170212765957,8.01282051282051,7.78301886792453,4.26439232409382,28.7539936102236,20.4545454545455,53.6193029490617
"30",6.11702127659574,3.20512820512821,8.0188679245283,4.26439232409382,28.7539936102236,18.1818181818182,40.2144772117963
"31",5.58510638297872,6.41025641025641,7.19339622641509,8.52878464818763,27.9552715654952,18.1818181818182,56.3002680965147
"32",7.18085106382979,0,7.31132075471698,0,0,0,2.68096514745308
"33",7.4468085106383,4.80769230769231,7.78301886792453,13.8592750533049,20.7667731629393,22.7272727272727,61.6621983914209
"34",0,0,0,0,0,0,0
"35",5.85106382978723,6.41025641025641,8.60849056603774,5.33049040511727,15.1757188498403,20.4545454545455,54.9597855227882
"36",4.38829787234043,4.80769230769231,9.7877358490566,8.52878464818763,33.5463258785942,15.9090909090909,54.9597855227882
"37",7.18085106382979,12.8205128205128,8.72641509433962,9.59488272921109,23.1629392971246,20.4545454545455,41.5549597855228
"38",7.84574468085106,8.01282051282051,9.90566037735849,4.26439232409382,23.961661341853,29.5454545454545,46.916890080429
"39",5.71808510638298,8.01282051282051,8.0188679245283,11.727078891258,19.9680511182109,13.6363636363636,52.2788203753351
"40",7.71276595744681,6.41025641025641,9.19811320754717,6.39658848614073,19.1693290734824,25,57.6407506702413
"41",0,0,0,0,0,0,0
"42",7.04787234042553,9.61538461538462,8.13679245283019,8.52878464818763,23.1629392971246,18.1818181818182,48.2573726541555
"43",0,0,0,0,0,0,0
"44",7.84574468085106,11.2179487179487,8.13679245283019,7.46268656716418,26.3578274760383,22.7272727272727,52.2788203753351
"45",0,0,0,0,0,0,0
"46",0,0,0,0,0,0,0
"47",0,0,0,0,0,0,0
"48",7.18085106382979,0,9.08018867924528,0,0,0,0
"49",7.04787234042553,4.80769230769231,8.49056603773585,11.727078891258,24.7603833865815,13.6363636363636,56.3002680965147
"50",7.18085106382979,0,9.66981132075472,0,0,0,0
"51",6.38297872340426,0,10.1415094339623,0,0,0,0
"52",9.04255319148936,8.01282051282051,8.9622641509434,7.46268656716418,26.3578274760383,22.7272727272727,52.2788203753351
"53",6.78191489361702,6.41025641025641,6.25,7.46268656716418,27.1565495207668,18.1818181818182,45.5764075067024
"54",6.64893617021277,6.41025641025641,7.66509433962264,5.33049040511727,27.1565495207668,25,61.6621983914209
"55",0,0,0,0,0,0,0
"56",8.11170212765957,12.8205128205128,8.25471698113208,7.46268656716418,21.5654952076677,22.7272727272727,45.5764075067024
"57",8.6436170212766,9.61538461538462,7.90094339622642,7.46268656716418,30.3514376996805,13.6363636363636,44.2359249329759
"58",5.0531914893617,4.80769230769231,10.7311320754717,7.46268656716418,27.1565495207668,15.9090909090909,61.6621983914209
"59",9.04255319148936,6.41025641025641,10.7311320754717,11.727078891258,31.9488817891374,15.9090909090909,50.9383378016086
"60",0,0,0,0,0,0,0
"61",0,0,0,0,0,0,0
"62",7.18085106382979,3.20512820512821,8.9622641509434,8.52878464818763,27.9552715654952,15.9090909090909,48.2573726541555
"63",6.25,4.80769230769231,8.25471698113208,10.6609808102345,24.7603833865815,22.7272727272727,54.9597855227882
"64",5.58510638297872,9.61538461538462,8.60849056603774,4.26439232409382,21.5654952076677,22.7272727272727,45.5764075067024
"65",7.04787234042553,0,7.66509433962264,0,0,0,0
"66",6.78191489361702,9.61538461538462,7.66509433962264,5.33049040511727,30.3514376996805,20.4545454545455,53.6193029490617
"67",6.91489361702128,0,9.7877358490566,9.59488272921109,30.3514376996805,25,44.2359249329759
"68",5.58510638297872,0,10.2594339622642,0,0,2.27272727272727,0
"69",7.57978723404255,6.41025641025641,8.13679245283019,10.6609808102345,26.3578274760383,18.1818181818182,48.2573726541555
"70",7.31382978723404,8.01282051282051,9.55188679245283,14.9253731343284,22.3642172523962,9.09090909090909,52.2788203753351
"71",0,0,0,0,0,0,0
"72",7.84574468085106,0,7.90094339622642,0,0,0,0
"73",7.4468085106383,8.01282051282051,8.72641509433962,9.59488272921109,23.1629392971246,13.6363636363636,34.8525469168901
"74",0,0,0,0,0,0,0
"75",7.31382978723404,3.20512820512821,7.54716981132075,10.6609808102345,22.3642172523962,20.4545454545455,45.5764075067024
"76",0,0,0,0,0,0,0
"77",6.38297872340426,3.20512820512821,8.49056603773585,8.52878464818763,24.7603833865815,18.1818181818182,44.2359249329759
"78",6.11702127659574,6.41025641025641,8.0188679245283,14.9253731343284,27.9552715654952,18.1818181818182,45.5764075067024
"79",7.71276595744681,0,6.95754716981132,0,0,0,0
"80",0,0,0,0,0,0,0
"81",6.78191489361702,0,8.72641509433962,0,0,0,0
"82",8.37765957446809,11.2179487179487,7.90094339622642,6.39658848614073,27.1565495207668,15.9090909090909,42.8954423592493
"83",6.51595744680851,3.20512820512821,6.48584905660377,4.26439232409382,32.7476038338658,25,48.2573726541555
"84",6.25,6.41025641025641,8.25471698113208,6.39658848614073,30.3514376996805,15.9090909090909,54.9597855227882
"85",7.31382978723404,8.01282051282051,8.72641509433962,9.59488272921109,23.1629392971246,20.4545454545455,54.9597855227882
"86",8.37765957446809,3.20512820512821,9.19811320754717,11.727078891258,22.3642172523962,4.54545454545455,49.597855227882
"87",7.04787234042553,9.61538461538462,9.66981132075472,10.6609808102345,23.961661341853,11.3636363636364,48.2573726541555
"88",0,0,0,0,0,0,0
"89",0,0,0,0,0,0,0
"90",6.25,0,6.48584905660377,0,0,0,0
"91",6.25,11.2179487179487,9.19811320754717,9.59488272921109,28.7539936102236,13.6363636363636,52.2788203753351
"92",0,0,0.117924528301887,0,0,0,0
"93",7.31382978723404,0,8.37264150943396,0,0,0,0
"94",7.4468085106383,1.6025641025641,8.60849056603774,10.6609808102345,31.1501597444089,29.5454545454545,58.9812332439678
"95",0,0,0,0,0,0,0
"96",6.64893617021277,8.01282051282051,10.7311320754717,9.59488272921109,25.5591054313099,27.2727272727273,58.9812332439678
"97",8.24468085106383,0,8.49056603773585,0,0.798722044728434,0,0
"98",5.31914893617021,0,8.60849056603774,0,0,0,0
"99",7.31382978723404,8.01282051282051,8.9622641509434,11.727078891258,29.5527156549521,22.7272727272727,33.5120643431635
"100",0,0,0,0,0,0,0
"101",7.04787234042553,11.2179487179487,8.0188679245283,6.39658848614073,27.9552715654952,27.2727272727273,50.9383378016086
"102",5.58510638297872,6.41025641025641,9.31603773584906,4.26439232409382,27.1565495207668,31.8181818181818,49.597855227882
"103",6.64893617021277,9.61538461538462,8.72641509433962,6.39658848614073,31.1501597444089,25,52.2788203753351
"104",0,0,0,0,0,0,0
"105",7.31382978723404,0,7.54716981132075,0,0,0,0
"106",6.11702127659574,11.2179487179487,7.78301886792453,11.727078891258,26.3578274760383,11.3636363636364,52.2788203753351
"107",5.71808510638298,12.8205128205128,6.72169811320755,6.39658848614073,21.5654952076677,11.3636363636364,53.6193029490617
"108",7.31382978723404,14.4230769230769,8.9622641509434,10.6609808102345,19.9680511182109,22.7272727272727,41.5549597855228
"109",6.51595744680851,6.41025641025641,7.42924528301887,9.59488272921109,19.9680511182109,25,36.1930294906166
"110",6.11702127659574,8.01282051282051,8.13679245283019,7.46268656716418,22.3642172523962,15.9090909090909,41.5549597855228
"111",7.4468085106383,6.41025641025641,7.31132075471698,6.39658848614073,23.1629392971246,13.6363636363636,40.2144772117963
"112",7.71276595744681,0,7.07547169811321,0,0,0,0
"113",7.04787234042553,8.01282051282051,7.66509433962264,11.727078891258,21.5654952076677,22.7272727272727,46.916890080429
"114",0,0,0,0,0,0,0
"115",7.57978723404255,0,8.0188679245283,0,0,0,0
"116",7.18085106382979,6.41025641025641,7.66509433962264,8.52878464818763,23.961661341853,18.1818181818182,53.6193029490617
"117",0,0,0,0,0,0,0
"118",6.11702127659574,11.2179487179487,7.42924528301887,8.52878464818763,24.7603833865815,25,58.9812332439678
"119",8.24468085106383,4.80769230769231,6.83962264150943,6.39658848614073,23.961661341853,18.1818181818182,56.3002680965147
"120",6.51595744680851,6.41025641025641,8.60849056603774,4.26439232409382,19.9680511182109,20.4545454545455,44.2359249329759
"121",8.90957446808511,8.01282051282051,8.49056603773585,9.59488272921109,29.5527156549521,18.1818181818182,34.8525469168901
"122",7.57978723404255,8.01282051282051,9.19811320754717,5.33049040511727,23.1629392971246,15.9090909090909,44.2359249329759
"123",7.4468085106383,0,8.37264150943396,0,0,0,0
"124",8.37765957446809,4.80769230769231,8.13679245283019,7.46268656716418,23.961661341853,15.9090909090909,50.9383378016086
"125",9.97340425531915,6.41025641025641,7.90094339622642,5.33049040511727,23.1629392971246,25,52.2788203753351
"126",6.64893617021277,0,9.08018867924528,0,0,0,0
"127",8.11170212765957,0,10.2594339622642,0,0.798722044728434,0,0
"128",6.51595744680851,12.8205128205128,7.90094339622642,8.52878464818763,23.961661341853,20.4545454545455,41.5549597855228
"129",8.11170212765957,12.8205128205128,7.07547169811321,4.26439232409382,26.3578274760383,20.4545454545455,60.3217158176944
"130",6.78191489361702,9.61538461538462,7.90094339622642,6.39658848614073,34.3450479233227,20.4545454545455,40.2144772117963
"131",8.11170212765957,8.01282051282051,9.90566037735849,8.52878464818763,23.1629392971246,20.4545454545455,37.5335120643432
"132",7.57978723404255,8.01282051282051,7.54716981132075,9.59488272921109,22.3642172523962,22.7272727272727,42.8954423592493
"133",7.71276595744681,8.01282051282051,7.07547169811321,4.26439232409382,26.3578274760383,29.5454545454545,41.5549597855228
"134",6.11702127659574,8.01282051282051,6.01415094339623,1.06609808102345,35.9424920127796,13.6363636363636,44.2359249329759
"135",6.11702127659574,4.80769230769231,7.90094339622642,7.46268656716418,19.1693290734824,15.9090909090909,28.1501340482574
"136",0,0,0,0,0,0,0
"137",7.04787234042553,11.2179487179487,7.66509433962264,6.39658848614073,27.9552715654952,13.6363636363636,48.2573726541555
"138",7.71276595744681,0,8.72641509433962,0,0,0,0
"139",7.97872340425532,4.80769230769231,9.19811320754717,7.46268656716418,27.9552715654952,25,45.5764075067024
"140",7.84574468085106,4.80769230769231,9.19811320754717,11.727078891258,22.3642172523962,25,58.9812332439678
"141",7.84574468085106,8.01282051282051,9.55188679245283,6.39658848614073,21.5654952076677,22.7272727272727,48.2573726541555
"142",6.38297872340426,4.80769230769231,8.13679245283019,10.6609808102345,27.9552715654952,15.9090909090909,44.2359249329759
"143",8.37765957446809,8.01282051282051,8.25471698113208,4.26439232409382,27.9552715654952,15.9090909090909,48.2573726541555
"144",6.38297872340426,8.01282051282051,10.1415094339623,9.59488272921109,20.7667731629393,20.4545454545455,53.6193029490617
"145",7.71276595744681,1.6025641025641,8.0188679245283,12.7931769722815,23.961661341853,27.2727272727273,48.2573726541555
"146",7.57978723404255,12.8205128205128,8.37264150943396,7.46268656716418,20.7667731629393,18.1818181818182,48.2573726541555
"147",7.71276595744681,0,8.49056603773585,0,0,0,0
"148",7.57978723404255,12.8205128205128,8.60849056603774,6.39658848614073,23.1629392971246,11.3636363636364,45.5764075067024
"149",5.98404255319149,4.80769230769231,8.13679245283019,8.52878464818763,27.1565495207668,13.6363636363636,63.0026809651475
"150",7.4468085106383,9.61538461538462,8.37264150943396,2.13219616204691,27.9552715654952,9.09090909090909,50.9383378016086
"151",7.97872340425532,12.8205128205128,11.0849056603774,9.59488272921109,21.5654952076677,11.3636363636364,54.9597855227882
"152",6.25,12.8205128205128,8.0188679245283,8.52878464818763,28.7539936102236,25,58.9812332439678
"153",7.04787234042553,3.20512820512821,9.66981132075472,9.59488272921109,26.3578274760383,27.2727272727273,48.2573726541555
"154",8.11170212765957,0,6.60377358490566,0,0,0,0
"155",8.6436170212766,4.80769230769231,10.0235849056604,7.46268656716418,21.5654952076677,20.4545454545455,50.9383378016086
"156",7.18085106382979,0,8.9622641509434,0,0,0,0
"157",7.4468085106383,0,10.0235849056604,0,0,0,0
"158",6.91489361702128,9.61538461538462,7.90094339622642,5.33049040511727,26.3578274760383,15.9090909090909,42.8954423592493
"159",7.18085106382979,0,10.8490566037736,0,0,0,0
"160",6.25,11.2179487179487,7.42924528301887,7.46268656716418,27.9552715654952,18.1818181818182,50.9383378016086
"161",8.77659574468085,1.6025641025641,7.54716981132075,8.52878464818763,18.370607028754,25,44.2359249329759
"162",7.57978723404255,0,8.9622641509434,0,0,0,0
"163",7.18085106382979,0,7.54716981132075,0,0,0,0
"164",8.6436170212766,9.61538461538462,7.31132075471698,9.59488272921109,20.7667731629393,15.9090909090909,56.3002680965147
"165",7.04787234042553,3.20512820512821,10.1415094339623,6.39658848614073,27.1565495207668,11.3636363636364,45.5764075067024
"166",7.57978723404255,6.41025641025641,8.0188679245283,11.727078891258,23.961661341853,9.09090909090909,50.9383378016086
"167",6.51595744680851,3.20512820512821,8.37264150943396,8.52878464818763,31.1501597444089,22.7272727272727,53.6193029490617
"168",8.77659574468085,14.4230769230769,7.54716981132075,5.33049040511727,30.3514376996805,22.7272727272727,44.2359249329759
"169",0,0,0,0,0,0,0
"170",0,0,0,0,0,0,0
"171",7.18085106382979,6.41025641025641,7.66509433962264,4.26439232409382,30.3514376996805,18.1818181818182,52.2788203753351
"172",0,0,0,0,0,0,0
"173",6.91489361702128,9.61538461538462,8.72641509433962,3.19829424307036,25.5591054313099,18.1818181818182,53.6193029490617
"174",0,0,0,0,0,0,0
"175",7.4468085106383,0,8.37264150943396,0,0,0,0
"176",6.91489361702128,8.01282051282051,8.25471698113208,6.39658848614073,25.5591054313099,18.1818181818182,57.6407506702413
"177",0,0,0,0,0,0,0
"178",0,0,0,0,0,0,0
"179",7.04787234042553,4.80769230769231,7.90094339622642,5.33049040511727,28.7539936102236,22.7272727272727,48.2573726541555
"180",0,0,0,0,0,0,0
"181",5.45212765957447,8.01282051282051,6.72169811320755,9.59488272921109,31.1501597444089,11.3636363636364,52.2788203753351
"182",0,0,0,0,0,0,0
"183",7.4468085106383,1.6025641025641,8.13679245283019,7.46268656716418,22.3642172523962,18.1818181818182,50.9383378016086
"184",6.91489361702128,3.20512820512821,7.90094339622642,6.39658848614073,26.3578274760383,22.7272727272727,42.8954423592493
"185",10.2393617021277,11.2179487179487,6.60377358490566,10.6609808102345,27.9552715654952,9.09090909090909,52.2788203753351
"186",8.77659574468085,0,9.31603773584906,0,0,0,0
"187",6.64893617021277,6.41025641025641,8.0188679245283,5.33049040511727,26.3578274760383,31.8181818181818,56.3002680965147
"188",0,0,0,0,0,0,0
"189",7.4468085106383,3.20512820512821,7.31132075471698,9.59488272921109,26.3578274760383,11.3636363636364,50.9383378016086
"190",6.91489361702128,9.61538461538462,8.49056603773585,19.1897654584222,27.9552715654952,34.0909090909091,57.6407506702413
"191",8.77659574468085,8.01282051282051,7.42924528301887,8.52878464818763,31.1501597444089,15.9090909090909,57.6407506702413
"192",7.97872340425532,0,7.66509433962264,0,0,0,0
"193",7.57978723404255,11.2179487179487,8.60849056603774,8.52878464818763,19.9680511182109,18.1818181818182,52.2788203753351
"194",6.78191489361702,6.41025641025641,9.43396226415094,4.26439232409382,23.1629392971246,15.9090909090909,56.3002680965147
"195",7.84574468085106,8.01282051282051,9.55188679245283,6.39658848614073,29.5527156549521,20.4545454545455,49.597855227882
"196",6.11702127659574,0,7.19339622641509,0,0,0,0
"197",0,0,0,0,0,0,0
"198",7.31382978723404,3.20512820512821,9.31603773584906,8.52878464818763,25.5591054313099,20.4545454545455,50.9383378016086
"199",7.18085106382979,6.41025641025641,8.0188679245283,8.52878464818763,31.9488817891374,20.4545454545455,49.597855227882
"200",0,0,0,0,0,0,0
"201",6.51595744680851,6.41025641025641,8.72641509433962,5.33049040511727,27.9552715654952,18.1818181818182,49.597855227882
"202",6.38297872340426,6.41025641025641,8.60849056603774,8.52878464818763,26.3578274760383,34.0909090909091,49.597855227882
"203",0,0,0,0,0,0,0
"204",7.84574468085106,4.80769230769231,9.19811320754717,5.33049040511727,19.9680511182109,25,44.2359249329759
"205",6.11702127659574,3.20512820512821,7.78301886792453,7.46268656716418,33.5463258785942,22.7272727272727,53.6193029490617
"206",0,0,0,0,0,0,0
"207",6.91489361702128,3.20512820512821,9.66981132075472,6.39658848614073,30.3514376996805,29.5454545454545,49.597855227882
"208",0,0,0,0,0,0,0
"209",8.24468085106383,11.2179487179487,9.31603773584906,5.33049040511727,26.3578274760383,27.2727272727273,53.6193029490617
"210",6.78191489361702,8.01282051282051,7.66509433962264,9.59488272921109,23.961661341853,29.5454545454545,41.5549597855228
"211",7.4468085106383,4.80769230769231,8.72641509433962,12.7931769722815,23.961661341853,18.1818181818182,56.3002680965147
"212",5.98404255319149,12.8205128205128,7.42924528301887,4.26439232409382,20.7667731629393,27.2727272727273,42.8954423592493
"213",7.18085106382979,0,7.66509433962264,0,0,2.27272727272727,0
"214",0,0,0,0,0,0,0
"215",7.71276595744681,9.61538461538462,8.37264150943396,5.33049040511727,19.1693290734824,31.8181818181818,50.9383378016086
"216",6.51595744680851,11.2179487179487,9.31603773584906,14.9253731343284,28.7539936102236,13.6363636363636,44.2359249329759
"217",0,0,0,0,0,0,0
"218",7.4468085106383,11.2179487179487,8.37264150943396,6.39658848614073,23.1629392971246,20.4545454545455,53.6193029490617
"219",0,0,0,0,0,0,0
"220",6.64893617021277,0,9.66981132075472,0,0,0,0
"221",0,0,0,0,0,0,0
"222",6.51595744680851,8.01282051282051,9.08018867924528,7.46268656716418,27.1565495207668,18.1818181818182,52.2788203753351
"223",6.91489361702128,0,8.37264150943396,0,0,0,0
"224",7.71276595744681,3.20512820512821,8.60849056603774,8.52878464818763,31.1501597444089,13.6363636363636,53.6193029490617
"225",6.25,8.01282051282051,7.31132075471698,5.33049040511727,24.7603833865815,22.7272727272727,38.8739946380697
"226",0,0,0.117924528301887,0,0,0,0
"227",8.24468085106383,8.01282051282051,6.83962264150943,4.26439232409382,27.9552715654952,18.1818181818182,53.6193029490617
"228",8.77659574468085,4.80769230769231,7.31132075471698,6.39658848614073,23.1629392971246,18.1818181818182,45.5764075067024
"229",0,0,0,0,0,0,0
"230",8.77659574468085,0,7.42924528301887,0,0,0,0
"231",9.30851063829787,0,8.60849056603774,0,0,0,0
"232",0,0,0,0,0,0,0
"233",7.97872340425532,4.80769230769231,7.90094339622642,7.46268656716418,26.3578274760383,20.4545454545455,48.2573726541555
"234",7.4468085106383,9.61538461538462,9.31603773584906,6.39658848614073,23.1629392971246,20.4545454545455,53.6193029490617
"235",6.78191489361702,0,7.19339622641509,0,0,0,0
"236",6.11702127659574,9.61538461538462,6.83962264150943,8.52878464818763,23.961661341853,27.2727272727273,52.2788203753351
"237",0,0,0,0,0,0,0
"238",6.64893617021277,6.41025641025641,8.13679245283019,7.46268656716418,23.1629392971246,22.7272727272727,44.2359249329759
"239",0,0,0,0,0,0,0
"240",7.71276595744681,1.6025641025641,8.60849056603774,19.1897654584222,31.1501597444089,11.3636363636364,37.5335120643432
"241",5.31914893617021,19.2307692307692,9.55188679245283,4.26439232409382,25.5591054313099,20.4545454545455,46.916890080429
"242",4.52127659574468,3.20512820512821,8.25471698113208,7.46268656716418,34.3450479233227,22.7272727272727,45.5764075067024
"243",8.11170212765957,9.61538461538462,10.2594339622642,10.6609808102345,20.7667731629393,18.1818181818182,44.2359249329759
"244",8.6436170212766,8.01282051282051,7.54716981132075,6.39658848614073,25.5591054313099,18.1818181818182,61.6621983914209
"245",7.31382978723404,3.20512820512821,8.13679245283019,6.39658848614073,31.1501597444089,20.4545454545455,48.2573726541555
"246",8.11170212765957,12.8205128205128,11.0849056603774,7.46268656716418,23.1629392971246,18.1818181818182,46.916890080429
"247",5.45212765957447,4.80769230769231,9.43396226415094,3.19829424307036,17.5718849840256,15.9090909090909,41.5549597855228
"248",0,0,0,0,0,0,0
"249",0,0,0,0,0,0,0
"250",0,0,0,0,0,0,0
"251",0,0,0,0,0,0,0
"252",7.4468085106383,8.01282051282051,9.43396226415094,8.52878464818763,22.3642172523962,20.4545454545455,56.3002680965147
"253",6.38297872340426,0,7.90094339622642,0,0,0,0
"254",7.57978723404255,3.20512820512821,7.31132075471698,5.33049040511727,25.5591054313099,18.1818181818182,45.5764075067024
"255",6.11702127659574,9.61538461538462,7.78301886792453,6.39658848614073,22.3642172523962,11.3636363636364,44.2359249329759
"256",7.57978723404255,8.01282051282051,8.37264150943396,7.46268656716418,26.3578274760383,20.4545454545455,60.3217158176944
"257",7.71276595744681,11.2179487179487,8.9622641509434,8.52878464818763,21.5654952076677,18.1818181818182,49.597855227882
"258",6.51595744680851,11.2179487179487,9.90566037735849,10.6609808102345,23.1629392971246,13.6363636363636,44.2359249329759
"259",7.31382978723404,0,8.13679245283019,0,0,0,0
"260",8.6436170212766,0,7.78301886792453,0,0,0,0
"261",9.70744680851064,4.80769230769231,7.66509433962264,9.59488272921109,23.961661341853,22.7272727272727,50.9383378016086
"262",5.45212765957447,0,7.42924528301887,0,0,0,0
"263",0,0,0,0,0,0,0
"264",8.51063829787234,3.20512820512821,5.54245283018868,8.52878464818763,24.7603833865815,18.1818181818182,44.2359249329759
"265",5.31914893617021,3.20512820512821,7.90094339622642,10.6609808102345,18.370607028754,18.1818181818182,52.2788203753351
"266",7.4468085106383,9.61538461538462,8.9622641509434,9.59488272921109,25.5591054313099,15.9090909090909,50.9383378016086
"267",0,0,0,0,0,0,0
"268",9.04255319148936,0,9.08018867924528,0,0,0,0
"269",0,0,0,0,0,0,0
"270",8.77659574468085,6.41025641025641,8.9622641509434,8.52878464818763,27.9552715654952,22.7272727272727,42.8954423592493
"271",7.31382978723404,8.01282051282051,7.54716981132075,6.39658848614073,23.1629392971246,13.6363636363636,37.5335120643432
"272",6.91489361702128,11.2179487179487,9.08018867924528,9.59488272921109,18.370607028754,22.7272727272727,49.597855227882
"273",7.04787234042553,6.41025641025641,8.9622641509434,6.39658848614073,29.5527156549521,13.6363636363636,41.5549597855228
"274",6.25,8.01282051282051,7.78301886792453,6.39658848614073,22.3642172523962,22.7272727272727,41.5549597855228
"275",7.57978723404255,0,8.0188679245283,0,0,0,0
"276",7.31382978723404,8.01282051282051,7.78301886792453,14.9253731343284,19.9680511182109,27.2727272727273,48.2573726541555
"277",0,0,0,0,0,0,0
"278",0,0,0,0,0,0,0
"279",6.51595744680851,3.20512820512821,8.60849056603774,10.6609808102345,25.5591054313099,27.2727272727273,56.3002680965147
"280",7.71276595744681,4.80769230769231,8.25471698113208,8.52878464818763,26.3578274760383,27.2727272727273,48.2573726541555
"281",8.51063829787234,4.80769230769231,9.31603773584906,11.727078891258,25.5591054313099,18.1818181818182,37.5335120643432
"282",0,0,0,0,0,0,0
"283",7.04787234042553,0,7.31132075471698,0,0,0,0
"284",6.64893617021277,4.80769230769231,8.37264150943396,5.33049040511727,24.7603833865815,25,50.9383378016086
"285",7.57978723404255,4.80769230769231,9.66981132075472,10.6609808102345,23.1629392971246,11.3636363636364,46.916890080429
"286",7.31382978723404,3.20512820512821,9.19811320754717,5.33049040511727,25.5591054313099,27.2727272727273,50.9383378016086
"287",6.91489361702128,9.61538461538462,8.37264150943396,9.59488272921109,26.3578274760383,15.9090909090909,52.2788203753351
"288",4.92021276595745,0,8.0188679245283,0,0,0,1.34048257372654
"289",0,0,0,0,0,0,0
"290",6.64893617021277,8.01282051282051,8.49056603773585,10.6609808102345,30.3514376996805,18.1818181818182,49.597855227882
"291",7.97872340425532,4.80769230769231,10.1415094339623,8.52878464818763,25.5591054313099,9.09090909090909,48.2573726541555
"292",7.31382978723404,9.61538461538462,8.0188679245283,11.727078891258,22.3642172523962,15.9090909090909,44.2359249329759
"293",7.57978723404255,6.41025641025641,8.60849056603774,4.26439232409382,19.9680511182109,20.4545454545455,42.8954423592493
"294",7.4468085106383,0,10.8490566037736,0,0,0,0
"295",5.31914893617021,4.80769230769231,9.66981132075472,12.7931769722815,29.5527156549521,18.1818181818182,40.2144772117963
"296",8.24468085106383,9.61538461538462,9.08018867924528,5.33049040511727,34.3450479233227,34.0909090909091,42.8954423592493
"297",7.84574468085106,3.20512820512821,9.19811320754717,11.727078891258,22.3642172523962,29.5454545454545,45.5764075067024
"298",6.91489361702128,1.6025641025641,8.25471698113208,6.39658848614073,28.7539936102236,22.7272727272727,41.5549597855228
"299",5.71808510638298,14.4230769230769,8.72641509433962,6.39658848614073,19.9680511182109,29.5454545454545,52.2788203753351
"300",6.78191489361702,8.01282051282051,8.9622641509434,7.46268656716418,19.1693290734824,22.7272727272727,48.2573726541555
"301",7.4468085106383,8.01282051282051,7.90094339622642,15.9914712153518,24.7603833865815,9.09090909090909,53.6193029490617
"302",6.38297872340426,9.61538461538462,6.48584905660377,14.9253731343284,24.7603833865815,18.1818181818182,40.2144772117963
"303",7.04787234042553,11.2179487179487,7.54716981132075,4.26439232409382,24.7603833865815,18.1818181818182,52.2788203753351
"304",0,0,0,0,0,0,0
"305",8.24468085106383,8.01282051282051,6.95754716981132,11.727078891258,30.3514376996805,20.4545454545455,53.6193029490617
"306",7.71276595744681,0,7.78301886792453,0,0,0,0
"307",5.98404255319149,14.4230769230769,9.31603773584906,9.59488272921109,22.3642172523962,20.4545454545455,49.597855227882
"308",6.11702127659574,16.025641025641,8.13679245283019,9.59488272921109,23.1629392971246,25,44.2359249329759
"309",7.18085106382979,9.61538461538462,9.43396226415094,5.33049040511727,26.3578274760383,18.1818181818182,45.5764075067024
"310",0,0,0,0,0,0,0
"311",6.11702127659574,4.80769230769231,7.07547169811321,9.59488272921109,25.5591054313099,20.4545454545455,53.6193029490617
"312",9.84042553191489,9.61538461538462,7.54716981132075,8.52878464818763,24.7603833865815,15.9090909090909,52.2788203753351
"313",7.71276595744681,0,9.19811320754717,0,0,0,0
"314",6.91489361702128,8.01282051282051,9.55188679245283,4.26439232409382,25.5591054313099,25,49.597855227882
"315",8.24468085106383,4.80769230769231,10.1415094339623,11.727078891258,27.1565495207668,13.6363636363636,40.2144772117963
"316",0,0,0,0,0,0,0
"317",6.51595744680851,6.41025641025641,8.60849056603774,8.52878464818763,25.5591054313099,13.6363636363636,46.916890080429
"318",6.25,11.2179487179487,8.84433962264151,6.39658848614073,27.1565495207668,6.81818181818182,54.9597855227882
"319",9.30851063829787,6.41025641025641,9.31603773584906,12.7931769722815,23.1629392971246,18.1818181818182,34.8525469168901
"320",7.57978723404255,0,7.42924528301887,0,0,0,0
"321",8.24468085106383,6.41025641025641,9.7877358490566,6.39658848614073,27.1565495207668,25,38.8739946380697
"322",6.64893617021277,11.2179487179487,6.83962264150943,10.6609808102345,27.9552715654952,22.7272727272727,60.3217158176944
"323",0,0,0,0,0,0,0
"324",6.25,1.6025641025641,7.31132075471698,9.59488272921109,20.7667731629393,20.4545454545455,48.2573726541555
"325",0,0,0.117924528301887,0,0,0,0
"326",0,0,0,0,0,0,0
"327",8.11170212765957,6.41025641025641,7.78301886792453,11.727078891258,27.1565495207668,9.09090909090909,46.916890080429
"328",0,0,0,0,0,0,0
"329",8.6436170212766,1.6025641025641,9.08018867924528,13.8592750533049,28.7539936102236,20.4545454545455,50.9383378016086
"330",0,0,0,0,0,0,0
"331",7.84574468085106,1.6025641025641,8.84433962264151,2.13219616204691,22.3642172523962,18.1818181818182,46.916890080429
"332",5.58510638297872,8.01282051282051,8.60849056603774,11.727078891258,18.370607028754,20.4545454545455,42.8954423592493
"333",7.57978723404255,9.61538461538462,9.19811320754717,4.26439232409382,31.1501597444089,9.09090909090909,49.597855227882
"334",8.24468085106383,6.41025641025641,7.07547169811321,6.39658848614073,23.961661341853,13.6363636363636,56.3002680965147
"335",8.77659574468085,6.41025641025641,9.19811320754717,6.39658848614073,23.1629392971246,6.81818181818182,54.9597855227882
"336",0,0,0,0,0,0,0
"337",0,0,0,0,0,0,0
"338",8.11170212765957,0,7.90094339622642,0,0,0,0
"339",6.78191489361702,1.6025641025641,8.49056603773585,8.52878464818763,27.9552715654952,18.1818181818182,46.916890080429
"340",7.4468085106383,3.20512820512821,9.19811320754717,10.6609808102345,31.9488817891374,20.4545454545455,44.2359249329759
"341",8.6436170212766,11.2179487179487,8.25471698113208,6.39658848614073,27.1565495207668,22.7272727272727,44.2359249329759
"342",5.31914893617021,6.41025641025641,8.13679245283019,11.727078891258,21.5654952076677,20.4545454545455,60.3217158176944
"343",6.78191489361702,8.01282051282051,8.84433962264151,10.6609808102345,30.3514376996805,25,54.9597855227882
"344",6.78191489361702,0,8.49056603773585,0,0,0,0
"345",5.71808510638298,6.41025641025641,10.0235849056604,8.52878464818763,15.9744408945687,13.6363636363636,48.2573726541555
"346",6.91489361702128,3.20512820512821,8.49056603773585,4.26439232409382,23.961661341853,20.4545454545455,46.916890080429
"347",6.25,12.8205128205128,8.9622641509434,7.46268656716418,26.3578274760383,11.3636363636364,49.597855227882
"348",5.45212765957447,11.2179487179487,6.72169811320755,2.13219616204691,27.1565495207668,25,46.916890080429
"349",0,0,0,0,0,0,0
"350",7.97872340425532,9.61538461538462,8.13679245283019,7.46268656716418,27.1565495207668,15.9090909090909,50.9383378016086
"351",6.51595744680851,4.80769230769231,8.49056603773585,3.19829424307036,29.5527156549521,22.7272727272727,53.6193029490617
"352",7.71276595744681,3.20512820512821,8.37264150943396,6.39658848614073,20.7667731629393,4.54545454545455,50.9383378016086
"353",7.4468085106383,1.6025641025641,9.7877358490566,1.06609808102345,27.1565495207668,13.6363636363636,50.9383378016086
"354",6.38297872340426,3.20512820512821,8.0188679245283,6.39658848614073,24.7603833865815,25,40.2144772117963
"355",7.18085106382979,8.01282051282051,8.84433962264151,8.52878464818763,26.3578274760383,15.9090909090909,40.2144772117963
"356",8.6436170212766,0,10.1415094339623,0,0.798722044728434,0,0
"357",0,0,0,0,0,0,0
"358",7.18085106382979,11.2179487179487,5.77830188679245,11.727078891258,34.3450479233227,20.4545454545455,58.9812332439678
"359",5.31914893617021,6.41025641025641,8.60849056603774,8.52878464818763,31.1501597444089,18.1818181818182,44.2359249329759
"360",6.91489361702128,6.41025641025641,7.66509433962264,3.19829424307036,30.3514376996805,15.9090909090909,48.2573726541555
"361",0,0,0.117924528301887,0,0,0,0
"362",8.51063829787234,9.61538461538462,7.90094339622642,7.46268656716418,27.1565495207668,11.3636363636364,48.2573726541555
"363",8.11170212765957,11.2179487179487,10.0235849056604,7.46268656716418,31.1501597444089,13.6363636363636,42.8954423592493
"364",7.84574468085106,0,9.90566037735849,0,0,0,0
"365",6.25,6.41025641025641,8.49056603773585,4.26439232409382,27.9552715654952,22.7272727272727,52.2788203753351
"366",7.31382978723404,8.01282051282051,7.54716981132075,4.26439232409382,23.1629392971246,15.9090909090909,49.597855227882
"367",7.4468085106383,6.41025641025641,7.42924528301887,12.7931769722815,22.3642172523962,20.4545454545455,45.5764075067024
"368",6.64893617021277,11.2179487179487,8.0188679245283,8.52878464818763,23.961661341853,9.09090909090909,57.6407506702413
"369",6.91489361702128,4.80769230769231,8.0188679245283,7.46268656716418,23.1629392971246,11.3636363636364,53.6193029490617
"370",8.11170212765957,3.20512820512821,9.55188679245283,8.52878464818763,23.961661341853,18.1818181818182,40.2144772117963
"371",0,0,0,0,0,0,0
"372",6.78191489361702,6.41025641025641,9.08018867924528,10.6609808102345,19.9680511182109,15.9090909090909,50.9383378016086
"373",6.51595744680851,11.2179487179487,6.83962264150943,13.8592750533049,22.3642172523962,15.9090909090909,52.2788203753351
"374",7.84574468085106,1.6025641025641,8.37264150943396,6.39658848614073,32.7476038338658,15.9090909090909,44.2359249329759
"375",5.58510638297872,3.20512820512821,7.90094339622642,11.727078891258,24.7603833865815,25,61.6621983914209
"376",8.6436170212766,6.41025641025641,9.31603773584906,7.46268656716418,32.7476038338658,9.09090909090909,45.5764075067024
"377",0,0,0,0,0,0,0
"378",6.91489361702128,3.20512820512821,9.08018867924528,13.8592750533049,29.5527156549521,25,54.9597855227882
"379",8.24468085106383,6.41025641025641,7.90094339622642,10.6609808102345,22.3642172523962,22.7272727272727,45.5764075067024
"380",6.25,1.6025641025641,8.72641509433962,7.46268656716418,34.3450479233227,20.4545454545455,53.6193029490617
"381",6.51595744680851,8.01282051282051,6.95754716981132,7.46268656716418,25.5591054313099,15.9090909090909,45.5764075067024
"382",5.71808510638298,0,7.90094339622642,0,0,0,0
"383",8.37765957446809,12.8205128205128,8.9622641509434,3.19829424307036,31.9488817891374,25,40.2144772117963
"384",7.4468085106383,4.80769230769231,7.42924528301887,9.59488272921109,22.3642172523962,22.7272727272727,48.2573726541555
"385",0,0,0,0,0,0,0
"386",5.71808510638298,0,9.31603773584906,0,0,0,0
"387",6.64893617021277,0,8.49056603773585,0,0.798722044728434,0,0
"388",6.64893617021277,0,8.13679245283019,0,0,0,1.34048257372654
"389",6.51595744680851,9.61538461538462,7.07547169811321,7.46268656716418,19.9680511182109,15.9090909090909,53.6193029490617
"390",0,0,0,0,0,0,0
"391",7.18085106382979,6.41025641025641,9.31603773584906,9.59488272921109,22.3642172523962,6.81818181818182,40.2144772117963
"392",7.4468085106383,0,9.55188679245283,0,0,0,0
"393",7.04787234042553,17.6282051282051,8.84433962264151,3.19829424307036,25.5591054313099,20.4545454545455,46.916890080429
"394",7.4468085106383,1.6025641025641,8.25471698113208,11.727078891258,22.3642172523962,20.4545454545455,42.8954423592493
"395",6.51595744680851,3.20512820512821,6.25,2.13219616204691,27.9552715654952,20.4545454545455,57.6407506702413
"396",7.18085106382979,0,7.54716981132075,0,0,0,0
"397",7.04787234042553,11.2179487179487,8.72641509433962,7.46268656716418,24.7603833865815,25,49.597855227882
"398",0,0,0,0,0,0,0
"399",6.11702127659574,9.61538461538462,7.19339622641509,9.59488272921109,24.7603833865815,18.1818181818182,58.9812332439678
"400",7.04787234042553,11.2179487179487,8.84433962264151,2.13219616204691,19.9680511182109,29.5454545454545,41.5549597855228
"401",5.31914893617021,8.01282051282051,8.37264150943396,6.39658848614073,23.961661341853,27.2727272727273,50.9383378016086
"402",0,0,0,0,0,0,0
"403",6.78191489361702,0,8.25471698113208,6.39658848614073,25.5591054313099,25,45.5764075067024
"404",6.38297872340426,6.41025641025641,7.66509433962264,1.06609808102345,23.1629392971246,15.9090909090909,48.2573726541555
"405",7.4468085106383,8.01282051282051,7.66509433962264,8.52878464818763,27.1565495207668,22.7272727272727,48.2573726541555
"406",7.04787234042553,6.41025641025641,8.0188679245283,8.52878464818763,22.3642172523962,18.1818181818182,48.2573726541555
"407",7.04787234042553,6.41025641025641,8.49056603773585,10.6609808102345,33.5463258785942,13.6363636363636,49.597855227882
"408",0,0,0,0,0,0,0
"409",0,0,0,0,0,0,0
"410",0,0,0,0,0,0,0
"411",8.6436170212766,11.2179487179487,9.31603773584906,7.46268656716418,23.1629392971246,20.4545454545455,45.5764075067024
"412",7.18085106382979,8.01282051282051,10.1415094339623,10.6609808102345,27.1565495207668,34.0909090909091,48.2573726541555
"413",7.31382978723404,6.41025641025641,7.31132075471698,6.39658848614073,29.5527156549521,22.7272727272727,54.9597855227882
"414",5.98404255319149,3.20512820512821,8.25471698113208,5.33049040511727,19.1693290734824,15.9090909090909,53.6193029490617
"415",8.77659574468085,11.2179487179487,8.13679245283019,7.46268656716418,32.7476038338658,13.6363636363636,40.2144772117963
"416",0,0,0,0,0,0,0
"417",7.04787234042553,3.20512820512821,7.19339622641509,9.59488272921109,31.9488817891374,22.7272727272727,46.916890080429
"418",0,0,0,0,0,0,0
"419",6.91489361702128,11.2179487179487,8.0188679245283,5.33049040511727,25.5591054313099,25,50.9383378016086
"420",7.18085106382979,0,8.25471698113208,0,0,0,0
"421",7.84574468085106,8.01282051282051,7.54716981132075,7.46268656716418,23.961661341853,18.1818181818182,40.2144772117963
"422",7.18085106382979,3.20512820512821,7.31132075471698,9.59488272921109,20.7667731629393,20.4545454545455,48.2573726541555
"423",7.4468085106383,6.41025641025641,9.43396226415094,8.52878464818763,29.5527156549521,11.3636363636364,61.6621983914209
"424",0.132978723404255,0,0,0,0,0,0
"425",9.30851063829787,0,8.13679245283019,0,0,0,0
"426",7.57978723404255,8.01282051282051,8.37264150943396,6.39658848614073,16.7731629392971,20.4545454545455,44.2359249329759
"427",8.90957446808511,4.80769230769231,8.49056603773585,8.52878464818763,27.1565495207668,13.6363636363636,38.8739946380697
"428",0,0,0,0,0,0,0
"429",5.71808510638298,0,8.84433962264151,0,0,0,0
"430",6.91489361702128,8.01282051282051,8.9622641509434,12.7931769722815,26.3578274760383,15.9090909090909,49.597855227882
"431",6.11702127659574,6.41025641025641,8.37264150943396,10.6609808102345,24.7603833865815,34.0909090909091,41.5549597855228
"432",7.4468085106383,4.80769230769231,7.66509433962264,10.6609808102345,23.961661341853,22.7272727272727,64.343163538874
"433",0,0,0,0,0,0,0
"434",5.71808510638298,8.01282051282051,6.25,5.33049040511727,23.1629392971246,18.1818181818182,41.5549597855228
"435",6.78191489361702,12.8205128205128,7.90094339622642,6.39658848614073,31.9488817891374,22.7272727272727,53.6193029490617
"436",6.51595744680851,3.20512820512821,8.0188679245283,4.26439232409382,30.3514376996805,22.7272727272727,49.597855227882
"437",7.04787234042553,4.80769230769231,6.95754716981132,9.59488272921109,13.5782747603834,11.3636363636364,41.5549597855228
"438",7.71276595744681,9.61538461538462,7.54716981132075,6.39658848614073,26.3578274760383,29.5454545454545,58.9812332439678
"439",8.90957446808511,6.41025641025641,7.42924528301887,11.727078891258,26.3578274760383,25,48.2573726541555
"440",6.91489361702128,0,8.84433962264151,0,0,0,2.68096514745308
"441",8.6436170212766,3.20512820512821,7.42924528301887,11.727078891258,37.5399361022364,22.7272727272727,57.6407506702413
"442",7.18085106382979,3.20512820512821,6.83962264150943,9.59488272921109,23.961661341853,34.0909090909091,52.2788203753351
"443",8.24468085106383,0,9.19811320754717,0,0,0,0
"444",8.11170212765957,3.20512820512821,7.42924528301887,11.727078891258,32.7476038338658,29.5454545454545,57.6407506702413
"445",0,0,0.117924528301887,0,0,0,0
"446",0,0,0,0,0,0,0
"447",6.91489361702128,9.61538461538462,8.0188679245283,5.33049040511727,25.5591054313099,25,54.9597855227882
"448",7.04787234042553,0,7.90094339622642,1.06609808102345,0,0,0
"449",8.51063829787234,8.01282051282051,10.9669811320755,11.727078891258,32.7476038338658,9.09090909090909,52.2788203753351
"450",5.58510638297872,9.61538461538462,7.31132075471698,9.59488272921109,31.1501597444089,31.8181818181818,42.8954423592493
"451",6.91489361702128,9.61538461538462,10.1415094339623,8.52878464818763,28.7539936102236,27.2727272727273,45.5764075067024
"452",6.64893617021277,8.01282051282051,8.9622641509434,7.46268656716418,19.9680511182109,13.6363636363636,41.5549597855228
"453",8.37765957446809,8.01282051282051,9.55188679245283,4.26439232409382,25.5591054313099,20.4545454545455,40.2144772117963
"454",7.4468085106383,11.2179487179487,9.43396226415094,11.727078891258,22.3642172523962,13.6363636363636,42.8954423592493
"455",0,0,0.117924528301887,0,0,0,0
"456",0,0,0,0,0,0,0
"457",8.24468085106383,8.01282051282051,8.25471698113208,7.46268656716418,22.3642172523962,13.6363636363636,53.6193029490617
"458",6.64893617021277,0,8.49056603773585,0,0,0,0
"459",0,0,0,0,0,0,0
"460",6.25,12.8205128205128,9.66981132075472,6.39658848614073,33.5463258785942,18.1818181818182,41.5549597855228
"461",7.18085106382979,8.01282051282051,8.84433962264151,13.8592750533049,25.5591054313099,18.1818181818182,53.6193029490617
"462",5.98404255319149,0,7.19339622641509,0,0,0,0
"463",7.31382978723404,0,8.25471698113208,0,0,0,0
"464",8.90957446808511,8.01282051282051,9.66981132075472,5.33049040511727,33.5463258785942,31.8181818181818,52.2788203753351
"465",7.31382978723404,1.6025641025641,8.84433962264151,7.46268656716418,23.961661341853,27.2727272727273,42.8954423592493
"466",6.11702127659574,4.80769230769231,6.83962264150943,9.59488272921109,22.3642172523962,18.1818181818182,48.2573726541555
"467",7.04787234042553,3.20512820512821,8.9622641509434,2.13219616204691,28.7539936102236,15.9090909090909,57.6407506702413
"468",8.24468085106383,0,8.0188679245283,0,0,0,0
"469",7.18085106382979,8.01282051282051,8.25471698113208,8.52878464818763,31.9488817891374,29.5454545454545,53.6193029490617
"470",7.31382978723404,0,8.49056603773585,0,0,0,0
"471",7.04787234042553,4.80769230769231,7.54716981132075,3.19829424307036,26.3578274760383,25,41.5549597855228
"472",8.77659574468085,14.4230769230769,8.9622641509434,6.39658848614073,26.3578274760383,20.4545454545455,46.916890080429
"473",7.97872340425532,0,8.13679245283019,0,0,0,0
"474",8.11170212765957,0,7.31132075471698,10.6609808102345,23.1629392971246,20.4545454545455,45.5764075067024
"475",7.57978723404255,6.41025641025641,8.84433962264151,10.6609808102345,30.3514376996805,22.7272727272727,49.597855227882
"476",6.51595744680851,8.01282051282051,10.0235849056604,9.59488272921109,30.3514376996805,20.4545454545455,50.9383378016086
"477",7.71276595744681,8.01282051282051,9.55188679245283,8.52878464818763,31.1501597444089,20.4545454545455,46.916890080429
"478",7.18085106382979,8.01282051282051,8.84433962264151,3.19829424307036,23.1629392971246,20.4545454545455,36.1930294906166
"479",5.0531914893617,11.2179487179487,9.08018867924528,12.7931769722815,22.3642172523962,31.8181818181818,50.9383378016086
"480",6.25,9.61538461538462,8.60849056603774,11.727078891258,27.9552715654952,15.9090909090909,49.597855227882
"481",8.90957446808511,3.20512820512821,7.78301886792453,8.52878464818763,27.1565495207668,20.4545454545455,38.8739946380697
"482",8.11170212765957,6.41025641025641,7.19339622641509,17.0575692963753,21.5654952076677,18.1818181818182,40.2144772117963
"483",0,0,0,0,0,0,0
"484",8.11170212765957,8.01282051282051,8.0188679245283,15.9914712153518,27.1565495207668,11.3636363636364,44.2359249329759
"485",6.64893617021277,0,10.377358490566,0,0,0,0
"486",7.04787234042553,4.80769230769231,7.78301886792453,6.39658848614073,25.5591054313099,18.1818181818182,46.916890080429
"487",0,0,0,0,0,0,0
"488",0,0,0,0,0,0,0
"489",0,0,0,0,0,0,0
"490",7.31382978723404,0,8.49056603773585,0,0,0,0
"491",4.92021276595745,9.61538461538462,8.0188679245283,11.727078891258,24.7603833865815,11.3636363636364,38.8739946380697
"492",0,0,0.117924528301887,0,0,0,0
"493",0,0,0,0,0,0,0
"494",0,0,0,0,0,0,0
"495",8.6436170212766,9.61538461538462,7.54716981132075,12.7931769722815,30.3514376996805,15.9090909090909,50.9383378016086
"496",7.31382978723404,0,8.60849056603774,0,0,0,0
"497",7.04787234042553,1.6025641025641,7.90094339622642,13.8592750533049,25.5591054313099,15.9090909090909,45.5764075067024
"498",8.51063829787234,9.61538461538462,7.78301886792453,10.6609808102345,22.3642172523962,27.2727272727273,42.8954423592493
"499",7.18085106382979,0,7.66509433962264,0,0,0,0
"500",7.4468085106383,3.20512820512821,8.72641509433962,4.26439232409382,27.1565495207668,22.7272727272727,52.2788203753351
