"","age1_orange.S","age1_green.S","age2_no_comorbid_orange.S","age2_no_comorbid_green.S","age2_comorbid_green.S","age3_no_comorbid_green.S","age3_comorbid_green.S"
"1",13.563829787234,99.3589743589744,34.5518867924528,100.213219616205,99.8402555910543,100,100.536193029491
"2",20.0797872340426,99.3589743589744,36.9103773584906,99.1471215351812,98.2428115015974,97.7272727272727,99.1957104557641
"3",17.686170212766,99.3589743589744,33.9622641509434,100.213219616205,99.8402555910543,100,100.536193029491
"4",100,99.3589743589744,99.8820754716981,100.213219616205,99.8402555910543,100,100.536193029491
"5",23.936170212766,99.3589743589744,44.1037735849057,100.213219616205,99.8402555910543,100,100.536193029491
"6",21.2765957446809,27.2435897435897,38.2075471698113,49.0405117270789,55.9105431309904,72.7272727272727,69.7050938337802
"7",99.7340425531915,99.3589743589744,99.8820754716981,100.213219616205,99.8402555910543,100,100.536193029491
"8",18.218085106383,99.3589743589744,36.3207547169811,100.213219616205,99.8402555910543,100,100.536193029491
"9",100,99.3589743589744,99.4103773584906,100.213219616205,99.8402555910543,100,100.536193029491
"10",99.6010638297872,99.3589743589744,99.7641509433962,100.213219616205,99.8402555910543,100,100.536193029491
"11",100,99.3589743589744,99.8820754716981,100.213219616205,99.8402555910543,100,100.536193029491
"12",99.8670212765958,99.3589743589744,99.7641509433962,100.213219616205,99.8402555910543,100,100.536193029491
"13",20.7446808510638,24.0384615384615,40.5660377358491,42.6439232409382,35.9424920127796,59.0909090909091,49.597855227882
"14",18.4840425531915,99.3589743589744,36.2028301886792,100.213219616205,99.8402555910543,100,100.536193029491
"15",17.4202127659574,99.3589743589744,36.5566037735849,100.213219616205,99.0415335463259,100,100.536193029491
"16",17.9521276595745,97.7564102564102,36.7924528301887,100.213219616205,99.8402555910543,100,100.536193029491
"17",20.2127659574468,99.3589743589744,39.8584905660377,100.213219616205,99.8402555910543,100,100.536193029491
"18",22.2074468085106,30.448717948718,39.2688679245283,39.4456289978678,42.332268370607,56.8181818181818,60.3217158176944
"19",23.2712765957447,97.7564102564102,42.9245283018868,100.213219616205,99.8402555910543,100,100.536193029491
"20",19.5478723404255,97.7564102564102,35.1415094339623,98.0810234541578,99.8402555910543,100,100.536193029491
"21",100,99.3589743589744,99.8820754716981,100.213219616205,99.8402555910543,100,100.536193029491
"22",18.75,43.2692307692308,35.4952830188679,51.1727078891258,55.111821086262,59.0909090909091,69.7050938337802
"23",100,99.3589743589744,99.8820754716981,100.213219616205,99.8402555910543,100,100.536193029491
"24",23.6702127659574,99.3589743589744,40.9198113207547,100.213219616205,99.8402555910543,100,100.536193029491
"25",100,99.3589743589744,99.8820754716981,100.213219616205,99.8402555910543,100,100.536193029491
"26",16.4893617021277,99.3589743589744,35.9669811320755,100.213219616205,99.8402555910543,100,100.536193029491
"27",99.8670212765958,99.3589743589744,99.8820754716981,100.213219616205,99.8402555910543,100,100.536193029491
"28",22.4734042553191,35.2564102564103,42.5707547169811,36.2473347547974,48.7220447284345,45.4545454545455,64.343163538874
"29",21.4095744680851,99.3589743589744,40.9198113207547,99.1471215351812,99.8402555910543,100,100.536193029491
"30",20.6117021276596,99.3589743589744,41.0377358490566,100.213219616205,99.8402555910543,100,100.536193029491
"31",18.218085106383,99.3589743589744,38.6792452830189,100.213219616205,99.8402555910543,100,100.536193029491
"32",20.6117021276596,99.3589743589744,36.7924528301887,100.213219616205,99.8402555910543,100,100.536193029491
"33",100,99.3589743589744,99.8820754716981,100.213219616205,99.8402555910543,100,100.536193029491
"34",22.0744680851064,68.9102564102564,40.2122641509434,87.4200426439232,89.4568690095847,88.6363636363636,85.7908847184987
"35",23.0053191489362,99.3589743589744,35.7311320754717,98.0810234541578,99.8402555910543,100,100.536193029491
"36",100,99.3589743589744,99.8820754716981,100.213219616205,99.8402555910543,100,100.536193029491
"37",99.8670212765958,99.3589743589744,99.8820754716981,100.213219616205,99.8402555910543,100,100.536193029491
"38",99.8670212765958,99.3589743589744,99.8820754716981,100.213219616205,99.8402555910543,100,100.536193029491
"39",16.3563829787234,99.3589743589744,31.25,100.213219616205,99.8402555910543,100,100.536193029491
"40",20.0797872340426,9.61538461538462,37.9716981132075,28.7846481876333,26.3578274760383,47.7272727272727,58.9812332439678
"41",20.4787234042553,99.3589743589744,37.6179245283019,100.213219616205,99.8402555910543,100,100.536193029491
"42",99.468085106383,99.3589743589744,99.7641509433962,100.213219616205,99.8402555910543,100,100.536193029491
"43",100,99.3589743589744,99.7641509433962,100.213219616205,99.8402555910543,100,100.536193029491
"44",98.6702127659574,99.3589743589744,99.5283018867924,100.213219616205,99.8402555910543,100,100.536193029491
"45",99.7340425531915,99.3589743589744,99.8820754716981,100.213219616205,99.8402555910543,100,100.536193029491
"46",19.1489361702128,99.3589743589744,40.6839622641509,100.213219616205,99.8402555910543,100,100.536193029491
"47",25.3989361702128,99.3589743589744,41.9811320754717,100.213219616205,99.8402555910543,100,100.536193029491
"48",19.9468085106383,99.3589743589744,39.3867924528302,100.213219616205,99.8402555910543,100,100.536193029491
"49",17.2872340425532,22.4358974358974,34.7877358490566,42.6439232409382,50.3194888178914,59.0909090909091,64.343163538874
"50",25,94.551282051282,43.1603773584906,99.1471215351812,99.0415335463259,100,99.1957104557641
"51",100,99.3589743589744,99.8820754716981,100.213219616205,99.8402555910543,100,100.536193029491
"52",99.8670212765958,99.3589743589744,99.8820754716981,100.213219616205,99.8402555910543,100,100.536193029491
"53",99.8670212765958,99.3589743589744,99.8820754716981,100.213219616205,99.8402555910543,100,100.536193029491
"54",99.8670212765958,99.3589743589744,99.8820754716981,100.213219616205,99.8402555910543,100,100.536193029491
"55",18.3510638297872,97.7564102564102,32.9009433962264,98.0810234541578,99.0415335463259,100,100.536193029491
"56",19.9468085106383,97.7564102564102,40.3301886792453,100.213219616205,99.0415335463259,100,99.1957104557641
"57",24.3351063829787,99.3589743589744,40.8018867924528,100.213219616205,99.8402555910543,100,100.536193029491
"58",99.8670212765958,99.3589743589744,99.8820754716981,100.213219616205,99.8402555910543,100,100.536193029491
"59",15.0265957446809,99.3589743589744,34.7877358490566,100.213219616205,99.8402555910543,100,100.536193029491
"60",19.813829787234,96.1538461538462,35.6132075471698,99.1471215351812,99.0415335463259,100,100.536193029491
"61",16.3563829787234,99.3589743589744,36.9103773584906,100.213219616205,99.8402555910543,100,100.536193029491
"62",20.6117021276596,99.3589743589744,39.8584905660377,100.213219616205,99.8402555910543,100,99.1957104557641
"63",20.4787234042553,25.6410256410256,37.2641509433962,50.1066098081023,43.1309904153355,52.2727272727273,57.6407506702413
"64",100,99.3589743589744,99.7641509433962,100.213219616205,99.8402555910543,100,100.536193029491
"65",22.2074468085106,99.3589743589744,40.4481132075472,100.213219616205,99.8402555910543,100,100.536193029491
"66",22.4734042553191,99.3589743589744,41.7452830188679,100.213219616205,99.8402555910543,100,100.536193029491
"67",23.1382978723404,96.1538461538462,39.2688679245283,100.213219616205,99.8402555910543,100,100.536193029491
"68",15.2925531914894,99.3589743589744,32.1933962264151,100.213219616205,99.8402555910543,100,100.536193029491
"69",99.8670212765958,99.3589743589744,99.7641509433962,100.213219616205,99.8402555910543,100,100.536193029491
"70",99.8670212765958,99.3589743589744,99.6462264150943,100.213219616205,99.8402555910543,100,100.536193029491
"71",99.7340425531915,99.3589743589744,99.5283018867924,100.213219616205,99.8402555910543,100,100.536193029491
"72",21.1436170212766,99.3589743589744,37.5,100.213219616205,99.8402555910543,100,100.536193029491
"73",100,99.3589743589744,99.8820754716981,100.213219616205,99.8402555910543,100,100.536193029491
"74",22.4734042553191,99.3589743589744,41.3915094339623,100.213219616205,99.8402555910543,100,100.536193029491
"75",19.9468085106383,99.3589743589744,37.3820754716981,100.213219616205,99.8402555910543,100,100.536193029491
"76",20.4787234042553,99.3589743589744,38.3254716981132,100.213219616205,99.8402555910543,100,100.536193029491
"77",21.9414893617021,99.3589743589744,38.0896226415094,100.213219616205,99.8402555910543,100,100.536193029491
"78",18.4840425531915,99.3589743589744,34.0801886792453,100.213219616205,99.8402555910543,100,100.536193029491
"79",100,99.3589743589744,99.8820754716981,100.213219616205,99.8402555910543,100,100.536193029491
"80",21.0106382978723,99.3589743589744,38.3254716981132,100.213219616205,99.0415335463259,100,99.1957104557641
"81",18.3510638297872,99.3589743589744,36.5566037735849,100.213219616205,99.8402555910543,100,100.536193029491
"82",18.75,99.3589743589744,38.0896226415094,99.1471215351812,99.8402555910543,100,100.536193029491
"83",99.6010638297872,99.3589743589744,99.6462264150943,100.213219616205,99.8402555910543,100,100.536193029491
"84",20.0797872340426,38.4615384615385,38.6792452830189,66.0980810234542,67.8913738019169,65.9090909090909,71.0455764075067
"85",100,99.3589743589744,99.8820754716981,100.213219616205,99.8402555910543,100,100.536193029491
"86",23.8031914893617,99.3589743589744,42.9245283018868,100.213219616205,99.8402555910543,100,100.536193029491
"87",28.3244680851064,99.3589743589744,44.6933962264151,99.1471215351812,99.8402555910543,100,100.536193029491
"88",21.9414893617021,99.3589743589744,39.9764150943396,99.1471215351812,98.2428115015974,100,100.536193029491
"89",19.5478723404255,99.3589743589744,37.7358490566038,100.213219616205,99.8402555910543,100,100.536193029491
"90",99.8670212765958,99.3589743589744,99.8820754716981,100.213219616205,99.8402555910543,100,100.536193029491
"91",100,99.3589743589744,99.7641509433962,100.213219616205,99.8402555910543,100,100.536193029491
"92",19.5478723404255,99.3589743589744,35.8490566037736,100.213219616205,99.8402555910543,100,100.536193029491
"93",22.0744680851064,99.3589743589744,40.0943396226415,100.213219616205,99.8402555910543,100,100.536193029491
"94",23.8031914893617,99.3589743589744,42.4528301886792,100.213219616205,99.8402555910543,100,100.536193029491
"95",19.281914893617,99.3589743589744,36.9103773584906,100.213219616205,99.8402555910543,100,100.536193029491
"96",24.8670212765957,99.3589743589744,42.0990566037736,100.213219616205,99.8402555910543,100,100.536193029491
"97",100,99.3589743589744,99.8820754716981,100.213219616205,99.8402555910543,100,100.536193029491
"98",100,99.3589743589744,99.8820754716981,100.213219616205,99.8402555910543,100,100.536193029491
"99",99.8670212765958,99.3589743589744,99.2924528301887,100.213219616205,99.8402555910543,100,100.536193029491
"100",21.1436170212766,99.3589743589744,38.2075471698113,100.213219616205,99.0415335463259,100,100.536193029491
"101",20.4787234042553,32.0512820512821,38.561320754717,53.3049040511727,54.3130990415335,70.4545454545455,73.7265415549598
"102",22.8723404255319,25.6410256410256,44.3396226415094,53.3049040511727,44.7284345047923,61.3636363636364,58.9812332439678
"103",21.4095744680851,99.3589743589744,39.9764150943396,100.213219616205,99.8402555910543,100,100.536193029491
"104",99.468085106383,99.3589743589744,99.6462264150943,100.213219616205,99.8402555910543,100,100.536193029491
"105",100,99.3589743589744,99.8820754716981,100.213219616205,99.8402555910543,100,100.536193029491
"106",19.1489361702128,99.3589743589744,41.2735849056604,100.213219616205,99.8402555910543,100,100.536193029491
"107",26.7287234042553,99.3589743589744,42.8066037735849,100.213219616205,99.8402555910543,100,100.536193029491
"108",21.0106382978723,99.3589743589744,37.6179245283019,100.213219616205,99.8402555910543,100,100.536193029491
"109",99.8670212765958,99.3589743589744,99.8820754716981,100.213219616205,99.8402555910543,100,100.536193029491
"110",99.0691489361702,99.3589743589744,99.4103773584906,100.213219616205,99.8402555910543,100,100.536193029491
"111",100,99.3589743589744,99.8820754716981,100.213219616205,99.8402555910543,100,100.536193029491
"112",100,99.3589743589744,99.8820754716981,100.213219616205,99.8402555910543,100,100.536193029491
"113",100,99.3589743589744,99.4103773584906,100.213219616205,99.8402555910543,100,100.536193029491
"114",20.2127659574468,17.6282051282051,36.2028301886792,37.3134328358209,42.332268370607,56.8181818181818,48.2573726541555
"115",18.6170212765957,99.3589743589744,38.3254716981132,100.213219616205,99.0415335463259,100,100.536193029491
"116",100,99.3589743589744,99.8820754716981,100.213219616205,99.8402555910543,100,100.536193029491
"117",20.0797872340426,99.3589743589744,34.1981132075472,100.213219616205,99.8402555910543,100,100.536193029491
"118",99.6010638297872,99.3589743589744,99.8820754716981,100.213219616205,99.8402555910543,100,100.536193029491
"119",17.8191489361702,99.3589743589744,34.7877358490566,100.213219616205,99.8402555910543,100,100.536193029491
"120",25.531914893617,96.1538461538462,48.2311320754717,100.213219616205,99.0415335463259,100,100.536193029491
"121",23.1382978723404,99.3589743589744,42.688679245283,100.213219616205,99.8402555910543,100,100.536193029491
"122",100,99.3589743589744,99.8820754716981,100.213219616205,99.8402555910543,100,100.536193029491
"123",21.6755319148936,99.3589743589744,41.8632075471698,100.213219616205,99.8402555910543,100,100.536193029491
"124",100,99.3589743589744,99.8820754716981,100.213219616205,99.8402555910543,100,100.536193029491
"125",100,99.3589743589744,99.8820754716981,100.213219616205,99.8402555910543,100,100.536193029491
"126",100,99.3589743589744,99.7641509433962,100.213219616205,99.8402555910543,100,100.536193029491
"127",100,99.3589743589744,99.8820754716981,100.213219616205,99.8402555910543,100,100.536193029491
"128",21.2765957446809,99.3589743589744,40.2122641509434,98.0810234541578,99.8402555910543,100,100.536193029491
"129",28.3244680851064,99.3589743589744,42.8066037735849,97.0149253731343,99.0415335463259,100,100.536193029491
"130",18.6170212765957,86.5384615384615,35.1415094339623,92.7505330490405,91.85303514377,93.1818181818182,97.8552278820375
"131",21.4095744680851,35.2564102564103,38.3254716981132,54.3710021321962,51.9169329073482,72.7272727272727,60.3217158176944
"132",25.3989361702128,99.3589743589744,41.5094339622642,99.1471215351812,98.2428115015974,95.4545454545455,100.536193029491
"133",100,99.3589743589744,99.8820754716981,100.213219616205,99.8402555910543,100,100.536193029491
"134",18.75,99.3589743589744,41.2735849056604,100.213219616205,99.8402555910543,100,100.536193029491
"135",25,97.7564102564102,45.9905660377358,100.213219616205,99.0415335463259,100,100.536193029491
"136",21.8085106382979,99.3589743589744,40.4481132075472,100.213219616205,99.8402555910543,100,100.536193029491
"137",22.4734042553191,99.3589743589744,40.2122641509434,100.213219616205,99.8402555910543,100,100.536193029491
"138",20.2127659574468,99.3589743589744,38.3254716981132,100.213219616205,99.8402555910543,100,100.536193029491
"139",100,99.3589743589744,99.8820754716981,100.213219616205,99.8402555910543,100,100.536193029491
"140",21.0106382978723,99.3589743589744,37.9716981132075,100.213219616205,99.8402555910543,100,100.536193029491
"141",27.3936170212766,99.3589743589744,45.1650943396226,100.213219616205,99.8402555910543,100,100.536193029491
"142",99.8670212765958,99.3589743589744,99.7641509433962,100.213219616205,99.8402555910543,100,100.536193029491
"143",99.7340425531915,99.3589743589744,99.6462264150943,100.213219616205,99.8402555910543,100,100.536193029491
"144",99.8670212765958,99.3589743589744,99.8820754716981,100.213219616205,99.8402555910543,100,100.536193029491
"145",20.3457446808511,99.3589743589744,35.2594339622642,100.213219616205,99.8402555910543,100,100.536193029491
"146",20.6117021276596,99.3589743589744,38.0896226415094,99.1471215351812,99.8402555910543,100,100.536193029491
"147",100,99.3589743589744,99.7641509433962,100.213219616205,99.8402555910543,100,100.536193029491
"148",100,99.3589743589744,99.8820754716981,100.213219616205,99.8402555910543,100,100.536193029491
"149",100,99.3589743589744,99.8820754716981,100.213219616205,99.8402555910543,100,100.536193029491
"150",17.8191489361702,27.2435897435897,35.1415094339623,45.8422174840085,42.332268370607,72.7272727272727,60.3217158176944
"151",17.686170212766,99.3589743589744,35.6132075471698,100.213219616205,99.8402555910543,100,100.536193029491
"152",17.9521276595745,99.3589743589744,36.7924528301887,100.213219616205,99.8402555910543,100,100.536193029491
"153",16.8882978723404,99.3589743589744,36.3207547169811,100.213219616205,99.8402555910543,100,100.536193029491
"154",99.8670212765958,99.3589743589744,99.8820754716981,100.213219616205,99.8402555910543,100,100.536193029491
"155",17.2872340425532,99.3589743589744,35.377358490566,100.213219616205,99.8402555910543,100,100.536193029491
"156",20.0797872340426,99.3589743589744,36.0849056603774,100.213219616205,99.8402555910543,100,100.536193029491
"157",100,99.3589743589744,99.8820754716981,100.213219616205,99.8402555910543,100,100.536193029491
"158",100,99.3589743589744,99.8820754716981,100.213219616205,99.8402555910543,100,100.536193029491
"159",100,99.3589743589744,99.8820754716981,100.213219616205,99.8402555910543,100,100.536193029491
"160",20.6117021276596,99.3589743589744,38.3254716981132,100.213219616205,99.0415335463259,100,100.536193029491
"161",23.2712765957447,99.3589743589744,41.0377358490566,100.213219616205,99.8402555910543,100,100.536193029491
"162",99.2021276595745,99.3589743589744,99.5283018867924,100.213219616205,99.8402555910543,100,100.536193029491
"163",19.4148936170213,99.3589743589744,38.561320754717,100.213219616205,99.8402555910543,100,100.536193029491
"164",23.5372340425532,99.3589743589744,42.4528301886792,100.213219616205,99.8402555910543,100,100.536193029491
"165",100,99.3589743589744,99.8820754716981,100.213219616205,99.8402555910543,100,100.536193029491
"166",21.2765957446809,99.3589743589744,38.0896226415094,100.213219616205,99.8402555910543,100,100.536193029491
"167",17.4202127659574,99.3589743589744,35.7311320754717,100.213219616205,99.8402555910543,100,100.536193029491
"168",100,99.3589743589744,99.8820754716981,100.213219616205,99.8402555910543,100,100.536193029491
"169",100,99.3589743589744,99.8820754716981,100.213219616205,99.8402555910543,100,100.536193029491
"170",100,99.3589743589744,99.8820754716981,100.213219616205,99.8402555910543,100,100.536193029491
"171",22.2074468085106,99.3589743589744,36.9103773584906,100.213219616205,99.8402555910543,100,100.536193029491
"172",100,99.3589743589744,99.8820754716981,100.213219616205,99.8402555910543,100,100.536193029491
"173",18.218085106383,99.3589743589744,38.6792452830189,100.213219616205,99.8402555910543,100,100.536193029491
"174",99.8670212765958,99.3589743589744,99.8820754716981,100.213219616205,99.8402555910543,100,100.536193029491
"175",16.8882978723404,99.3589743589744,35.8490566037736,100.213219616205,99.8402555910543,100,100.536193029491
"176",19.813829787234,99.3589743589744,38.2075471698113,100.213219616205,99.8402555910543,100,100.536193029491
"177",22.4734042553191,24.0384615384615,38.561320754717,38.3795309168444,37.5399361022364,70.4545454545455,49.597855227882
"178",99.8670212765958,99.3589743589744,99.8820754716981,100.213219616205,99.8402555910543,100,100.536193029491
"179",23.5372340425532,99.3589743589744,46.2264150943396,100.213219616205,99.8402555910543,100,100.536193029491
"180",99.468085106383,99.3589743589744,99.7641509433962,100.213219616205,99.8402555910543,100,100.536193029491
"181",18.8829787234043,94.551282051282,38.9150943396226,100.213219616205,99.0415335463259,100,100.536193029491
"182",20.6117021276596,99.3589743589744,35.6132075471698,100.213219616205,99.8402555910543,100,100.536193029491
"183",26.063829787234,99.3589743589744,46.6981132075472,98.0810234541578,98.2428115015974,97.7272727272727,97.8552278820375
"184",20.0797872340426,99.3589743589744,37.1462264150943,100.213219616205,99.8402555910543,100,100.536193029491
"185",100,99.3589743589744,99.8820754716981,100.213219616205,99.8402555910543,100,100.536193029491
"186",23.0053191489362,99.3589743589744,44.5754716981132,100.213219616205,99.8402555910543,100,100.536193029491
"187",100,99.3589743589744,99.8820754716981,100.213219616205,99.8402555910543,100,100.536193029491
"188",21.0106382978723,14.4230769230769,38.6792452830189,40.5117270788913,42.332268370607,45.4545454545455,49.597855227882
"189",21.6755319148936,99.3589743589744,41.8632075471698,100.213219616205,99.8402555910543,100,100.536193029491
"190",100,99.3589743589744,99.8820754716981,100.213219616205,99.8402555910543,100,100.536193029491
"191",98.2712765957447,99.3589743589744,99.0566037735849,100.213219616205,99.8402555910543,100,100.536193029491
"192",99.6010638297872,99.3589743589744,99.4103773584906,100.213219616205,99.8402555910543,100,100.536193029491
"193",100,99.3589743589744,99.8820754716981,100.213219616205,99.8402555910543,100,100.536193029491
"194",99.7340425531915,99.3589743589744,99.8820754716981,100.213219616205,99.8402555910543,100,100.536193029491
"195",99.7340425531915,99.3589743589744,99.7641509433962,100.213219616205,99.8402555910543,100,100.536193029491
"196",19.4148936170213,99.3589743589744,40.6839622641509,99.1471215351812,99.8402555910543,100,100.536193029491
"197",20.0797872340426,99.3589743589744,38.6792452830189,100.213219616205,99.8402555910543,100,100.536193029491
"198",100,99.3589743589744,99.8820754716981,100.213219616205,99.8402555910543,100,100.536193029491
"199",20.3457446808511,99.3589743589744,38.0896226415094,99.1471215351812,99.8402555910543,100,100.536193029491
"200",99.6010638297872,99.3589743589744,99.7641509433962,100.213219616205,99.8402555910543,100,100.536193029491
"201",100,99.3589743589744,99.8820754716981,100.213219616205,99.8402555910543,100,100.536193029491
"202",26.063829787234,99.3589743589744,45.6367924528302,99.1471215351812,98.2428115015974,100,100.536193029491
"203",100,99.3589743589744,99.8820754716981,100.213219616205,99.8402555910543,100,100.536193029491
"204",24.0691489361702,99.3589743589744,44.6933962264151,100.213219616205,99.8402555910543,100,100.536193029491
"205",100,99.3589743589744,99.8820754716981,100.213219616205,99.8402555910543,100,100.536193029491
"206",99.8670212765958,99.3589743589744,99.8820754716981,100.213219616205,99.8402555910543,100,100.536193029491
"207",100,99.3589743589744,99.8820754716981,100.213219616205,99.8402555910543,100,100.536193029491
"208",100,99.3589743589744,99.8820754716981,100.213219616205,99.8402555910543,100,100.536193029491
"209",100,99.3589743589744,99.8820754716981,100.213219616205,99.8402555910543,100,100.536193029491
"210",99.8670212765958,99.3589743589744,99.5283018867924,100.213219616205,99.8402555910543,100,100.536193029491
"211",22.4734042553191,41.6666666666667,43.3962264150943,59.7014925373134,53.5143769968051,65.9090909090909,73.7265415549598
"212",21.1436170212766,99.3589743589744,38.7971698113208,100.213219616205,99.8402555910543,100,100.536193029491
"213",100,99.3589743589744,99.8820754716981,100.213219616205,99.8402555910543,100,100.536193029491
"214",21.8085106382979,99.3589743589744,38.4433962264151,100.213219616205,99.8402555910543,100,99.1957104557641
"215",99.7340425531915,99.3589743589744,99.8820754716981,100.213219616205,99.8402555910543,100,100.536193029491
"216",20.0797872340426,99.3589743589744,36.9103773584906,100.213219616205,99.8402555910543,100,100.536193029491
"217",99.7340425531915,99.3589743589744,99.7641509433962,100.213219616205,99.8402555910543,100,100.536193029491
"218",17.5531914893617,99.3589743589744,32.1933962264151,100.213219616205,99.8402555910543,100,100.536193029491
"219",100,99.3589743589744,99.7641509433962,100.213219616205,99.8402555910543,100,100.536193029491
"220",17.8191489361702,99.3589743589744,39.1509433962264,98.0810234541578,99.0415335463259,97.7272727272727,99.1957104557641
"221",28.1914893617021,99.3589743589744,45.7547169811321,100.213219616205,99.8402555910543,100,100.536193029491
"222",29.3882978723404,99.3589743589744,48.3490566037736,100.213219616205,99.8402555910543,100,100.536193029491
"223",21.9414893617021,99.3589743589744,39.9764150943396,100.213219616205,99.8402555910543,100,100.536193029491
"224",21.0106382978723,99.3589743589744,40.4481132075472,100.213219616205,99.8402555910543,100,100.536193029491
"225",100,99.3589743589744,99.7641509433962,100.213219616205,99.8402555910543,100,100.536193029491
"226",100,99.3589743589744,99.8820754716981,100.213219616205,99.8402555910543,100,100.536193029491
"227",100,99.3589743589744,99.8820754716981,100.213219616205,99.8402555910543,100,100.536193029491
"228",12.7659574468085,99.3589743589744,33.6084905660377,100.213219616205,99.8402555910543,100,100.536193029491
"229",19.813829787234,99.3589743589744,40.2122641509434,100.213219616205,99.8402555910543,100,100.536193029491
"230",21.9414893617021,99.3589743589744,38.0896226415094,100.213219616205,99.8402555910543,100,100.536193029491
"231",18.218085106383,16.025641025641,38.2075471698113,34.1151385927505,39.1373801916933,40.9090909090909,40.2144772117963
"232",20.7446808510638,99.3589743589744,39.0330188679245,99.1471215351812,99.8402555910543,100,100.536193029491
"233",100,99.3589743589744,99.8820754716981,100.213219616205,99.8402555910543,100,100.536193029491
"234",99.8670212765958,99.3589743589744,99.8820754716981,100.213219616205,99.8402555910543,100,100.536193029491
"235",21.1436170212766,99.3589743589744,40.0943396226415,99.1471215351812,99.8402555910543,97.7272727272727,97.8552278820375
"236",100,99.3589743589744,99.8820754716981,100.213219616205,99.8402555910543,100,100.536193029491
"237",28.4574468085106,99.3589743589744,44.3396226415094,100.213219616205,99.8402555910543,97.7272727272727,100.536193029491
"238",15.5585106382979,99.3589743589744,35.1415094339623,100.213219616205,99.8402555910543,100,100.536193029491
"239",20.8776595744681,99.3589743589744,37.8537735849057,100.213219616205,99.8402555910543,100,100.536193029491
"240",17.8191489361702,99.3589743589744,32.4292452830189,99.1471215351812,99.8402555910543,100,100.536193029491
"241",100,99.3589743589744,99.8820754716981,100.213219616205,99.8402555910543,100,100.536193029491
"242",16.4893617021277,99.3589743589744,35.1415094339623,100.213219616205,99.8402555910543,100,100.536193029491
"243",21.2765957446809,99.3589743589744,41.7452830188679,100.213219616205,99.8402555910543,100,100.536193029491
"244",100,99.3589743589744,99.7641509433962,100.213219616205,99.8402555910543,100,100.536193029491
"245",19.1489361702128,99.3589743589744,38.561320754717,100.213219616205,99.8402555910543,100,100.536193029491
"246",100,99.3589743589744,99.8820754716981,100.213219616205,99.8402555910543,100,100.536193029491
"247",22.8723404255319,27.2435897435897,37.6179245283019,41.5778251599147,39.9361022364217,61.3636363636364,63.0026809651475
"248",17.1542553191489,99.3589743589744,31.4858490566038,100.213219616205,99.0415335463259,100,100.536193029491
"249",99.3351063829787,99.3589743589744,99.6462264150943,100.213219616205,99.8402555910543,100,100.536193029491
"250",15.9574468085106,97.7564102564102,29.4811320754717,100.213219616205,99.0415335463259,97.7272727272727,100.536193029491
"251",100,99.3589743589744,99.8820754716981,100.213219616205,99.8402555910543,100,100.536193029491
"252",19.9468085106383,99.3589743589744,42.688679245283,100.213219616205,99.8402555910543,100,100.536193029491
"253",99.7340425531915,99.3589743589744,99.8820754716981,100.213219616205,99.8402555910543,100,100.536193029491
"254",22.3404255319149,99.3589743589744,40.2122641509434,100.213219616205,99.8402555910543,100,100.536193029491
"255",99.8670212765958,99.3589743589744,99.8820754716981,100.213219616205,99.8402555910543,100,100.536193029491
"256",20.6117021276596,99.3589743589744,37.9716981132075,99.1471215351812,99.8402555910543,100,100.536193029491
"257",24.2021276595745,99.3589743589744,40.4481132075472,100.213219616205,99.8402555910543,100,100.536193029491
"258",100,99.3589743589744,99.6462264150943,100.213219616205,99.8402555910543,100,100.536193029491
"259",23.5372340425532,22.4358974358974,41.9811320754717,42.6439232409382,39.1373801916933,43.1818181818182,61.6621983914209
"260",100,99.3589743589744,99.8820754716981,100.213219616205,99.8402555910543,100,100.536193029491
"261",100,99.3589743589744,99.6462264150943,100.213219616205,99.8402555910543,100,100.536193029491
"262",20.7446808510638,99.3589743589744,39.7405660377358,100.213219616205,99.8402555910543,100,100.536193029491
"263",18.3510638297872,99.3589743589744,37.5,100.213219616205,99.8402555910543,100,100.536193029491
"264",99.2021276595745,99.3589743589744,99.6462264150943,100.213219616205,99.8402555910543,100,100.536193029491
"265",23.936170212766,40.0641025641026,42.0990566037736,53.3049040511727,60.702875399361,61.3636363636364,72.3860589812332
"266",22.6063829787234,99.3589743589744,37.3820754716981,100.213219616205,99.8402555910543,100,99.1957104557641
"267",100,99.3589743589744,99.8820754716981,100.213219616205,99.8402555910543,100,100.536193029491
"268",100,99.3589743589744,99.8820754716981,100.213219616205,99.8402555910543,100,100.536193029491
"269",99.8670212765958,99.3589743589744,99.8820754716981,100.213219616205,99.8402555910543,100,100.536193029491
"270",24.7340425531915,99.3589743589744,42.2169811320755,100.213219616205,99.8402555910543,100,100.536193029491
"271",18.75,99.3589743589744,38.4433962264151,100.213219616205,99.8402555910543,100,100.536193029491
"272",100,99.3589743589744,99.8820754716981,100.213219616205,99.8402555910543,100,100.536193029491
"273",99.8670212765958,99.3589743589744,99.7641509433962,100.213219616205,99.8402555910543,100,100.536193029491
"274",17.1542553191489,99.3589743589744,35.1415094339623,100.213219616205,99.8402555910543,100,100.536193029491
"275",100,99.3589743589744,99.8820754716981,100.213219616205,99.8402555910543,100,100.536193029491
"276",99.6010638297872,99.3589743589744,99.6462264150943,100.213219616205,99.8402555910543,100,100.536193029491
"277",25.7978723404255,99.3589743589744,44.9292452830189,100.213219616205,99.8402555910543,100,100.536193029491
"278",21.2765957446809,44.8717948717949,39.2688679245283,66.0980810234542,66.2939297124601,81.8181818181818,75.0670241286863
"279",100,99.3589743589744,99.8820754716981,100.213219616205,99.8402555910543,100,100.536193029491
"280",19.0159574468085,99.3589743589744,36.2028301886792,100.213219616205,99.8402555910543,100,100.536193029491
"281",23.936170212766,16.025641025641,41.7452830188679,30.9168443496802,28.7539936102236,36.3636363636364,58.9812332439678
"282",100,99.3589743589744,99.8820754716981,100.213219616205,99.8402555910543,100,100.536193029491
"283",99.8670212765958,99.3589743589744,99.8820754716981,100.213219616205,99.8402555910543,100,100.536193029491
"284",99.0691489361702,99.3589743589744,99.7641509433962,100.213219616205,99.8402555910543,100,100.536193029491
"285",24.3351063829787,99.3589743589744,37.2641509433962,100.213219616205,99.8402555910543,100,100.536193029491
"286",24.7340425531915,99.3589743589744,43.6320754716981,100.213219616205,99.8402555910543,100,100.536193029491
"287",100,99.3589743589744,99.8820754716981,100.213219616205,99.8402555910543,100,100.536193029491
"288",99.8670212765958,99.3589743589744,99.6462264150943,100.213219616205,99.8402555910543,100,100.536193029491
"289",25.3989361702128,99.3589743589744,42.9245283018868,100.213219616205,99.8402555910543,100,100.536193029491
"290",100,99.3589743589744,99.8820754716981,100.213219616205,99.8402555910543,100,100.536193029491
"291",100,99.3589743589744,99.8820754716981,100.213219616205,99.8402555910543,100,100.536193029491
"292",18.3510638297872,97.7564102564102,40.8018867924528,100.213219616205,98.2428115015974,100,100.536193029491
"293",18.75,99.3589743589744,36.438679245283,99.1471215351812,95.8466453674121,100,99.1957104557641
"294",20.2127659574468,16.025641025641,40.4481132075472,36.2473347547974,35.1437699680511,65.9090909090909,48.2573726541555
"295",22.6063829787234,99.3589743589744,41.2735849056604,100.213219616205,98.2428115015974,97.7272727272727,97.8552278820375
"296",24.0691489361702,32.0512820512821,45.0471698113208,52.2388059701493,51.9169329073482,65.9090909090909,65.6836461126005
"297",100,99.3589743589744,99.7641509433962,100.213219616205,99.8402555910543,100,100.536193029491
"298",100,99.3589743589744,99.8820754716981,100.213219616205,99.8402555910543,100,100.536193029491
"299",99.8670212765958,99.3589743589744,99.8820754716981,100.213219616205,99.8402555910543,100,100.536193029491
"300",17.4202127659574,99.3589743589744,35.8490566037736,100.213219616205,99.8402555910543,100,100.536193029491
"301",15.8244680851064,86.5384615384615,33.2547169811321,93.816631130064,86.2619808306709,86.3636363636364,88.4718498659517
"302",99.8670212765958,99.3589743589744,99.8820754716981,100.213219616205,99.8402555910543,100,100.536193029491
"303",100,99.3589743589744,99.8820754716981,100.213219616205,99.8402555910543,100,100.536193029491
"304",100,99.3589743589744,99.8820754716981,100.213219616205,99.8402555910543,100,100.536193029491
"305",100,99.3589743589744,99.8820754716981,100.213219616205,99.8402555910543,100,100.536193029491
"306",100,99.3589743589744,99.7641509433962,100.213219616205,99.8402555910543,100,100.536193029491
"307",20.0797872340426,99.3589743589744,36.438679245283,100.213219616205,99.8402555910543,100,100.536193029491
"308",100,99.3589743589744,99.8820754716981,100.213219616205,99.8402555910543,100,100.536193029491
"309",20.6117021276596,99.3589743589744,37.9716981132075,100.213219616205,99.8402555910543,100,100.536193029491
"310",21.5425531914894,99.3589743589744,37.7358490566038,100.213219616205,99.8402555910543,100,100.536193029491
"311",21.8085106382979,99.3589743589744,37.2641509433962,100.213219616205,99.8402555910543,100,100.536193029491
"312",22.7393617021277,99.3589743589744,41.1556603773585,100.213219616205,99.8402555910543,100,100.536193029491
"313",16.0904255319149,99.3589743589744,34.5518867924528,100.213219616205,99.8402555910543,97.7272727272727,100.536193029491
"314",22.3404255319149,99.3589743589744,42.8066037735849,99.1471215351812,99.8402555910543,97.7272727272727,99.1957104557641
"315",99.8670212765958,99.3589743589744,99.7641509433962,100.213219616205,99.8402555910543,100,100.536193029491
"316",19.5478723404255,99.3589743589744,35.2594339622642,100.213219616205,99.8402555910543,100,100.536193029491
"317",23.2712765957447,99.3589743589744,42.8066037735849,100.213219616205,99.8402555910543,100,100.536193029491
"318",17.4202127659574,99.3589743589744,30.8962264150943,100.213219616205,99.8402555910543,100,100.536193029491
"319",99.8670212765958,99.3589743589744,99.8820754716981,100.213219616205,99.8402555910543,100,100.536193029491
"320",17.8191489361702,38.4615384615385,35.9669811320755,50.1066098081023,46.3258785942492,63.6363636363636,58.9812332439678
"321",17.8191489361702,99.3589743589744,33.9622641509434,100.213219616205,99.8402555910543,100,100.536193029491
"322",19.9468085106383,99.3589743589744,40.9198113207547,100.213219616205,99.8402555910543,100,100.536193029491
"323",23.5372340425532,99.3589743589744,41.5094339622642,99.1471215351812,99.8402555910543,97.7272727272727,99.1957104557641
"324",19.6808510638298,99.3589743589744,36.438679245283,100.213219616205,99.8402555910543,100,100.536193029491
"325",17.1542553191489,99.3589743589744,35.2594339622642,100.213219616205,99.8402555910543,100,100.536193029491
"326",21.8085106382979,19.2307692307692,39.0330188679245,45.8422174840085,40.7348242811502,54.5454545454545,56.3002680965147
"327",21.9414893617021,99.3589743589744,37.6179245283019,100.213219616205,99.8402555910543,100,100.536193029491
"328",100,99.3589743589744,99.8820754716981,100.213219616205,99.8402555910543,100,100.536193029491
"329",100,99.3589743589744,99.8820754716981,100.213219616205,99.8402555910543,100,100.536193029491
"330",99.3351063829787,99.3589743589744,99.4103773584906,100.213219616205,99.8402555910543,100,100.536193029491
"331",21.5425531914894,44.8717948717949,36.9103773584906,58.63539445629,63.8977635782748,77.2727272727273,80.4289544235925
"332",100,99.3589743589744,99.8820754716981,100.213219616205,99.8402555910543,100,100.536193029491
"333",20.3457446808511,99.3589743589744,40.5660377358491,100.213219616205,99.8402555910543,100,100.536193029491
"334",23.6702127659574,99.3589743589744,40.9198113207547,100.213219616205,99.8402555910543,100,100.536193029491
"335",22.7393617021277,99.3589743589744,40.3301886792453,100.213219616205,99.8402555910543,100,100.536193029491
"336",21.5425531914894,99.3589743589744,43.6320754716981,100.213219616205,99.8402555910543,100,100.536193029491
"337",99.6010638297872,99.3589743589744,99.8820754716981,100.213219616205,99.8402555910543,100,100.536193029491
"338",100,99.3589743589744,99.8820754716981,100.213219616205,99.8402555910543,100,100.536193029491
"339",22.6063829787234,78.525641025641,45.0471698113208,88.4861407249467,87.8594249201278,97.7272727272727,92.4932975871314
"340",20.4787234042553,99.3589743589744,37.0283018867925,99.1471215351812,99.8402555910543,100,100.536193029491
"341",19.4148936170213,99.3589743589744,38.0896226415094,100.213219616205,99.8402555910543,100,100.536193029491
"342",18.8829787234043,99.3589743589744,37.0283018867925,100.213219616205,99.8402555910543,100,100.536193029491
"343",21.4095744680851,99.3589743589744,39.5047169811321,100.213219616205,99.8402555910543,100,100.536193029491
"344",99.8670212765958,99.3589743589744,99.8820754716981,100.213219616205,99.8402555910543,100,100.536193029491
"345",100,99.3589743589744,99.8820754716981,100.213219616205,99.8402555910543,100,100.536193029491
"346",28.7234042553192,99.3589743589744,45.1650943396226,100.213219616205,99.8402555910543,100,100.536193029491
"347",99.8670212765958,99.3589743589744,99.8820754716981,100.213219616205,99.8402555910543,100,100.536193029491
"348",18.4840425531915,48.0769230769231,34.0801886792453,63.9658848614073,65.4952076677316,68.1818181818182,72.3860589812332
"349",24.468085106383,24.0384615384615,37.5,46.908315565032,51.9169329073482,70.4545454545455,57.6407506702413
"350",25.2659574468085,99.3589743589744,41.7452830188679,100.213219616205,99.8402555910543,100,100.536193029491
"351",27.5265957446808,99.3589743589744,47.1698113207547,100.213219616205,99.8402555910543,100,100.536193029491
"352",22.2074468085106,99.3589743589744,42.3349056603774,100.213219616205,99.8402555910543,100,100.536193029491
"353",21.8085106382979,99.3589743589744,40.0943396226415,100.213219616205,99.8402555910543,100,100.536193029491
"354",100,99.3589743589744,99.8820754716981,100.213219616205,99.8402555910543,100,100.536193029491
"355",21.2765957446809,99.3589743589744,38.4433962264151,100.213219616205,99.8402555910543,100,100.536193029491
"356",20.8776595744681,14.4230769230769,40.0943396226415,34.1151385927505,40.7348242811502,38.6363636363636,64.343163538874
"357",21.6755319148936,99.3589743589744,40.4481132075472,100.213219616205,99.8402555910543,100,100.536193029491
"358",22.7393617021277,99.3589743589744,41.7452830188679,100.213219616205,99.8402555910543,100,100.536193029491
"359",19.6808510638298,36.8589743589744,37.7358490566038,52.2388059701493,49.5207667731629,56.8181818181818,65.6836461126005
"360",16.3563829787234,36.8589743589744,33.1367924528302,49.0405117270789,39.1373801916933,59.0909090909091,58.9812332439678
"361",100,99.3589743589744,99.8820754716981,100.213219616205,99.8402555910543,100,100.536193029491
"362",18.4840425531915,99.3589743589744,40.2122641509434,100.213219616205,99.8402555910543,100,100.536193029491
"363",99.7340425531915,99.3589743589744,99.7641509433962,100.213219616205,99.8402555910543,100,100.536193029491
"364",20.4787234042553,99.3589743589744,35.6132075471698,99.1471215351812,99.8402555910543,100,100.536193029491
"365",19.4148936170213,99.3589743589744,36.6745283018868,100.213219616205,99.8402555910543,100,100.536193029491
"366",100,99.3589743589744,99.8820754716981,100.213219616205,99.8402555910543,100,100.536193029491
"367",99.8670212765958,99.3589743589744,99.8820754716981,100.213219616205,99.8402555910543,100,100.536193029491
"368",100,99.3589743589744,99.6462264150943,100.213219616205,99.8402555910543,100,100.536193029491
"369",100,99.3589743589744,99.8820754716981,100.213219616205,99.8402555910543,100,100.536193029491
"370",19.281914893617,99.3589743589744,41.3915094339623,100.213219616205,99.8402555910543,100,100.536193029491
"371",18.3510638297872,97.7564102564102,32.4292452830189,100.213219616205,99.8402555910543,100,100.536193029491
"372",23.6702127659574,99.3589743589744,42.5707547169811,100.213219616205,99.8402555910543,100,100.536193029491
"373",20.6117021276596,94.551282051282,39.3867924528302,93.816631130064,95.8466453674121,100,99.1957104557641
"374",19.0159574468085,99.3589743589744,39.2688679245283,100.213219616205,99.8402555910543,100,100.536193029491
"375",16.8882978723404,99.3589743589744,37.9716981132075,100.213219616205,99.8402555910543,100,100.536193029491
"376",100,99.3589743589744,99.8820754716981,100.213219616205,99.8402555910543,100,100.536193029491
"377",100,99.3589743589744,99.8820754716981,100.213219616205,99.8402555910543,100,100.536193029491
"378",23.6702127659574,99.3589743589744,35.377358490566,100.213219616205,99.8402555910543,100,100.536193029491
"379",100,99.3589743589744,99.8820754716981,100.213219616205,99.8402555910543,100,100.536193029491
"380",19.5478723404255,44.8717948717949,36.438679245283,56.5031982942431,55.111821086262,68.1818181818182,61.6621983914209
"381",99.8670212765958,99.3589743589744,99.8820754716981,100.213219616205,99.8402555910543,100,100.536193029491
"382",99.8670212765958,99.3589743589744,99.6462264150943,100.213219616205,99.8402555910543,100,100.536193029491
"383",23.0053191489362,99.3589743589744,41.2735849056604,100.213219616205,99.8402555910543,100,100.536193029491
"384",100,99.3589743589744,99.8820754716981,100.213219616205,99.8402555910543,100,100.536193029491
"385",100,99.3589743589744,99.8820754716981,100.213219616205,99.8402555910543,100,100.536193029491
"386",99.8670212765958,99.3589743589744,99.8820754716981,100.213219616205,99.8402555910543,100,100.536193029491
"387",19.0159574468085,75.3205128205128,35.377358490566,85.2878464818763,83.8658146964856,88.6363636363636,93.8337801608579
"388",21.4095744680851,99.3589743589744,40.0943396226415,100.213219616205,99.8402555910543,100,100.536193029491
"389",20.3457446808511,99.3589743589744,35.4952830188679,100.213219616205,98.2428115015974,100,99.1957104557641
"390",19.5478723404255,30.448717948718,42.5707547169811,50.1066098081023,52.7156549520767,63.6363636363636,65.6836461126005
"391",99.8670212765958,99.3589743589744,99.8820754716981,100.213219616205,99.8402555910543,100,100.536193029491
"392",100,99.3589743589744,99.8820754716981,100.213219616205,99.8402555910543,100,100.536193029491
"393",21.4095744680851,99.3589743589744,40.8018867924528,100.213219616205,99.8402555910543,100,100.536193029491
"394",21.1436170212766,99.3589743589744,41.2735849056604,100.213219616205,99.8402555910543,100,100.536193029491
"395",21.1436170212766,36.8589743589744,40.8018867924528,58.63539445629,71.8849840255591,81.8181818181818,63.0026809651475
"396",99.8670212765958,99.3589743589744,99.8820754716981,100.213219616205,99.8402555910543,100,100.536193029491
"397",22.0744680851064,99.3589743589744,39.7405660377358,100.213219616205,99.8402555910543,100,100.536193029491
"398",19.9468085106383,36.8589743589744,40.6839622641509,52.2388059701493,39.1373801916933,54.5454545454545,54.9597855227882
"399",99.7340425531915,99.3589743589744,99.2924528301887,100.213219616205,99.8402555910543,100,100.536193029491
"400",100,99.3589743589744,99.8820754716981,100.213219616205,99.8402555910543,100,100.536193029491
"401",99.8670212765958,99.3589743589744,99.8820754716981,100.213219616205,99.8402555910543,100,100.536193029491
"402",100,99.3589743589744,99.8820754716981,100.213219616205,99.8402555910543,100,100.536193029491
"403",17.9521276595745,99.3589743589744,35.7311320754717,100.213219616205,99.8402555910543,100,100.536193029491
"404",21.5425531914894,99.3589743589744,43.6320754716981,100.213219616205,99.8402555910543,100,100.536193029491
"405",100,99.3589743589744,99.8820754716981,100.213219616205,99.8402555910543,100,100.536193029491
"406",18.8829787234043,97.7564102564102,34.9056603773585,99.1471215351812,99.8402555910543,100,100.536193029491
"407",26.9946808510638,99.3589743589744,45.5188679245283,100.213219616205,99.8402555910543,100,100.536193029491
"408",21.5425531914894,99.3589743589744,41.0377358490566,100.213219616205,99.8402555910543,100,100.536193029491
"409",26.1968085106383,99.3589743589744,43.1603773584906,100.213219616205,99.8402555910543,100,100.536193029491
"410",100,99.3589743589744,99.8820754716981,100.213219616205,99.8402555910543,100,100.536193029491
"411",99.8670212765958,99.3589743589744,99.8820754716981,100.213219616205,99.8402555910543,100,100.536193029491
"412",21.0106382978723,99.3589743589744,41.5094339622642,100.213219616205,99.8402555910543,100,100.536193029491
"413",21.6755319148936,99.3589743589744,43.8679245283019,100.213219616205,99.8402555910543,100,100.536193029491
"414",99.8670212765958,99.3589743589744,99.8820754716981,100.213219616205,99.8402555910543,100,100.536193029491
"415",100,99.3589743589744,99.8820754716981,100.213219616205,99.8402555910543,100,100.536193029491
"416",24.0691489361702,99.3589743589744,43.6320754716981,100.213219616205,99.8402555910543,100,100.536193029491
"417",22.7393617021277,28.8461538461539,44.9292452830189,49.0405117270789,45.5271565495208,70.4545454545455,60.3217158176944
"418",20.2127659574468,22.4358974358974,39.5047169811321,54.3710021321962,57.5079872204473,63.6363636363636,53.6193029490617
"419",100,99.3589743589744,99.8820754716981,100.213219616205,99.8402555910543,100,100.536193029491
"420",18.218085106383,99.3589743589744,35.377358490566,100.213219616205,99.8402555910543,100,100.536193029491
"421",19.813829787234,99.3589743589744,39.9764150943396,100.213219616205,99.8402555910543,100,100.536193029491
"422",100,99.3589743589744,99.8820754716981,100.213219616205,99.8402555910543,100,100.536193029491
"423",99.8670212765958,99.3589743589744,99.8820754716981,100.213219616205,99.8402555910543,100,100.536193029491
"424",99.8670212765958,99.3589743589744,99.8820754716981,100.213219616205,99.8402555910543,100,100.536193029491
"425",99.6010638297872,99.3589743589744,99.8820754716981,100.213219616205,99.8402555910543,100,100.536193029491
"426",18.75,27.2435897435897,37.5,36.2473347547974,38.3386581469649,65.9090909090909,53.6193029490617
"427",26.063829787234,99.3589743589744,43.5141509433962,100.213219616205,99.8402555910543,100,100.536193029491
"428",21.0106382978723,97.7564102564102,38.4433962264151,100.213219616205,99.8402555910543,100,99.1957104557641
"429",20.0797872340426,99.3589743589744,37.9716981132075,100.213219616205,99.8402555910543,100,100.536193029491
"430",21.2765957446809,99.3589743589744,40.4481132075472,100.213219616205,99.8402555910543,100,100.536193029491
"431",22.4734042553191,99.3589743589744,42.0990566037736,100.213219616205,99.8402555910543,100,100.536193029491
"432",16.2234042553191,24.0384615384615,35.9669811320755,33.0490405117271,32.7476038338658,52.2727272727273,54.9597855227882
"433",100,99.3589743589744,99.8820754716981,100.213219616205,99.8402555910543,100,100.536193029491
"434",100,99.3589743589744,99.8820754716981,100.213219616205,99.8402555910543,100,100.536193029491
"435",100,99.3589743589744,99.8820754716981,100.213219616205,99.8402555910543,100,100.536193029491
"436",99.8670212765958,99.3589743589744,99.8820754716981,100.213219616205,99.8402555910543,100,100.536193029491
"437",25.3989361702128,99.3589743589744,41.2735849056604,100.213219616205,99.8402555910543,100,100.536193029491
"438",22.0744680851064,99.3589743589744,42.5707547169811,100.213219616205,99.8402555910543,97.7272727272727,100.536193029491
"439",16.2234042553191,24.0384615384615,35.9669811320755,45.8422174840085,34.3450479233227,52.2727272727273,57.6407506702413
"440",28.0585106382979,99.3589743589744,41.7452830188679,100.213219616205,99.8402555910543,100,100.536193029491
"441",19.9468085106383,99.3589743589744,38.4433962264151,100.213219616205,99.8402555910543,100,100.536193029491
"442",100,99.3589743589744,99.8820754716981,100.213219616205,99.8402555910543,100,100.536193029491
"443",100,99.3589743589744,99.8820754716981,100.213219616205,99.8402555910543,100,100.536193029491
"444",99.8670212765958,99.3589743589744,99.5283018867924,100.213219616205,99.8402555910543,100,100.536193029491
"445",100,99.3589743589744,99.8820754716981,100.213219616205,99.8402555910543,100,100.536193029491
"446",18.3510638297872,99.3589743589744,37.5,100.213219616205,98.2428115015974,100,100.536193029491
"447",99.8670212765958,99.3589743589744,99.8820754716981,100.213219616205,99.8402555910543,100,100.536193029491
"448",21.5425531914894,99.3589743589744,38.6792452830189,100.213219616205,99.8402555910543,100,100.536193029491
"449",18.4840425531915,99.3589743589744,38.6792452830189,100.213219616205,99.8402555910543,100,100.536193029491
"450",100,99.3589743589744,99.8820754716981,100.213219616205,99.8402555910543,100,100.536193029491
"451",100,99.3589743589744,99.6462264150943,100.213219616205,99.8402555910543,100,100.536193029491
"452",19.1489361702128,99.3589743589744,41.3915094339623,99.1471215351812,99.8402555910543,100,100.536193029491
"453",100,99.3589743589744,99.8820754716981,100.213219616205,99.8402555910543,100,100.536193029491
"454",100,99.3589743589744,99.8820754716981,100.213219616205,99.8402555910543,100,100.536193029491
"455",100,99.3589743589744,99.8820754716981,100.213219616205,99.8402555910543,100,100.536193029491
"456",100,99.3589743589744,99.8820754716981,100.213219616205,99.8402555910543,100,100.536193029491
"457",100,99.3589743589744,99.8820754716981,100.213219616205,99.8402555910543,100,100.536193029491
"458",100,99.3589743589744,99.8820754716981,100.213219616205,99.8402555910543,100,100.536193029491
"459",100,99.3589743589744,99.8820754716981,100.213219616205,99.8402555910543,100,100.536193029491
"460",21.1436170212766,99.3589743589744,37.7358490566038,100.213219616205,99.8402555910543,100,100.536193029491
"461",22.0744680851064,99.3589743589744,37.5,100.213219616205,99.8402555910543,100,100.536193029491
"462",21.8085106382979,99.3589743589744,36.9103773584906,100.213219616205,99.8402555910543,100,100.536193029491
"463",100,99.3589743589744,99.8820754716981,100.213219616205,99.8402555910543,100,100.536193029491
"464",100,99.3589743589744,99.8820754716981,100.213219616205,99.8402555910543,100,100.536193029491
"465",18.75,33.6538461538462,40.2122641509434,51.1727078891258,50.3194888178914,59.0909090909091,64.343163538874
"466",99.8670212765958,99.3589743589744,99.8820754716981,100.213219616205,99.8402555910543,100,100.536193029491
"467",99.8670212765958,99.3589743589744,99.7641509433962,100.213219616205,99.8402555910543,100,100.536193029491
"468",21.9414893617021,99.3589743589744,40.2122641509434,100.213219616205,99.8402555910543,100,99.1957104557641
"469",23.8031914893617,99.3589743589744,43.6320754716981,100.213219616205,99.8402555910543,100,100.536193029491
"470",100,99.3589743589744,99.8820754716981,100.213219616205,99.8402555910543,100,100.536193029491
"471",18.4840425531915,99.3589743589744,41.0377358490566,100.213219616205,99.8402555910543,100,100.536193029491
"472",20.2127659574468,99.3589743589744,39.8584905660377,100.213219616205,99.8402555910543,100,100.536193029491
"473",21.4095744680851,97.7564102564102,42.5707547169811,100.213219616205,99.0415335463259,100,100.536193029491
"474",23.4042553191489,14.4230769230769,42.8066037735849,33.0490405117271,33.5463258785942,68.1818181818182,44.2359249329759
"475",100,99.3589743589744,99.8820754716981,100.213219616205,99.8402555910543,100,100.536193029491
"476",18.4840425531915,97.7564102564102,36.438679245283,100.213219616205,97.444089456869,100,100.536193029491
"477",22.6063829787234,99.3589743589744,40.5660377358491,100.213219616205,99.8402555910543,100,100.536193029491
"478",19.6808510638298,99.3589743589744,36.9103773584906,100.213219616205,99.8402555910543,97.7272727272727,100.536193029491
"479",100,99.3589743589744,99.8820754716981,100.213219616205,99.8402555910543,100,100.536193029491
"480",100,99.3589743589744,99.8820754716981,100.213219616205,99.8402555910543,100,100.536193029491
"481",99.8670212765958,99.3589743589744,99.8820754716981,100.213219616205,99.8402555910543,100,100.536193029491
"482",100,99.3589743589744,99.8820754716981,100.213219616205,99.8402555910543,100,100.536193029491
"483",100,99.3589743589744,99.8820754716981,100.213219616205,99.8402555910543,100,100.536193029491
"484",20.6117021276596,99.3589743589744,38.6792452830189,100.213219616205,99.8402555910543,100,100.536193029491
"485",100,99.3589743589744,99.8820754716981,100.213219616205,99.8402555910543,100,100.536193029491
"486",16.4893617021277,99.3589743589744,35.8490566037736,100.213219616205,99.8402555910543,100,100.536193029491
"487",100,99.3589743589744,99.8820754716981,100.213219616205,99.8402555910543,100,100.536193029491
"488",21.4095744680851,99.3589743589744,41.9811320754717,99.1471215351812,99.8402555910543,100,100.536193029491
"489",18.0851063829787,99.3589743589744,33.6084905660377,100.213219616205,99.8402555910543,100,100.536193029491
"490",19.813829787234,99.3589743589744,37.8537735849057,100.213219616205,99.8402555910543,100,100.536193029491
"491",21.0106382978723,17.6282051282051,38.561320754717,35.181236673774,42.332268370607,65.9090909090909,52.2788203753351
"492",20.3457446808511,97.7564102564102,36.6745283018868,100.213219616205,99.8402555910543,100,100.536193029491
"493",100,99.3589743589744,99.8820754716981,100.213219616205,99.8402555910543,100,100.536193029491
"494",100,99.3589743589744,99.8820754716981,100.213219616205,99.8402555910543,100,100.536193029491
"495",99.8670212765958,99.3589743589744,99.7641509433962,100.213219616205,99.8402555910543,100,100.536193029491
"496",100,99.3589743589744,99.8820754716981,100.213219616205,99.8402555910543,100,100.536193029491
"497",22.0744680851064,99.3589743589744,37.3820754716981,98.0810234541578,99.8402555910543,100,100.536193029491
"498",100,99.3589743589744,99.8820754716981,100.213219616205,99.8402555910543,100,100.536193029491
"499",99.3351063829787,99.3589743589744,99.7641509433962,100.213219616205,99.8402555910543,100,100.536193029491
"500",17.686170212766,99.3589743589744,35.1415094339623,100.213219616205,99.8402555910543,100,99.1957104557641
