"","age1_orange.A","age1_green.A","age2_no_comorbid_orange.A","age2_no_comorbid_green.A","age2_comorbid_green.A","age3_no_comorbid_green.A","age3_comorbid_green.A"
"1",0,0,0,0,0,0,0
"2",0,0,0,0,0,0,0
"3",0,0,0,0,0,0,0
"4",54.0443193489113,0,9.78029145364427,0,0,0,0
"5",0,0,0,0,0,0,0
"6",0,0,0,0,0,0,0
"7",0,0,2.45794256196728,0,0,0,0
"8",0,0,0,0,0,0,0
"9",0,0,2.52581756742879,0,0,0,0
"10",0,0,0,0,0,0,0
"11",0,0,0,0,0,0,0
"12",9.01822707443493,0,0,0,0,0,0
"13",0,0,6.37154786244036,0,0,0,0
"14",0,0,0,0,0,0,0
"15",0,0,0,0,0,0,0
"16",27.7613260469934,0,0,0,0,0,0
"17",26.0536197557814,0,18.6097355771618,0,0,0,0
"18",24.7527025556654,0,35.995618415474,0,0,0,0
"19",22.0918294645225,0,0,0,0,0,0
"20",0,0,0,0,0,0,0
"21",0,0,0,0,0,0,0
"22",0,0,0,0,0,0,0
"23",0,0,5.3425301961521,0,0,0,0
"24",0,0,1.5574831976923,0,0,0,0
"25",0,0,9.68943186523352,0,0,0,0
"26",0,0,0,0,0,0,0
"27",0,0,0,0,0,0,0
"28",0,0,0,0,0,0,0
"29",30.9825633627736,0,49.0250642158431,0,0,0,0
"30",0,0,0,0,0,0,0
"31",0,0,0,0,0,0,0
"32",0,0,0,0,0,0,0
"33",0,0,0,0,0,0,0
"34",0,0,0,0,0,0,0
"35",38.4278056287988,0,0,0,0,0,0
"36",19.0179642139619,0,9.89854390236699,0,0,0,0
"37",0,0,0,0,0,0,0
"38",21.4828830223412,0,50.2629795365617,0,0,0,0
"39",0,0,0,0,0,0,0
"40",0,0,0,0,0,0,0
"41",0,0,0,0,0,0,0
"42",0,0,0,0,0,0,0
"43",0,0,0,0,0,0,0
"44",0,0,4.74351178805178,0,0,0,0
"45",0,0,0.901080650115056,0,0,0,0
"46",0,0,10.5791642723978,0,0,0,0
"47",0,0,0,0,0,0,0
"48",12.8307162076153,0,35.2038736790994,0,0,0,0
"49",0,0,0,0,0,0,0
"50",0,0,6.09908169953848,0,0,0,0
"51",0,0,0,0,0,0,0
"52",0,0,0,0,0,0,0
"53",0,0,0,0,0,0,0
"54",0,0,0,0,0,0,0
"55",0,0,0,0,0,0,0
"56",7.60487148498462,0,1.20827553224501,0,0,0,0
"57",0,0,0,0,0,0,0
"58",0,0,4.65266068179558,0,0,0,0
"59",0,0,0,0,0,0,0
"60",0,0,0,0,0,0,0
"61",29.0866483165269,0,28.7481765223413,0,0,0,0
"62",98.2273451580385,0,74.4396619589173,0,0,0,0
"63",0,0,0,0,0,0,0
"64",0,0,0,0,0,0,0
"65",0,0,0,0,0,0,0
"66",0,0,0,0,0,0,0
"67",0,0,0,0,0,0,0
"68",0,0,0,0,0,0,0
"69",0,0,17.1149521956405,0,0,0,0
"70",0,0,12.2288266572274,0,0,0,0
"71",0,0,0,0,0,0,0
"72",22.890444849133,0,0,0,0,0,0
"73",0,0,0,0,0,0,0
"74",0,0,0,0,0,0,0
"75",0,0,15.2329890969289,0,0,0,0
"76",0,0,1.52344492622617,0,0,0,0
"77",0,0,4.65109028759946,0,0,0,0
"78",21.7900208549525,0,77.3974521851422,0,0,0,0
"79",0,0,0,0,0,0,0
"80",0,0,0,0,0,0,0
"81",0,0,0,0,0,0,0
"82",0,0,23.9794101416303,0,0,0,0
"83",0,0,0,0,0,0,0
"84",0,0,0,0,0,0,0
"85",17.6733246077274,0,5.71870832563866,0,0,0,0
"86",0,0,3.96340108299454,0,0,0,0
"87",0,0,1.51333661261457,0,0,0,0
"88",50.7295660490906,0,42.3004631069592,0,0,0,0
"89",0,0,0,0,0,0,0
"90",28.4407579907663,0,0,0,0,0,0
"91",22.2568420854106,0,0,0,0,0,0
"92",12.4772557378007,0,34.5439760469266,0,0,0,0
"93",0,0,0,0,0,0,0
"94",0,0,0,0,0,0,0
"95",0,0,0,0,0,0,0
"96",0,0,2.28239959768033,0,0,0,0
"97",0,0,0,0,0,0,0
"98",0,0,0,0,0,0,0
"99",0,0,0,0,0,0,0
"100",21.0173305835253,0,68.2484571193569,0,0,0,0
"101",0,0,2.13584655190393,0,0,0,0
"102",0,0,5.49185301714418,0,0,0,0
"103",0,0,0,0,0,0,0
"104",0,0,0,0,0,0,0
"105",13.192774862672,0,0,0,0,0,0
"106",0,0,12.7409511120332,0,0,0,0
"107",11.6230899288984,0,0,0,0,0,0
"108",14.9886998360324,0,0,0,0,0,0
"109",0,0,0,0,0,0,0
"110",0,0,0,0,0,0,0
"111",2.60818955993838,0,0,0,0,0,0
"112",0,0,0,0,0,0,0
"113",0,0,0,0,0,0,0
"114",127.62331337344,0,119.042386393589,0,0,0,0
"115",0,0,0,0,0,0,0
"116",0,0,0,0,0,0,0
"117",0,0,0,0,0,0,0
"118",0,0,0,0,0,0,0
"119",0,0,0,0,0,0,0
"120",0,0,0,0,0,0,0
"121",0,0,0,0,0,0,0
"122",0,0,0,0,0,0,0
"123",0,0,18.2087434398672,0,0,0,0
"124",14.4655365809479,0,0,0,0,0,0
"125",26.7622580888423,0,0,0,0,0,0
"126",0,0,0,0,0,0,0
"127",0,0,0,0,0,0,0
"128",0,0,0,0,0,0,0
"129",0,0,3.27715529119179,0,0,0,0
"130",0,0,0,0,0,0,0
"131",11.2633988885129,0,0,0,0,0,0
"132",0,0,10.9971706040647,0,0,0,0
"133",19.5666643954683,0,0,0,0,0,0
"134",0,0,0,0,0,0,0
"135",6.6328119936702,0,0,0,0,0,0
"136",0,0,0,0,0,0,0
"137",0,0,0,0,0,0,0
"138",0,0,0,0,0,0,0
"139",0,0,0,0,0,0,0
"140",0,0,0,0,0,0,0
"141",0,0,0,0,0,0,0
"142",0,0,0,0,0,0,0
"143",0,0,0,0,0,0,0
"144",23.0032192325246,0,28.892293304926,0,0,0,0
"145",0,0,31.4471889793831,0,0,0,0
"146",0,0,0,0,0,0,0
"147",0,0,0,0,0,0,0
"148",0,0,0,0,0,0,0
"149",0,0,0,0,0,0,0
"150",0,0,11.8254867987583,0,0,0,0
"151",33.7678193213467,0,7.36248310309018,0,0,0,0
"152",0,0,0,0,0,0,0
"153",0,0,0,0,0,0,0
"154",0,0,0,0,0,0,0
"155",0,0,0,0,0,0,0
"156",0,0,0,0,0,0,0
"157",21.1616514268168,0,39.372063024991,0,0,0,0
"158",0,0,0,0,0,0,0
"159",0,0,0,0,0,0,0
"160",0,0,12.2952112922657,0,0,0,0
"161",0,0,0,0,0,0,0
"162",0,0,0,0,0,0,0
"163",0,0,12.658662924216,0,0,0,0
"164",0,0,0,0,0,0,0
"165",0,0,0,0,0,0,0
"166",0,0,0,0,0,0,0
"167",0,0,0,0,0,0,0
"168",0,0,3.26588561258054,0,0,0,0
"169",0,0,0,0,0,0,0
"170",0,0,0,0,0,0,0
"171",0,0,0,0,0,0,0
"172",0,0,0,0,0,0,0
"173",0,0,0,0,0,0,0
"174",0,0,0,0,0,0,0
"175",0,0,0,0,0,0,0
"176",0,0,0,0,0,0,0
"177",0,0,0,0,0,0,0
"178",0,0,0,0,0,0,0
"179",0,0,0,0,0,0,0
"180",0,0,4.19981397436647,0,0,0,0
"181",0,0,0,0,0,0,0
"182",0,0,0,0,0,0,0
"183",0,0,0,0,0,0,0
"184",0,0,0,0,0,0,0
"185",0,0,0,0,0,0,0
"186",0,0,0,0,0,0,0
"187",14.9186645484551,0,42.3185255777443,0,0,0,0
"188",0,0,0,0,0,0,0
"189",0,0,0,0,0,0,0
"190",0,0,0,0,0,0,0
"191",0,0,0,0,0,0,0
"192",0,0,0,0,0,0,0
"193",0,0,0,0,0,0,0
"194",0,0,0,0,0,0,0
"195",0,0,0,0,0,0,0
"196",0,0,0,0,0,0,0
"197",0,0,0,0,0,0,0
"198",0,0,0,0,0,0,0
"199",0,0,0,0,0,0,0
"200",0,0,0.932208033439309,0,0,0,0
"201",0,0,0,0,0,0,0
"202",0,0,0,0,0,0,0
"203",0,0,0,0,0,0,0
"204",0,0,0,0,0,0,0
"205",0,0,0,0,0,0,0
"206",21.7479523720685,0,0,0,0,0,0
"207",0,0,0,0,0,0,0
"208",12.3370745605805,0,10.6092963365883,0,0,0,0
"209",0,0,0,0,0,0,0
"210",0,0,0,0,0,0,0
"211",0,0,0,0,0,0,0
"212",0,0,0,0,0,0,0
"213",0,0,0,0,0,0,0
"214",0,0,0,0,0,0,0
"215",0,0,6.55604298433388,0,0,0,0
"216",0,0,10.2682236942203,0,0,0,0
"217",0,0,0,0,0,0,0
"218",13.9733643319951,0,33.7123007493811,0,0,0,0
"219",0,0,0,0,0,0,0
"220",29.5024745571285,0,0,0,0,0,0
"221",7.08468196885278,0,0,0,0,0,0
"222",0,0,0,0,0,0,0
"223",0,0,0,0,0,0,0
"224",2.2887923177488,0,0,0,0,0,0
"225",0,0,0,0,0,0,0
"226",62.1298111168222,0,50.4068166265262,0,0,0,0
"227",0,0,0,0,0,0,0
"228",0,0,0,0,0,0,0
"229",0,0,19.7384258126056,0,0,0,0
"230",0,0,0,0,0,0,0
"231",0,0,0,0,0,0,0
"232",11.1000670403347,0,0,0,0,0,0
"233",0,0,0,0,0,0,0
"234",14.2995225108407,0,13.6310137851712,0,0,0,0
"235",0,0,0,0,0,0,0
"236",30.3441286185094,0,16.5340147982893,0,0,0,0
"237",0,0,0,0,0,0,0
"238",0,0,0,0,0,0,0
"239",0,0,0,0,0,0,0
"240",0,0,0,0,0,0,0
"241",0,0,0,0,0,0,0
"242",0,0,2.42271117139697,0,0,0,0
"243",0,0,0,0,0,0,0
"244",9.37534868061505,0,0,0,0,0,0
"245",0,0,0,0,0,0,0
"246",0,0,4.58577918359788,0,0,0,0
"247",0,0,3.00045077817759,0,0,0,0
"248",4.40557898830952,0,5.68434140143159,0,0,0,0
"249",0,0,0,0,0,0,0
"250",0,0,3.48293333735245,0,0,0,0
"251",0,0,0,0,0,0,0
"252",0,0,0,0,0,0,0
"253",15.638412919177,0,0,0,0,0,0
"254",126.774727947811,0,162.245479028111,0,0,0,0
"255",0,0,0,0,0,0,0
"256",0,0,0,0,0,0,0
"257",0,0,0,0,0,0,0
"258",0,0,0,0,0,0,0
"259",0,0,0,0,0,0,0
"260",0,0,0,0,0,0,0
"261",22.4442986613658,0,0,0,0,0,0
"262",0,0,0,0,0,0,0
"263",0,0,0,0,0,0,0
"264",0,0,0,0,0,0,0
"265",0,0,0,0,0,0,0
"266",0,0,0,0,0,0,0
"267",0,0,0,0,0,0,0
"268",20.6198997890849,0,18.8183477545122,0,0,0,0
"269",0,0,0,0,0,0,0
"270",0,0,0,0,0,0,0
"271",0,0,16.2070151261242,0,0,0,0
"272",0,0,0,0,0,0,0
"273",0,0,0,0,0,0,0
"274",0,0,0,0,0,0,0
"275",58.3695876807607,0,57.4263527796889,0,0,0,0
"276",26.2261839578147,0,107.461001015928,0,0,0,0
"277",0,0,0,0,0,0,0
"278",0,0,0,0,0,0,0
"279",0,0,0,0,0,0,0
"280",24.5630155357029,0,41.7645045331295,0,0,0,0
"281",25.1084368641794,0,0,0,0,0,0
"282",0,0,0,0,0,0,0
"283",0,0,0,0,0,0,0
"284",0,0,0,0,0,0,0
"285",41.1761426808091,0,0,0,0,0,0
"286",17.0961235135767,0,0,0,0,0,0
"287",0,0,0,0,0,0,0
"288",0,0,0,0,0,0,0
"289",0,0,0,0,0,0,0
"290",0,0,0,0,0,0,0
"291",0,0,0,0,0,0,0
"292",0,0,0,0,0,0,0
"293",0,0,0,0,0,0,0
"294",0,0,0,0,0,0,0
"295",15.2648920746775,0,0,0,0,0,0
"296",11.6635119975865,0,17.8731617442326,0,0,0,0
"297",24.0992714575947,0,34.6058936442397,0,0,0,0
"298",0,0,0,0,0,0,0
"299",23.0625059131646,0,21.6717972873975,0,0,0,0
"300",0,0,0,0,0,0,0
"301",0,0,0,0,0,0,0
"302",0,0,0,0,0,0,0
"303",0,0,0,0,0,0,0
"304",0,0,0,0,0,0,0
"305",0,0,0,0,0,0,0
"306",44.6519681964421,0,36.8398737534932,0,0,0,0
"307",0,0,0,0,0,0,0
"308",68.0008913589442,0,31.2574912181322,0,0,0,0
"309",4.87890973697252,0,0,0,0,0,0
"310",0,0,0,0,0,0,0
"311",0,0,0,0,0,0,0
"312",0,0,5.53262429003701,0,0,0,0
"313",35.1441709986388,0,35.6739995207651,0,0,0,0
"314",44.9049920355759,0,0,0,0,0,0
"315",0,0,0,0,0,0,0
"316",0,0,0,0,0,0,0
"317",31.889525093781,0,55.9704693216925,0,0,0,0
"318",0,0,0,0,0,0,0
"319",0,0,0,0,0,0,0
"320",0,0,0,0,0,0,0
"321",12.8598654170664,0,2.10952115077993,0,0,0,0
"322",0,0,6.63276391315972,0,0,0,0
"323",43.5422610369467,0,30.078861863709,0,0,0,0
"324",0,0,0,0,0,0,0
"325",0,0,0,0,0,0,0
"326",24.6966114902023,0,0,0,0,0,0
"327",0,0,0,0,0,0,0
"328",0,0,0,0,0,0,0
"329",0,0,0,0,0,0,0
"330",0,0,0,0,0,0,0
"331",0,0,0,0,0,0,0
"332",0,0,0,0,0,0,0
"333",5.94037552322314,0,0,0,0,0,0
"334",0,0,0,0,0,0,0
"335",0,0,0,0,0,0,0
"336",0,0,0,0,0,0,0
"337",0,0,0,0,0,0,0
"338",0,0,0,0,0,0,0
"339",0,0,0,0,0,0,0
"340",3.6472917897157,0,0,0,0,0,0
"341",0,0,10.4114934137386,0,0,0,0
"342",0,0,3.10076008239688,0,0,0,0
"343",0,0,0,0,0,0,0
"344",27.511893232626,0,8.88972984044393,0,0,0,0
"345",25.3009008872524,0,29.3390699227059,0,0,0,0
"346",0,0,0,0,0,0,0
"347",0,0,0,0,0,0,0
"348",0,0,0,0,0,0,0
"349",0,0,0,0,0,0,0
"350",0,0,3.96746730392343,0,0,0,0
"351",0,0,29.490317352227,0,0,0,0
"352",15.0783444827979,0,46.5834875641419,0,0,0,0
"353",65.1520802842187,0,13.4567281759223,0,0,0,0
"354",56.8797931459246,0,55.4657724461552,0,0,0,0
"355",7.06579426460043,0,0,0,0,0,0
"356",46.1101765916039,0,3.07933930718642,0,0,0,0
"357",21.5169372696199,0,78.5627873426653,0,0,0,0
"358",0,0,0,0,0,0,0
"359",0,0,3.89155993285508,0,0,0,0
"360",0,0,0,0,0,0,0
"361",28.9231723565378,0,20.0206404861434,0,17.8452785108972,0,0
"362",0,0,0,0,0,0,0
"363",0,0,0,0,0,0,0
"364",0,0,0,0,0,0,0
"365",0,0,0.858917880808873,0,0,0,0
"366",74.2878104637072,0,35.7109399025181,0,0,0,0
"367",0,0,0,0,0,0,0
"368",0,0,4.30249517750209,0,0,0,0
"369",0,0,0,0,0,0,0
"370",15.4857274975554,0,0,0,0,0,0
"371",0,0,3.53958724276129,0,0,0,0
"372",64.2087735676948,0,12.5514054172084,0,0,0,0
"373",11.4932858410225,0,0,0,0,0,0
"374",0,0,0,0,0,0,0
"375",0,0,0,0,0,0,0
"376",0,0,0,0,0,0,0
"377",0,0,0,0,0,0,0
"378",0,0,0,0,0,0,0
"379",0,0,0,0,0,0,0
"380",0,0,0,0,0,0,0
"381",0,0,0,0,0,0,0
"382",0,0,0,0,0,0,0
"383",0,0,0,0,0,0,0
"384",0,0,0,0,0,0,0
"385",0,0,0,0,0,0,0
"386",0,0,0,0,0,0,0
"387",0,0,20.9869312853312,0,0,0,0
"388",0,0,0,0,0,0,0
"389",0,0,3.56019389618123,0,0,0,0
"390",0,0,0,0,0,0,0
"391",0,0,0,0,0,0,0
"392",0,0,0,0,0,0,0
"393",0,0,0,0,0,0,0
"394",17.2130284039028,0,4.74052547521714,0,0,0,0
"395",0,0,0,0,0,0,0
"396",23.5436483428482,0,0,0,0,0,0
"397",0,0,0,0,0,0,0
"398",0,0,0,0,0,0,0
"399",0,0,0,0,0,0,0
"400",0,0,26.351089440611,0,0,0,0
"401",0,0,0,0,0,0,0
"402",0,0,0,0,0,0,0
"403",0,0,0,0,0,0,0
"404",0,0,25.1764696929899,0,0,0,0
"405",44.2731059288804,0,0,0,0,0,0
"406",0,0,10.7992617300327,0,0,0,0
"407",0,0,0.901445900582514,0,0,0,0
"408",0,0,0,0,0,0,0
"409",0,0,0,0,0,0,0
"410",0,0,5.46218615067917,0,0,0,0
"411",15.3586303578559,0,0,0,0,0,0
"412",11.2127233162344,0,0,0,0,0,0
"413",21.9859435838364,0,0,0,0,0,0
"414",49.4017053702684,0,53.5365189188669,0,0,0,0
"415",0,0,0,0,0,0,0
"416",0,0,0,0,0,0,0
"417",0,0,0.729503233074063,0,0,0,0
"418",0,0,2.27291277573937,0,0,0,0
"419",0,0,0,0,0,0,0
"420",0,0,2.2200054476643,0,0,0,0
"421",0,0,6.08659432153819,0,0,0,0
"422",0,0,0,0,0,0,0
"423",0,0,0,0,0,0,0
"424",0,0,0,0,0,0,0
"425",0,0,0,0,0,0,0
"426",0,0,5.43245828440462,0,0,0,0
"427",0,0,0,0,0,0,0
"428",0,0,0,0,0,0,0
"429",0,0,0,0,0,0,0
"430",16.2468058056153,0,0,0,0,0,0
"431",0,0,0,0,0,0,0
"432",0,0,0,0,0,0,0
"433",0,0,0,0,0,0,0
"434",0,0,0,0,0,0,0
"435",0,0,0,0,0,0,0
"436",0,0,0,0,0,0,0
"437",0,0,0,0,0,0,0
"438",0,0,6.63658671268762,0,0,0,0
"439",0,0,0,0,0,0,0
"440",27.9000909181341,0,42.1119117949984,0,0,0,0
"441",0,0,10.3274119053806,0,0,0,0
"442",0,0,0,0,0,0,0
"443",9.07353355432334,0,18.0018640977326,0,0,0,0
"444",0,0,1.58117704983582,0,0,0,0
"445",0,0,1.92725665575775,0,0,0,0
"446",6.10308280533699,0,0,0,0,0,0
"447",0,0,0,0,0,0,0
"448",9.87701347775309,0,0,0,0,0,0
"449",31.410197571132,0,0,0,0,0,0
"450",0,0,0,0,0,0,0
"451",0,0,0,0,0,0,0
"452",0,0,2.4932442645082,0,0,0,0
"453",0,0,0,0,0,0,0
"454",0,0,0,0,0,0,0
"455",0,0,0,0,0,0,0
"456",0,0,9.81112365666715,0,0,0,0
"457",0,0,0,0,0,0,0
"458",0,0,0,0,0,0,0
"459",0,0,0,0,0,0,0
"460",0,0,0,0,0,0,0
"461",0,0,0,0,0,0,0
"462",31.1011684998882,0,0,0,0,0,0
"463",17.1624069757589,0,12.3213525901367,0,0,0,0
"464",0,0,0,0,0,0,0
"465",0,0,3.47137225445073,0,0,0,0
"466",0,0,0,0,0,0,0
"467",0,0,0,0,0,0,0
"468",0,0,0,0,0,0,0
"469",8.05753570375852,0,0,0,0,0,0
"470",0,0,0,0,0,0,0
"471",0,0,0,0,0,0,0
"472",0,0,0,0,0,0,0
"473",7.56531166127913,0,0,0,0,0,0
"474",0,0,0,0,0,0,0
"475",0,0,0,0,0,0,0
"476",28.8275134438661,0,22.1440193338187,0,0,0,0
"477",0,0,0,0,0,0,0
"478",0,0,0,0,0,0,0
"479",6.52883120212622,0,0,0,0,0,0
"480",0,0,0,0,0,0,0
"481",0,0,0,0,0,0,0
"482",0,0,0,0,0,0,0
"483",0,0,0,0,0,0,0
"484",0,0,0,0,0,0,0
"485",0,0,0,0,0,0,0
"486",0,0,0,0,0,0,0
"487",0,0,0,0,0,0,0
"488",0,0,0,0,0,0,0
"489",0,0,5.16781765375426,0,0,0,0
"490",0,0,0,0,0,0,0
"491",0,0,3.85632769939474,0,0,0,0
"492",0,0,0,0,0,0,0
"493",60.4298913399626,0,61.0344770399102,0,0,0,0
"494",3.17553339668366,0,0,0,0,0,0
"495",23.4602572896053,0,0,0,0,0,0
"496",0,0,27.9835320771631,0,0,0,0
"497",0,0,0,0,0,0,0
"498",0,0,0.852390833590995,0,0,0,0
"499",0,0,0,0,0,0,0
"500",0,0,0,0,0,0,0
"501",0,0,0.709427616479696,0,0,0,0
"502",0,0,0,0,0,0,0
"503",18.5008666129933,0,0,0,0,0,0
"504",0,0,15.8782696714491,0,0,0,0
"505",0,0,0,0,0,0,0
"506",0,0,0,0,0,0,0
"507",89.3852648278301,0,35.975270189276,0,0,0,0
"508",22.7118460588995,0,0,0,0,0,0
"509",0,0,0,0,0,0,0
"510",0,0,0,0,0,0,0
"511",44.3613125041569,0,34.8060813988746,0,0,0,0
"512",17.4536852698289,0,0,0,0,0,0
"513",0,0,38.8556822076901,0,0,0,0
"514",32.4576120690291,0,0,0,0,0,0
"515",0,0,0.502374349056474,0,0,0,0
"516",0,0,0,0,0,0,0
"517",0,0,0,0,0,0,0
"518",0,0,0,0,0,0,0
"519",0,0,0,0,0,0,0
"520",0,0,0,0,0,0,0
"521",0,0,41.4133544716618,0,0,0,0
"522",0,0,0,0,0,0,0
"523",0,0,0,0,0,0,0
"524",0,0,0,0,0,0,0
"525",0,0,0,0,0,0,0
"526",47.1945695620799,0,99.3463402243583,0,0,0,0
"527",106.007209113077,0,101.800751277905,0,0,0,0
"528",21.6467915283365,0,0,0,0,0,0
"529",0,0,13.033718629694,0,0,0,0
"530",0,0,0,0,0,0,0
"531",0,0,0,0,0,0,0
"532",0,0,0,0,0,0,0
"533",0,0,29.4561684297301,0,0,0,0
"534",9.1994496341245,0,18.3130295645512,0,0,0,0
"535",0,0,0,0,0,0,0
"536",0,0,0,0,0,0,0
"537",35.7076891468046,0,121.116024363825,0,0,0,0
"538",0,0,19.7771713767173,0,0,0,0
"539",0,0,8.28879985533087,0,0,0,0
"540",15.8140007407963,0,0,0,0,0,0
"541",0,0,0,0,0,0,0
"542",0,0,1.84359377850682,0,0,0,0
"543",23.5814946865542,0,32.1929204182686,0,0,0,0
"544",0,0,0,0,0,0,0
"545",0,0,0,0,0,0,0
"546",6.38343123018055,0,0,0,0,0,0
"547",0,0,0,0,0,0,0
"548",0,0,0,0,0,0,0
"549",0,0,0,0,0,0,0
"550",0,0,20.4419845571522,0,0,0,0
"551",0,0,0,0,0,0,0
"552",19.5780067110187,0,0.824249467351003,0,0,0,0
"553",0,0,0,0,0,0,0
"554",0,0,0,0,0,0,0
"555",0,0,6.68545388071964,0,0,0,0
"556",0,0,5.2876958082326,0,0,0,0
"557",40.779106956177,0,12.3525553520092,0,0,0,0
"558",0,0,0,0,0,0,0
"559",7.18041967893186,0,20.8455405174154,0,0,0,0
"560",0,0,0,0,0,0,0
"561",0,0,1.99852404768321,0,0,0,0
"562",0,0,8.03634005259647,0,0,0,0
"563",0,0,0,0,0,0,0
"564",0,0,0,0,0,0,0
"565",0,0,10.0530036630341,0,0,0,0
"566",0,0,0,0,0,0,0
"567",0,0,0,0,0,0,0
"568",0,0,0,0,0,0,0
"569",0,0,0,0,0,0,0
"570",0,0,8.19717977357828,0,0,0,0
"571",0,0,0,0,0,0,0
"572",0,0,0,0,0,0,0
"573",0,0,1.54030266188346,0,0,0,0
"574",15.538390302933,0,18.9680199501477,0,0,0,0
"575",0,0,48.6936821262,0,0,0,0
"576",0,0,0,0,0,0,0
"577",0,0,0,0,0,0,0
"578",0,0,0,0,0,0,0
"579",0,0,0,0,0,0,0
"580",20.8699166918116,0,6.52365741278576,0,0,0,0
"581",0,0,0,0,0,0,0
"582",0,0,0,0,0,0,0
"583",0,0,0,0,0,0,0
"584",0,0,0,0,0,0,0
"585",0,0,0,0,0,0,0
"586",0,0,0,0,0,0,0
"587",0,0,0,0,0,0,0
"588",0,0,0,0,0,0,0
"589",0,0,0,0,0,0,0
"590",0,0,0,0,0,0,0
"591",0,0,0,0,0,0,0
"592",0,0,16.8528090199476,0,0,0,0
"593",0,0,0,0,0,0,0
"594",0,0,0,0,0,0,0
"595",0,0,0,0,0,0,0
"596",0,0,0,0,0,0,0
"597",0,0,0,0,0,0,0
"598",0,0,0,0,0,0,0
"599",27.1696209167303,0,0,0,0,0,0
"600",0,0,0,0,0,0,0
"601",0,0,0,0,0,0,0
"602",6.31284738379516,0,0,0,0,0,0
"603",0,0,6.19173591322566,0,0,0,0
"604",0,0,0,0,0,0,0
"605",0,0,0,0,0,0,0
"606",0,0,0,0,0,0,0
"607",0,0,0,0,0,0,0
"608",0,0,9.60207273933367,0,0,0,0
"609",0,0,0,0,0,0,0
"610",0,0,8.2962840111237,0,0,0,0
"611",20.2454128241799,0,0,0,0,0,0
"612",0,0,4.7493205352926,0,0,0,0
"613",38.3893807245881,0,3.87344890534007,0,0,0,0
"614",0,0,0,0,0,0,0
"615",0,0,2.34913118111787,0,0,0,0
"616",0,0,0,0,0,0,0
"617",0,0,0,0,0,0,0
"618",0,0,0,0,0,0,0
"619",0,0,0,0,0,0,0
"620",0,0,0,0,0,0,0
"621",0,0,0,0,0,0,0
"622",0,0,18.7071112970516,0,0,0,0
"623",0,0,0,0,0,0,0
"624",0,0,0,0,0,0,0
"625",35.3960170132421,0,0,0,0,0,0
"626",13.8146211905389,0,0,0,0,0,0
"627",0,0,0,0,0,0,0
"628",0,0,0,0,0,0,0
"629",8.78185508587377,0,4.29174715313971,0,0,0,0
"630",0,0,0,0,0,0,0
"631",0,0,0,0,0,0,0
"632",0,0,24.0079490212219,0,0,0,0
"633",18.6852845255235,0,0,0,0,0,0
"634",30.3907382374396,0,0,0,0,0,0
"635",23.5507201282863,0,0,0,0,0,0
"636",0,0,0,0,0,0,0
"637",23.4618477657585,0,0,0,0,0,0
"638",13.2398945913174,0,2.1870455568691,0,0,0,0
"639",0,0,0,0,0,0,0
"640",0,0,19.7526003384359,0,0,0,0
"641",0,0,12.3068282243453,0,0,0,0
"642",0,0,0,0,0,0,0
"643",17.960291057096,0,0,0,0,0,0
"644",28.2121752764513,0,38.5527322640631,0,0,0,0
"645",0,0,0,0,0,0,0
"646",32.6434300822861,0,59.0284808093384,0,0,0,0
"647",0,0,0,0,0,0,0
"648",0,0,0,0,0,0,0
"649",0,0,0,0,0,0,0
"650",0,0,1.95142023768052,0,0,0,0
"651",0,0,0,0,0,0,0
"652",0,0,0,0,0,0,0
"653",0,0,56.651413693853,0,0,0,0
"654",0,0,0,0,0,0,0
"655",0,0,0,0,0,0,0
"656",0,0,0,0,0,0,0
"657",0,0,0,0,0,0,0
"658",20.7468054182041,0,20.2368467526992,0,0,0,0
"659",0,0,0,0,0,0,0
"660",16.4960125145388,0,0,0,0,0,0
"661",0,0,0,0,0,0,0
"662",0,0,0,0,0,0,0
"663",0,0,0,0,0,0,0
"664",0,0,0,0,0,0,0
"665",7.50030424790655,0,14.0155442961043,0,0,0,0
"666",0,0,0,0,0,0,0
"667",0,0,4.05439158441407,0,0,0,0
"668",0,0,0,0,0,0,0
"669",0,0,4.46736386568895,0,0,0,0
"670",19.9949283535887,0,4.40385162376684,0,0,0,0
"671",14.4408171882245,0,0,0,0,0,0
"672",0,0,0,0,0,0,0
"673",0,0,3.3722247311916,0,0,0,0
"674",30.4763625788805,0,44.784417229478,0,0,0,0
"675",0,0,0,0,0,0,0
"676",0,0,0,0,0,0,0
"677",7.85223474165528,0,3.59076998110391,0,0,0,0
"678",0,0,21.4543572672828,0,0,0,0
"679",0,0,0,0,0,0,0
"680",5.92105711219352,0,2.53033642222062,0,0,0,0
"681",14.3524300292087,0,27.3419201776238,0,0,0,0
"682",0,0,0,0,0,0,0
"683",0,0,0,0,0,0,0
"684",0,0,0,0,0,0,0
"685",0,0,0,0,0,0,0
"686",0,0,0,0,0,0,0
"687",0,0,0,0,0,0,0
"688",0,0,0,0,0,0,0
"689",0,0,7.07493950782106,0,0,0,0
"690",0,0,17.4519657087384,0,0,0,0
"691",0,0,0,0,0,0,0
"692",11.5948218954055,0,16.6345002159406,0,0,0,0
"693",0,0,0,0,0,0,0
"694",0,0,0,0,0,0,0
"695",0,0,6.24848067248534,0,0,0,0
"696",6.19477283471806,0,13.2936122245636,0,0,0,0
"697",19.0540487302413,0,12.7058118711975,0,0,0,0
"698",65.7628887874269,0,0,0,0,0,0
"699",16.2127302640732,0,0,0,0,0,0
"700",0,0,0,0,0,0,0
"701",27.4664177199309,0,14.2464375713025,0,0,0,0
"702",0,0,0,0,0,0,0
"703",0,0,0,0,0,0,0
"704",0,0,0,0,0,0,0
"705",0,0,0,0,0,0,0
"706",0,0,0,0,0,0,0
"707",0,0,24.6063368696681,0,0,0,0
"708",0,0,0,0,0,0,0
"709",0,0,5.46094007144625,0,0,0,0
"710",0,0,0,0,0,0,0
"711",0,0,0,0,0,0,0
"712",0,0,0,0,0,0,0
"713",0,0,0,0,0,0,0
"714",0,0,0,0,0,0,0
"715",0,0,0,0,0,0,0
"716",0,0,0,0,0,0,0
"717",0,0,0,0,0,0,0
"718",0,0,0,0,0,0,0
"719",0,0,5.17269861997145,0,0,0,0
"720",0,0,6.54494200657421,0,0,0,0
"721",0,0,0,0,0,0,0
"722",14.4907322072199,0,0,0,0,0,0
"723",0,0,0,0,0,0,0
"724",0,0,0,0,0,0,0
"725",0,0,6.65890952407469,0,0,0,0
"726",0,0,0,0,0,0,0
"727",0,0,7.78519692855566,0,0,0,0
"728",0,0,0,0,0,0,0
"729",0,0,0,0,0,0,0
"730",0,0,2.09470299911905,0,0,0,0
"731",0,0,0,0,0,0,0
"732",10.0647706871364,0,0,0,0,0,0
"733",11.8171396138887,0,0,0,0,0,0
"734",0,0,0,0,0,0,0
"735",0,0,0,0,0,0,0
"736",0,0,0,0,0,0,0
"737",0,0,4.72297324693339,0,0,0,0
"738",0,0,7.01694573567684,0,0,0,0
"739",0,0,0,0,0,0,0
"740",0,0,0,0,0,0,0
"741",20.8570683962598,0,12.1978101853347,0,0,0,0
"742",0,0,0,0,0,0,0
"743",0,0,0.689490481530991,0,0,0,0
"744",0,0,0,0,0,0,0
"745",0,0,5.45374017970971,0,0,0,0
"746",0,0,1.4790748853186,0,0,0,0
"747",0,0,0,0,0,0,0
"748",0,0,8.75381677598384,0,0,0,0
"749",0,0,0,0,0,0,0
"750",0,0,0,0,0,0,0
"751",0,0,10.5613303872859,0,0,0,0
"752",0,0,0,0,0,0,0
"753",0,0,0,0,0,0,0
"754",0,0,14.5988791731558,0,0,0,0
"755",0,0,0,0,0,0,0
"756",0,0,0,0,0,0,0
"757",9.94989368585593,0,4.11167189465447,0,0,0,0
"758",0,0,0.453326803495868,0,0,0,0
"759",0,0,0,0,0,0,0
"760",0,0,0,0,0,0,0
"761",73.5198333121958,0,72.3128495166803,0,0,0,0
"762",29.986524266963,0,10.5890952476894,0,0,0,0
"763",52.2924600123796,0,17.9087254093818,0,0,0,0
"764",0,0,0,0,0,0,0
"765",50.9331999023945,0,66.5270247925126,0,0,0,0
"766",0,0,0,0,0,0,0
"767",0,0,0,0,0,0,0
"768",0,0,0,0,0,0,0
"769",0,0,11.66351729484,0,0,0,0
"770",0,0,0,0,0,0,0
"771",0,0,2.66062393413597,0,0,0,0
"772",0,0,4.21399542040156,0,0,0,0
"773",0,0,0,0,0,0,0
"774",6.84351382899012,0,0,0,0,0,0
"775",0,0,8.24945371349022,0,0,0,0
"776",0,0,15.1009461088047,0,0,0,0
"777",25.5045849287121,0,1.87454342187599,0,0,0,0
"778",0,0,0,0,0,0,0
"779",0,0,13.8145496195069,0,0,0,0
"780",0,0,7.1116927129914,0,0,0,0
"781",0,0,4.35759463446686,0,0,0,0
"782",0,0,0,0,0,0,0
"783",0,0,0,0,0,0,0
"784",0,0,0,0,0,0,0
"785",0,0,0,0,0,0,0
"786",30.4045307409593,0,0,0,0,0,0
"787",0,0,0,0,0,0,0
"788",19.0891558528877,0,5.06069066529864,0,0,0,0
"789",0,0,0,0,0,0,0
"790",0,0,0,0,0,0,0
"791",10.9982191733391,0,5.10198916401564,0,0,0,0
"792",0,0,2.83106426716403,0,0,0,0
"793",7.36840319545478,0,1.15887165779745,0,0,0,0
"794",18.8375794344012,0,0,0,0,0,0
"795",14.345388467137,0,0,0,0,0,0
"796",0,0,3.32165657865334,0,0,0,0
"797",0,0,0,0,0,0,0
"798",0,0,0,0,0,0,0
"799",0,0,0,0,0,0,0
"800",0,0,0,0,0,0,0
"801",0,0,28.1644559691069,0,0,0,0
"802",44.4028847550259,0,0,0,0,0,0
"803",0,0,9.5207876704392,0,0,0,0
"804",0,0,4.96281631879477,0,0,0,0
"805",0,0,0,0,0,0,0
"806",0,0,6.26360572064871,0,0,0,0
"807",0,0,0,0,0,0,0
"808",0,0,0,0,0,0,0
"809",0,0,13.7457557393074,0,0,0,0
"810",0,0,0,0,0,0,0
"811",0,0,1.97662843994744,0,0,0,0
"812",0,0,3.26255674922991,0,0,0,0
"813",0,0,4.50950102382107,0,0,0,0
"814",12.3492179019994,0,0,0,0,0,0
"815",0,0,0,0,0,0,0
"816",20.81602857659,0,19.7924374364251,0,0,0,0
"817",0,0,4.77882217031573,0,0,0,0
"818",0,0,0,0,0,0,0
"819",27.0308420021178,0,0,0,0,0,0
"820",0,0,0,0,0,0,0
"821",0,0,0,0,0,0,0
"822",0,0,0,0,0,0,0
"823",5.78786240833158,0,0,0,0,0,0
"824",0,0,0,0,0,0,0
"825",0,0,0,0,0,0,0
"826",0,0,4.24957299179821,0,0,0,0
"827",0,0,0,0,0,0,0
"828",0,0,0,0,0,0,0
"829",0,0,0,0,0,0,0
"830",0,0,87.8239722640034,0,0,0,0
"831",0,0,0,0,0,0,0
"832",0,0,0,0,0,0,0
"833",11.4228582834745,0,0,0,0,0,0
"834",0,0,0,0,0,0,0
"835",15.1874903313376,0,0,0,0,0,0
"836",0,0,0,0,0,0,0
"837",33.8387967387252,0,88.7816714433292,0,0,0,0
"838",15.7937702345598,0,0,0,0,0,0
"839",0,0,0,0,0,0,0
"840",0,0,0,0,0,0,0
"841",0,0,0,0,0,0,0
"842",0,0,0.527748995348814,0,0,0,0
"843",20.4841427904523,0,0,0,0,0,0
"844",0,0,0,0,0,0,0
"845",0,0,2.85604440555685,0,0,0,0
"846",0,0,0,0,0,0,0
"847",0,0,2.11262578089454,0,0,0,0
"848",0,0,10.986431890578,0,0,0,0
"849",0,0,0,0,0,0,0
"850",0,0,0,0,0,0,0
"851",0,0,0,0,0,0,0
"852",0,0,0,0,0,0,0
"853",0,0,0,0,0,0,0
"854",0,0,0,0,0,0,0
"855",0,0,0,0,0,0,0
"856",0,0,0,0,0,0,0
"857",0,0,0,0,0,0,0
"858",0,0,10.6691498884397,0,0,0,0
"859",49.2422068729605,0,26.2759104017145,0,0,0,0
"860",0,0,0,0,0,0,0
"861",0,0,0,0,0,0,0
"862",0,0,0,0,0,0,0
"863",0,0,29.3548915913654,0,0,0,0
"864",0,0,0,0,0,0,0
"865",0,0,0.539794380417977,0,0,0,0
"866",0,0,0,0,0,0,0
"867",0,0,0,0,0,0,0
"868",0,0,17.3803151172322,0,0,0,0
"869",0,0,0,0,0,0,0
"870",0,0,0,0,0,0,0
"871",18.2143426033109,0,9.22686387048095,0,0,0,0
"872",0,0,0,0,0,0,0
"873",14.79361458674,0,6.50620327811304,0,0,0,0
"874",104.896252196283,0,20.6399348971711,0,0,0,0
"875",21.1545689969066,0,34.0029932419239,0,0,0,0
"876",0,0,3.09958822711213,0,0,0,0
"877",0,0,0,0,0,0,0
"878",0,0,0,0,0,0,0
"879",0,0,0,0,0,0,0
"880",0,0,0,0,0,0,0
"881",0,0,0,0,0,0,0
"882",0,0,0,0,0,0,0
"883",0,0,0,0,0,0,0
"884",0,0,2.27421235225891,0,0,0,0
"885",0,0,0,0,0,0,0
"886",0,0,0,0,0,0,0
"887",0,0,0,0,0,0,0
"888",0,0,0,0,0,0,0
"889",0,0,0,0,0,0,0
"890",0,0,0,0,0,0,0
"891",0,0,0,0,0,0,0
"892",0,0,0,0,0,0,0
"893",0,0,0,0,0,0,0
"894",0,0,8.09157602184332,0,0,0,0
"895",0,0,31.1253274935615,0,0,0,0
"896",64.7975073023012,0,36.7971466566318,0,0,0,0
"897",0,0,0,0,0,0,0
"898",0,0,0,0,0,0,0
"899",0,0,1.84542261541439,0,0,0,0
"900",111.691729266682,0,70.5442428988319,0,0,0,0
"901",0,0,0,0,0,0,0
"902",0,0,0,0,0,0,0
"903",0,0,7.7062362058687,0,0,0,0
"904",137.480001437935,0,87.131207443024,0,0,0,0
"905",0,0,0,0,0,0,0
"906",0,0,0,0,0,0,0
"907",8.63102918033694,0,0,0,0,0,0
"908",11.3431608783318,0,12.803143095395,0,0,0,0
"909",0,0,0,0,0,0,0
"910",0,0,0,0,0,0,0
"911",0,0,0,0,0,0,0
"912",0,0,0,0,0,0,0
"913",0,0,0,0,0,0,0
"914",0,0,0.477533245251428,0,0,0,0
"915",3.32685956013524,0,13.7843801134348,0,0,0,0
"916",9.67825899461072,0,15.2784532289529,0,0,0,0
"917",0,0,0,0,0,0,0
"918",0,0,0,0,0,0,0
"919",24.7267946826887,0,0,0,0,0,0
"920",0,0,0,0,0,0,0
"921",24.227003171993,0,20.8468918207938,0,0,0,0
"922",0,0,0,0,0,0,0
"923",0,0,0,0,0,0,0
"924",0,0,0,0,0,0,0
"925",4.24294566091196,0,10.524393852678,0,0,0,0
"926",33.4064839892208,0,68.7028873620002,0,0,0,0
"927",0,0,19.2690843128508,0,0,0,0
"928",14.6481530879645,0,0,0,0,0,0
"929",0,0,37.473433078569,0,0,0,0
"930",30.6717713265792,0,0,0,0,0,0
"931",0,0,0,0,0,0,0
"932",8.04879275278331,0,0,0,0,0,0
"933",0,0,0,0,0,0,0
"934",0,0,0,0,0,0,0
"935",0,0,0.7251732924778,0,0,0,0
"936",0,0,1.89118591385821,0,0,0,0
"937",0,0,0,0,0,0,0
"938",0,0,0,0,0,0,0
"939",0,0,0,0,0,0,0
"940",0,0,0,0,0,0,0
"941",0,0,0,0,0,0,0
"942",8.200589445196,0,0,0,0,0,0
"943",0,0,0,0,0,0,0
"944",0,0,0,0,0,0,0
"945",0,0,0,0,0,0,0
"946",0,0,0,0,0,0,0
"947",0,0,0,0,0,0,0
"948",0,0,0,0,0,0,0
"949",6.77003570728935,0,0,0,0,0,0
"950",0,0,0,0,0,0,0
"951",0,0,0.660297819840368,0,0,0,0
"952",58.6583892600674,0,36.1212730772523,0,0,0,0
"953",0,0,9.84477710638867,0,0,0,0
"954",0,0,0,0,0,0,0
"955",0,0,0,0,0,0,0
"956",0,0,40.1040845641333,0,0,0,0
"957",0,0,0,0,0,0,0
"958",0,0,0,0,0,0,0
"959",0,0,4.45856652375973,0,0,0,0
"960",0,0,0,0,0,0,0
"961",0,0,0.660749384233518,0,0,0,0
"962",0,0,0,0,0,0,0
"963",0,0,0,0,0,0,0
"964",0,0,0,0,0,0,0
"965",0,0,0,0,0,0,0
"966",0,0,0,0,0,0,0
"967",0,0,15.0188588929773,0,0,0,0
"968",11.5584781077216,0,74.2508464608284,0,0,0,0
"969",0,0,0.858014877828208,0,0,0,0
"970",0,0,0,0,0,0,0
"971",0,0,2.98891431294505,0,0,0,0
"972",0,0,0,0,0,0,0
"973",0,0,0,0,0,0,0
"974",0,0,5.18116916640936,0,0,0,0
"975",0,0,0,0,0,0,0
"976",126.536569369202,0,93.5209043498101,0,0,0,0
"977",0,0,0,0,0,0,0
"978",0,0,0,0,0,0,0
"979",0,0,0,0,0,0,0
"980",0,0,0,0,0,0,0
"981",0,0,0,0,0,0,0
"982",0,0,34.3655497643065,0,0,0,0
"983",0,0,0,0,0,0,0
"984",0,0,0,0,0,0,0
"985",0,0,8.42073531613608,0,0,0,0
"986",0,0,0,0,0,0,0
"987",0,0,0,0,0,0,0
"988",8.82494720991501,0,20.9697011882918,0,0,0,0
"989",0,0,0,0,0,0,0
"990",16.5947306383177,0,11.0160894457329,0,0,0,0
"991",0,0,0,0,0,0,0
"992",0,0,0,0,0,0,0
"993",0,0,0,0,0,0,0
"994",0,0,4.22437938834131,0,0,0,0
"995",0,0,0,0,0,0,0
"996",0,0,16.5660160017458,0,0,0,0
"997",0,0,0,0,0,0,0
"998",0,0,0,0,0,0,0
"999",0,0,0,0,0,0,0
"1000",0,0,0,0,0,0,0
"1001",0,0,0,0,0,0,0
"1002",0,0,0,0,0,0,0
"1003",0,0,0,0,0,0,0
"1004",0,0,1.52984860374513,0,0,0,0
"1005",0,0,0,0,0,0,0
"1006",0,0,0.906338153169206,0,0,0,0
"1007",0,0,6.86064784755231,0,0,0,0
"1008",0,0,23.7252084612493,0,0,0,0
"1009",0,0,0,0,0,0,0
"1010",0,0,4.41521188119824,0,0,0,0
"1011",0,0,0,0,0,0,0
"1012",0,0,22.9788732469995,0,0,0,0
"1013",0,0,0,0,0,0,0
"1014",0,0,0,0,0,0,0
"1015",0,0,3.86221806785893,0,0,0,0
"1016",10.112692332443,0,0,0,0,0,0
"1017",0,0,0,0,0,0,0
"1018",0,0,0,0,0,0,0
"1019",0,0,0,0,0,0,0
"1020",45.9884065514715,0,0,0,0,0,0
"1021",0,0,0,0,0,0,0
"1022",0,0,0,0,0,0,0
"1023",0,0,0,0,0,0,0
"1024",0,0,0,0,0,0,0
"1025",0,0,0,0,0,0,0
"1026",0,0,4.99483598247116,0,0,0,0
"1027",0,0,0,0,0,0,0
"1028",5.25898445154946,0,0,0,0,0,0
"1029",7.37549950946222,0,9.43529265818099,0,0,0,0
"1030",8.58599159037676,0,0,0,0,0,0
"1031",0,0,0,0,0,0,0
"1032",11.1903568190725,0,4.63635954811056,0,0,0,0
"1033",0,0,0,0,0,0,0
"1034",0,0,1.12955016228001,0,0,0,0
"1035",0,0,0,0,0,0,0
"1036",11.7033610495931,0,9.5444816256113,0,0,0,0
"1037",19.0639825492159,0,0,0,0,0,0
"1038",0,0,0,0,0,0,0
"1039",0,0,0,0,0,0,0
"1040",29.76534729357,0,10.4299308640171,0,0,0,0
"1041",0,0,0,0,0,0,0
"1042",0,0,0,0,0,0,0
"1043",0,0,0,0,0,0,0
"1044",0,0,0,0,0,0,0
"1045",0,0,0,0,0,0,0
"1046",0,0,0,0,0,0,0
"1047",12.7342841717157,0,0,0,0,0,0
"1048",0,0,8.44458171256018,0,0,0,0
"1049",0,0,0,0,0,0,0
"1050",0,0,0,0,0,0,0
"1051",0,0,0,0,0,0,0
"1052",0,0,0,0,0,0,0
"1053",18.3617669029834,0,0,0,0,0,0
"1054",0,0,0,0,0,0,0
"1055",20.7895134508855,0,16.5133384613378,0,0,0,0
"1056",0,0,3.82929360474362,0,0,0,0
"1057",0,0,0,0,0,0,0
"1058",0,0,0,0,0,0,0
"1059",0,0,26.8528537474786,0,0,0,0
"1060",0,0,0,0,0,0,0
"1061",0,0,0,0,0,0,0
"1062",0,0,0,0,0,0,0
"1063",22.425814662278,0,62.089836717905,0,0,0,0
"1064",0,0,0,0,0,0,0
"1065",0,0,0,0,0,0,0
"1066",0,0,0,0,0,0,0
"1067",0,0,0,0,0,0,0
"1068",0,0,4.5717137358845,0,0,0,0
"1069",0,0,2.66954376926251,0,0,0,0
"1070",25.4325655879491,0,28.2931420618286,0,0,0,0
"1071",0,0,0,0,0,0,0
"1072",0,0,0,0,0,0,0
"1073",0,0,0,0,0,0,0
"1074",0,0,0,0,0,0,0
"1075",0,0,0,0,0,0,0
"1076",0,0,0.551423754235612,0,0,0,0
"1077",29.7213600056173,0,14.9157017637852,0,0,0,0
"1078",0,0,0,0,0,0,0
"1079",0,0,0,0,0,0,0
"1080",0,0,0,0,0,0,0
"1081",0,0,0,0,0,0,0
"1082",0,0,2.90555939131594,0,0,0,0
"1083",0,0,11.7242959207033,0,0,0,0
"1084",0,0,0,0,0,0,0
"1085",0,0,0,0,0,0,0
"1086",0,0,0,0,0,0,0
"1087",3.65796374339645,0,0,0,0,0,0
"1088",0,0,0,0,0,0,0
"1089",12.6945038147208,0,0,0,0,0,0
"1090",0,0,13.618890262458,0,0,0,0
"1091",0,0,0,0,0,0,0
"1092",0,0,0,0,0,0,0
"1093",0,0,2.089827375332,0,0,0,0
"1094",120.876050594615,0,122.38401345089,0,0,0,0
"1095",0,0,0,0,0,0,0
"1096",0,0,0,0,0,0,0
"1097",0,0,0,0,0,0,0
"1098",0,0,0,0,0,0,0
"1099",0,0,5.26709362224887,0,0,0,0
"1100",0,0,0,0,0,0,0
"1101",56.8439463018666,0,11.0583448987317,0,0,0,0
"1102",0,0,0,0,0,0,0
"1103",0,0,0,0,0,0,0
"1104",0,0,0,0,0,0,0
"1105",0,0,0,0,0,0,0
"1106",61.4687229828947,0,19.5447467807898,0,0,0,0
"1107",0,0,0,0,0,0,0
"1108",0,0,0,0,0,0,0
"1109",0,0,8.77436160402005,0,0,0,0
"1110",0,0,0,0,0,0,0
"1111",0,0,0,0,0,0,0
"1112",0,0,3.30466404579809,0,0,0,0
"1113",0,0,2.52333437763187,0,0,0,0
"1114",0,0,0,0,0,0,0
"1115",0,0,0,0,0,0,0
"1116",0,0,0,0,0,0,0
"1117",0,0,0,0,0,0,0
"1118",0,0,5.23920806096409,0,0,0,0
"1119",3.84904182969491,0,0,0,0,0,0
"1120",0,0,0,0,0,0,0
"1121",0,0,0,0,0,0,0
"1122",0,0,0,0,0,0,0
"1123",0,0,0,0,0,0,0
"1124",0,0,0,0,0,0,0
"1125",0,0,0,0,0,0,0
"1126",0,0,0,0,0,0,0
"1127",0,0,0,0,0,0,0
"1128",0,0,0,0,0,0,0
"1129",0,0,0,0,0,0,0
"1130",0,0,11.8093143515144,0,0,0,0
"1131",0,0,0,0,0,0,0
"1132",0,0,0,0,0,0,0
"1133",0,0,0,0,0,0,0
"1134",0,0,0,0,0,0,0
"1135",0,0,0,0,0,0,0
"1136",7.10610914553608,0,106.7646234319,0,0,0,0
"1137",0,0,0,0,0,0,0
"1138",0,0,0,0,0,0,0
"1139",0,0,0,0,0,0,0
"1140",23.0920396298624,0,74.8063444152621,0,0,0,0
"1141",0,0,0,0,0,0,0
"1142",0,0,4.69648092381836,0,0,0,0
"1143",86.8998602360765,0,9.19632888537298,0,0,0,0
"1144",0,0,0,0,0,0,0
"1145",0,0,2.54142359209636,0,0,0,0
"1146",0,0,0,0,0,0,0
"1147",0,0,0,0,0,0,0
"1148",0,0,8.74356578567477,0,0,0,0
"1149",0,0,4.12806563231249,0,0,0,0
"1150",0,0,0,0,0,0,0
"1151",0,0,0,0,0,0,0
"1152",0,0,0,0,0,0,0
"1153",0,0,0,0,0,0,0
"1154",0,0,38.4611456561224,0,0,0,0
"1155",0,0,0,0,0,0,0
"1156",0,0,0,0,0,0,0
"1157",0,0,4.88913733754507,0,0,0,0
"1158",0,0,0,0,0,0,0
"1159",0,0,0,0,0,0,0
"1160",0,0,0,0,0,0,0
"1161",10.5433411509141,0,14.3177079271926,0,0,0,0
"1162",41.4927933537817,0,0,0,0,0,0
"1163",0,0,0,0,0,0,0
"1164",0,0,1.35396745333915,0,0,0,0
"1165",0,0,0,0,0,0,0
"1166",0,0,0,0,0,0,0
"1167",0,0,0,0,0,0,0
"1168",0,0,1.94619156146514,0,0,0,0
"1169",66.8984986870024,0,60.8501542547556,0,0,0,0
"1170",0,0,0,0,0,0,0
"1171",0,0,0,0,0,0,0
"1172",0,0,0,0,0,0,0
"1173",8.56391632313859,0,0,0,0,0,0
"1174",0,0,0,0,0,0,0
"1175",0,0,0,0,0,0,0
"1176",0,0,0,0,0,0,0
"1177",0,0,0,0,0,0,0
"1178",0,0,0,0,0,0,0
"1179",0,0,14.5997777385944,0,0,0,0
"1180",13.0704641235036,0,22.0003773731237,0,0,0,0
"1181",0,0,0,0,0,0,0
"1182",21.997856785375,0,19.6002003802625,0,0,0,0
"1183",0,0,10.3561838372706,0,0,0,0
"1184",0,0,0,0,0,0,0
"1185",0,0,0,0,0,0,0
"1186",0,0,3.82486013274011,0,0,0,0
"1187",0,0,2.92439118519048,0,0,0,0
"1188",0,0,17.9721441268402,0,0,0,0
"1189",0,0,0,0,0,0,0
"1190",0,0,0,0,0,0,0
"1191",0,0,2.87862894186661,0,0,0,0
"1192",0,0,0,0,0,0,0
"1193",0,0,0,0,0,0,0
"1194",0,0,0,0,0,0,0
"1195",0,0,0,0,0,0,0
"1196",0,0,0,0,0,0,0
"1197",0,0,0,0,0,0,0
"1198",0,0,0,0,0,0,0
"1199",0,0,0,0,0,0,0
"1200",4.72733051806558,0,0,0,0,0,0
"1201",0,0,0,0,0,0,0
"1202",0,0,0,0,0,0,0
"1203",0,0,3.2536823221228,0,0,0,0
"1204",0,0,0,0,0,0,0
"1205",0,0,27.8182207204446,0,0,0,0
"1206",0,0,1.38705067122018,0,0,0,0
"1207",0,0,0,0,0,0,0
"1208",0,0,0,0,0,0,0
"1209",0,0,0,0,0,0,0
"1210",0,0,0,0,0,0,0
"1211",0,0,0,0,0,0,0
"1212",0,0,0,0,0,0,0
"1213",0,0,21.2799400767535,0,0,0,0
"1214",0,0,0,0,0,0,0
"1215",45.8892514325735,0,0,0,0,0,0
"1216",0,0,0,0,0,0,0
"1217",0,0,7.21057859911867,0,0,0,0
"1218",0,0,0,0,0,0,0
"1219",0,0,0,0,0,0,0
"1220",38.3650158925329,0,55.445081165925,0,0,0,0
"1221",17.0866211049668,0,0,0,0,0,0
"1222",19.3213074258115,0,0,0,0,0,0
"1223",0,0,8.58578506947244,0,0,0,0
"1224",0,0,0,0,0,0,0
"1225",30.3845120012189,0,26.0673684012866,0,0,0,0
"1226",35.6034631840957,0,7.38689660556186,0,0,0,0
"1227",0,0,4.905250067133,0,0,0,0
"1228",22.5711570356428,0,0,0,0,0,0
"1229",76.6216716353969,0,57.3843527883592,0,0,0,0
"1230",0,0,0,0,0,0,0
"1231",0,0,0,0,0,0,0
"1232",0,0,0,0,0,0,0
"1233",26.6760703607317,0,0,0,0,0,0
"1234",0,0,0,0,0,0,0
"1235",0,0,1.2673449466783,0,0,0,0
"1236",0,0,0,0,0,0,0
"1237",107.190807407486,0,91.465297896528,0,0,0,0
"1238",0,0,0,0,0,0,0
"1239",0,0,0,0,0,0,0
"1240",0,0,0,0,0,0,0
"1241",0,0,36.5820626206033,0,0,0,0
"1242",0,0,0,0,0,0,0
"1243",0,0,4.57903428205529,0,0,0,0
"1244",37.6961131018555,0,35.9652201163609,0,0,0,0
"1245",0,0,0,0,0,0,0
"1246",0,0,0,0,0,0,0
"1247",0,0,0,0,0,0,0
"1248",30.4959209890965,0,13.6353260197709,0,0,0,0
"1249",0,0,0,0,0,0,0
"1250",0,0,15.9537854813627,0,0,0,0
"1251",0,0,0,0,0,0,0
"1252",0,0,5.66005475136499,0,0,0,0
"1253",0,0,10.4524999641417,0,0,0,0
"1254",0,0,0,0,0,0,0
"1255",0,0,0,0,0,0,0
"1256",28.2043126097035,0,3.13959442858274,0,0,0,0
"1257",0,0,0,0,0,0,0
"1258",0,0,0,0,0,0,0
"1259",0,0,12.9589563426926,0,0,0,0
"1260",0,0,0,0,0,0,0
"1261",0,0,12.4836606066572,0,0,0,0
"1262",40.2000791071068,0,36.0383537277297,0,0,0,0
"1263",0,0,2.70712574430776,0,0,0,0
"1264",0,0,0,0,0,0,0
"1265",0,0,0,0,0,0,0
"1266",0,0,0,0,0,0,0
"1267",0,0,0,0,0,0,0
"1268",0,0,0,0,0,0,0
"1269",0,0,0,0,0,0,0
"1270",0,0,0,0,0,0,0
"1271",11.116252033969,0,2.63598339519396,0,0,0,0
"1272",0,0,0,0,0,0,0
"1273",0,0,3.04895209455532,0,0,0,0
"1274",28.8197009594701,0,26.931929524631,0,0,0,0
"1275",20.1810189045398,0,43.2236659693937,0,0,0,0
"1276",0,0,0,0,0,0,0
"1277",35.3590526128623,0,45.1035829281205,0,0,0,0
"1278",0,0,0,0,0,0,0
"1279",7.4160005054848,0,0,0,0,0,0
"1280",0,0,0,0,0,0,0
"1281",48.124514324709,0,0,0,0,0,0
"1282",0,0,0,0,0,0,0
"1283",0,0,0,0,0,0,0
"1284",0,0,0,0,0,0,0
"1285",0,0,0,0,0,0,0
"1286",0,0,0,0,0,0,0
"1287",4.58018545913015,0,4.09586565087352,0,0,0,0
"1288",0,0,0,0,0,0,0
"1289",0,0,0,0,0,0,0
"1290",0,0,0,0,0,0,0
"1291",0,0,16.9901172623886,0,0,0,0
"1292",0,0,31.1539167213258,0,0,0,0
"1293",0,0,16.0758684984571,0,0,0,0
"1294",0,0,0,0,0,0,0
"1295",0,0,0,0,0,0,0
"1296",0,0,0,0,0,0,0
"1297",0,0,0,0,0,0,0
"1298",0,0,0,0,0,0,0
"1299",0,0,6.51903755412855,0,0,0,0
"1300",0,0,0,0,0,0,0
"1301",0,0,0,0,0,0,0
"1302",0,0,0,0,0,0,0
"1303",0,0,0,0,0,0,0
"1304",0,0,0,0,0,0,0
"1305",0,0,0,0,0,0,0
"1306",9.01238367848639,0,3.22735307726602,0,0,0,0
"1307",0,0,2.9891346064465,0,0,0,0
"1308",0,0,0,0,0,0,0
"1309",0,0,0,0,0,0,0
"1310",0,0,0,0,0,0,0
"1311",0,0,0,0,0,0,0
"1312",0,0,0,0,0,0,0
"1313",0,0,0,0,0,0,0
"1314",0,0,0,0,0,0,0
"1315",17.7385497898591,0,0,0,0,0,0
"1316",0,0,0,0,0,0,0
"1317",0,0,2.90284904855387,0,0,0,0
"1318",0,0,0,0,0,0,0
"1319",0,0,0,0,0,0,0
"1320",0,0,0,0,0,0,0
"1321",0,0,5.55837180669839,0,0,0,0
"1322",0,0,0,0,0,0,0
"1323",0,0,6.92914542445408,0,0,0,0
"1324",94.9027532721675,0,0,0,0,0,0
"1325",0,0,0,0,0,0,0
"1326",0,0,25.6293946902277,0,0,0,0
"1327",0,0,0,0,0,0,0
"1328",0,0,0,0,0,0,0
"1329",0,0,0,0,0,0,0
"1330",0,0,0,0,0,0,0
"1331",0,0,0,0,0,0,0
"1332",0,0,0,0,0,0,0
"1333",9.07124496217069,0,0,0,0,0,0
"1334",0,0,0,0,0,0,0
"1335",0,0,0,0,0,0,0
"1336",0,0,0,0,0,0,0
"1337",0,0,0,0,0,0,0
"1338",0,0,0,0,0,0,0
"1339",0,0,2.39420403916318,0,0,0,0
"1340",17.394414824368,0,5.61769058538546,0,0,0,0
"1341",59.0332592769245,0,30.3353456117983,0,0,0,0
"1342",29.011923250254,0,19.9583997321287,0,0,0,0
"1343",0,0,0,0,0,0,0
"1344",0,0,0,0,0,0,0
"1345",0,0,5.8440759374294,0,0,0,0
"1346",0,0,0,0,0,0,0
"1347",27.1922882427524,0,0,0,0,0,0
"1348",0,0,2.43865991831094,0,0,0,0
"1349",0,0,0.535205409050596,0,0,0,0
"1350",0,0,0,0,0,0,0
"1351",25.873091295946,0,0,0,0,0,0
"1352",41.7683503021583,0,0,0,0,0,0
"1353",0,0,2.88679234954857,0,0,0,0
"1354",13.6252258745802,0,0,0,0,0,0
"1355",0,0,0,0,0,0,0
"1356",0,0,0,0,0,0,0
"1357",0,0,4.52116001193905,0,0,0,0
"1358",0,0,0,0,0,0,0
"1359",0,0,0,0,0,0,0
"1360",0,0,0,0,0,0,0
"1361",0,0,0,0,0,0,0
"1362",0,0,0,0,0,0,0
"1363",0,0,0,0,0,0,0
"1364",22.7355536381379,0,6.51786803076002,0,0,0,0
"1365",0,0,0,0,0,0,0
"1366",0,0,0,0,0,0,0
"1367",0,0,0,0,0,0,0
"1368",0,0,7.32618106323445,0,0,0,0
"1369",0,0,19.9101083134161,0,0,0,0
"1370",0,0,0,0,0,0,0
"1371",5.95075066996829,0,0,0,0,0,0
"1372",0,0,0,0,0,0,0
"1373",0,0,0,0,0,0,0
"1374",0,0,0,0,0,0,0
"1375",0,0,0,0,0,0,0
"1376",0,0,5.06023827439683,0,0,0,0
"1377",0,0,0,0,0,0,0
"1378",13.9591012396567,0,0,0,0,0,0
"1379",41.7470984651668,0,15.8938253781649,0,0,0,0
"1380",0,0,0,0,0,0,0
"1381",0,0,3.09608560557458,0,0,0,0
"1382",0,0,0,0,0,0,0
"1383",0,0,4.06308476136355,0,0,0,0
"1384",0,0,0,0,0,0,0
"1385",0,0,6.63049513922417,0,0,0,0
"1386",0,0,0,0,0,0,0
"1387",16.8965053397342,0,4.10584902973749,0,0,0,0
"1388",0,0,0,0,0,0,0
"1389",18.4893728966193,0,0,0,0,0,0
"1390",0,0,8.01107591120741,0,0,0,0
"1391",0,0,0,0,0,0,0
"1392",0,0,0,0,0,0,0
"1393",0,0,0,0,0,0,0
"1394",0,0,15.9682191310347,0,0,0,0
"1395",0,0,5.95269730108034,0,0,0,0
"1396",0,0,0,0,0,0,0
"1397",0,0,0,0,0,0,0
"1398",0,0,0,0,0,0,0
"1399",0,0,0,0,0,0,0
"1400",0,0,0,0,0,0,0
"1401",67.2240471532263,0,95.533324010116,0,0,0,0
"1402",0,0,0,0,0,0,0
"1403",0,0,0,0,0,0,0
"1404",0,0,22.9849203737893,0,0,0,0
"1405",0,0,0,0,0,0,0
"1406",0,0,0,0,0,0,0
"1407",0,0,0,0,0,0,0
"1408",0,0,0,0,0,0,0
"1409",0,0,0,0,0,0,0
"1410",0,0,7.58842543844219,0,0,0,0
"1411",0,0,12.7362751347852,0,0,0,0
"1412",15.9931363659712,0,0,0,0,0,0
"1413",0,0,0,0,0,0,0
"1414",0,0,5.46954114530955,0,0,0,0
"1415",5.99679663575721,0,3.72328003857961,0,0,0,0
"1416",26.6857905084565,0,0,0,0,0,0
"1417",34.5315094793487,0,0,0,0,0,0
"1418",0,0,0,0,0,0,0
"1419",0,0,0,0,0,0,0
"1420",0,0,0,0,0,0,0
"1421",0,0,0,0,0,0,0
"1422",0,0,6.17777289258623,0,0,0,0
"1423",0,0,0,0,0,0,0
"1424",0,0,0,0,0,0,0
"1425",0,0,0,0,0,0,0
"1426",0,0,0,0,0,0,0
"1427",0,0,0,0,0,0,0
"1428",0,0,0,0,0,0,0
"1429",0,0,5.92608726653795,0,0,0,0
"1430",12.8278547386811,0,0,0,0,0,0
"1431",16.2215305157697,0,0,0,0,0,0
"1432",0,0,18.1284709701707,0,0,0,0
"1433",0,0,20.8284511693212,0,0,0,0
"1434",13.5230690163898,0,0,0,0,0,0
"1435",0,0,9.44824241173845,0,0,0,0
"1436",0,0,1.01158538538553,0,0,0,0
"1437",7.01901259513117,0,3.21892992208153,0,0,0,0
"1438",0,0,0.462602921008305,0,0,0,0
"1439",0,0,7.93938813978873,0,0,0,0
"1440",0,0,0,0,0,0,0
"1441",0,0,0,0,0,0,0
"1442",0,0,0,0,0,0,0
"1443",0,0,0,0,0,0,0
"1444",0,0,0,0,0,0,0
"1445",0,0,0,0,0,0,0
"1446",0,0,0,0,0,0,0
"1447",0,0,0,0,0,0,0
"1448",0,0,0,0,0,0,0
"1449",0,0,0,0,0,0,0
"1450",10.5990437914329,0,18.3678638229132,0,0,0,0
"1451",0,0,0,0,0,0,0
"1452",34.9668112881266,0,17.9778944331582,0,0,0,0
"1453",0,0,0,0,0,0,0
"1454",0,0,0,0,0,0,0
"1455",0,0,0,0,0,0,0
"1456",62.2506609706712,0,63.5958211710479,0,0,0,0
"1457",26.2518160720344,0,66.439934118112,0,0,0,0
"1458",0,0,0,0,0,0,0
"1459",0,0,0,0,0,0,0
"1460",17.9579520520219,0,0,0,0,0,0
"1461",0,0,1.37155233048006,0,0,0,0
"1462",15.6743497875603,0,0,0,0,0,0
"1463",0,0,0.780909077363618,0,0,0,0
"1464",18.9327514588545,0,0,0,0,0,0
"1465",0,0,0,0,0,0,0
"1466",0,0,0.715850904718171,0,0,0,0
"1467",4.96028921352654,0,16.8413068297659,0,0,0,0
"1468",0,0,0,0,0,0,0
"1469",34.5384505230899,0,0,0,0,0,0
"1470",0,0,14.6743409943567,0,0,0,0
"1471",14.1562076678294,0,0,0,0,0,0
"1472",0,0,0,0,0,0,0
"1473",0,0,0,0,0,0,0
"1474",0,0,0,0,0,0,0
"1475",0,0,1.3668566899509,0,0,0,0
"1476",0,0,0,0,0,0,0
"1477",0,0,0,0,0,0,0
"1478",38.2413340136592,0,26.1258694410595,0,0,0,0
"1479",0,0,0,0,0,0,0
"1480",0,0,2.514369834973,0,0,0,0
"1481",0,0,17.927344369212,0,0,0,0
"1482",0,0,0,0,0,0,0
"1483",0,0,0,0,0,0,0
"1484",0,0,1.51238651794652,0,0,0,0
"1485",0,0,0,0,0,0,0
"1486",19.7933445970619,0,0,0,0,0,0
"1487",0,0,0,0,0,0,0
"1488",0,0,10.1098756832162,0,0,0,0
"1489",0,0,0,0,0,0,0
"1490",0,0,0,0,0,0,0
"1491",0,0,0,0,0,0,0
"1492",0,0,0,0,0,0,0
"1493",0,0,27.7693750669973,0,0,0,0
"1494",0,0,0,0,0,0,0
"1495",0,0,0,0,0,0,0
"1496",0,0,0,0,0,0,0
"1497",0,0,0,0,0,0,0
"1498",0,0,0,0,0,0,0
"1499",0,0,10.7822694235811,0,0,0,0
"1500",0,0,0,0,0,0,0
"1501",0,0,32.1482472894281,0,0,0,0
"1502",0,0,9.85676189457774,0,0,0,0
"1503",0,0,4.37262535386274,0,0,0,0
"1504",0,0,0,0,0,0,0
"1505",0,0,0,0,0,0,0
"1506",0,0,0,0,0,0,0
"1507",0,0,0,0,0,0,0
"1508",0,0,0,0,0,0,0
"1509",0,0,0,0,0,0,0
"1510",0,0,0,0,0,0,0
"1511",0,0,14.112105875357,0,0,0,0
"1512",13.4447871065844,0,0,0,0,0,0
"1513",0,0,2.64205694763794,0,0,0,0
"1514",0,0,4.29181175808819,0,0,0,0
"1515",0,0,0,0,0,0,0
"1516",39.6429195749727,0,39.4892189076934,0,0,0,0
"1517",0,0,2.14643498085187,0,0,0,0
"1518",0,0,0,0,0,0,0
"1519",0,0,3.05687880483703,0,0,0,0
"1520",4.03367843727157,0,1.41453996294886,0,0,0,0
"1521",0,0,0,0,0,0,0
"1522",55.4190160613736,0,0,0,0,0,0
"1523",0,0,0,0,0,0,0
"1524",0,0,0,0,0,0,0
"1525",0,0,0,0,0,0,0
"1526",7.39151836667767,0,0,0,0,0,0
"1527",0,0,0,0,0,0,0
"1528",0,0,0,0,0,0,0
"1529",0,0,4.65433340312178,0,0,0,0
"1530",17.5089979858855,0,0,0,0,0,0
"1531",0,0,0,0,0,0,0
"1532",0,0,0,0,0,0,0
"1533",0,0,0,0,0,0,0
"1534",0,0,4.22450008634064,0,0,0,0
"1535",0,0,0,0,0,0,0
"1536",0,0,5.42504787019941,0,0,0,0
"1537",52.0018005899154,0,0,0,0,0,0
"1538",0,0,0,0,0,0,0
"1539",0,0,0,0,0,0,0
"1540",9.95093976364672,0,36.4323411657626,0,0,0,0
"1541",0,0,0,0,0,0,0
"1542",0,0,0,0,0,0,0
"1543",0,0,0,0,0,0,0
"1544",0,0,1.6030163269663,0,0,0,0
"1545",0,0,6.65516676234816,0,0,0,0
"1546",0,0,0,0,0,0,0
"1547",0,0,0,0,0,0,0
"1548",0,0,0,0,0,0,0
"1549",0,0,6.20836037992852,0,0,0,0
"1550",11.5622303727239,0,43.6189580137631,32.0403974599273,0,0,0
"1551",0,0,1.95132178081625,0,0,0,0
"1552",0,0,0,0,0,0,0
"1553",0,0,0,0,0,0,0
"1554",0,0,0,0,0,0,0
"1555",0,0,0,0,0,0,0
"1556",0,0,10.0056569349981,0,0,0,0
"1557",0,0,0,0,0,0,0
"1558",0,0,0,0,0,0,0
"1559",0,0,0,0,0,0,0
"1560",0,0,5.60104910096801,0,0,0,0
"1561",0,0,0,0,0,0,0
"1562",0,0,0,0,0,0,0
"1563",0,0,0,0,0,0,0
"1564",0,0,0,0,0,0,0
"1565",0,0,0,0,0,0,0
"1566",0,0,0.674834904865206,0,0,0,0
"1567",0,0,0,0,0,0,0
"1568",0,0,0,0,0,0,0
"1569",0,0,0,0,0,0,0
"1570",0,0,0,0,0,0,0
"1571",0,0,1.11937455418233,0,0,0,0
"1572",0,0,0,0,0,0,0
"1573",64.8973388801531,0,0,0,0,0,0
"1574",64.54668535538,0,68.4860136920985,0,0,0,0
"1575",0,0,0,0,0,0,0
"1576",0,0,0,0,0,0,0
"1577",0,0,0,0,0,0,0
"1578",0,0,0,0,0,0,0
"1579",0,0,0,0,0,0,0
"1580",10.4626391944954,0,0,0,0,0,0
"1581",0,0,0,0,0,0,0
"1582",0,0,0,0,0,0,0
"1583",0,0,0,0,0,0,0
"1584",18.3821746666388,0,13.5145246942988,0,0,0,0
"1585",28.1668817649952,0,24.6751752341729,0,0,0,0
"1586",11.0205558666884,0,0,0,0,0,0
"1587",33.0206966155108,0,0,0,0,0,0
"1588",12.9324897445535,0,0,0,0,0,0
"1589",0,0,0,0,0,0,0
"1590",0,0,0,0,0,0,0
"1591",0,0,0,0,0,0,0
"1592",0,0,0,0,0,0,0
"1593",0,0,0,0,0,0,0
"1594",0,0,0,0,0,0,0
"1595",0,0,22.1367235841388,0,0,0,0
"1596",0,0,0,0,0,0,0
"1597",0,0,3.3831773331261,0,0,0,0
"1598",0,0,0,0,0,0,0
"1599",10.705095841002,0,0,0,0,0,0
"1600",0,0,0,0,0,0,0
"1601",0,0,0,0,0,0,0
"1602",0,0,0,0,0,0,0
"1603",0,0,0,0,0,0,0
"1604",0,0,0,0,0,0,0
"1605",0,0,0,0,0,0,0
"1606",12.4493967029096,0,0,0,0,0,0
"1607",0,0,0,0,0,0,0
"1608",0,0,0,0,0,0,0
"1609",0,0,12.3269548835924,0,0,0,0
"1610",13.3600537177632,0,0,0,0,0,0
"1611",0,0,0,0,0,0,0
"1612",0,0,0,0,0,0,0
"1613",18.5556155717152,0,78.3606745624718,0,0,0,0
"1614",0,0,0,0,0,0,0
"1615",9.51135318050129,0,0,0,0,0,0
"1616",0,0,34.3357065942234,0,0,0,0
"1617",0,0,1.898834581072,0,0,0,0
"1618",0,0,0,0,0,0,0
"1619",0,0,5.0004665945324,0,0,0,0
"1620",0,0,0,0,0,0,0
"1621",22.3166731910558,0,0,0,0,0,0
"1622",0,0,1.80622180122436,0,0,0,0
"1623",0,0,2.99122807287505,0,0,0,0
"1624",0,0,30.9710418339682,0,0,0,0
"1625",0,0,0,0,0,0,0
"1626",0,0,0,0,0,0,0
"1627",0,0,0,0,0,0,0
"1628",0,0,0,0,0,0,0
"1629",12.9689569189598,0,0,0,0,0,0
"1630",0,0,16.442817772353,0,0,0,0
"1631",0,0,0,0,0,0,0
"1632",108.433042347409,0,76.0962246712649,0,0,0,0
"1633",0,0,0,0,0,0,0
"1634",40.7707485324525,0,12.2146515113166,0,0,0,0
"1635",0,0,0,0,0,0,0
"1636",0,0,0,0,0,0,0
"1637",0,0,0,0,0,0,0
"1638",0,0,0,0,0,0,0
"1639",0,0,0,0,0,0,0
"1640",0,0,0,0,0,0,0
"1641",0,0,0,0,0,0,0
"1642",0,0,3.62601128662008,0,0,0,0
"1643",0,0,11.6246162894052,0,0,0,0
"1644",0,0,0,0,0,0,0
"1645",0,0,0,0,0,0,0
"1646",0,0,13.4400929952575,0,0,0,0
"1647",0,0,18.9998969549444,0,0,0,0
"1648",49.4644420820459,0,25.47745187584,0,0,0,0
"1649",0,0,0,0,0,0,0
"1650",0,0,0,0,0,0,0
"1651",0,0,0,0,0,0,0
"1652",0,0,0,0,0,0,0
"1653",22.3131691871266,0,0,0,0,0,0
"1654",7.94188326942421,0,11.0457244013262,0,0,0,0
"1655",34.3775801263197,0,0,0,0,0,0
"1656",0,0,0,0,0,0,0
"1657",0,0,0,0,0,0,0
"1658",0,0,11.6603959266469,0,0,0,0
"1659",0,0,0,0,0,0,0
"1660",0,0,0,0,0,0,0
"1661",0,0,0,0,0,0,0
"1662",12.5308629693225,0,0,0,0,0,0
"1663",0,0,0,0,0,0,0
"1664",0,0,0,0,0,0,0
"1665",0,0,12.5412051411891,0,0,0,0
"1666",0,0,0,0,0,0,0
"1667",0,0,0,0,0,0,0
"1668",39.7223726988142,0,6.7868027220923,0,0,0,0
"1669",3.01658892838636,0,4.28447922057189,0,0,0,0
"1670",2.85896529633002,0,0,0,0,0,0
"1671",0,0,0,0,0,0,0
"1672",0,0,0,0,0,0,0
"1673",0,0,3.54127609537541,0,0,0,0
"1674",0,0,0,0,0,0,0
"1675",0,0,0,0,0,0,0
"1676",0,0,0,0,0,0,0
"1677",0,0,0,0,0,0,0
"1678",0,0,2.78025293762177,0,0,0,0
"1679",0,0,0,0,0,0,0
"1680",0,0,0,0,0,0,0
"1681",0,0,0,0,0,0,0
"1682",0,0,0,0,0,0,0
"1683",0,0,0,0,0,0,0
"1684",0,0,0,0,0,0,0
"1685",0,0,0,0,0,0,0
"1686",0,0,0,0,0,0,0
"1687",8.47188448482463,0,0,0,0,0,0
"1688",0,0,0,0,0,0,0
"1689",9.34666577287083,0,9.95494387484713,0,0,0,0
"1690",0,0,0,0,0,0,0
"1691",0,0,0,0,0,0,0
"1692",0,0,0,0,0,0,0
"1693",128.823248064981,0,45.6095819142198,0,0,0,0
"1694",0,0,0,0,0,0,0
"1695",0,0,0,0,0,0,0
"1696",19.167984239507,0,0,0,0,0,0
"1697",0,0,0,0,0,0,0
"1698",14.8380073258863,0,0,0,0,0,0
"1699",0,0,0,0,0,0,0
"1700",38.5159056669058,0,0,0,0,0,0
"1701",0,0,0,0,0,0,0
"1702",0,0,0,0,0,0,0
"1703",0,0,9.62093782048032,0,0,0,0
"1704",0,0,0,0,0,0,0
"1705",0,0,0,0,0,0,0
"1706",0,0,0,0,0,0,0
"1707",3.90742212618088,0,0,0,0,0,0
"1708",0,0,0,0,0,0,0
"1709",62.522678253787,0,0,0,0,0,0
"1710",0,0,0,0,0,0,0
"1711",0,0,15.9481977339807,0,0,0,0
"1712",16.9275638314726,0,0,0,0,0,0
"1713",0,0,0,0,0,0,0
"1714",0,0,0,0,0,0,0
"1715",0,0,0,0,0,0,0
"1716",0,0,0,0,0,0,0
"1717",0,0,0,0,0,0,0
"1718",0,0,0,0,0,0,0
"1719",107.200631135485,0,59.0816945107275,0,0,0,0
"1720",3.21236891251442,0,0,0,0,0,0
"1721",0,0,0,0,0,0,0
"1722",0,0,20.6241785343719,0,0,0,0
"1723",0,0,0,0,0,0,0
"1724",0,0,0,0,0,0,0
"1725",0,0,0.654443785537391,0,0,0,0
"1726",0,0,2.3373707007615,0,0,0,0
"1727",4.10175018064053,0,3.48842289423584,0,0,0,0
"1728",17.7013168105053,0,22.7932867526402,0,0,0,0
"1729",0,0,0,0,0,0,0
"1730",0,0,4.5999871786069,0,0,0,0
"1731",0,0,0,0,0,0,0
"1732",0,0,2.05563756300866,0,0,0,0
"1733",0,0,0,0,0,0,0
"1734",14.5512211640687,0,16.4749327898593,0,0,0,0
"1735",0,0,0,0,0,0,0
"1736",0,0,0,0,0,0,0
"1737",0,0,0,0,0,0,0
"1738",0,0,0,0,0,0,0
"1739",24.8566589319599,0,22.0674628040703,0,0,0,0
"1740",0,0,0,0,0,0,0
"1741",0,0,3.94455423138456,0,0,0,0
"1742",0,0,0,0,0,0,0
"1743",0,0,0,0,0,0,0
"1744",0,0,11.8989269687491,0,0,0,0
"1745",0,0,0,0,0,0,0
"1746",0,0,13.3623316192842,0,0,0,0
"1747",31.2774028853763,0,21.5527586151701,0,0,0,0
"1748",0,0,9.19997381299219,0,0,0,0
"1749",0,0,0,0,0,0,0
"1750",0,0,0,0,0,0,0
"1751",0,0,15.6316272876284,0,0,0,0
"1752",0,0,0,0,0,0,0
"1753",0,0,4.35991517818464,0,0,0,0
"1754",14.3684425756906,0,0,0,0,0,0
"1755",0,0,0,0,0,0,0
"1756",0,0,0,0,0,0,0
"1757",0,0,0,0,0,0,0
"1758",0,0,0,0,0,0,0
"1759",0,0,6.07712146745446,0,0,0,0
"1760",11.8080585393108,0,0,0,0,0,0
"1761",0,0,0,0,0,0,0
"1762",0,0,5.98497176215597,0,0,0,0
"1763",0,0,0,0,0,0,0
"1764",0,0,0,0,0,0,0
"1765",13.3416526686654,0,38.5397793094135,0,0,0,0
"1766",0,0,25.2347238110201,0,0,0,0
"1767",0,0,1.09146319601183,0,0,0,0
"1768",0,0,0,0,0,0,0
"1769",0,0,0,0,0,0,0
"1770",0,0,0.544666199576451,0,0,0,0
"1771",0,0,5.50447441178335,0,0,0,0
"1772",18.7761015608849,0,0,0,0,0,0
"1773",0,0,0,0,0,0,0
"1774",0,0,0,0,0,0,0
"1775",0,0,0,0,0,0,0
"1776",0,0,0,0,0,0,0
"1777",0,0,0,0,0,0,0
"1778",6.03025579428598,0,0,0,0,0,0
"1779",0,0,0,0,0,0,0
"1780",0,0,0,0,0,0,0
"1781",0,0,0,0,0,0,0
"1782",0,0,0,0,0,0,0
"1783",31.9870576935726,0,0,0,0,0,0
"1784",0,0,0,0,0,0,0
"1785",0,0,0,0,0,0,0
"1786",10.312571617945,0,0,0,0,0,0
"1787",0,0,0,0,0,0,0
"1788",0,0,0,0,0,0,0
"1789",0,0,7.29107306495189,0,0,0,0
"1790",0,0,0,0,0,0,0
"1791",0,0,0,0,0,0,0
"1792",0,0,0,0,0,0,0
"1793",0,0,0,0,0,0,0
"1794",10.1078424448755,0,30.8150579464479,0,0,0,0
"1795",0,0,0,0,0,0,0
"1796",34.4654160911832,0,0,0,0,0,0
"1797",0,0,0,0,0,0,0
"1798",0,0,18.4091741904581,0,0,0,0
"1799",24.9781885113277,0,4.30265764374709,0,0,0,0
"1800",0,0,0,0,0,0,0
"1801",4.19271010286268,0,4.43861950634693,0,0,0,0
"1802",30.6507473264807,0,0,0,0,0,0
"1803",0,0,0,0,0,0,0
"1804",0,0,13.426814880701,0,0,0,0
"1805",0,0,0,0,0,0,0
"1806",0,0,0,0,0,0,0
"1807",38.9462752052713,0,28.2775508496697,0,0,0,0
"1808",0,0,3.77582639858558,0,0,0,0
"1809",0,0,12.6856026287918,0,0,0,0
"1810",0,0,0,0,0,0,0
"1811",0,0,0,0,0,0,0
"1812",0,0,0,0,0,0,0
"1813",0,0,0,0,0,0,0
"1814",0,0,0,0,0,0,0
"1815",29.2079753375874,0,67.0511197809357,0,0,0,0
"1816",0,0,0,0,0,0,0
"1817",0,0,0,0,0,0,0
"1818",25.5399762211456,0,35.5328965989435,0,0,0,0
"1819",0,0,10.3124838456107,0,0,0,0
"1820",0,0,0,0,0,0,0
"1821",27.9664217587294,0,0,0,0,0,0
"1822",0,0,0,0,0,0,0
"1823",0,0,0,0,0,0,0
"1824",0,0,0,0,0,0,0
"1825",8.44201139835734,0,0,0,0,0,0
"1826",19.4054134303688,0,0.766577607163312,0,0,0,0
"1827",0,0,0,0,0,0,0
"1828",0,0,5.031244780155,0,0,0,0
"1829",0,0,0,0,0,0,0
"1830",0,0,0,0,0,0,0
"1831",21.9872382952861,0,0,0,0,0,0
"1832",0,0,0,0,0,0,0
"1833",0,0,10.2421264632037,0,0,0,0
"1834",0,0,0,0,0,0,0
"1835",0,0,0,0,0,0,0
"1836",0,0,0,0,0,0,0
"1837",14.0649808682005,0,14.8902375941136,0,0,0,0
"1838",0,0,3.07655747118374,0,0,0,0
"1839",5.84107310178622,0,0,0,0,0,0
"1840",0,0,2.99191483502019,0,0,0,0
"1841",0,0,0,0,0,0,0
"1842",0,0,0,0,0,0,0
"1843",0,0,2.14585505707035,0,0,0,0
"1844",0,0,14.6416085194555,0,0,0,0
"1845",4.83706773334061,0,3.79175975461325,0,0,0,0
"1846",0,0,0,0,0,0,0
"1847",0,0,2.01416641651329,0,0,0,0
"1848",0,0,0,0,0,0,0
"1849",1.60886031485687,0,1.39682258322438,0,0,0,0
"1850",15.6722262555547,0,0,0,0,0,0
"1851",0,0,0,0,0,0,0
"1852",0,0,0,0,0,0,0
"1853",31.2863640632757,0,0,0,0,0,0
"1854",0,0,5.41876804276524,0,0,0,0
"1855",0,0,0,0,0,0,0
"1856",0,0,0,0,0,0,0
"1857",25.0171288399616,0,14.7179719033589,0,0,0,0
"1858",0,0,0,0,0,0,0
"1859",0,0,56.1613182878231,0,0,0,0
"1860",0,0,0,0,0,0,0
"1861",21.8865999806589,0,0,0,0,0,0
"1862",14.7686623188279,0,0,0,0,0,0
"1863",0,0,0,0,0,0,0
"1864",0,0,0,0,0,0,0
"1865",23.0611757870678,0,0,0,0,0,0
"1866",9.78142366798633,0,0,0,0,0,0
"1867",0,0,0,0,0,0,0
"1868",0,0,0,0,0,0,0
"1869",0,0,0,0,0,0,0
"1870",0,0,0,0,0,0,0
"1871",0,0,0,0,0,0,0
"1872",0,0,0,0,0,0,0
"1873",0,0,0,0,0,0,0
"1874",0,0,0,0,0,0,0
"1875",0,0,0,0,0,0,0
"1876",0,0,2.96968087454996,0,0,0,0
"1877",10.7553132492665,0,0,0,0,0,0
"1878",7.29377291849289,0,0,0,0,0,0
"1879",0,0,0,0,0,0,0
"1880",0,0,48.7046617096521,0,0,0,0
"1881",0,0,0,0,0,0,0
"1882",0,0,0,0,0,0,0
"1883",0,0,0,0,0,0,0
"1884",0,0,15.2149249623471,0,0,0,0
"1885",9.15343914564604,0,0,0,0,0,0
"1886",0,0,0,0,0,0,0
"1887",0,0,0,0,0,0,0
"1888",0,0,0,0,0,0,0
"1889",0,0,0,0,0,0,0
"1890",47.9838541315256,0,5.20652879237025,0,0,0,0
"1891",0,0,0,0,0,0,0
"1892",0,0,0,0,0,0,0
"1893",0,0,0,0,0,0,0
"1894",0,0,0,0,0,0,0
"1895",16.7331463115845,0,0,0,0,0,0
"1896",0,0,0,0,0,0,0
"1897",0,0,0,0,0,0,0
"1898",69.3407278061625,0,65.2171978907945,0,0,0,0
"1899",7.364113766715,0,0,0,0,0,0
"1900",0,0,0,0,0,0,0
"1901",0,0,0,0,0,0,0
"1902",0,0,0,0,0,0,0
"1903",0,0,0,0,0,0,0
"1904",0,0,0,0,0,0,0
"1905",6.80785422656583,0,3.18708997753318,0,0,0,0
"1906",0,0,8.9744015693184,0,0,0,0
"1907",0,0,0,0,0,0,0
"1908",0,0,0,0,0,0,0
"1909",0,0,0,0,0,0,0
"1910",0,0,0,0,0,0,0
"1911",0,0,61.4581782394704,0,0,0,0
"1912",0,0,45.7958927747446,0,0,0,0
"1913",0,0,0,0,0,0,0
"1914",0,0,25.2412305485303,0,0,0,0
"1915",0,0,6.29851291258549,0,0,0,0
"1916",0,0,0,0,0,0,0
"1917",0,0,0,0,0,0,0
"1918",0,0,0,0,0,0,0
"1919",0,0,0,0,0,0,0
"1920",0,0,6.77904644655816,0,0,0,0
"1921",5.99027896913144,0,0,0,0,0,0
"1922",0,0,0,0,0,0,0
"1923",0,0,0,0,0,0,0
"1924",34.1576215555616,0,34.5988959175288,0,0,0,0
"1925",0,0,0,0,0,0,0
"1926",27.8207023158149,0,0,0,0,0,0
"1927",0,0,2.52713476372793,0,0,0,0
"1928",0,0,0,0,0,0,0
"1929",0,0,0,0,0,0,0
"1930",0,0,0,0,0,0,0
"1931",0,0,0,0,0,0,0
"1932",0,0,0,0,0,0,0
"1933",0,0,0,0,0,0,0
"1934",0,0,14.563871871307,0,0,0,0
"1935",0,0,0,0,0,0,0
"1936",0,0,0,0,0,0,0
"1937",5.8694900537898,0,0,0,0,0,0
"1938",0,0,1.54547538292761,0,0,0,0
"1939",0,0,0,0,0,0,0
"1940",0,0,0,0,0,0,0
"1941",0,0,3.74038231300673,0,0,0,0
"1942",0,0,2.40028978344329,0,0,0,0
"1943",0,0,1.70505464848706,0,0,0,0
"1944",0,0,0,0,0,0,0
"1945",0,0,2.52795088263545,0,0,0,0
"1946",0,0,0,0,0,0,0
"1947",0,0,0,0,0,0,0
"1948",0,0,0,0,0,0,0
"1949",17.6380433564412,0,11.5671684521147,0,0,0,0
"1950",25.8714880979974,0,0,0,0,0,0
"1951",0,0,19.5231313348806,0,0,0,0
"1952",0,0,0,0,0,0,0
"1953",0,0,0,0,0,0,0
"1954",0,0,0,0,0,0,0
"1955",0,0,4.71823184628985,0,0,0,0
"1956",0,0,0,0,0,0,0
"1957",20.3635102351494,0,0,0,0,0,0
"1958",0,0,0,0,0,0,0
"1959",0,0,6.53829563287584,0,0,0,0
"1960",0,0,3.05386860819849,0,0,0,0
"1961",0,0,0,0,0,0,0
"1962",0,0,0,0,0,0,0
"1963",0,0,0,0,0,0,0
"1964",0,0,0,0,0,0,0
"1965",11.0582340028545,0,28.100435573224,0,0,0,0
"1966",0,0,2.26863701417168,0,0,0,0
"1967",28.3263906661874,0,73.0632423721239,0,0,0,0
"1968",0,0,0,0,0,0,0
"1969",24.3940130606562,0,31.9283530019895,0,0,0,0
"1970",0,0,0,0,0,0,0
"1971",6.3003491624145,0,7.71513126845573,0,0,0,0
"1972",0,0,0,0,0,0,0
"1973",0,0,0,0,0,0,0
"1974",0,0,0,0,0,0,0
"1975",12.2291661773411,0,7.5214488541386,0,0,0,0
"1976",0,0,0,0,0,0,0
"1977",0,0,0,0,0,0,0
"1978",0,0,0,0,0,0,0
"1979",0,0,0,0,0,0,0
"1980",0,0,0,0,0,0,0
"1981",0,0,3.36325565496617,0,0,0,0
"1982",0,0,0,0,0,0,0
"1983",0,0,0,0,0,0,0
"1984",0,0,5.20709470844755,0,0,0,0
"1985",0,0,0,0,0,0,0
"1986",0,0,0,0,0,0,0
"1987",0,0,1.17455140156502,0,0,0,0
"1988",0,0,0,0,0,0,0
"1989",30.8538983024571,0,16.0873732351408,0,0,0,0
"1990",0,0,0,0,0,0,0
"1991",0,0,0,0,0,0,0
"1992",85.8925679000309,0,0,0,0,0,0
"1993",0,0,0,0,0,0,0
"1994",0,0,0,0,0,0,0
"1995",0,0,0,0,0,0,0
"1996",0,0,0,0,0,0,0
"1997",0,0,0,0,0,0,0
"1998",51.5432624456664,0,0,0,0,0,0
"1999",0,0,0,0,0,0,0
"2000",0,0,0,0,0,0,0
"2001",0,0,1.56598160778252,0,0,0,0
"2002",82.0316649909086,0,79.5973461979722,0,0,0,0
"2003",0,0,0,0,0,0,0
"2004",0,0,3.24588631001759,0,0,0,0
"2005",0,0,0,0,0,0,0
"2006",0,0,0,0,0,0,0
"2007",0,0,0,0,0,0,0
"2008",0,0,0,0,0,0,0
"2009",0,0,0,0,0,0,0
"2010",0,0,0,0,0,0,0
"2011",15.5741037445541,0,0,0,0,0,0
"2012",17.5394163182222,0,28.4089615462089,0,0,0,0
"2013",0,0,0,0,0,0,0
"2014",0,0,0,0,0,0,0
"2015",5.98245523892259,0,10.1526749373779,0,0,0,0
"2016",0,0,28.0708765721306,0,0,0,0
"2017",0,0,0,0,0,0,0
"2018",11.730267523099,0,1.000812469763,0,0,0,0
"2019",131.154462611261,0,106.136067599296,0,0,0,0
"2020",0,0,0,0,0,0,0
"2021",0,0,13.245324116688,0,0,0,0
"2022",0,0,0,0,0,0,0
"2023",0,0,0,0,0,0,0
"2024",0,0,0,0,0,0,0
"2025",0,0,0,0,0,0,0
"2026",0,0,0,0,0,0,0
"2027",0,0,0,0,0,0,0
"2028",0,0,0,0,0,0,0
"2029",0,0,0,0,0,0,0
"2030",0,0,8.17743462836164,0,0,0,0
"2031",0,0,0,0,0,0,0
"2032",0,0,1.62021888235556,0,0,0,0
"2033",27.9853930735812,0,0,0,0,0,0
"2034",0,0,0,0,0,0,0
"2035",0,0,0,0,0,0,0
"2036",17.5437619650436,0,18.5963343274109,0,0,0,0
"2037",0,0,0,0,0,0,0
"2038",0,0,0,0,0,0,0
"2039",0,0,0,0,0,0,0
"2040",0,0,0,0,0,0,0
"2041",0,0,2.94427195425122,0,0,0,0
"2042",0,0,0,0,0,0,0
"2043",0,0,6.00657694381815,0,0,0,0
"2044",0,0,0,0,0,0,0
"2045",17.1006413171075,0,33.0425407093951,0,0,0,0
"2046",0,0,0,0,0,0,0
"2047",0,0,0,0,0,0,0
"2048",0,0,0,0,0,0,0
"2049",0,0,1.36925946385401,0,0,0,0
"2050",12.1669485275935,0,26.8372877844284,0,0,0,0
"2051",0,0,0,0,0,0,0
"2052",0,0,0,0,0,0,0
"2053",0,0,0,0,0,0,0
"2054",0,0,0,0,0,0,0
"2055",0,0,0,0,0,0,0
"2056",0,0,0,0,0,0,0
"2057",0,0,0,0,0,0,0
"2058",0,0,0,0,0,0,0
"2059",17.1145642828967,0,0,0,0,0,0
"2060",0,0,0,0,0,0,0
"2061",0,0,0,0,0,0,0
"2062",0,0,0,0,0,0,0
"2063",0,0,37.950779066482,0,0,0,0
"2064",0,0,0,0,0,0,0
"2065",10.9713876425225,0,0,0,0,0,0
"2066",0,0,0,0,0,0,0
"2067",0,0,21.5642585536184,0,0,0,0
"2068",0,0,0,0,0,0,0
"2069",0,0,0,0,0,0,0
"2070",0,0,0,0,0,0,0
"2071",0,0,0,0,0,0,0
"2072",0,0,0,0,0,0,0
"2073",0,0,0,0,0,0,0
"2074",0,0,4.58571571709973,0,0,0,0
"2075",0,0,3.94944844644968,0,0,0,0
"2076",43.5445782061582,0,21.2839776354688,0,0,0,0
"2077",37.3170347718596,0,16.7773582319257,0,0,0,0
"2078",0,0,0,0,0,0,0
"2079",0,0,0,0,0,0,0
"2080",0,0,1.21756360370649,0,0,0,0
"2081",11.1559461369961,0,1.75412864426527,0,0,0,0
"2082",0,0,0,0,0,0,0
"2083",0,0,0,0,0,0,0
"2084",0,0,4.03194597507434,0,0,0,0
"2085",0,0,0,0,0,0,0
"2086",0,0,0,0,0,0,0
"2087",10.0505614501366,0,3.88656324616198,0,0,0,0
"2088",0,0,0,0,0,0,0
"2089",0,0,0,0,0,0,0
"2090",0,0,2.69152937874996,0,0,0,0
"2091",0,0,0,0,0,0,0
"2092",0,0,0,0,0,0,0
"2093",0,0,4.79165617989045,0,0,0,0
"2094",0,0,0,0,0,0,0
"2095",0,0,0,0,0,0,0
"2096",0,0,0,0,0,0,0
"2097",0,0,0,0,0,0,0
"2098",14.9306693476695,0,4.09729177595044,0,0,0,0
"2099",0,0,0,0,0,0,0
"2100",13.4045482026735,0,25.4697232274825,0,0,0,0
"2101",0,0,0,0,0,0,0
"2102",47.0255909966091,0,0,0,0,0,0
"2103",0,0,0,0,0,0,0
"2104",0,0,0,0,0,0,0
"2105",0,0,1.54733226323927,0,0,0,0
"2106",0,0,0,0,0,0,0
"2107",0,0,0,0,0,0,0
"2108",0,0,0,0,0,0,0
"2109",0,0,0,0,0,0,0
"2110",0,0,0,0,0,0,0
"2111",0,0,0,0,0,0,0
"2112",0,0,10.9393285077903,0,0,0,0
"2113",0,0,7.09104076998896,0,0,0,0
"2114",0,0,0,0,0,0,0
"2115",0,0,0,0,0,0,0
"2116",0,0,0,0,0,0,0
"2117",0,0,0,0,0,0,0
"2118",0,0,0,0,0,0,0
"2119",0,0,11.1267864575409,0,0,0,0
"2120",0,0,6.40820276103183,0,0,0,0
"2121",0,0,0,0,0,0,0
"2122",0,0,0,0,0,0,0
"2123",5.02267760813686,0,33.1038707438698,0,0,0,0
"2124",0,0,6.49455996022586,0,0,0,0
"2125",0,0,0,0,0,0,0
"2126",33.2797774647712,0,0,0,0,0,0
"2127",0,0,0,0,0,0,0
"2128",0,0,0,0,0,0,0
"2129",0,0,0,0,0,0,0
"2130",0,0,24.4085474183679,0,0,0,0
"2131",0,0,6.63264214168163,0,0,0,0
"2132",0,0,0,0,0,0,0
"2133",0,0,0,0,0,0,0
"2134",0,0,0,0,0,0,0
"2135",0,0,0,0,0,0,0
"2136",0,0,10.6882200990173,0,0,0,0
"2137",25.9889937456515,0,0,0,0,0,0
"2138",17.7206478788397,0,0,0,0,0,0
"2139",0,0,1.00518291028115,0,0,0,0
"2140",0,0,21.850601354126,0,0,0,0
"2141",39.8230277348157,0,16.4709981310539,0,0,0,0
"2142",12.9788082343756,0,0,0,0,0,0
"2143",67.3037374413632,0,90.0754365778957,0,0,0,0
"2144",0,0,0,0,0,0,0
"2145",0,0,0,0,0,0,0
"2146",0,0,0,0,0,0,0
"2147",0,0,0,0,0,0,0
"2148",0,0,0,0,0,0,0
"2149",0,0,0,0,0,0,0
"2150",0,0,8.97388866270563,0,0,0,0
"2151",0,0,0,0,0,0,0
"2152",0,0,0,0,0,0,0
"2153",0,0,7.30147211373198,0,0,0,0
"2154",0,0,2.8695327831133,0,0,0,0
"2155",0,0,0,0,0,0,0
"2156",0,0,5.37543627717737,0,0,0,0
"2157",0,0,0,0,0,0,0
"2158",0,0,0,0,0,0,0
"2159",0,0,1.46829878328059,0,0,0,0
"2160",0,0,1.77468516856486,0,0,0,0
"2161",0,0,1.66916089912604,0,0,0,0
"2162",0,0,0,0,0,0,0
"2163",0,0,0,0,0,0,0
"2164",0,0,0,0,0,0,0
"2165",0,0,11.6726020708951,0,0,0,0
"2166",19.9063696823639,0,34.8323453670495,0,0,0,0
"2167",30.7605850991713,0,74.5891374604807,0,0,0,0
"2168",0,0,0,0,0,0,0
"2169",0,0,9.02354259098802,0,0,0,0
"2170",37.6143100716727,0,56.4111890838844,0,0,0,0
"2171",30.081388031144,0,0,0,0,0,0
"2172",0,0,0,0,0,0,0
"2173",0,0,0,0,0,0,0
"2174",0,0,0,0,0,0,0
"2175",0,0,0,0,0,0,0
"2176",0,0,0,0,0,0,0
"2177",0,0,1.76125950704364,0,0,0,0
"2178",0,0,0,0,0,0,0
"2179",0,0,0,0,0,0,0
"2180",0,0,10.1513626615329,0,0,0,0
"2181",0,0,1.02864474937494,0,0,0,0
"2182",0,0,0,0,0,0,0
"2183",5.13589336663073,0,0,0,0,0,0
"2184",0,0,0,0,0,0,0
"2185",0,0,0,0,0,0,0
"2186",0,0,0,0,0,0,0
"2187",0,0,10.2959655799903,0,0,0,0
"2188",38.6011009492138,0,70.5057558088617,0,0,0,0
"2189",0,0,4.18788888499261,0,0,0,0
"2190",0,0,0,0,0,0,0
"2191",0,0,7.02866907960513,0,0,0,0
"2192",0,0,1.9165037387371,0,0,0,0
"2193",0,0,0,0,0,0,0
"2194",17.3594023300412,0,11.1148138572993,0,0,0,0
"2195",0,0,0,0,0,0,0
"2196",36.75923892646,0,0,0,0,0,0
"2197",27.8736810396407,0,25.1431959816846,0,0,0,0
"2198",0,0,0,0,0,0,0
"2199",0,0,0,0,0,0,0
"2200",60.3243092054054,0,44.0466091934082,0,0,0,0
"2201",0,0,0,0,0,0,0
"2202",0,0,42.0374465155712,0,0,0,0
"2203",0,0,4.69308554459132,0,0,0,0
"2204",0,0,0,0,0,0,0
"2205",0,0,0.711321481836302,0,0,0,0
"2206",0,0,0,0,0,0,0
"2207",0,0,0,0,0,0,0
"2208",0,0,0,0,0,0,0
"2209",0,0,4.86331398882249,0,0,0,0
"2210",0,0,0,0,0,0,0
"2211",24.4218375247242,0,1.01360926674165,0,0,0,0
"2212",41.7640865676419,0,44.8609241848919,0,0,0,0
"2213",0,0,0,0,0,0,0
"2214",0,0,5.89514642937865,0,0,0,0
"2215",0,0,36.260948277745,0,0,0,0
"2216",0,0,0,0,0,0,0
"2217",0,0,15.0102902777741,0,0,0,0
"2218",0,0,0,0,0,0,0
"2219",0,0,0,0,0,0,0
"2220",20.5559146194887,0,26.7385149589444,0,0,0,0
"2221",0,0,0,0,0,0,0
"2222",0,0,0,0,0,0,0
"2223",0,0,0,0,0,0,0
"2224",0,0,0,0,0,0,0
"2225",0,0,0,0,0,0,0
"2226",0,0,0,0,0,0,0
"2227",16.0951898827317,0,1.07938390674242,0,0,0,0
"2228",0,0,4.99997251421158,0,0,0,0
"2229",0,0,0,0,0,0,0
"2230",0,0,6.87260984651399,0,0,0,0
"2231",25.1000848499801,0,0,0,0,0,0
"2232",0,0,0,0,0,0,0
"2233",0,0,0,0,0,0,0
"2234",0,0,0,0,0,0,0
"2235",0,0,0,0,0,0,0
"2236",0,0,0,0,0,0,0
"2237",15.0531875804369,0,0,0,0,0,0
"2238",0,0,0,0,0,0,0
"2239",0,0,0,0,0,0,0
"2240",0,0,0,0,0,0,0
"2241",0,0,0,0,0,0,0
"2242",0,0,0,0,0,0,0
"2243",0,0,0,0,0,0,0
"2244",0,0,0,0,0,0,0
"2245",0,0,0,0,0,0,0
"2246",0,0,0.287811958037877,0,0,0,0
"2247",0,0,0,0,0,0,0
"2248",0,0,0,0,0,0,0
"2249",0,0,0,0,0,0,0
"2250",0,0,0,0,0,0,0
"2251",0,0,5.97408753935943,0,0,0,0
"2252",0,0,0,0,0,0,0
"2253",17.6396358538866,0,0,0,0,0,0
"2254",0,0,0,0,0,0,0
"2255",0,0,0,0,0,0,0
"2256",0,0,0.14887306180644,0,0,0,0
"2257",0,0,0,0,0,0,0
"2258",0,0,0,0,0,0,0
"2259",0,0,0,0,0,0,0
"2260",0,0,0,0,0,0,0
"2261",0,0,0,0,0,0,0
"2262",0,0,0,0,0,0,0
"2263",0,0,0,0,0,0,0
"2264",0,0,0.933025407209074,0,0,0,0
"2265",0,0,6.46261238275913,0,0,0,0
"2266",21.7094492880309,0,0,0,0,0,0
"2267",0,0,0,0,0,0,0
"2268",0,0,0,0,0,0,0
"2269",0,0,0,0,0,0,0
"2270",0,0,0,0,0,0,0
"2271",0,0,0,0,0,0,0
"2272",0,0,0,0,0,0,0
"2273",0,0,0,0,0,0,0
"2274",0,0,0,0,0,0,0
"2275",22.436723674048,0,4.69506975802159,0,0,0,0
"2276",0,0,0,0,0,0,0
"2277",0,0,0,0,0,0,0
"2278",0,0,5.32951526991589,0,0,0,0
"2279",0,0,0,0,0,0,0
"2280",0,0,0,0,0,0,0
"2281",56.3559472091155,0,56.1267910598997,0,0,0,0
"2282",0,0,4.27772096148853,0,0,0,0
"2283",0,0,0,0,0,0,0
"2284",0,0,0,0,0,0,0
"2285",15.5290782755238,0,0,0,0,0,0
"2286",0,0,0,0,0,0,0
"2287",0,0,0,0,0,0,0
"2288",0,0,15.8697466950376,0,0,0,0
"2289",0,0,0,0,0,0,0
"2290",0,0,0,0,0,0,0
"2291",0,0,0,0,0,0,0
"2292",0,0,1.09029276106287,0,0,0,0
"2293",0,0,0,0,0,0,0
"2294",37.0228276617604,0,0,0,0,0,0
"2295",0,0,0,0,0,0,0
"2296",0,0,0,0,0,0,0
"2297",0,0,0,0,0,0,0
"2298",0,0,0,0,0,0,0
"2299",17.1887020583219,0,10.8463407823054,0,0,0,0
"2300",7.56181790552051,0,0,0,0,0,0
"2301",0,0,0,0,0,0,0
"2302",0,0,4.93990005794882,0,0,0,0
"2303",0,0,0,0,0,0,0
"2304",0,0,0,0,0,0,0
"2305",0,0,0,0,0,0,0
"2306",18.0807660093185,0,0,0,0,0,0
"2307",0,0,0,0,0,0,0
"2308",0,0,0,0,0,0,0
"2309",53.364159268902,0,0,0,0,0,0
"2310",0,0,0,0,0,0,0
"2311",0,0,0,0,0,0,0
"2312",0,0,0,0,0,0,0
"2313",0,0,0,0,0,0,0
"2314",34.961409479306,0,21.6733360268902,0,0,0,0
"2315",0,0,0,0,0,0,0
"2316",0,0,2.64351233605999,0,0,0,0
"2317",0,0,0,0,0,0,0
"2318",0,0,0,0,0,0,0
"2319",40.0358641360624,0,43.8879157680248,0,0,0,0
"2320",0,0,0,0,0,0,0
"2321",17.8471082389558,0,52.8791709772659,0,0,0,0
"2322",16.2938426641986,0,0,0,0,0,0
"2323",0,0,0,0,0,0,0
"2324",41.7067178589403,0,0,0,0,0,0
"2325",0,0,0,0,0,0,0
"2326",0,0,0,0,0,0,0
"2327",0,0,0,0,0,0,0
"2328",0,0,0,0,0,0,0
"2329",0,0,0,0,0,0,0
"2330",0,0,0,0,0,0,0
"2331",0,0,0,0,0,0,0
"2332",29.0338834734366,0,36.9604611151272,0,0,0,0
"2333",0,0,0,0,0,0,0
"2334",0,0,0,0,0,0,0
"2335",0,0,3.13788933581553,0,0,0,0
"2336",0,0,50.6494291282106,0,0,0,0
"2337",0,0,0,0,0,0,0
"2338",31.9028523125853,0,16.4709535177367,0,0,0,0
"2339",0,0,0,0,0,0,0
"2340",0,0,0,0,0,0,0
"2341",7.11807194374238,0,0,0,0,0,0
"2342",0,0,0,0,0,0,0
"2343",0,0,13.0553498117998,0,0,0,0
"2344",0,0,6.46090969673456,0,0,0,0
"2345",74.6393627445955,0,0,0,0,0,0
"2346",11.7725256004108,0,0,0,0,0,0
"2347",0,0,15.2548228007554,0,0,0,0
"2348",12.1041616152354,0,0,0,0,0,0
"2349",12.0719139593562,0,11.358354362334,0,0,0,0
"2350",0,0,0,0,0,0,0
"2351",0,0,3.11341999498683,0,0,0,0
"2352",0,0,0.584722775492566,0,0,0,0
"2353",22.5495763373538,0,0,0,0,0,0
"2354",0,0,0,0,0,0,0
"2355",0,0,0,0,0,0,0
"2356",0,0,0,0,0,0,0
"2357",0,0,3.97108885565234,0,0,0,0
"2358",0,0,0,0,0,0,0
"2359",0,0,8.44604662615405,0,0,0,0
"2360",0,0,0,0,0,0,0
"2361",0,0,0,0,0,0,0
"2362",0,0,0,0,0,0,0
"2363",0,0,0,0,0,0,0
"2364",0,0,0,0,0,0,0
"2365",0,0,0,0,0,0,0
"2366",0,0,0,0,0,0,0
"2367",0,0,38.3904138515433,0,0,0,0
"2368",0,0,0,0,0,0,0
"2369",27.4545012798369,0,0,0,0,0,0
"2370",0,0,0,0,0,0,0
"2371",0,0,0,0,0,0,0
"2372",0,0,0,0,0,0,0
"2373",0,0,0,0,0,0,0
"2374",0,0,0,0,0,0,0
"2375",18.3352396370218,0,0,0,0,0,0
"2376",0,0,0,0,0,0,0
"2377",0,0,0,0,0,0,0
"2378",0,0,0,0,0,0,0
"2379",0,0,6.3747485680292,0,0,0,0
"2380",0,0,0,0,0,0,0
"2381",0,0,0,0,0,0,0
"2382",0,0,0,0,0,0,0
"2383",0,0,0,0,0,0,0
"2384",0,0,0,0,0,0,0
"2385",0,0,0,0,0,0,0
"2386",18.8197925993627,0,0,0,0,0,0
"2387",0,0,0,0,0,0,0
"2388",0,0,5.01408618394945,0,0,0,0
"2389",0,0,0,0,0,0,0
"2390",0,0,0,0,0,0,0
"2391",0,0,0,0,0,0,0
"2392",112.575266730286,0,90.2374279898209,0,0,0,0
"2393",0,0,9.67812696477581,0,0,0,0
"2394",0,0,0,0,0,0,0
"2395",0,0,0,0,0,0,0
"2396",8.59480211018936,0,55.1860594007099,0,0,0,0
"2397",0,0,0,0,0,0,0
"2398",13.7263536586714,0,0,0,0,0,0
"2399",0,0,1.28096527116172,0,0,0,0
"2400",0,0,0,0,0,0,0
"2401",9.74107565674049,0,2.70391429102081,0,0,0,0
"2402",9.74349939385161,0,0,0,0,0,0
"2403",0,0,0,0,0,0,0
"2404",0,0,0,0,0,0,0
"2405",0,0,0,0,0,0,0
"2406",11.9184940792673,0,7.14974512640345,0,0,0,0
"2407",0,0,0,0,0,0,0
"2408",10.5792528992686,0,0,0,0,0,0
"2409",0,0,0,0,0,0,0
"2410",0,0,6.19882989907882,0,0,0,0
"2411",0,0,3.14916642840769,0,0,0,0
"2412",0,0,0,0,0,0,0
"2413",0,0,36.0138406206017,0,0,0,0
"2414",0,0,0,0,0,0,0
"2415",50.262712808024,0,5.50204291314961,0,0,0,0
"2416",0,0,0,0,0,0,0
"2417",0,0,11.4529058080571,0,0,0,0
"2418",0,0,5.67561761095797,0,0,0,0
"2419",0,0,14.0906353095437,0,0,0,0
"2420",0,0,0,0,0,0,0
"2421",0,0,3.34245734472009,0,0,0,0
"2422",0,0,1.39677356230726,0,0,0,0
"2423",0,0,1.65630240669453,0,0,0,0
"2424",0,0,0,0,0,0,0
"2425",39.8620678335935,0,3.47972429311795,0,0,0,0
"2426",0,0,0,0,0,0,0
"2427",0,0,0,0,0,0,0
"2428",0,0,0,0,0,0,0
"2429",0,0,0,0,0,0,0
"2430",0,0,0,0,0,0,0
"2431",21.5688736967818,0,36.8848136439107,0,0,0,0
"2432",50.5323756894936,0,7.00016641531195,0,0,0,0
"2433",0,0,0,0,0,0,0
"2434",0,0,0,0,0,0,0
"2435",0,0,0,0,0,0,0
"2436",0,0,0,0,0,0,0
"2437",0,0,0,0,0,0,0
"2438",0,0,0,0,0,0,0
"2439",0,0,14.6692297748357,0,0,0,0
"2440",0,0,0,0,0,0,0
"2441",0,0,0,0,0,0,0
"2442",12.9874700412711,0,30.4639636212068,0,0,0,0
"2443",17.5112456743526,0,40.922590377045,0,0,0,0
"2444",0,0,0,0,0,0,0
"2445",0,0,0.879108716240135,0,0,0,0
"2446",0,0,0,0,0,0,0
"2447",9.74006056545119,0,0,0,0,0,0
"2448",0,0,0,0,0,0,0
"2449",0,0,2.86522899082451,0,0,0,0
"2450",2.7254114566482,0,0.366402791714532,0,0,0,0
"2451",0,0,0,0,0,0,0
"2452",0,0,0,0,0,0,0
"2453",18.6651460239072,0,0,0,0,0,0
"2454",50.3327846675855,0,37.1392825396264,0,0,0,0
"2455",0,0,28.2062857320132,0,0,0,0
"2456",0,0,0,0,0,0,0
"2457",0,0,3.0558682134951,0,0,0,0
"2458",0,0,0,0,0,0,0
"2459",7.73533853953667,0,0,0,0,0,0
"2460",0,0,0,0,0,0,0
"2461",0,0,0,0,0,0,0
"2462",43.9176015899515,0,43.8382841876223,0,0,0,0
"2463",0,0,0,0,0,0,0
"2464",0,0,0,0,0,0,0
"2465",0,0,0,0,0,0,0
"2466",57.6856463188581,0,40.7497833882189,0,0,0,0
"2467",0,0,0,0,0,0,0
"2468",57.1541295282661,0,0,0,0,0,0
"2469",0,0,0,0,0,0,0
"2470",27.8452363271509,0,10.7936000747291,0,0,0,0
"2471",0,0,0,0,0,0,0
"2472",0,0,0,0,0,0,0
"2473",44.1420694411197,0,0,0,0,0,0
"2474",0,0,0,0,0,0,0
"2475",14.2664737474061,0,5.31752287892517,0,0,0,0
"2476",0,0,0,0,0,0,0
"2477",0,0,0,0,0,0,0
"2478",26.4740767028531,0,9.41987646420463,0,0,0,0
"2479",0,0,0,0,0,0,0
"2480",10.2173280594159,0,54.472861556455,0,0,0,0
"2481",0,0,0,0,0,0,0
"2482",10.5394887559935,0,3.13009875593684,0,0,0,0
"2483",0,0,1.52514467083165,0,0,0,0
"2484",0,0,0,0,0,0,0
"2485",0,0,2.83077004352462,0,0,0,0
"2486",0,0,0,0,0,0,0
"2487",40.4767380541944,0,17.7651810243751,0,0,0,0
"2488",0,0,0,0,0,0,0
"2489",0,0,0,0,0,0,0
"2490",0,0,7.32502982809871,0,0,0,0
"2491",0,0,0,0,0,0,0
"2492",0,0,10.8036442255935,0,0,0,0
"2493",14.5246822628756,0,19.356386548242,0,0,0,0
"2494",0,0,0,0,0,0,0
"2495",0,0,0,0,0,0,0
"2496",24.4549154596502,0,28.2971448798742,0,0,0,0
"2497",0,0,0,0,0,0,0
"2498",15.5898721472809,0,0,0,0,0,0
"2499",0,0,0,0,0,0,0
"2500",0,0,0,0,0,0,0
