"","age1_orange.S","age1_green.S","age2_no_comorbid_orange.S","age2_no_comorbid_green.S","age2_comorbid_green.S","age3_no_comorbid_green.S","age3_comorbid_green.S"
"1",155,62,328,94,125,44,75
"2",752,62,847,94,125,44,75
"3",171,62,308,94,125,44,74
"4",124,61,280,94,125,44,75
"5",187,32,362,70,93,36,59
"6",195,53,373,85,113,41,69
"7",204,59,380,89,118,44,73
"8",752,62,847,94,125,44,75
"9",752,62,847,94,125,44,75
"10",128,62,281,94,125,44,75
"11",182,62,359,94,125,44,75
"12",196,62,339,94,125,44,75
"13",752,62,847,94,125,44,75
"14",220,62,371,94,125,44,74
"15",752,62,845,94,125,44,75
"16",173,62,329,94,125,44,75
"17",128,62,281,94,125,44,75
"18",164,62,317,94,125,44,75
"19",163,62,326,94,125,44,75
"20",149,62,327,94,125,44,75
"21",165,62,350,94,125,44,75
"22",178,62,316,94,125,44,75
"23",211,62,424,94,125,44,75
"24",182,62,369,94,125,44,75
"25",179,62,355,94,124,44,75
"26",751,62,847,94,125,44,75
"27",142,62,285,94,125,44,75
"28",751,62,846,94,125,44,75
"29",159,62,301,94,125,44,75
"30",750,62,847,94,125,44,75
"31",752,62,847,94,125,44,75
"32",752,62,847,94,125,44,75
"33",180,62,337,94,125,44,75
"34",752,62,847,94,125,44,75
"35",752,62,847,94,125,44,75
"36",147,62,307,94,125,44,75
"37",752,62,847,94,125,44,75
"38",152,62,324,94,125,44,75
"39",749,62,843,94,125,44,75
"40",145,62,306,94,125,44,75
"41",155,62,345,92,125,44,75
"42",159,62,307,94,125,44,75
"43",752,62,847,94,125,44,75
"44",752,62,846,94,125,44,75
"45",174,62,368,94,124,44,75
"46",751,62,847,94,125,44,75
"47",171,62,363,94,125,44,75
"48",751,62,847,94,125,44,75
"49",752,62,846,94,125,44,75
"50",180,62,377,94,125,44,75
"51",752,62,847,94,125,44,75
"52",179,62,331,94,125,44,75
"53",749,62,846,94,125,44,75
"54",752,62,847,94,125,44,75
"55",752,62,847,94,125,44,75
"56",148,62,306,93,124,44,75
"57",145,62,320,94,125,44,75
"58",141,62,333,94,125,44,75
"59",160,62,311,94,125,43,75
"60",164,62,312,94,125,44,75
"61",752,62,846,94,125,44,75
"62",176,41,337,80,100,36,60
"63",202,62,372,94,124,44,75
"64",750,62,847,94,125,44,75
"65",747,62,840,94,125,44,75
"66",751,62,847,94,125,44,75
"67",750,62,847,94,125,44,75
"68",167,62,362,94,125,44,75
"69",224,62,379,94,125,44,75
"70",152,62,331,94,125,44,75
"71",169,62,349,94,125,44,75
"72",152,62,310,94,125,44,75
"73",175,62,355,94,125,44,75
"74",152,62,332,94,125,44,75
"75",752,62,847,94,125,44,75
"76",169,62,336,94,125,43,74
"77",168,20,325,51,59,31,40
"78",170,62,368,94,125,44,75
"79",170,62,334,94,125,44,75
"80",158,36,309,61,82,28,60
"81",752,62,847,94,125,44,75
"82",124,23,280,60,75,21,52
"83",154,62,337,94,125,44,75
"84",154,62,296,94,125,44,75
"85",180,62,359,94,125,44,75
"86",190,62,364,93,125,44,75
"87",202,62,368,94,125,44,75
"88",175,62,306,94,125,44,75
"89",202,62,353,94,125,44,75
"90",187,62,340,94,125,44,75
"91",145,62,303,94,125,44,75
"92",135,62,308,94,125,44,75
"93",165,62,349,94,125,44,75
"94",187,62,394,94,125,44,75
"95",158,62,337,94,125,44,75
"96",200,60,391,93,122,44,74
"97",170,62,325,94,123,44,75
"98",155,62,299,94,125,44,75
"99",165,62,319,94,125,44,75
"100",752,62,846,94,125,44,75
"101",158,62,341,94,125,44,75
"102",203,35,369,59,83,37,59
"103",172,62,306,94,125,44,75
"104",165,62,352,94,125,44,75
"105",147,62,326,94,125,44,75
"106",176,62,350,94,125,44,75
"107",752,62,847,94,125,44,75
"108",213,62,403,94,125,44,75
"109",752,62,847,94,125,44,75
"110",148,62,267,94,125,43,75
"111",177,62,365,93,125,44,75
"112",752,62,847,94,125,44,75
"113",231,62,397,94,125,44,75
"114",154,62,321,94,125,44,74
"115",137,61,301,94,125,44,75
"116",206,62,376,94,125,44,75
"117",211,36,374,68,89,38,61
"118",752,62,847,94,125,44,75
"119",170,62,326,94,125,44,75
"120",751,62,847,94,125,44,75
"121",188,62,351,94,125,44,75
"122",752,62,847,94,125,44,75
"123",146,28,314,53,70,28,46
"124",752,62,847,94,125,44,75
"125",751,62,847,94,125,44,75
"126",752,62,846,94,125,44,75
"127",145,62,300,94,125,44,75
"128",176,62,378,94,125,44,75
"129",198,62,400,94,125,44,75
"130",156,62,327,94,125,44,75
"131",752,62,847,94,125,44,75
"132",183,62,356,94,125,44,75
"133",752,62,847,94,125,44,75
"134",186,62,364,94,125,44,75
"135",752,62,846,94,125,44,75
"136",752,62,847,94,125,44,75
"137",206,38,390,81,90,39,59
"138",154,61,335,94,122,44,74
"139",751,62,847,94,125,44,75
"140",155,62,299,94,124,43,75
"141",160,62,331,94,125,44,75
"142",141,62,305,94,125,44,75
"143",750,62,847,94,125,44,75
"144",189,62,388,94,125,44,75
"145",157,62,330,94,125,44,75
"146",156,60,308,94,120,44,75
"147",163,62,337,94,125,44,75
"148",172,62,340,94,125,44,75
"149",752,62,847,94,125,44,75
"150",199,11,355,44,48,26,40
"151",752,62,847,94,125,44,75
"152",751,62,847,94,125,44,75
"153",752,62,847,94,125,44,75
"154",163,62,334,92,124,43,74
"155",749,62,846,94,125,44,75
"156",168,49,363,87,113,40,71
"157",752,62,847,94,125,44,75
"158",154,62,329,94,125,44,75
"159",183,62,329,94,125,44,75
"160",749,62,846,94,125,44,75
"161",186,62,355,94,125,44,75
"162",191,62,353,94,125,44,75
"163",752,62,847,94,125,44,75
"164",176,32,329,63,81,31,51
"165",145,62,285,94,125,44,75
"166",752,62,847,94,125,44,75
"167",157,62,344,94,125,44,75
"168",199,62,351,94,125,44,75
"169",160,62,343,94,125,44,75
"170",175,62,334,94,125,44,75
"171",132,61,264,94,124,44,72
"172",229,62,406,94,125,44,75
"173",170,62,326,94,125,44,75
"174",752,62,847,94,125,44,75
"175",177,60,347,90,123,44,73
"176",175,62,330,92,123,44,75
"177",752,62,847,94,125,44,75
"178",748,62,847,94,125,44,75
"179",196,62,377,94,125,44,75
"180",191,61,341,93,124,44,75
"181",193,62,371,94,125,44,75
"182",190,62,349,94,125,44,75
"183",136,60,358,90,121,43,72
"184",165,62,340,94,124,44,75
"185",219,49,419,79,103,36,66
"186",752,62,847,94,125,44,75
"187",181,62,359,94,125,44,75
"188",752,62,847,94,125,44,75
"189",752,62,847,94,125,44,75
"190",162,60,352,94,124,44,74
"191",748,62,847,94,125,44,75
"192",168,61,340,94,123,44,74
"193",126,62,289,94,125,44,75
"194",173,62,348,94,125,44,75
"195",196,62,374,94,125,44,75
"196",201,61,366,94,124,43,75
"197",146,62,305,94,125,44,75
"198",168,61,324,94,124,44,75
"199",147,61,299,94,125,44,75
"200",180,62,333,94,125,44,75
"201",752,62,847,94,125,44,75
"202",752,62,847,94,125,44,75
"203",752,62,847,94,125,44,75
"204",195,62,369,94,125,44,75
"205",163,61,344,94,125,44,75
"206",190,38,370,75,99,36,61
"207",202,61,364,92,119,44,73
"208",163,62,343,94,125,44,75
"209",184,62,312,94,125,44,75
"210",147,62,301,94,124,44,75
"211",752,62,846,94,125,44,75
"212",154,62,321,94,124,44,75
"213",162,62,318,94,125,44,75
"214",747,62,846,94,125,44,75
"215",752,62,847,94,125,44,75
"216",142,62,327,94,125,44,75
"217",181,62,338,94,125,44,75
"218",177,62,335,94,125,44,75
"219",752,62,846,94,125,44,75
"220",751,62,847,94,125,44,75
"221",752,62,847,94,125,44,75
"222",752,62,847,94,125,44,75
"223",751,62,846,94,125,44,75
"224",192,62,338,94,124,44,75
"225",162,62,321,94,125,44,75
"226",752,62,847,94,125,44,75
"227",177,59,363,94,124,44,75
"228",752,62,845,94,125,44,75
"229",752,62,846,94,125,44,75
"230",179,61,356,94,125,44,75
"231",146,62,318,94,125,44,75
"232",752,62,847,94,125,44,75
"233",175,62,332,94,125,44,75
"234",176,62,338,94,125,44,75
"235",186,62,334,93,124,44,75
"236",142,62,311,94,125,44,75
"237",158,31,303,51,70,31,54
"238",752,62,847,94,125,44,75
"239",152,62,322,94,125,44,75
"240",176,62,325,94,125,44,75
"241",187,62,377,94,125,44,75
"242",752,62,847,94,125,44,75
"243",155,62,328,94,125,44,75
"244",112,22,312,48,67,27,48
"245",752,62,847,94,125,44,75
"246",752,62,846,94,125,44,75
"247",752,62,847,94,125,44,75
"248",752,62,847,94,125,44,75
"249",752,62,847,94,125,44,75
"250",749,62,847,94,125,44,75
"251",750,62,844,94,125,44,75
"252",194,62,363,94,125,44,75
"253",133,62,308,94,125,44,75
"254",215,62,362,94,125,44,74
"255",133,62,291,94,125,44,75
"256",162,62,296,93,125,44,74
"257",752,62,847,94,125,44,75
"258",752,62,847,94,125,44,75
"259",752,62,847,94,125,44,75
"260",139,61,329,92,123,44,75
"261",156,39,294,62,95,34,61
"262",170,62,301,94,125,44,75
"263",199,62,402,94,125,44,75
"264",178,62,353,94,125,44,75
"265",159,62,358,94,125,44,74
"266",751,62,847,94,125,44,75
"267",752,62,847,94,125,44,75
"268",137,52,279,91,113,42,71
"269",197,56,372,90,117,41,75
"270",118,55,281,87,114,40,64
"271",217,62,403,94,125,44,75
"272",162,62,342,94,125,44,74
"273",178,25,313,61,75,30,48
"274",752,62,847,94,125,44,75
"275",167,62,328,94,125,44,75
"276",752,62,847,94,125,44,75
"277",752,62,847,94,125,44,75
"278",191,60,334,89,122,42,74
"279",751,62,847,94,125,44,75
"280",161,62,342,94,125,44,75
"281",194,62,339,94,125,44,75
"282",752,62,847,94,125,44,75
"283",165,62,352,94,125,44,75
"284",752,62,846,94,125,44,75
"285",157,62,305,94,125,44,75
"286",752,62,846,94,125,44,75
"287",750,62,846,94,125,44,75
"288",164,62,330,94,125,44,75
"289",752,62,847,94,125,44,75
"290",160,62,293,94,125,44,75
"291",191,62,357,94,125,44,75
"292",231,62,406,94,125,44,75
"293",147,62,339,94,125,44,75
"294",747,62,842,94,125,44,75
"295",752,62,847,94,125,44,75
"296",159,62,313,94,125,44,75
"297",186,62,356,94,124,44,75
"298",233,62,396,94,125,44,75
"299",747,62,845,94,125,44,75
"300",157,62,312,94,125,44,75
"301",161,58,319,92,125,44,74
"302",185,62,355,94,125,44,75
"303",752,62,847,94,125,44,75
"304",165,62,320,94,125,44,74
"305",169,62,337,94,125,44,75
"306",188,61,350,94,125,44,74
"307",752,62,846,94,125,44,75
"308",186,62,350,94,124,43,75
"309",181,62,357,94,125,43,75
"310",172,62,338,94,125,44,75
"311",178,62,357,94,125,44,75
"312",752,62,847,94,125,44,75
"313",751,62,847,94,125,44,75
"314",161,31,312,62,77,32,48
"315",752,62,847,94,125,44,75
"316",752,62,847,94,125,44,75
"317",162,62,312,94,125,44,75
"318",148,62,326,94,125,44,75
"319",751,62,847,94,125,44,75
"320",173,62,363,93,125,44,75
"321",198,62,364,93,124,44,75
"322",199,62,337,94,125,44,74
"323",752,62,847,94,125,44,75
"324",199,62,393,94,124,44,75
"325",751,62,847,94,125,44,75
"326",752,62,847,94,125,44,75
"327",182,62,381,94,125,44,75
"328",752,62,847,94,125,44,75
"329",181,62,376,94,125,44,75
"330",136,62,292,94,125,44,75
"331",752,62,847,94,125,44,75
"332",193,62,374,94,125,44,74
"333",152,62,315,94,125,44,75
"334",752,62,847,94,125,44,75
"335",156,53,371,90,118,44,73
"336",168,62,360,94,125,44,75
"337",752,62,847,94,125,44,75
"338",186,62,371,94,125,44,75
"339",752,62,847,94,125,44,75
"340",174,62,337,94,125,44,75
"341",175,62,333,94,125,44,75
"342",145,62,311,94,125,44,75
"343",744,62,839,94,125,44,75
"344",751,62,846,94,125,44,75
"345",161,62,317,94,125,44,75
"346",168,62,330,94,125,44,75
"347",752,62,847,94,125,44,75
"348",164,62,315,92,124,44,75
"349",750,62,846,94,125,44,75
"350",192,62,367,93,124,44,74
"351",137,62,312,94,125,44,75
"352",752,62,846,94,125,44,75
"353",211,62,377,93,125,44,75
"354",185,62,351,94,125,44,75
"355",168,62,350,94,125,44,75
"356",165,62,305,94,125,44,75
"357",196,32,346,68,90,36,62
"358",752,62,847,94,125,44,75
"359",156,62,322,94,125,44,75
"360",149,62,325,94,125,44,75
"361",165,62,338,94,125,44,75
"362",750,62,847,94,125,44,75
"363",752,62,847,94,125,44,75
"364",752,62,846,94,125,44,75
"365",129,62,302,94,125,44,75
"366",198,62,368,94,125,44,75
"367",172,62,334,94,125,44,74
"368",135,62,321,94,125,44,75
"369",169,32,344,56,85,30,54
"370",127,62,306,94,125,44,75
"371",752,62,847,94,125,44,75
"372",170,62,332,94,125,44,75
"373",186,61,370,94,125,44,75
"374",213,62,383,94,125,44,75
"375",175,62,350,93,125,44,75
"376",176,62,341,93,125,44,74
"377",752,62,847,94,125,44,75
"378",752,62,847,94,125,44,75
"379",137,62,343,94,125,44,75
"380",752,62,845,94,125,44,75
"381",752,62,847,94,125,44,75
"382",748,62,844,94,125,44,75
"383",750,62,845,94,125,44,75
"384",145,62,310,94,125,44,75
"385",147,62,337,94,125,44,75
"386",752,62,847,94,125,44,75
"387",157,62,297,94,125,44,75
"388",169,62,333,93,125,44,75
"389",752,62,847,94,125,44,75
"390",752,62,847,94,125,44,75
"391",179,62,318,94,125,44,75
"392",752,62,847,94,125,44,75
"393",752,62,847,94,125,44,75
"394",751,62,847,94,125,44,75
"395",750,62,846,94,125,44,75
"396",751,62,847,94,125,44,75
"397",752,62,847,94,125,44,75
"398",172,61,323,94,123,44,75
"399",186,62,340,94,125,44,75
"400",752,62,847,94,125,44,75
"401",752,62,847,94,125,44,75
"402",148,30,272,64,89,37,65
"403",168,62,314,94,125,44,75
"404",752,62,847,94,125,44,75
"405",123,62,322,92,125,44,74
"406",178,62,360,94,125,44,75
"407",749,62,845,94,125,44,75
"408",222,62,415,94,125,44,75
"409",160,62,354,94,125,44,75
"410",751,62,846,94,125,44,75
"411",145,62,330,94,125,44,75
"412",159,62,295,94,125,44,75
"413",197,62,352,93,125,43,75
"414",185,62,337,94,125,44,75
"415",177,62,333,94,125,44,75
"416",752,62,847,94,125,44,75
"417",127,62,334,93,125,44,75
"418",750,62,846,94,125,44,75
"419",187,62,330,94,125,44,75
"420",177,62,331,94,125,44,75
"421",183,62,403,94,125,44,75
"422",750,62,845,94,125,44,75
"423",752,62,847,94,125,44,75
"424",140,62,335,94,125,44,75
"425",184,62,366,94,125,44,75
"426",202,62,376,94,125,44,75
"427",170,62,380,94,125,44,75
"428",218,62,387,94,125,44,75
"429",179,33,348,67,84,32,56
"430",752,62,847,94,125,44,75
"431",752,62,847,94,125,44,75
"432",238,59,404,92,124,44,72
"433",164,62,320,94,125,44,75
"434",160,36,311,74,89,37,65
"435",193,62,319,94,125,44,75
"436",147,62,306,94,124,44,75
"437",160,62,346,94,125,44,75
"438",752,62,847,94,125,44,75
"439",752,62,847,94,125,44,75
"440",157,62,338,94,125,44,75
"441",752,62,847,94,125,44,75
"442",172,62,307,94,125,44,74
"443",181,62,355,94,125,44,75
"444",752,62,847,94,125,44,75
"445",140,62,321,94,125,44,75
"446",752,62,847,94,125,44,75
"447",201,62,371,94,125,44,75
"448",752,62,847,94,125,44,75
"449",167,62,353,94,125,44,75
"450",157,62,317,94,124,44,75
"451",158,62,320,94,125,44,75
"452",752,62,847,94,125,44,75
"453",184,62,357,94,125,44,75
"454",212,62,365,94,125,44,75
"455",208,60,369,94,124,44,74
"456",192,62,332,94,125,44,75
"457",748,62,846,94,125,44,75
"458",186,62,331,94,125,44,75
"459",751,62,847,94,125,44,75
"460",170,61,333,94,125,43,74
"461",223,62,378,93,125,44,75
"462",751,62,847,94,125,44,75
"463",118,62,276,94,125,44,75
"464",179,62,328,94,125,43,75
"465",196,62,393,94,125,44,75
"466",752,62,847,94,125,44,75
"467",749,62,846,94,125,44,75
"468",752,62,847,94,125,44,75
"469",143,62,304,94,125,44,75
"470",139,62,297,94,123,43,75
"471",186,62,345,94,125,44,75
"472",149,62,301,94,125,44,75
"473",164,62,341,92,125,44,75
"474",157,62,312,94,125,44,75
"475",183,62,350,94,125,44,75
"476",752,62,847,94,125,44,75
"477",212,62,381,94,125,44,75
"478",169,62,348,94,125,44,75
"479",752,62,847,94,125,44,75
"480",751,62,847,94,125,44,75
"481",180,62,340,94,125,44,75
"482",171,62,347,94,125,44,75
"483",169,62,349,94,125,44,75
"484",752,62,847,94,125,44,75
"485",145,62,264,94,124,43,75
"486",752,62,847,94,125,44,75
"487",153,62,326,94,125,44,75
"488",136,62,307,94,125,44,75
"489",125,62,305,94,125,44,75
"490",751,62,847,94,125,44,75
"491",173,62,360,94,125,44,75
"492",162,62,335,94,125,44,75
"493",160,62,328,94,124,44,75
"494",156,62,301,93,125,43,75
"495",177,61,340,91,123,44,74
"496",752,62,847,94,125,44,75
"497",183,62,355,94,123,44,75
"498",196,62,329,94,125,43,75
"499",176,62,381,94,124,44,75
"500",752,62,847,94,125,44,75
"501",174,62,341,94,125,44,75
"502",169,62,376,94,124,44,75
"503",145,62,296,94,125,44,75
"504",155,62,321,94,125,44,75
"505",752,62,847,94,125,44,75
"506",752,62,846,94,125,44,75
"507",127,62,294,94,125,44,75
"508",751,62,847,94,125,44,75
"509",752,62,846,94,125,44,75
"510",751,62,847,94,125,44,75
"511",752,62,846,94,125,44,75
"512",173,62,359,94,125,44,75
"513",159,26,339,64,81,27,58
"514",751,62,847,94,125,44,75
"515",752,62,847,94,125,44,75
"516",752,62,847,94,125,44,75
"517",139,62,348,94,125,44,75
"518",166,62,312,94,125,44,75
"519",176,62,346,94,125,44,75
"520",751,62,844,94,125,44,75
"521",751,62,847,94,125,44,75
"522",192,62,348,94,125,44,75
"523",752,62,847,94,125,44,75
"524",137,62,319,94,125,44,75
"525",163,62,337,94,125,44,75
"526",752,62,846,94,125,44,75
"527",149,62,334,94,125,44,75
"528",177,62,340,94,125,44,75
"529",179,62,314,94,125,44,75
"530",185,62,337,94,125,44,75
"531",752,62,847,94,125,44,75
"532",175,62,303,94,124,44,75
"533",164,62,359,94,125,44,75
"534",152,62,322,94,125,44,75
"535",752,62,847,94,125,44,75
"536",752,62,847,94,125,44,75
"537",752,62,847,94,125,44,75
"538",189,27,313,58,83,30,53
"539",751,62,846,94,125,44,75
"540",752,62,847,94,125,44,75
"541",142,62,364,94,125,44,75
"542",750,62,845,94,125,44,75
"543",752,62,847,94,125,44,75
"544",173,50,359,84,115,41,72
"545",198,61,373,92,121,41,74
"546",752,62,847,94,125,44,75
"547",160,29,339,50,61,31,50
"548",141,62,307,94,125,44,75
"549",200,62,357,94,125,44,75
"550",177,62,320,94,125,44,75
"551",752,62,847,94,125,44,75
"552",752,62,847,94,125,44,75
"553",752,62,847,94,125,44,75
"554",160,62,345,94,125,44,75
"555",752,62,847,94,125,44,75
"556",752,62,847,94,125,44,75
"557",146,62,328,94,125,44,75
"558",183,62,344,94,125,44,75
"559",183,62,317,94,125,44,75
"560",752,62,847,94,125,44,75
"561",178,35,368,62,95,33,60
"562",147,62,357,94,125,44,75
"563",157,62,321,94,125,44,75
"564",751,62,847,94,125,44,75
"565",752,62,847,94,125,44,75
"566",752,62,845,94,125,44,75
"567",752,62,846,94,125,44,75
"568",175,62,328,94,125,44,75
"569",752,62,847,94,125,44,75
"570",752,62,845,94,125,44,75
"571",752,62,847,94,125,44,75
"572",750,62,847,94,125,44,75
"573",750,62,845,94,125,44,75
"574",748,62,846,94,125,44,75
"575",141,62,334,94,125,44,75
"576",751,62,847,94,125,44,75
"577",171,62,357,94,125,44,75
"578",148,62,301,94,125,44,75
"579",153,62,330,94,125,44,75
"580",752,62,847,94,125,44,75
"581",206,62,342,94,125,44,74
"582",198,62,344,94,125,43,75
"583",752,62,847,94,125,44,75
"584",171,62,355,94,125,44,75
"585",150,62,339,94,125,44,75
"586",166,62,357,94,125,44,75
"587",156,62,323,94,125,44,75
"588",206,60,361,91,120,42,75
"589",752,62,847,94,125,44,75
"590",155,62,332,93,123,44,75
"591",193,62,383,94,125,44,75
"592",752,62,847,94,125,44,75
"593",154,61,294,94,125,44,75
"594",752,62,846,94,125,44,75
"595",171,34,341,70,89,36,68
"596",752,62,847,94,125,44,75
"597",160,62,337,94,125,44,75
"598",165,62,323,94,125,44,75
"599",180,62,362,94,125,44,75
"600",199,62,397,94,125,44,75
"601",149,62,312,94,125,44,75
"602",161,62,317,94,125,44,75
"603",167,61,385,93,125,44,74
"604",190,62,337,94,125,44,75
"605",752,62,844,94,125,44,75
"606",752,62,847,94,125,44,75
"607",751,62,845,94,125,44,75
"608",752,62,847,94,125,44,75
"609",152,62,324,93,124,42,75
"610",752,62,847,94,125,44,75
"611",123,62,303,94,125,44,75
"612",219,62,395,94,125,44,75
"613",752,62,846,94,125,44,75
"614",191,62,362,94,125,44,75
"615",173,62,373,94,125,44,75
"616",157,62,347,94,125,44,75
"617",150,62,305,94,125,44,75
"618",179,62,337,94,125,44,75
"619",752,62,844,94,125,44,75
"620",172,62,325,94,125,44,75
"621",752,62,847,94,125,44,75
"622",191,62,349,94,125,44,75
"623",752,62,847,94,125,44,75
"624",148,62,306,94,125,44,75
"625",751,62,845,94,125,44,75
"626",166,62,330,92,125,44,75
"627",172,62,369,94,125,44,75
"628",750,62,846,94,125,44,75
"629",217,62,384,94,125,44,75
"630",752,62,847,94,125,44,75
"631",752,62,847,94,125,44,75
"632",161,62,331,93,123,44,75
"633",752,62,847,94,125,44,75
"634",173,62,352,94,125,44,75
"635",752,62,847,94,125,44,75
"636",169,62,311,94,125,44,75
"637",165,62,336,94,125,44,74
"638",750,62,846,94,125,44,75
"639",752,62,847,94,125,44,75
"640",176,62,351,94,125,44,75
"641",745,62,843,94,125,44,75
"642",151,62,298,94,125,44,75
"643",160,62,309,94,125,44,75
"644",752,62,847,94,125,44,75
"645",751,62,846,94,125,44,75
"646",176,62,378,94,125,44,75
"647",198,62,351,94,125,44,75
"648",139,62,336,94,125,44,75
"649",145,62,287,94,125,44,75
"650",751,62,847,94,125,44,75
"651",752,62,847,94,125,44,75
"652",169,62,335,94,125,44,75
"653",752,62,847,94,125,44,75
"654",189,62,348,94,125,44,75
"655",178,62,339,94,125,44,75
"656",153,62,310,94,125,44,75
"657",151,36,329,64,75,33,64
"658",751,62,847,94,125,44,75
"659",751,62,847,94,125,44,75
"660",752,62,847,94,125,44,75
"661",168,62,348,94,125,44,75
"662",750,62,846,94,125,44,75
"663",749,62,845,94,125,44,75
"664",751,62,847,94,125,44,75
"665",196,62,379,94,125,44,75
"666",204,62,334,94,125,44,75
"667",752,62,847,94,125,44,75
"668",208,54,393,88,120,40,72
"669",752,62,847,94,125,44,75
"670",752,62,847,94,125,44,75
"671",752,62,847,94,125,44,75
"672",152,61,320,93,125,44,75
"673",752,62,847,94,125,44,75
"674",204,61,368,94,124,43,75
"675",214,60,397,94,123,44,75
"676",154,36,300,76,102,40,62
"677",164,62,329,92,122,44,75
"678",749,62,842,94,125,44,75
"679",752,62,847,94,125,44,75
"680",752,62,847,94,125,44,75
"681",198,62,338,94,123,44,75
"682",211,60,395,91,124,44,75
"683",148,62,296,94,125,44,75
"684",175,62,334,94,125,44,75
"685",158,36,341,73,99,37,62
"686",165,62,319,94,125,44,75
"687",157,45,303,71,102,40,62
"688",171,62,304,94,125,44,75
"689",752,62,847,94,125,44,75
"690",752,62,847,94,125,44,75
"691",752,62,847,94,125,44,75
"692",161,62,377,94,125,44,75
"693",752,62,847,94,125,44,75
"694",751,62,847,94,125,44,75
"695",148,62,339,94,125,44,75
"696",174,62,369,94,125,44,75
"697",750,62,846,94,125,44,75
"698",186,62,283,94,125,44,75
"699",201,62,407,94,125,44,75
"700",160,62,330,94,125,44,74
"701",143,62,295,94,125,44,75
"702",752,62,847,94,125,44,75
"703",168,62,367,94,124,44,75
"704",752,62,847,94,125,44,75
"705",142,62,299,94,125,44,75
"706",752,62,847,94,125,44,75
"707",130,62,277,94,125,44,75
"708",752,62,847,94,125,44,75
"709",217,62,393,94,125,44,75
"710",751,62,847,94,125,44,75
"711",152,62,308,94,124,44,75
"712",168,62,319,93,124,44,74
"713",752,62,847,94,125,44,75
"714",161,62,304,94,125,44,75
"715",752,62,847,94,125,44,75
"716",752,62,847,94,125,44,75
"717",752,62,847,94,125,44,75
"718",751,62,846,94,125,44,75
"719",752,62,847,94,125,44,75
"720",184,62,381,94,125,44,75
"721",174,61,337,94,125,44,75
"722",752,62,847,94,125,44,75
"723",181,62,343,94,125,44,75
"724",752,62,847,94,125,44,75
"725",138,62,288,94,125,44,75
"726",162,62,376,94,125,44,75
"727",752,62,847,94,125,44,75
"728",215,62,362,94,125,44,74
"729",752,62,847,94,125,44,75
"730",181,60,370,93,124,42,75
"731",168,62,341,94,125,44,75
"732",150,62,320,94,125,44,75
"733",165,62,343,94,124,44,75
"734",178,61,359,94,125,44,75
"735",751,62,846,94,125,44,75
"736",752,62,847,94,125,44,75
"737",159,62,327,94,125,44,75
"738",186,62,323,94,125,44,75
"739",183,61,351,89,123,43,74
"740",217,62,373,94,125,44,75
"741",167,62,350,94,125,44,75
"742",752,62,847,94,125,44,75
"743",752,62,847,94,125,44,75
"744",143,62,320,94,125,44,75
"745",167,61,318,93,124,44,75
"746",129,13,279,50,55,34,51
"747",221,62,378,94,125,44,75
"748",165,62,353,94,124,44,75
"749",752,62,846,94,125,44,75
"750",752,62,846,94,125,44,75
"751",750,62,847,94,125,44,75
"752",172,61,347,92,123,43,75
"753",752,62,847,94,125,44,75
"754",752,62,847,94,125,44,75
"755",752,62,846,94,125,44,75
"756",145,62,346,94,125,44,75
"757",162,40,321,68,93,32,61
"758",752,62,847,94,125,44,75
"759",177,62,345,94,125,44,75
"760",181,44,387,74,107,35,62
"761",752,62,847,94,125,44,75
"762",147,62,302,94,125,44,75
"763",175,54,336,84,115,42,75
"764",143,62,336,94,125,44,75
"765",183,62,314,94,125,44,75
"766",162,62,317,94,125,44,74
"767",182,62,360,94,125,44,75
"768",752,62,845,94,125,44,75
"769",178,62,361,94,125,44,75
"770",205,62,379,94,125,44,75
"771",752,62,846,94,125,44,75
"772",160,62,356,94,125,44,75
"773",752,62,847,94,125,44,75
"774",751,62,845,94,125,44,75
"775",174,62,319,93,125,44,75
"776",144,62,319,94,125,44,75
"777",160,62,326,93,125,44,73
"778",752,62,847,94,125,44,75
"779",175,62,351,94,124,44,75
"780",752,62,847,94,125,44,75
"781",751,62,847,94,125,44,75
"782",168,22,322,67,79,32,49
"783",170,62,307,94,125,44,75
"784",193,62,368,93,125,44,75
"785",158,62,339,94,121,44,75
"786",752,62,847,94,125,44,75
"787",751,62,847,94,125,44,75
"788",191,62,314,93,125,44,75
"789",222,62,411,94,125,44,74
"790",147,62,309,94,125,44,75
"791",157,62,334,94,125,44,75
"792",194,62,376,94,125,44,75
"793",195,62,353,94,125,44,75
"794",752,62,847,94,125,44,75
"795",195,62,321,94,125,44,75
"796",168,62,312,94,125,44,75
"797",161,62,350,94,124,44,75
"798",206,61,362,93,122,43,75
"799",148,62,301,93,125,44,75
"800",161,62,327,94,125,44,75
"801",180,60,340,93,118,42,75
"802",751,62,847,94,125,44,75
"803",752,62,847,94,125,44,75
"804",204,30,356,55,79,32,57
"805",124,62,280,94,125,44,75
"806",749,62,847,94,125,44,75
"807",169,62,320,93,125,43,74
"808",752,62,847,94,125,44,75
"809",752,62,847,94,125,44,75
"810",152,62,314,94,125,44,75
"811",164,62,320,94,125,44,75
"812",155,62,309,94,125,44,75
"813",155,62,347,94,125,44,75
"814",182,62,339,94,125,44,75
"815",187,61,353,94,125,44,75
"816",201,62,373,94,125,44,75
"817",182,62,319,94,125,44,75
"818",136,62,313,94,125,44,75
"819",752,62,847,94,125,44,75
"820",752,62,847,94,125,44,75
"821",752,62,847,94,125,44,75
"822",751,62,847,94,125,44,75
"823",752,62,847,94,125,44,75
"824",752,62,847,94,125,44,75
"825",137,62,310,94,125,44,75
"826",169,62,301,94,125,44,75
"827",143,61,307,94,125,44,74
"828",151,62,313,94,125,44,75
"829",145,62,309,94,125,44,75
"830",152,62,320,94,125,44,75
"831",189,62,347,94,125,44,75
"832",752,62,847,94,125,44,75
"833",192,62,358,94,125,44,75
"834",750,62,844,94,125,44,75
"835",752,62,846,94,125,44,75
"836",181,62,336,94,125,44,74
"837",210,54,390,91,121,43,72
"838",750,62,847,94,125,44,75
"839",752,62,846,94,125,44,75
"840",752,62,847,94,125,44,75
"841",176,62,340,94,125,44,75
"842",203,62,369,94,125,44,75
"843",150,62,291,94,125,44,75
"844",752,62,847,94,125,44,75
"845",151,62,346,94,125,44,75
"846",751,62,846,94,125,44,75
"847",179,62,362,94,125,44,75
"848",159,62,327,94,125,44,75
"849",176,62,339,94,125,44,75
"850",186,62,346,94,125,44,75
"851",750,62,840,94,125,44,75
"852",157,33,336,72,96,37,66
"853",200,62,359,94,125,44,75
"854",152,62,336,94,125,44,75
"855",750,62,845,94,125,44,75
"856",748,62,845,94,125,44,75
"857",752,62,847,94,125,44,75
"858",177,53,341,87,116,44,73
"859",752,62,847,94,125,44,75
"860",158,62,370,94,125,44,75
"861",147,48,325,73,105,41,67
"862",752,62,847,94,125,44,75
"863",184,62,350,94,125,44,75
"864",752,62,847,94,125,44,75
"865",173,46,365,79,104,43,64
"866",751,62,845,94,125,44,75
"867",148,62,286,94,125,44,75
"868",752,62,847,94,125,44,75
"869",142,59,307,86,123,43,75
"870",194,62,346,94,125,44,75
"871",159,34,338,71,89,32,58
"872",163,62,308,94,125,44,75
"873",752,62,847,94,125,44,75
"874",139,62,311,94,125,44,75
"875",156,62,300,94,125,44,75
"876",751,62,847,94,125,44,75
"877",187,62,340,94,124,44,75
"878",752,62,847,94,125,44,75
"879",752,62,847,94,125,44,75
"880",183,62,370,94,125,44,75
"881",162,60,313,93,122,44,75
"882",144,62,292,94,122,44,74
"883",159,62,346,94,125,44,75
"884",207,62,359,94,125,44,75
"885",145,62,321,94,125,44,75
"886",183,62,366,94,125,44,75
"887",752,62,847,94,125,44,75
"888",175,62,334,94,125,44,75
"889",752,62,847,94,125,44,75
"890",159,59,327,91,124,42,74
"891",133,62,287,94,125,44,75
"892",175,62,345,94,125,44,75
"893",149,62,348,94,125,44,75
"894",752,62,847,94,125,44,75
"895",750,62,847,94,125,44,75
"896",752,62,847,94,125,44,75
"897",751,62,846,94,125,44,75
"898",140,62,295,94,125,44,75
"899",752,62,847,94,125,44,75
"900",752,62,847,94,125,44,75
"901",168,38,326,74,91,40,61
"902",161,36,294,66,85,36,65
"903",751,62,847,94,125,44,75
"904",234,61,423,94,125,44,75
"905",222,62,399,94,125,44,75
"906",157,62,323,93,125,44,75
"907",172,62,334,94,125,44,75
"908",193,62,363,94,125,44,75
"909",166,61,344,94,123,44,74
"910",161,62,311,94,125,44,74
"911",189,62,357,94,125,44,75
"912",752,62,846,94,125,44,75
"913",752,62,846,94,125,44,75
"914",752,62,847,94,125,44,75
"915",191,24,354,57,82,34,56
"916",752,62,847,94,125,44,75
"917",752,62,846,94,125,44,75
"918",143,22,328,50,82,34,50
"919",169,62,333,94,125,44,75
"920",166,62,332,94,122,44,75
"921",180,62,334,94,125,44,75
"922",155,62,348,94,125,44,75
"923",751,62,847,94,125,44,75
"924",192,62,327,94,125,44,75
"925",173,62,295,94,125,44,75
"926",152,62,324,94,125,44,75
"927",201,62,344,94,125,44,75
"928",752,62,847,94,125,44,75
"929",170,61,355,94,124,44,75
"930",163,62,287,94,125,44,74
"931",177,62,374,94,125,44,75
"932",162,62,336,94,125,44,75
"933",154,62,312,94,125,44,75
"934",188,61,354,94,125,44,75
"935",178,62,372,94,124,44,75
"936",197,62,389,90,125,43,73
"937",182,62,348,94,125,44,75
"938",145,62,299,94,125,44,75
"939",752,62,847,94,125,44,75
"940",215,62,396,94,125,44,75
"941",170,57,343,92,122,40,73
"942",752,62,847,94,125,44,75
"943",199,62,389,94,125,44,75
"944",155,62,311,94,125,44,75
"945",751,62,845,94,125,44,75
"946",161,58,340,92,124,39,75
"947",176,62,332,94,125,44,74
"948",752,62,847,94,125,44,75
"949",150,26,304,61,79,34,54
"950",175,62,318,94,125,44,75
"951",750,62,847,94,125,44,75
"952",752,62,847,94,125,44,75
"953",192,62,344,94,125,44,75
"954",158,62,325,94,125,44,75
"955",752,62,847,94,125,44,75
"956",169,62,305,94,125,44,75
"957",752,62,847,94,125,44,75
"958",750,62,847,94,125,44,75
"959",151,62,312,94,125,44,75
"960",161,62,308,94,125,44,75
"961",187,25,358,54,69,33,56
"962",164,62,325,94,125,44,75
"963",205,62,363,94,125,44,75
"964",178,61,332,94,125,44,75
"965",752,62,847,94,125,44,75
"966",130,62,291,94,125,44,74
"967",163,62,319,94,125,44,75
"968",749,62,845,94,125,44,75
"969",170,62,330,94,125,44,75
"970",185,62,342,94,125,44,75
"971",173,59,333,92,125,43,73
"972",183,62,375,94,125,44,75
"973",750,62,844,94,125,44,75
"974",752,62,847,94,125,44,75
"975",168,62,338,94,125,44,75
"976",166,62,348,94,125,44,75
"977",149,62,314,94,125,44,75
"978",135,62,298,94,125,44,75
"979",168,29,314,58,78,29,58
"980",752,62,847,94,125,44,75
"981",750,62,845,94,125,44,75
"982",161,62,368,94,125,44,75
"983",131,62,346,94,125,44,75
"984",148,45,309,68,112,39,65
"985",163,62,351,94,125,44,75
"986",142,62,311,94,125,44,74
"987",152,62,313,92,124,44,74
"988",749,62,846,94,125,44,75
"989",162,61,332,94,124,44,74
"990",154,62,330,94,125,44,75
"991",150,62,337,94,125,44,75
"992",752,62,847,94,125,44,75
"993",132,62,290,94,125,44,75
"994",156,62,344,94,125,44,75
"995",146,62,289,94,125,44,75
"996",189,62,356,94,125,44,75
"997",175,62,298,94,125,44,75
"998",752,62,845,94,125,44,75
"999",752,62,847,94,125,44,75
"1000",134,22,311,54,85,32,58
"1001",151,62,345,94,125,44,75
"1002",160,31,287,57,84,31,58
"1003",752,62,847,94,125,44,75
"1004",143,62,339,94,125,44,75
"1005",752,62,847,94,125,44,75
"1006",223,62,391,94,125,44,75
"1007",195,62,369,94,125,44,75
"1008",176,62,345,94,125,44,75
"1009",154,61,342,92,124,43,73
"1010",163,61,358,92,125,44,75
"1011",752,62,847,94,125,44,75
"1012",146,62,313,94,125,44,75
"1013",154,35,293,65,97,35,60
"1014",752,62,847,94,125,44,75
"1015",752,62,847,94,125,44,75
"1016",172,62,348,94,125,44,75
"1017",206,62,387,94,125,44,75
"1018",156,62,362,94,123,41,74
"1019",160,62,336,94,125,44,75
"1020",752,62,847,94,125,44,75
"1021",146,62,295,94,125,44,75
"1022",159,62,332,94,125,44,75
"1023",155,62,316,94,125,44,75
"1024",745,62,842,94,125,44,75
"1025",195,62,337,94,124,44,75
"1026",168,27,319,55,75,38,51
"1027",170,62,334,93,125,44,74
"1028",752,62,847,94,125,44,75
"1029",749,62,845,94,125,44,75
"1030",184,62,319,94,125,44,75
"1031",752,62,847,94,125,44,75
"1032",752,62,847,94,125,44,75
"1033",166,62,353,94,125,44,75
"1034",752,62,847,94,125,44,75
"1035",181,62,309,94,125,44,75
"1036",751,62,847,94,125,44,75
"1037",752,62,847,94,125,44,75
"1038",752,62,847,94,125,44,75
"1039",182,62,362,94,125,44,75
"1040",180,62,359,94,125,44,75
"1041",752,62,847,94,125,44,75
"1042",752,62,847,94,125,44,75
"1043",159,62,325,94,125,44,75
"1044",751,62,847,94,125,44,75
"1045",752,62,845,94,125,44,75
"1046",191,62,337,94,125,44,75
"1047",197,62,342,94,125,44,75
"1048",752,62,845,94,125,44,75
"1049",748,62,847,94,125,44,75
"1050",112,62,279,94,125,44,75
"1051",167,62,320,94,125,44,75
"1052",186,62,335,94,125,44,75
"1053",192,62,330,94,125,44,75
"1054",154,62,344,94,124,44,75
"1055",165,62,347,94,125,44,75
"1056",147,62,304,94,125,43,75
"1057",752,62,847,94,125,44,75
"1058",215,62,379,93,125,44,75
"1059",752,62,847,94,125,44,75
"1060",140,58,330,89,121,44,73
"1061",146,62,299,94,124,44,75
"1062",752,62,847,94,125,44,75
"1063",167,62,336,94,125,44,75
"1064",194,62,387,94,125,44,75
"1065",152,41,327,70,94,31,64
"1066",752,62,847,94,125,44,75
"1067",752,62,847,94,125,44,75
"1068",206,62,380,94,125,44,75
"1069",752,62,847,94,125,44,75
"1070",189,62,347,94,125,44,75
"1071",143,62,318,94,124,44,75
"1072",202,62,355,94,123,44,74
"1073",139,62,298,94,125,44,75
"1074",148,41,324,77,100,35,56
"1075",752,62,844,94,125,44,75
"1076",752,62,847,94,125,44,75
"1077",159,62,308,94,125,44,74
"1078",752,62,847,94,125,44,75
"1079",195,62,327,94,125,44,75
"1080",160,62,357,94,125,44,75
"1081",752,62,847,94,125,44,75
"1082",164,62,338,94,125,44,75
"1083",138,62,306,94,123,43,75
"1084",170,61,346,92,119,43,75
"1085",217,62,372,94,125,44,75
"1086",752,62,847,94,125,44,75
"1087",180,62,376,93,125,44,75
"1088",751,62,847,94,125,44,75
"1089",752,62,847,94,125,44,75
"1090",752,62,847,94,125,44,75
"1091",170,60,323,89,115,44,75
"1092",752,62,847,94,125,44,75
"1093",751,62,846,94,125,44,75
"1094",751,62,846,94,125,44,75
"1095",156,25,294,61,75,33,56
"1096",752,62,847,94,125,44,75
"1097",751,62,847,94,125,44,75
"1098",161,62,325,94,125,44,75
"1099",162,62,314,94,125,44,75
"1100",176,62,339,94,125,44,74
"1101",176,62,348,94,125,44,75
"1102",227,45,396,69,95,37,66
"1103",752,62,847,94,125,44,75
"1104",139,62,327,94,125,44,75
"1105",184,62,303,94,125,44,75
"1106",185,62,362,94,125,44,75
"1107",167,62,315,94,125,44,75
"1108",752,62,847,94,125,44,75
"1109",751,62,847,94,125,44,75
"1110",161,62,343,94,124,44,75
"1111",179,62,367,94,125,44,75
"1112",166,62,333,94,125,44,75
"1113",198,62,391,94,125,44,75
"1114",167,62,318,94,125,44,75
"1115",752,62,847,94,125,44,75
"1116",155,62,325,94,125,43,74
"1117",751,62,847,94,125,44,75
"1118",177,62,342,94,125,44,75
"1119",166,62,342,94,125,44,75
"1120",752,62,847,94,125,44,75
"1121",159,62,321,94,125,44,75
"1122",170,62,309,94,125,44,75
"1123",751,62,842,94,125,44,75
"1124",188,62,352,94,124,44,75
"1125",163,62,331,94,125,44,75
"1126",190,23,352,62,73,34,61
"1127",155,62,348,94,124,44,75
"1128",169,62,327,94,124,44,75
"1129",164,62,305,94,125,44,74
"1130",151,62,332,94,125,44,75
"1131",175,62,332,94,124,44,75
"1132",171,62,365,94,125,44,75
"1133",150,62,308,94,125,44,75
"1134",752,62,847,94,125,44,75
"1135",752,62,847,94,125,44,75
"1136",174,61,328,94,124,44,75
"1137",149,62,308,94,124,43,75
"1138",184,62,371,94,125,44,75
"1139",149,62,353,94,125,44,75
"1140",189,20,348,47,70,28,52
"1141",752,62,846,94,125,44,75
"1142",180,24,373,48,53,21,43
"1143",752,62,846,94,125,44,75
"1144",160,62,313,93,124,44,73
"1145",212,62,375,94,125,44,75
"1146",752,62,847,94,125,44,75
"1147",178,59,311,90,122,44,72
"1148",752,62,847,94,125,44,75
"1149",752,62,847,94,125,44,75
"1150",183,29,363,60,87,35,56
"1151",232,62,395,94,125,44,75
"1152",752,62,844,94,125,44,75
"1153",218,62,400,94,125,44,75
"1154",752,62,847,94,125,44,75
"1155",751,62,847,94,125,44,75
"1156",185,62,375,94,125,44,75
"1157",182,62,331,94,125,44,75
"1158",153,62,336,94,125,44,75
"1159",142,62,301,94,125,44,75
"1160",153,19,329,51,78,28,49
"1161",166,26,325,68,76,36,60
"1162",164,62,310,94,125,44,75
"1163",144,62,300,94,125,44,75
"1164",750,62,847,94,125,44,75
"1165",751,62,847,94,125,44,75
"1166",750,62,847,94,125,44,75
"1167",198,62,368,94,124,44,75
"1168",167,62,325,93,125,44,75
"1169",752,62,847,94,125,44,75
"1170",164,21,314,47,78,23,43
"1171",198,62,376,94,125,44,75
"1172",752,62,847,94,125,44,75
"1173",153,47,341,80,108,38,67
"1174",752,62,847,94,125,44,75
"1175",752,62,847,94,125,44,75
"1176",169,62,366,94,125,44,75
"1177",148,34,307,69,92,31,59
"1178",747,62,846,94,125,44,75
"1179",127,62,325,94,125,43,75
"1180",159,62,317,94,125,44,75
"1181",752,62,847,94,125,44,75
"1182",165,62,370,94,125,44,75
"1183",245,62,426,94,125,44,75
"1184",176,62,346,94,125,44,75
"1185",183,62,339,93,125,44,75
"1186",162,62,374,94,125,44,75
"1187",752,62,847,94,125,44,75
"1188",147,62,315,94,124,44,75
"1189",149,61,319,93,125,44,75
"1190",154,51,335,81,113,41,68
"1191",172,22,347,47,73,25,49
"1192",752,62,847,94,125,44,75
"1193",196,62,361,94,125,44,75
"1194",163,62,306,94,125,44,75
"1195",142,62,286,94,125,44,75
"1196",752,62,847,94,125,44,75
"1197",136,62,280,94,125,44,75
"1198",752,62,847,94,125,44,75
"1199",752,62,847,94,125,44,75
"1200",148,62,301,94,125,44,75
"1201",752,62,847,94,125,44,75
"1202",165,62,308,94,125,44,75
"1203",752,62,847,94,125,44,75
"1204",752,62,847,94,125,44,75
"1205",752,62,847,94,125,44,75
"1206",139,62,313,94,125,44,75
"1207",182,62,364,94,125,44,75
"1208",202,62,367,94,125,44,75
"1209",752,62,847,94,125,44,75
"1210",165,61,369,94,125,44,75
"1211",142,62,316,94,125,44,75
"1212",752,62,847,94,125,44,75
"1213",162,62,284,94,125,44,75
"1214",749,62,846,94,125,44,75
"1215",752,62,846,94,125,44,75
"1216",751,62,847,94,125,44,75
"1217",752,62,846,94,125,44,75
"1218",752,62,847,94,125,44,75
"1219",751,62,847,94,125,44,75
"1220",194,62,378,94,125,44,75
"1221",142,22,325,41,68,28,47
"1222",146,37,306,72,92,35,62
"1223",157,60,330,90,123,43,73
"1224",212,62,386,94,125,44,75
"1225",125,62,321,94,125,43,75
"1226",752,62,847,94,125,44,75
"1227",156,62,318,94,125,44,75
"1228",156,62,330,94,125,44,75
"1229",752,62,847,94,125,44,75
"1230",752,62,845,94,125,44,75
"1231",752,62,847,94,125,44,75
"1232",167,62,310,94,125,44,75
"1233",166,61,322,94,124,44,74
"1234",752,62,847,94,125,44,75
"1235",144,62,335,94,125,44,74
"1236",167,62,353,94,125,44,75
"1237",160,60,339,88,113,41,74
"1238",752,62,847,94,125,44,75
"1239",185,35,349,53,84,30,60
"1240",750,62,837,94,125,44,75
"1241",752,62,847,94,125,44,75
"1242",750,62,846,94,125,44,75
"1243",173,62,327,94,125,43,75
"1244",194,62,311,93,125,44,75
"1245",752,62,847,94,125,44,75
"1246",751,62,846,94,125,44,75
"1247",749,62,845,94,125,44,75
"1248",144,62,312,94,125,43,74
"1249",184,62,349,94,125,44,75
"1250",176,59,339,91,124,43,75
"1251",752,62,847,94,125,44,75
"1252",157,62,361,94,124,44,75
"1253",752,62,847,94,125,44,75
"1254",149,28,296,55,78,32,54
"1255",209,61,345,93,124,44,74
"1256",752,62,847,94,125,44,75
"1257",752,62,847,94,125,44,75
"1258",752,62,847,94,125,44,75
"1259",147,24,295,51,68,27,51
"1260",184,62,351,94,125,44,75
"1261",752,62,847,94,125,44,75
"1262",750,62,847,94,125,44,75
"1263",174,62,314,94,125,44,75
"1264",181,62,348,94,125,44,75
"1265",752,62,847,94,125,44,75
"1266",169,61,327,93,125,44,74
"1267",146,62,346,94,125,44,74
"1268",752,62,847,94,125,44,75
"1269",752,62,847,94,125,44,75
"1270",752,62,847,94,125,44,75
"1271",154,62,314,94,125,44,75
"1272",752,62,847,94,125,44,75
"1273",752,62,847,94,125,44,75
"1274",752,62,847,94,125,44,75
"1275",162,62,323,94,125,44,75
"1276",752,62,842,94,125,44,75
"1277",209,62,397,94,125,44,75
"1278",147,62,339,94,125,44,75
"1279",750,62,847,94,125,44,75
"1280",752,62,847,94,125,44,75
"1281",134,23,296,44,57,30,46
"1282",164,62,305,94,125,44,75
"1283",752,62,847,94,125,44,75
"1284",189,62,359,94,125,44,75
"1285",750,62,843,94,125,44,75
"1286",752,62,847,94,125,44,75
"1287",153,62,307,94,125,44,75
"1288",161,62,320,94,124,43,74
"1289",169,59,332,92,124,42,73
"1290",167,62,334,94,125,44,75
"1291",175,62,320,94,124,44,75
"1292",215,62,412,94,125,44,75
"1293",166,62,330,94,125,44,75
"1294",752,62,847,94,125,44,75
"1295",165,62,337,94,125,44,75
"1296",153,62,327,94,125,44,75
"1297",752,62,846,94,125,44,75
"1298",174,62,327,94,125,44,75
"1299",148,62,340,94,124,44,75
"1300",172,62,345,94,125,44,75
"1301",170,62,364,94,125,44,75
"1302",186,62,361,94,125,44,75
"1303",168,62,373,94,125,44,74
"1304",752,62,847,94,125,44,75
"1305",156,62,320,94,125,44,75
"1306",751,62,845,94,125,44,75
"1307",178,62,354,94,125,44,75
"1308",752,62,847,94,125,44,75
"1309",209,61,396,94,124,42,74
"1310",127,62,294,94,125,44,75
"1311",752,62,847,94,125,44,75
"1312",143,62,319,94,124,44,75
"1313",196,62,403,94,123,44,75
"1314",146,62,308,94,125,44,75
"1315",154,50,322,85,107,43,67
"1316",241,61,397,94,125,44,75
"1317",234,62,390,93,125,44,75
"1318",752,62,847,94,125,44,75
"1319",748,62,845,94,125,44,75
"1320",751,62,847,94,125,44,75
"1321",749,62,847,94,125,44,75
"1322",752,62,847,94,125,44,75
"1323",226,62,389,94,125,44,75
"1324",752,62,846,94,125,44,75
"1325",752,62,847,94,125,44,75
"1326",752,62,845,94,125,44,75
"1327",189,62,372,94,125,44,75
"1328",171,62,340,94,125,44,75
"1329",158,62,299,94,125,44,75
"1330",750,62,846,94,125,44,75
"1331",144,61,301,94,125,43,74
"1332",158,60,303,93,123,44,73
"1333",752,62,847,94,125,44,75
"1334",187,62,339,94,125,44,75
"1335",752,62,847,94,125,44,75
"1336",181,61,326,93,125,44,75
"1337",173,62,320,94,125,44,75
"1338",187,62,354,94,125,44,75
"1339",752,62,847,94,125,44,75
"1340",179,62,326,94,125,44,75
"1341",165,62,291,94,125,44,75
"1342",143,62,327,94,125,44,75
"1343",184,62,339,94,125,44,75
"1344",175,62,332,94,124,44,75
"1345",752,62,847,94,125,44,75
"1346",752,62,846,94,125,44,75
"1347",169,62,332,94,125,44,75
"1348",752,62,847,94,125,44,75
"1349",177,62,355,94,125,44,75
"1350",752,62,847,94,125,44,75
"1351",186,62,345,94,125,44,75
"1352",752,62,847,94,125,44,75
"1353",233,62,399,94,125,44,75
"1354",159,62,318,94,125,44,75
"1355",751,62,847,94,125,44,75
"1356",144,62,283,93,125,43,75
"1357",151,62,316,94,125,44,75
"1358",751,62,845,94,125,44,75
"1359",152,62,340,94,125,44,75
"1360",173,60,339,93,123,44,75
"1361",168,62,309,94,125,44,75
"1362",752,62,847,94,125,44,75
"1363",210,62,376,94,125,44,75
"1364",748,62,844,94,125,44,75
"1365",148,59,324,94,124,44,75
"1366",752,62,847,94,125,44,75
"1367",211,29,378,68,79,34,56
"1368",170,62,342,94,125,44,75
"1369",751,62,846,94,125,44,75
"1370",158,62,340,94,125,44,75
"1371",152,62,325,94,125,44,75
"1372",154,62,355,94,125,44,75
"1373",752,62,847,94,125,44,75
"1374",752,62,846,94,125,44,75
"1375",752,62,846,94,125,44,75
"1376",752,62,847,94,125,44,75
"1377",180,43,350,62,98,39,63
"1378",185,62,339,94,125,44,75
"1379",180,62,313,94,125,44,75
"1380",752,62,847,94,125,44,75
"1381",145,62,292,94,125,44,75
"1382",181,62,356,94,125,44,75
"1383",134,24,298,66,69,28,54
"1384",148,62,304,94,122,44,75
"1385",168,62,337,94,125,44,75
"1386",209,60,360,92,120,42,71
"1387",163,62,355,94,125,44,75
"1388",166,62,321,94,125,44,75
"1389",181,62,310,94,124,44,75
"1390",225,61,366,93,125,44,75
"1391",176,62,345,94,124,44,75
"1392",130,62,297,94,125,44,75
"1393",752,62,846,94,125,44,75
"1394",165,62,345,94,123,44,75
"1395",177,62,349,94,125,44,75
"1396",184,62,325,94,125,44,75
"1397",163,62,338,94,125,44,75
"1398",752,62,847,94,125,44,75
"1399",213,61,403,94,125,44,75
"1400",184,24,345,52,77,32,54
"1401",211,45,361,78,101,37,68
"1402",194,62,352,94,125,44,75
"1403",105,62,285,93,125,44,75
"1404",188,62,377,94,125,44,75
"1405",150,62,344,94,124,43,75
"1406",138,62,348,94,125,44,75
"1407",139,61,338,94,123,43,74
"1408",745,62,838,94,125,44,75
"1409",172,62,353,94,125,44,75
"1410",752,62,847,94,125,44,75
"1411",162,62,330,93,124,44,74
"1412",752,62,847,94,125,44,75
"1413",169,62,372,93,125,44,75
"1414",159,62,323,94,125,44,75
"1415",183,60,343,89,121,40,74
"1416",139,59,301,94,123,43,74
"1417",168,62,333,94,125,44,75
"1418",200,62,326,94,125,44,75
"1419",196,62,373,94,125,44,75
"1420",181,62,355,94,125,44,75
"1421",172,60,325,91,120,41,72
"1422",192,62,335,94,125,44,73
"1423",154,61,331,94,125,44,75
"1424",164,62,339,94,125,44,75
"1425",752,62,847,94,125,44,75
"1426",132,62,268,93,125,44,75
"1427",752,62,847,94,125,44,75
"1428",187,62,373,94,125,44,75
"1429",752,62,847,94,125,44,75
"1430",170,62,351,94,125,44,75
"1431",173,62,348,94,125,44,75
"1432",176,62,340,94,125,44,75
"1433",752,62,847,94,125,44,75
"1434",136,62,328,94,125,44,75
"1435",160,62,334,93,121,44,72
"1436",172,24,359,50,74,30,50
"1437",752,62,847,94,125,44,75
"1438",166,47,325,71,108,41,69
"1439",752,62,847,94,125,44,75
"1440",197,62,392,94,125,44,75
"1441",149,62,324,94,125,44,75
"1442",134,47,305,77,97,39,59
"1443",752,62,847,94,125,44,75
"1444",749,62,846,94,125,44,75
"1445",182,62,352,94,125,44,75
"1446",752,62,847,94,125,44,75
"1447",158,62,324,94,125,43,75
"1448",752,62,847,94,125,44,75
"1449",177,62,337,94,125,44,75
"1450",170,62,329,94,125,44,75
"1451",192,62,373,94,125,43,75
"1452",200,62,355,94,125,44,75
"1453",157,25,326,55,71,29,47
"1454",148,62,307,94,125,44,75
"1455",752,62,847,94,125,44,75
"1456",181,62,341,94,125,44,75
"1457",752,62,847,94,125,44,75
"1458",751,62,847,94,125,44,75
"1459",752,62,847,94,125,44,75
"1460",161,32,319,63,102,37,64
"1461",140,62,320,94,125,44,75
"1462",154,62,331,94,125,44,75
"1463",194,62,397,94,125,44,75
"1464",752,62,846,94,125,44,75
"1465",166,62,328,94,125,43,75
"1466",160,62,325,94,125,44,75
"1467",752,62,847,94,125,44,75
"1468",165,62,348,94,125,44,75
"1469",752,62,847,94,125,44,75
"1470",167,62,337,93,125,44,75
"1471",752,62,847,94,125,44,75
"1472",196,62,378,94,125,44,75
"1473",163,62,349,94,125,44,75
"1474",750,62,847,94,125,44,75
"1475",161,62,326,94,125,44,75
"1476",752,62,847,94,125,44,75
"1477",142,62,321,94,125,44,75
"1478",752,62,847,94,125,44,75
"1479",193,62,380,94,125,43,75
"1480",750,62,846,94,125,44,75
"1481",189,62,352,94,125,44,75
"1482",154,53,317,86,116,39,70
"1483",149,60,314,94,124,44,75
"1484",198,62,373,94,125,44,75
"1485",752,62,847,94,125,44,75
"1486",751,62,847,94,125,44,75
"1487",188,57,350,86,116,43,73
"1488",752,62,845,94,125,44,75
"1489",160,62,331,94,125,44,75
"1490",186,62,382,94,125,44,75
"1491",751,62,847,94,125,44,75
"1492",751,62,846,94,125,44,75
"1493",166,62,326,94,125,44,75
"1494",748,62,842,94,125,44,75
"1495",752,62,847,94,125,44,75
"1496",752,62,846,94,125,44,75
"1497",752,62,847,94,125,44,75
"1498",159,60,348,92,120,43,74
"1499",156,62,268,94,125,44,75
"1500",202,62,388,94,125,44,75
"1501",121,61,324,93,121,44,75
"1502",154,62,332,94,125,44,75
"1503",144,62,368,94,125,44,75
"1504",134,61,321,93,124,44,75
"1505",752,62,847,94,125,44,75
"1506",749,62,841,94,125,44,75
"1507",187,62,340,94,125,44,75
"1508",752,62,846,94,125,44,75
"1509",751,62,846,94,125,44,75
"1510",752,62,847,94,125,44,75
"1511",751,62,847,94,125,44,75
"1512",184,25,344,46,50,25,49
"1513",752,62,847,94,125,44,75
"1514",186,62,375,94,125,44,75
"1515",191,62,375,94,125,44,75
"1516",170,61,344,93,125,44,75
"1517",131,62,275,94,125,44,75
"1518",160,62,344,94,125,44,75
"1519",180,62,372,94,125,44,75
"1520",153,62,349,94,125,44,75
"1521",752,62,847,94,125,44,75
"1522",751,62,845,94,125,44,75
"1523",198,62,371,94,122,44,73
"1524",752,62,847,94,125,44,75
"1525",752,62,847,94,125,44,75
"1526",752,62,847,94,125,44,75
"1527",751,62,847,94,125,44,75
"1528",752,62,847,94,125,44,75
"1529",752,62,847,94,125,44,75
"1530",752,62,846,94,125,44,75
"1531",750,62,847,94,125,44,75
"1532",174,62,337,94,125,44,75
"1533",184,62,365,94,125,44,75
"1534",155,59,326,93,120,44,71
"1535",752,62,847,94,125,44,75
"1536",179,61,330,94,123,43,75
"1537",118,62,270,94,123,44,74
"1538",750,62,846,94,125,44,75
"1539",752,62,847,94,125,44,75
"1540",194,62,396,94,125,44,75
"1541",174,62,340,94,125,44,75
"1542",150,25,315,50,69,30,52
"1543",751,62,846,94,125,44,75
"1544",214,62,361,94,123,44,72
"1545",752,62,847,94,125,44,75
"1546",193,62,351,94,125,44,75
"1547",748,62,846,94,125,44,75
"1548",172,62,350,94,124,44,75
"1549",154,61,344,92,124,44,75
"1550",137,62,347,92,123,44,74
"1551",162,60,296,94,122,44,74
"1552",176,62,352,94,125,44,75
"1553",192,62,384,94,125,44,75
"1554",750,62,844,94,125,44,75
"1555",752,62,847,94,125,44,75
"1556",752,62,847,94,125,44,75
"1557",752,62,847,94,125,44,75
"1558",188,62,358,94,125,44,75
"1559",183,62,385,94,125,44,75
"1560",751,62,847,94,125,44,75
"1561",752,62,847,94,125,44,75
"1562",142,62,301,94,125,44,75
"1563",752,62,847,94,125,44,75
"1564",752,62,847,94,125,44,75
"1565",172,62,349,94,125,44,75
"1566",164,62,341,94,125,44,75
"1567",157,62,291,94,125,44,75
"1568",190,62,368,94,125,44,75
"1569",143,62,304,94,125,44,75
"1570",752,62,846,94,125,44,75
"1571",750,62,846,94,125,44,75
"1572",752,62,847,94,125,44,75
"1573",189,62,354,94,125,44,75
"1574",752,62,846,94,125,44,75
"1575",168,62,323,94,125,44,75
"1576",179,62,331,94,125,44,75
"1577",144,62,309,94,125,44,75
"1578",182,62,380,94,125,43,74
"1579",162,62,302,94,125,44,75
"1580",227,62,395,94,125,44,75
"1581",149,60,314,89,122,41,73
"1582",752,62,847,94,125,44,75
"1583",145,62,297,94,125,43,75
"1584",750,62,847,94,125,44,75
"1585",179,62,348,94,125,44,75
"1586",153,62,322,94,125,44,75
"1587",752,62,847,94,125,44,75
"1588",183,62,377,94,125,44,75
"1589",134,62,282,94,125,44,75
"1590",752,62,847,94,125,44,75
"1591",184,55,359,82,113,40,72
"1592",148,62,298,94,125,44,75
"1593",166,62,349,94,125,44,75
"1594",147,62,338,94,125,44,75
"1595",751,62,844,94,125,44,75
"1596",157,59,329,88,123,44,74
"1597",752,62,847,94,125,44,75
"1598",174,62,333,94,122,44,75
"1599",148,62,304,94,125,44,75
"1600",186,62,351,94,124,44,75
"1601",197,62,398,94,125,44,75
"1602",165,62,332,93,124,43,75
"1603",751,62,847,94,125,44,75
"1604",125,58,320,89,118,41,73
"1605",752,62,847,94,125,44,75
"1606",142,62,343,94,125,44,75
"1607",190,62,364,94,125,44,75
"1608",752,62,847,94,125,44,75
"1609",752,62,846,94,125,44,75
"1610",175,62,354,94,125,44,75
"1611",752,62,847,94,125,44,75
"1612",752,62,847,94,125,44,75
"1613",751,62,847,94,125,44,75
"1614",750,62,845,94,125,44,75
"1615",752,62,846,94,125,44,75
"1616",750,62,847,94,125,44,75
"1617",752,62,847,94,125,44,75
"1618",752,62,847,94,125,44,75
"1619",752,62,847,94,125,44,75
"1620",752,62,847,94,125,44,75
"1621",147,62,332,94,125,44,75
"1622",195,61,328,94,124,44,75
"1623",752,62,847,94,125,44,75
"1624",752,62,847,94,125,44,75
"1625",193,62,382,94,125,44,75
"1626",752,62,847,94,125,44,75
"1627",153,62,326,94,125,44,75
"1628",211,62,396,94,125,44,75
"1629",155,62,316,94,124,44,75
"1630",752,62,846,94,125,44,75
"1631",752,62,847,94,125,44,75
"1632",752,62,847,94,125,44,75
"1633",164,61,343,94,125,44,75
"1634",752,62,847,94,125,44,75
"1635",747,62,843,94,125,44,75
"1636",752,62,847,94,125,44,75
"1637",752,62,846,94,125,44,75
"1638",177,62,335,92,124,44,75
"1639",155,62,316,94,125,44,75
"1640",752,62,846,94,125,44,75
"1641",752,62,847,94,125,44,75
"1642",155,25,329,54,69,23,51
"1643",212,62,353,94,125,44,75
"1644",189,61,358,93,123,43,74
"1645",145,60,339,94,124,44,75
"1646",145,62,310,94,125,44,75
"1647",747,62,840,94,125,44,75
"1648",751,62,847,94,125,44,75
"1649",194,62,393,94,125,44,75
"1650",130,42,294,73,97,34,59
"1651",170,62,339,94,125,44,75
"1652",752,62,847,94,125,44,75
"1653",179,62,359,94,124,44,75
"1654",752,62,847,94,125,44,75
"1655",750,62,845,94,125,44,75
"1656",752,62,847,94,125,44,75
"1657",152,61,297,94,125,43,75
"1658",748,62,845,94,125,44,75
"1659",193,62,353,93,125,44,75
"1660",183,62,345,94,124,43,75
"1661",752,62,847,94,125,44,75
"1662",159,62,330,94,125,44,75
"1663",752,62,847,94,125,44,75
"1664",752,62,847,94,125,44,75
"1665",752,62,845,94,125,44,75
"1666",752,62,847,94,125,44,75
"1667",752,62,847,94,125,44,75
"1668",752,62,847,94,125,44,75
"1669",212,60,375,94,124,44,75
"1670",127,36,321,76,98,42,63
"1671",149,62,313,94,125,44,75
"1672",750,62,847,94,125,44,75
"1673",748,62,847,94,125,44,75
"1674",752,62,847,94,125,44,75
"1675",216,62,375,94,125,44,75
"1676",158,62,321,94,125,44,75
"1677",752,62,847,94,125,44,75
"1678",752,62,847,94,125,44,75
"1679",176,62,385,94,125,44,75
"1680",737,62,838,94,125,44,75
"1681",193,62,354,94,124,44,75
"1682",139,62,331,94,125,44,75
"1683",752,62,847,94,125,44,75
"1684",165,26,352,67,70,31,53
"1685",156,62,318,94,125,44,75
"1686",752,62,847,94,125,44,75
"1687",751,62,846,94,125,44,75
"1688",161,59,338,90,121,43,74
"1689",168,60,354,94,125,44,75
"1690",166,62,331,94,125,44,75
"1691",176,62,359,94,125,44,75
"1692",752,62,847,94,125,44,75
"1693",752,62,847,94,125,44,75
"1694",752,62,847,94,125,44,75
"1695",171,17,341,64,76,30,54
"1696",167,62,341,94,125,44,75
"1697",188,62,364,94,125,44,75
"1698",158,62,325,94,125,44,75
"1699",751,62,847,94,125,44,75
"1700",752,62,847,94,125,44,75
"1701",151,61,324,94,125,44,75
"1702",191,62,353,94,125,44,75
"1703",752,62,847,94,125,44,75
"1704",752,62,847,94,125,44,75
"1705",165,62,333,94,125,44,75
"1706",172,62,330,94,125,44,75
"1707",751,62,845,94,125,44,75
"1708",752,62,845,94,125,44,75
"1709",752,62,847,94,125,44,75
"1710",198,62,355,94,124,44,75
"1711",158,62,279,94,125,44,75
"1712",752,62,846,94,125,44,75
"1713",197,62,357,93,125,44,75
"1714",141,62,321,94,125,44,75
"1715",751,62,847,94,125,44,75
"1716",209,62,390,94,125,44,74
"1717",201,62,378,94,125,44,75
"1718",163,62,304,93,125,44,75
"1719",751,62,847,94,125,44,75
"1720",751,62,847,94,125,44,75
"1721",748,62,844,94,125,44,75
"1722",752,62,847,94,125,44,75
"1723",143,61,306,94,125,44,75
"1724",752,62,847,94,125,44,75
"1725",752,62,847,94,125,44,75
"1726",752,62,847,94,125,44,75
"1727",154,62,315,94,125,44,74
"1728",183,62,383,94,124,44,75
"1729",194,45,377,66,93,40,63
"1730",752,62,847,94,125,44,75
"1731",145,62,302,94,125,44,75
"1732",752,62,847,94,125,44,75
"1733",751,62,846,94,125,44,75
"1734",201,20,390,48,56,29,57
"1735",190,60,385,94,125,44,74
"1736",169,58,360,89,120,42,73
"1737",752,62,847,94,125,44,75
"1738",181,62,393,94,125,44,75
"1739",198,62,338,93,125,44,75
"1740",193,62,341,94,125,44,75
"1741",168,62,369,94,125,44,75
"1742",749,62,846,94,125,44,75
"1743",752,62,847,94,125,44,75
"1744",752,62,847,94,125,44,75
"1745",159,62,331,94,125,44,75
"1746",175,62,370,94,125,44,75
"1747",179,62,350,94,125,44,75
"1748",752,62,847,94,125,44,75
"1749",186,62,368,94,125,44,75
"1750",188,62,380,93,123,44,75
"1751",752,62,847,94,125,44,75
"1752",752,62,847,94,125,44,75
"1753",158,62,327,94,125,44,75
"1754",751,62,847,94,125,44,75
"1755",751,62,847,94,125,44,75
"1756",752,62,847,94,125,44,75
"1757",752,62,847,94,125,44,75
"1758",195,62,365,94,125,44,75
"1759",158,54,334,87,118,41,69
"1760",188,60,381,91,125,43,72
"1761",751,62,845,94,125,44,75
"1762",206,58,340,92,124,43,74
"1763",140,62,317,94,125,44,75
"1764",170,62,341,94,125,44,75
"1765",135,62,301,94,125,44,75
"1766",147,62,307,94,125,44,75
"1767",174,62,315,94,125,44,75
"1768",744,62,840,94,125,44,75
"1769",752,62,847,94,125,44,75
"1770",752,62,847,94,125,44,75
"1771",191,62,341,94,125,44,75
"1772",752,62,847,94,125,44,75
"1773",186,62,355,94,125,44,75
"1774",195,62,360,94,125,44,75
"1775",751,62,843,94,125,44,75
"1776",199,62,354,94,125,44,75
"1777",157,62,324,94,125,44,75
"1778",752,62,847,94,125,44,75
"1779",156,61,317,94,121,43,73
"1780",752,62,846,94,125,44,75
"1781",751,62,846,94,125,44,75
"1782",147,62,329,94,125,44,75
"1783",752,62,847,94,125,44,75
"1784",181,62,350,93,125,44,75
"1785",222,62,364,94,124,44,75
"1786",164,61,320,94,125,44,75
"1787",752,62,847,94,125,44,75
"1788",146,62,311,94,125,44,75
"1789",156,62,295,93,125,44,75
"1790",141,62,337,94,125,44,75
"1791",179,51,362,76,111,43,66
"1792",166,62,334,94,125,44,75
"1793",752,62,847,94,125,44,75
"1794",154,61,310,91,123,44,75
"1795",182,62,334,94,125,44,75
"1796",183,18,342,59,66,27,55
"1797",752,62,847,94,125,44,75
"1798",752,62,847,94,125,44,75
"1799",182,62,323,94,125,44,75
"1800",752,62,847,94,125,44,75
"1801",159,62,324,94,125,44,75
"1802",162,62,336,94,125,44,75
"1803",162,62,293,94,125,44,75
"1804",752,62,847,94,125,44,75
"1805",204,62,362,94,125,44,75
"1806",752,62,847,94,125,44,75
"1807",751,62,844,94,125,44,75
"1808",752,62,847,94,125,44,75
"1809",752,62,847,94,125,44,75
"1810",176,62,354,94,125,44,75
"1811",195,61,351,92,118,43,74
"1812",141,62,312,94,125,44,75
"1813",752,62,847,94,125,44,75
"1814",751,62,847,94,125,44,75
"1815",151,62,323,94,125,44,73
"1816",174,62,335,94,125,44,75
"1817",751,62,847,94,125,44,75
"1818",752,62,847,94,125,44,75
"1819",752,62,847,94,125,44,75
"1820",185,62,359,94,125,44,75
"1821",158,62,316,94,124,44,75
"1822",166,62,368,94,125,44,75
"1823",161,62,336,94,125,44,75
"1824",187,62,360,94,125,44,75
"1825",752,62,847,94,125,44,75
"1826",751,62,847,94,125,44,75
"1827",750,62,846,94,125,44,75
"1828",160,58,332,91,117,43,74
"1829",158,20,321,55,83,32,54
"1830",176,29,315,71,84,37,51
"1831",202,62,375,94,125,44,75
"1832",158,62,303,94,125,44,74
"1833",168,62,349,94,125,44,75
"1834",752,62,847,94,125,44,75
"1835",752,62,847,94,125,44,75
"1836",137,62,317,94,125,44,75
"1837",139,62,340,94,125,44,75
"1838",198,62,380,94,125,44,75
"1839",168,62,342,91,124,44,73
"1840",752,62,847,94,125,44,75
"1841",164,62,359,94,125,44,75
"1842",135,62,287,94,125,44,75
"1843",752,62,845,94,125,44,75
"1844",752,62,847,94,125,44,75
"1845",752,62,847,94,125,44,75
"1846",191,62,385,94,125,44,75
"1847",752,62,847,94,125,44,75
"1848",169,60,321,93,123,44,74
"1849",137,62,289,94,125,44,75
"1850",752,62,847,94,125,44,75
"1851",148,62,338,94,125,44,75
"1852",752,62,846,94,125,44,75
"1853",192,62,375,93,124,42,74
"1854",112,61,299,93,125,44,75
"1855",162,62,323,94,124,44,75
"1856",182,62,341,94,125,44,75
"1857",166,62,319,94,125,44,75
"1858",751,62,847,94,125,44,75
"1859",135,62,299,94,125,44,75
"1860",752,62,847,94,125,44,75
"1861",752,62,846,94,125,44,75
"1862",752,62,847,94,125,44,75
"1863",207,59,349,91,123,43,75
"1864",749,62,847,94,125,44,75
"1865",752,62,847,94,125,44,75
"1866",752,62,847,94,125,44,75
"1867",141,62,282,94,125,44,75
"1868",750,62,845,94,125,44,75
"1869",752,62,847,94,125,44,75
"1870",752,62,847,94,125,44,75
"1871",147,62,337,94,125,44,75
"1872",179,62,331,94,124,44,75
"1873",752,62,847,94,125,44,75
"1874",207,62,375,94,125,44,75
"1875",752,62,847,94,125,44,75
"1876",752,62,847,94,125,44,75
"1877",152,20,292,62,68,29,51
"1878",752,62,847,94,125,44,75
"1879",752,62,847,94,125,44,75
"1880",748,62,846,94,125,44,75
"1881",752,62,847,94,125,44,75
"1882",749,62,844,94,125,44,75
"1883",190,62,373,94,125,44,75
"1884",751,62,847,94,125,44,75
"1885",178,62,382,94,125,44,75
"1886",177,62,352,94,125,44,75
"1887",157,62,325,94,125,44,75
"1888",150,30,307,60,78,36,56
"1889",176,62,327,94,125,44,75
"1890",179,62,356,94,123,44,75
"1891",752,62,847,94,125,44,75
"1892",194,47,348,76,110,43,72
"1893",187,30,342,53,72,25,54
"1894",154,62,369,94,125,43,75
"1895",223,62,380,94,125,44,75
"1896",145,62,305,94,125,44,75
"1897",168,61,320,94,125,44,74
"1898",168,62,364,94,125,44,74
"1899",191,62,371,94,125,44,75
"1900",122,62,256,94,125,44,75
"1901",156,62,327,94,125,44,75
"1902",144,62,353,94,125,44,75
"1903",144,62,293,94,124,44,74
"1904",198,60,383,91,125,43,73
"1905",150,62,342,94,125,44,75
"1906",174,62,310,94,125,43,75
"1907",751,62,847,94,125,44,75
"1908",130,62,300,94,124,44,75
"1909",167,62,355,94,125,44,75
"1910",752,62,847,94,125,44,75
"1911",752,62,846,94,125,44,75
"1912",169,62,328,94,125,44,75
"1913",751,62,846,94,125,44,75
"1914",183,57,341,87,122,43,71
"1915",229,61,396,93,124,44,75
"1916",157,62,321,94,125,44,75
"1917",154,62,286,94,125,44,75
"1918",750,62,847,94,125,44,75
"1919",176,62,351,94,125,44,75
"1920",168,62,339,94,125,44,75
"1921",752,62,845,94,125,44,75
"1922",176,62,352,94,125,44,75
"1923",144,62,327,94,125,44,75
"1924",175,62,361,94,125,44,74
"1925",752,62,847,94,125,44,75
"1926",752,62,847,94,125,44,75
"1927",173,62,356,94,125,44,75
"1928",153,62,330,94,125,44,75
"1929",189,62,365,94,125,44,75
"1930",149,19,303,46,71,28,51
"1931",165,62,307,94,125,44,75
"1932",184,62,320,94,125,44,75
"1933",131,36,297,72,100,36,60
"1934",173,62,367,94,125,44,75
"1935",202,62,382,94,125,44,75
"1936",168,62,351,94,125,44,75
"1937",219,37,402,61,99,33,54
"1938",751,62,847,94,125,44,75
"1939",165,37,309,71,90,38,57
"1940",173,62,383,94,123,44,74
"1941",752,62,847,94,125,44,75
"1942",171,62,369,94,125,44,75
"1943",750,62,845,94,125,44,75
"1944",752,62,847,94,125,44,75
"1945",752,62,845,94,125,44,75
"1946",164,62,326,94,125,44,75
"1947",172,60,335,90,121,42,74
"1948",752,62,847,94,125,44,75
"1949",177,62,336,94,125,44,75
"1950",751,62,847,94,125,44,75
"1951",160,62,302,94,125,44,75
"1952",164,62,324,94,125,44,75
"1953",752,62,847,94,125,44,75
"1954",752,62,847,94,125,44,75
"1955",751,62,844,94,125,44,75
"1956",752,62,847,94,125,44,75
"1957",752,62,847,94,125,44,75
"1958",190,62,375,94,125,44,75
"1959",751,62,846,94,125,44,75
"1960",751,62,847,94,125,44,75
"1961",174,62,342,94,125,44,75
"1962",180,62,350,94,125,44,75
"1963",139,62,290,94,125,44,75
"1964",209,62,307,94,125,44,75
"1965",144,58,315,89,118,44,74
"1966",164,62,300,92,125,44,75
"1967",144,62,299,94,125,44,75
"1968",173,62,356,94,122,44,74
"1969",136,62,326,94,125,44,75
"1970",142,62,300,94,125,44,75
"1971",177,62,381,94,125,44,75
"1972",160,23,330,54,64,33,55
"1973",752,62,847,94,125,44,75
"1974",751,62,847,94,125,44,75
"1975",166,62,381,94,125,44,75
"1976",197,62,350,94,125,43,75
"1977",183,62,321,94,125,44,75
"1978",207,62,367,94,125,44,75
"1979",148,62,299,94,125,44,75
"1980",151,62,346,94,125,44,75
"1981",752,62,847,94,125,44,75
"1982",145,62,295,94,125,44,75
"1983",201,62,377,94,125,44,75
"1984",752,62,847,94,125,44,75
"1985",752,62,847,94,125,44,75
"1986",142,62,325,94,124,43,74
"1987",188,62,355,94,125,44,75
"1988",752,62,847,94,125,44,75
"1989",177,62,356,94,125,44,75
"1990",160,62,360,94,125,44,75
"1991",159,62,339,94,125,44,75
"1992",137,62,334,94,125,44,75
"1993",182,62,362,94,125,44,75
"1994",222,62,366,94,125,44,75
"1995",168,62,350,94,125,44,75
"1996",246,62,395,94,125,44,75
"1997",184,62,361,94,125,44,75
"1998",177,62,341,94,125,44,75
"1999",752,62,847,94,125,44,75
"2000",194,31,373,62,77,39,67
"2001",169,62,312,94,125,44,74
"2002",752,62,847,94,125,44,75
"2003",162,62,371,94,125,44,75
"2004",158,62,330,94,125,44,75
"2005",162,62,335,94,125,43,75
"2006",752,62,847,94,125,44,75
"2007",177,62,323,92,122,42,73
"2008",151,62,310,94,125,44,75
"2009",192,51,347,75,115,42,70
"2010",189,61,335,94,125,44,74
"2011",129,62,292,94,125,44,75
"2012",166,62,326,94,125,44,75
"2013",166,62,326,94,125,44,75
"2014",184,62,358,94,125,44,75
"2015",166,62,358,94,125,43,75
"2016",748,62,845,94,125,44,75
"2017",180,62,347,94,125,44,75
"2018",193,62,391,94,125,44,75
"2019",752,62,847,94,125,44,75
"2020",752,62,847,94,125,44,75
"2021",161,62,331,94,125,44,75
"2022",187,62,366,94,125,44,75
"2023",191,62,335,94,125,44,75
"2024",173,62,327,94,125,44,75
"2025",165,62,321,94,125,44,75
"2026",752,62,847,94,125,44,75
"2027",217,62,372,94,125,44,75
"2028",752,62,847,94,125,44,75
"2029",752,62,847,94,125,44,75
"2030",119,62,332,94,125,44,75
"2031",752,62,846,94,125,44,75
"2032",149,62,325,94,125,44,75
"2033",156,62,341,93,125,44,75
"2034",752,62,847,94,125,44,75
"2035",751,62,847,94,125,44,75
"2036",174,62,358,94,125,44,75
"2037",752,62,847,94,125,44,75
"2038",748,62,846,94,125,44,75
"2039",751,62,845,94,125,44,75
"2040",752,62,847,94,125,44,75
"2041",752,62,847,94,125,44,75
"2042",175,62,362,94,125,44,75
"2043",145,33,346,61,82,36,63
"2044",166,62,350,94,125,44,75
"2045",181,62,342,94,124,44,75
"2046",156,60,304,90,121,44,74
"2047",217,62,361,94,125,44,75
"2048",183,62,305,94,125,44,75
"2049",188,62,356,94,125,44,74
"2050",752,62,847,94,125,44,75
"2051",752,62,847,94,125,44,75
"2052",146,62,310,94,125,44,75
"2053",751,62,847,94,125,44,75
"2054",752,62,847,94,125,44,75
"2055",752,62,846,94,125,44,75
"2056",751,62,847,94,125,44,75
"2057",163,62,309,94,124,44,75
"2058",164,62,291,94,125,44,75
"2059",184,62,332,94,125,44,75
"2060",167,61,327,94,124,44,75
"2061",748,62,845,94,125,44,75
"2062",178,62,360,94,125,44,75
"2063",148,62,330,94,125,44,75
"2064",192,62,363,94,125,44,75
"2065",146,62,347,94,125,44,75
"2066",752,62,847,94,125,44,75
"2067",163,26,321,48,62,23,62
"2068",139,34,279,57,84,33,49
"2069",140,61,314,94,125,43,75
"2070",165,62,341,94,125,44,75
"2071",152,62,309,94,125,44,75
"2072",750,62,844,94,125,44,75
"2073",173,60,356,93,124,43,74
"2074",751,62,847,94,125,44,75
"2075",752,62,847,94,125,44,75
"2076",752,62,847,94,125,44,75
"2077",752,62,847,94,125,44,75
"2078",175,62,328,94,125,44,75
"2079",171,62,325,94,125,44,75
"2080",140,62,305,94,125,44,75
"2081",228,56,417,83,114,44,72
"2082",144,62,319,94,125,44,75
"2083",176,62,321,90,122,43,74
"2084",751,62,847,94,125,44,75
"2085",169,62,321,94,125,44,75
"2086",204,62,375,94,125,44,75
"2087",152,62,306,94,125,44,75
"2088",752,62,847,94,125,44,75
"2089",752,62,847,94,125,44,75
"2090",751,62,847,94,125,44,75
"2091",163,62,321,94,125,44,75
"2092",752,62,846,94,125,44,75
"2093",155,62,323,94,124,44,75
"2094",176,62,347,94,125,44,75
"2095",154,62,337,94,125,44,75
"2096",155,62,269,94,125,44,75
"2097",752,62,847,94,125,44,75
"2098",146,25,304,54,63,32,56
"2099",163,62,322,94,125,44,75
"2100",752,62,847,94,125,44,75
"2101",752,62,846,94,125,44,75
"2102",750,62,847,94,125,44,75
"2103",184,62,390,94,125,44,75
"2104",752,62,847,94,125,44,75
"2105",185,61,338,93,125,44,74
"2106",197,45,361,83,105,39,67
"2107",752,62,847,94,125,44,75
"2108",145,62,329,94,125,44,75
"2109",752,62,847,94,125,44,75
"2110",752,62,847,94,125,44,75
"2111",748,62,844,94,125,44,75
"2112",173,54,351,88,119,43,70
"2113",192,62,327,94,125,44,75
"2114",748,62,844,94,125,44,75
"2115",184,62,335,94,125,44,75
"2116",172,62,290,94,125,44,75
"2117",182,62,341,94,125,44,75
"2118",166,62,352,94,125,44,75
"2119",174,62,329,94,125,44,75
"2120",751,62,847,94,125,44,75
"2121",194,62,359,94,125,44,75
"2122",231,62,387,94,125,44,75
"2123",752,62,847,94,125,44,75
"2124",752,62,847,94,125,44,75
"2125",173,62,364,94,125,44,75
"2126",752,62,847,94,125,44,75
"2127",158,61,314,92,124,43,73
"2128",217,62,372,94,124,44,75
"2129",178,59,357,92,125,43,74
"2130",751,62,845,94,125,44,75
"2131",751,62,847,94,125,44,75
"2132",150,62,319,93,125,43,75
"2133",138,62,294,94,125,44,75
"2134",752,62,847,94,125,44,75
"2135",752,62,847,94,125,44,75
"2136",170,62,353,94,124,44,75
"2137",187,61,360,94,125,44,75
"2138",128,62,302,94,125,44,75
"2139",172,61,363,94,125,44,75
"2140",752,62,847,94,125,44,75
"2141",144,62,291,94,125,44,75
"2142",155,62,312,94,125,44,75
"2143",184,62,358,94,125,43,75
"2144",191,62,367,94,125,44,75
"2145",136,62,312,94,125,43,75
"2146",184,59,336,92,118,42,75
"2147",749,62,847,94,125,44,75
"2148",138,62,327,94,125,44,75
"2149",134,62,330,94,125,44,75
"2150",167,60,350,89,122,44,74
"2151",750,62,846,94,125,44,75
"2152",167,62,308,94,125,44,75
"2153",173,22,326,60,82,31,53
"2154",171,43,359,71,88,36,60
"2155",147,62,319,92,125,44,75
"2156",144,61,306,93,123,44,74
"2157",748,62,845,94,125,44,75
"2158",148,62,317,94,125,44,74
"2159",752,62,847,94,125,44,75
"2160",193,62,358,94,125,44,75
"2161",187,62,356,94,125,44,75
"2162",210,62,369,94,125,44,75
"2163",752,62,847,94,125,44,75
"2164",752,62,847,94,125,44,75
"2165",160,62,312,93,122,44,75
"2166",229,62,377,94,125,44,75
"2167",752,62,847,94,125,44,75
"2168",179,62,372,94,125,44,75
"2169",171,62,337,94,125,44,75
"2170",174,36,323,58,84,34,57
"2171",751,62,847,94,125,44,75
"2172",750,62,843,94,125,44,75
"2173",173,44,327,82,97,34,64
"2174",166,62,348,94,125,44,75
"2175",168,26,329,46,74,35,49
"2176",752,62,847,94,125,44,75
"2177",153,62,331,94,124,44,75
"2178",750,62,846,94,125,44,75
"2179",751,62,845,94,125,44,75
"2180",210,62,359,94,125,44,75
"2181",152,62,342,94,125,44,75
"2182",196,61,327,94,122,44,74
"2183",121,62,272,94,125,44,75
"2184",752,62,847,94,125,44,75
"2185",752,62,847,94,125,44,75
"2186",145,62,318,94,125,44,75
"2187",157,62,316,94,125,43,74
"2188",192,58,348,88,121,43,73
"2189",752,62,845,94,125,44,75
"2190",147,62,306,94,125,44,75
"2191",191,62,360,94,125,43,75
"2192",208,62,333,94,125,44,75
"2193",171,62,334,94,125,44,75
"2194",752,62,847,94,125,44,75
"2195",752,62,847,94,125,44,75
"2196",157,62,342,94,125,44,75
"2197",161,62,309,94,125,44,75
"2198",183,62,361,94,125,44,75
"2199",160,62,346,94,125,44,75
"2200",749,62,844,94,125,44,75
"2201",172,62,320,94,125,44,75
"2202",190,62,364,94,125,44,75
"2203",751,62,847,94,125,44,75
"2204",173,59,342,90,120,43,74
"2205",752,62,847,94,125,44,75
"2206",752,62,847,94,125,44,75
"2207",747,62,845,94,125,44,75
"2208",752,62,847,94,125,44,75
"2209",179,62,319,94,125,44,75
"2210",179,32,336,68,77,29,57
"2211",752,62,847,94,125,44,75
"2212",752,62,847,94,125,44,75
"2213",131,62,273,94,125,44,75
"2214",752,62,847,94,125,44,75
"2215",127,59,321,93,125,44,74
"2216",229,62,389,94,125,44,75
"2217",170,62,317,93,125,44,75
"2218",752,62,847,94,125,44,75
"2219",752,62,847,94,125,44,75
"2220",146,62,326,94,124,44,75
"2221",190,62,358,94,125,44,75
"2222",752,62,847,94,125,44,75
"2223",155,62,322,94,125,44,75
"2224",188,62,354,94,125,44,75
"2225",752,62,847,94,125,44,75
"2226",189,62,362,94,124,44,75
"2227",190,62,336,94,125,44,75
"2228",201,62,395,94,124,44,74
"2229",172,59,350,89,121,44,75
"2230",156,62,322,94,125,44,75
"2231",751,62,847,94,125,44,75
"2232",166,62,321,94,125,44,75
"2233",179,62,329,93,123,44,75
"2234",178,62,350,94,125,44,75
"2235",752,62,845,94,125,44,75
"2236",751,62,847,94,125,44,75
"2237",160,62,324,94,125,44,75
"2238",752,62,847,94,125,44,75
"2239",752,62,847,94,125,44,75
"2240",191,62,388,94,125,44,74
"2241",752,62,847,94,125,44,75
"2242",752,62,847,94,125,44,75
"2243",212,61,365,94,123,44,75
"2244",176,62,350,94,125,44,75
"2245",752,62,847,94,125,44,75
"2246",157,62,348,93,125,44,75
"2247",751,62,846,94,125,44,75
"2248",222,62,379,94,125,44,75
"2249",752,62,847,94,125,44,75
"2250",176,62,327,94,125,44,75
"2251",180,62,365,94,125,44,75
"2252",217,62,366,94,125,44,75
"2253",159,61,287,94,125,44,75
"2254",752,62,847,94,125,44,75
"2255",184,62,381,94,125,44,75
"2256",215,62,402,94,125,44,75
"2257",752,62,847,94,125,44,75
"2258",752,62,847,94,125,44,75
"2259",154,62,306,94,125,44,75
"2260",747,62,845,94,125,44,75
"2261",159,26,331,61,76,26,49
"2262",751,62,846,94,125,44,75
"2263",149,46,331,78,97,42,62
"2264",203,62,377,94,125,44,75
"2265",172,62,321,94,125,44,75
"2266",188,62,375,94,125,44,75
"2267",752,62,847,94,125,44,75
"2268",752,62,847,94,125,44,75
"2269",752,62,847,94,125,44,75
"2270",178,60,348,93,124,44,75
"2271",192,62,382,94,125,44,75
"2272",152,62,338,94,123,44,74
"2273",143,62,296,94,125,44,75
"2274",752,62,847,94,125,44,75
"2275",211,62,367,94,125,44,75
"2276",208,62,358,94,123,44,75
"2277",752,62,847,94,125,44,75
"2278",139,62,296,94,125,44,75
"2279",156,62,335,94,125,44,75
"2280",149,62,280,92,125,44,75
"2281",752,62,847,94,125,44,75
"2282",153,62,299,94,125,44,75
"2283",146,62,302,94,124,44,75
"2284",218,62,383,94,125,44,75
"2285",167,62,335,92,125,44,75
"2286",214,62,398,94,125,44,75
"2287",752,62,847,94,125,44,75
"2288",168,62,338,94,125,44,75
"2289",157,60,316,93,124,44,75
"2290",175,61,325,94,122,43,75
"2291",175,62,344,93,125,43,75
"2292",169,62,310,94,125,44,75
"2293",752,62,847,94,125,44,75
"2294",751,62,847,94,125,44,75
"2295",752,62,847,94,125,44,75
"2296",171,62,330,94,125,44,75
"2297",752,62,847,94,125,44,75
"2298",752,62,847,94,125,44,75
"2299",172,62,313,94,125,44,75
"2300",190,62,387,94,125,44,75
"2301",195,62,342,94,125,44,75
"2302",155,62,288,94,125,44,75
"2303",185,62,340,94,125,44,75
"2304",137,62,315,94,125,44,75
"2305",172,62,315,94,125,44,75
"2306",175,62,364,94,124,44,75
"2307",161,62,356,94,125,44,75
"2308",752,62,847,94,125,44,75
"2309",749,62,846,94,125,44,75
"2310",199,62,381,94,125,44,75
"2311",158,62,339,94,125,44,75
"2312",752,62,846,94,125,44,75
"2313",161,62,319,94,125,44,75
"2314",207,62,355,94,125,44,75
"2315",751,62,847,94,125,44,75
"2316",188,61,393,94,124,44,75
"2317",187,62,334,94,125,44,75
"2318",197,62,369,94,125,44,75
"2319",166,62,318,94,125,44,75
"2320",752,62,847,94,125,44,75
"2321",136,62,260,94,125,43,75
"2322",752,62,847,94,125,44,75
"2323",752,62,846,94,125,44,75
"2324",158,62,328,92,123,44,73
"2325",752,62,847,94,125,44,75
"2326",196,62,396,94,125,44,75
"2327",220,62,361,94,125,44,75
"2328",752,62,847,94,125,44,75
"2329",170,62,347,94,125,44,75
"2330",751,62,846,94,125,44,75
"2331",143,62,321,94,125,44,75
"2332",752,62,847,94,125,44,75
"2333",752,62,847,94,125,44,75
"2334",752,62,847,94,125,44,75
"2335",752,62,847,94,125,44,75
"2336",752,62,847,94,125,44,75
"2337",752,62,847,94,125,44,75
"2338",180,27,334,51,74,30,56
"2339",747,62,843,94,125,44,75
"2340",156,62,370,94,125,44,75
"2341",752,62,847,94,125,44,75
"2342",149,62,289,94,125,44,74
"2343",213,62,348,94,125,42,75
"2344",122,62,272,94,125,44,75
"2345",185,19,359,49,71,27,40
"2346",144,62,288,94,125,44,75
"2347",744,62,840,94,125,44,75
"2348",135,61,328,93,124,44,74
"2349",200,62,368,94,125,44,75
"2350",752,62,847,94,125,44,75
"2351",752,62,847,94,125,44,75
"2352",166,62,334,94,125,43,75
"2353",168,62,282,94,125,44,75
"2354",166,62,317,94,124,44,75
"2355",164,62,306,94,125,44,75
"2356",190,62,354,94,123,43,75
"2357",750,62,845,94,125,44,75
"2358",751,62,847,94,125,44,75
"2359",752,62,847,94,125,44,75
"2360",751,62,847,94,125,44,75
"2361",750,62,845,94,125,44,75
"2362",752,62,847,94,125,44,75
"2363",752,62,847,94,125,44,75
"2364",167,62,367,94,125,44,75
"2365",752,62,847,94,125,44,75
"2366",184,62,339,94,125,43,75
"2367",752,62,847,94,125,44,75
"2368",749,62,845,94,125,44,75
"2369",752,62,847,94,125,44,75
"2370",188,62,356,94,125,44,75
"2371",752,62,847,94,125,44,75
"2372",154,62,312,94,125,44,75
"2373",171,28,333,64,72,37,50
"2374",169,62,305,94,125,44,75
"2375",752,62,847,94,125,44,75
"2376",181,62,378,94,125,44,75
"2377",181,62,326,94,125,44,75
"2378",752,62,846,94,125,44,75
"2379",176,62,313,94,125,44,75
"2380",748,62,838,94,125,44,75
"2381",187,62,396,94,125,44,75
"2382",151,62,288,94,125,44,75
"2383",135,62,284,94,125,44,75
"2384",162,62,351,92,125,44,75
"2385",752,62,847,94,125,44,75
"2386",145,62,332,94,125,44,75
"2387",156,62,349,94,125,44,75
"2388",752,62,847,94,125,44,75
"2389",751,62,847,94,125,44,75
"2390",157,62,352,94,125,44,75
"2391",752,62,847,94,125,44,75
"2392",170,62,370,94,123,44,75
"2393",171,62,382,94,125,44,75
"2394",168,62,320,94,125,44,75
"2395",752,62,846,94,125,44,75
"2396",752,62,847,94,125,44,75
"2397",752,62,846,94,125,44,75
"2398",151,62,361,94,125,44,75
"2399",169,62,357,94,125,44,75
"2400",161,62,293,93,125,44,74
"2401",752,62,847,94,125,44,75
"2402",186,36,329,76,87,33,60
"2403",172,62,355,94,125,44,75
"2404",157,62,314,94,125,44,75
"2405",750,62,845,94,125,44,75
"2406",751,62,847,94,125,44,75
"2407",188,62,333,94,125,44,75
"2408",148,20,288,56,82,28,50
"2409",751,62,847,94,125,44,75
"2410",752,62,847,94,125,44,75
"2411",187,62,336,94,125,44,75
"2412",752,62,847,94,125,44,75
"2413",163,62,338,94,125,44,75
"2414",152,62,322,94,125,44,73
"2415",154,62,336,94,125,44,75
"2416",752,62,847,94,125,44,75
"2417",171,62,311,94,125,44,75
"2418",161,29,344,52,56,23,45
"2419",158,62,318,94,125,44,75
"2420",752,62,847,94,125,44,75
"2421",165,62,313,94,125,44,75
"2422",200,62,383,94,125,44,75
"2423",118,62,315,94,125,44,75
"2424",183,62,325,94,125,44,75
"2425",752,61,847,94,125,44,75
"2426",157,62,299,94,125,44,75
"2427",752,62,846,94,125,44,75
"2428",179,62,358,94,125,44,75
"2429",752,62,847,94,125,44,75
"2430",141,62,299,94,125,44,75
"2431",157,62,314,94,125,44,75
"2432",177,62,329,94,125,44,75
"2433",752,62,847,94,125,44,75
"2434",752,62,847,94,125,44,75
"2435",155,57,304,91,122,42,73
"2436",180,62,340,94,125,44,75
"2437",752,62,847,94,125,44,75
"2438",171,62,334,94,125,44,75
"2439",751,62,847,94,125,44,75
"2440",168,62,350,94,125,44,75
"2441",137,62,301,94,125,44,75
"2442",752,62,847,94,125,44,75
"2443",171,62,348,94,125,44,75
"2444",752,62,847,94,125,44,75
"2445",752,62,847,94,125,44,75
"2446",170,49,282,82,105,40,66
"2447",751,62,847,94,125,44,75
"2448",161,62,321,94,125,44,75
"2449",752,62,847,94,125,44,75
"2450",752,62,843,94,125,44,75
"2451",160,61,281,94,124,44,74
"2452",185,62,373,94,125,44,75
"2453",157,62,339,92,125,43,74
"2454",164,62,323,94,125,44,75
"2455",264,62,444,94,125,44,75
"2456",144,62,296,94,125,44,75
"2457",184,61,353,93,124,44,74
"2458",215,62,403,94,125,44,74
"2459",224,62,383,94,125,44,75
"2460",170,62,334,94,125,44,75
"2461",172,62,310,94,125,44,75
"2462",166,58,346,91,125,44,74
"2463",178,62,359,94,125,44,75
"2464",166,62,377,94,124,44,75
"2465",157,62,289,94,125,44,75
"2466",222,62,409,94,125,44,75
"2467",137,62,336,94,125,44,75
"2468",180,62,321,94,125,44,75
"2469",752,62,847,94,125,44,75
"2470",173,62,334,94,125,43,75
"2471",174,62,315,94,125,44,75
"2472",752,62,847,94,125,44,75
"2473",197,62,363,94,125,44,75
"2474",140,62,338,94,125,44,74
"2475",145,62,282,94,125,44,75
"2476",143,62,321,94,125,44,75
"2477",183,62,353,94,123,44,75
"2478",752,62,847,94,125,44,75
"2479",183,62,343,94,125,44,75
"2480",181,62,297,94,125,44,75
"2481",752,62,847,94,125,44,75
"2482",161,62,319,94,125,44,75
"2483",752,62,847,94,125,44,75
"2484",752,62,847,94,125,44,75
"2485",177,62,334,94,125,44,75
"2486",752,62,847,94,125,44,75
"2487",170,62,347,94,125,44,75
"2488",156,62,343,94,125,44,75
"2489",752,62,847,94,125,44,75
"2490",752,62,847,94,125,44,75
"2491",165,62,308,94,125,44,75
"2492",751,62,844,94,125,44,75
"2493",142,41,311,72,102,37,64
"2494",134,62,297,94,125,44,75
"2495",752,62,847,94,125,44,75
"2496",752,62,847,94,125,44,75
"2497",750,62,847,94,125,44,75
"2498",163,62,326,94,125,44,75
"2499",152,62,356,94,125,44,75
"2500",752,62,847,94,125,44,75
