"","age1_orange.A","age1_green.A","age2_no_comorbid_orange.A","age2_no_comorbid_green.A","age2_comorbid_green.A","age3_no_comorbid_green.A","age3_comorbid_green.A"
"1",82.0660326570862,0,78.2057644456872,0,0,0,0
"2",0,0,0,0,0,0,0
"3",53.9883117475695,0,56.7613196824976,0,0,0,0
"4",63.5783842963346,0,68.5594283784471,0,0,0,0
"5",80.6624510560422,0,66.6017682505481,0,0,73.4541499028001,0
"6",0,0,2.37696917302597,0,0,0,0
"7",44.2025397321122,0,41.5788909876819,0,0,0,0
"8",0,0,0,0,0,0,0
"9",81.7238997032447,0,100.826808315218,0,0,0,0
"10",58.2642007463703,0,57.2990810279818,0,0,0,0
"11",0,0,10.7007174537804,0,0,0,0
"12",67.2123162082286,0,58.7816024184784,0,0,0,0
"13",0,0,0,0,0,0,0
"14",0,0,4.09161134414766,0,0,0,0
"15",88.3252445610846,0,92.2402065557512,0,108.932462727397,0,0
"16",0,0,9.46938761678036,0,0,0,0
"17",58.7264013745705,0,39.4916132962765,57.2594296334718,60.7343574965861,0,0
"18",0,0,0,0,0,0,0
"19",71.8618451944904,0,77.2727905505262,0,0,0,0
"20",38.9565674199722,0,48.078947839347,0,0,0,0
"21",0,0,0,0,0,0,0
"22",63.2599399211381,0,60.5651564937936,80.8939236607929,102.825247050003,0,0
"23",57.4992082106547,90.6999712508307,65.7482500794543,0,81.613942828493,0,0
"24",59.3395475104236,105.672856748065,56.4166593750745,91.9638442798563,102.424221916829,87.9742305482396,56.6931372964346
"25",0,0,1.00115742040623,0,0,0,0
"26",0,0,1.83375531867633,0,0,0,0
"27",0,0,0,0,0,0,0
"28",0,0,0,0,0,0,0
"29",46.7318927308227,0,57.0743749444599,0,0,0,0
"30",49.5369745011636,0,39.8380077147887,0,0,0,62.9549953640527
"31",77.8558484865963,0,66.3548556756525,0,0,0,0
"32",62.7707488904629,0,74.9827744285637,0,0,0,0
"33",65.2451032158639,96.0508594852198,57.3875705853901,0,95.8023292908492,0,0
"34",36.9248872323505,0,46.268864435701,0,0,0,0
"35",0,0,0,0,0,0,0
"36",0,0,0,0,0,0,0
"37",74.2933356570148,109.218496759929,61.2572054416121,100.182382981752,104.466935186551,0,95.8274681708763
"38",76.639423905554,93.677827772928,83.6688971985708,96.7279649484806,0,103.055465027692,99.9280660485597
"39",72.5356701353377,0,57.5948309783287,0,0,0,0
"40",65.7026463641222,63.4398230750297,69.7544049040169,167.392079063042,74.1060446425386,140.791485439754,147.203408381338
"41",0,0,0,0,0,0,0
"42",53.351158884081,0,57.1871059600836,0,0,0,0
"43",48.7776397640621,0,43.5881773887053,0,0,0,0
"44",85.8139787273122,0,86.8834169625319,0,0,0,0
"45",68.7388071510335,0,73.1869395845415,0,0,0,0
"46",0,0,0,0,0,0,0
"47",0,0,2.36760526238076,0,0,0,0
"48",64.3458547944294,0,50.4219563853043,0,0,0,0
"49",73.2636769288336,0,96.0233063752329,0,0,0,0
"50",56.3310394598491,0,50.8904321143622,0,0,0,0
"51",60.2285730651431,0,67.9967598518198,0,0,0,0
"52",12.7262795739964,0,9.04860531303262,0,0,0,0
"53",60.1010880416905,0,70.4702647344738,0,0,0,0
"54",79.5231719611585,0,65.7146602014968,0,0,0,0
"55",0,0,0,0,0,0,0
"56",0,0,4.5272462279804,0,0,0,0
"57",0,0,0,0,0,0,0
"58",75.4253904158541,72.1651228861394,75.5272110996277,68.6059796515946,101.569658868524,72.0955845920794,59.9911934095086
"59",81.2625997829614,0,78.3677235718174,0,0,0,0
"60",56.9408367120443,80.3978958185806,70.7357308530299,124.365125329201,126.106384129669,101.751559574584,135.178659250243
"61",0,0,0,0,0,0,0
"62",0,0,0,0,0,0,0
"63",65.958555425299,0,53.7286787439629,0,0,0,0
"64",0,0,0,0,0,0,0
"65",52.0064689386583,0,55.2930172228771,0,0,0,0
"66",62.156861448101,0,70.1984442087179,0,0,0,0
"67",0,0,0.152695364145744,0,0,0,0
"68",59.4724700581382,0,77.3661384375862,0,0,0,0
"69",65.812100486545,0,74.0376414127472,0,0,0,0
"70",0,0,0,0,0,0,0
"71",7.62662277867333,0,0,0,0,0,0
"72",91.3545079998365,0,88.3667265486611,0,0,0,0
"73",46.3908356511751,0,54.7763843838762,0,0,0,0
"74",13.6903625682014,0,0,0,0,0,0
"75",52.6245415713249,0,51.1502102444914,0,0,0,0
"76",0,0,0,0,0,0,0
"77",58.9083090142177,0,57.9082138532074,0,0,0,0
"78",66.2513056147719,0,68.0857957956029,0,0,0,0
"79",63.2557667620588,0,66.8545164770619,0,0,0,0
"80",0,0,2.55113984174331,0,0,0,0
"81",0,0,1.81402171192779,0,0,0,0
"82",0,0,0,0,0,0,0
"83",57.6798197901894,0,65.7999366030389,0,0,0,0
"84",0,0,33.3129687815524,0,0,0,0
"85",69.6911729765758,0,67.8617280431521,0,0,0,0
"86",0,0,0,0,0,0,0
"87",0,0,0,0,0,0,0
"88",0,0,0,0,0,0,0
"89",51.0535308803073,0,63.0302644446245,0,0,0,0
"90",69.3532377976091,0,80.4621625314562,0,0,0,0
"91",88.7915768051528,0,91.5965394092536,0,0,0,0
"92",0,0,0,0,0,0,0
"93",0,0,0,0,0,0,0
"94",104.858804970937,0,108.660899621123,0,0,0,0
"95",45.4566395724091,0,53.1098739872393,0,0,0,0
"96",65.2034191111262,41.810523853985,62.8706667254647,85.22506583563,35.9374632178077,93.5283570238626,58.0551703111255
"97",63.2327999276007,115.383590581505,53.6486280207932,120.162429353918,98.1592060387655,83.4398782677917,0
"98",5.11087254586344,0,0,0,0,0,0
"99",56.7758508760037,0,57.7312615672374,0,0,0,0
"100",65.6191224304179,0,42.7639448276035,0,0,0,0
"101",56.5484456580598,0,65.692327116116,0,0,0,0
"102",0,0,3.40863799220312,0,0,0,0
"103",69.9827369358195,69.5927658881207,62.1961538492037,0,0,0,0
"104",0,0,3.6851356474242,0,0,0,0
"105",88.19940265755,0,81.6890817853182,0,0,76.8050672869662,0
"106",80.8795459243242,0,76.8331256499659,0,0,0,0
"107",87.2188360518119,0,76.0727720745367,0,0,0,0
"108",0,0,0,0,0,0,0
"109",0,0,0,0,0,0,0
"110",64.227135732483,0,56.4569122539187,0,0,0,0
"111",0,0,0,0,0,0,0
"112",55.9797018962733,0,60.8454705935354,0,0,0,0
"113",0,0,0,0,0,0,0
"114",65.0263523088181,0,76.5333417125139,0,0,0,0
"115",0,0,0.988684820140507,0,0,0,0
"116",67.9046167655257,107.815838621323,52.3567356865752,97.1217796865172,84.3430119763382,0,164.879855399498
"117",69.0255249321693,0,44.2385494101693,0,0,0,0
"118",0,0,0,0,0,0,0
"119",56.8986484325134,0,56.4163670493424,0,0,0,0
"120",73.9640200224233,0,72.3975361683735,0,0,0,0
"121",49.6412343531448,0,50.0273228528929,0,0,0,0
"122",19.1827234005297,0,0,0,0,0,0
"123",4.35338649549903,0,0,0,0,0,0
"124",58.5105482127288,0,56.2190085467827,0,0,0,0
"125",51.9690108929373,0,57.4317179961629,0,0,0,0
"126",0,0,0,0,0,0,0
"127",70.1398121709099,0,76.9562849456008,0,0,0,0
"128",39.8734454419969,0,48.4240625334318,0,0,0,0
"129",63.4010488136213,0,52.0012587509013,0,0,0,0
"130",60.5475848555982,0,44.6845871956559,0,0,0,0
"131",48.9685325883448,0,51.9014332465723,0,0,0,0
"132",0,0,0,0,0,0,0
"133",55.5945867403142,0,60.3159641466353,0,0,0,0
"134",72.6406308974085,0,61.9236313006548,0,0,0,0
"135",0,0,0,0,0,0,0
"136",0,0,0,0,0,0,0
"137",0,0,0.117606894911811,0,0,0,0
"138",73.8285841667444,0,66.6004727568049,0,0,0,0
"139",0,0,0,0,0,0,0
"140",0,0,0,0,0,0,0
"141",62.3157284624747,0,84.9624621114935,0,0,0,0
"142",66.6619499398519,0,71.1659891539806,0,0,0,0
"143",46.0173910181893,0,48.8290312376046,0,0,8.00047818965795,0
"144",44.1179191078326,0,58.2334869831896,0,0,0,0
"145",66.3414191097993,0,81.6554722511507,0,0,0,0
"146",45.5971200047585,0,49.0696695847773,0,0,0,0
"147",0,0,0,0,0,0,0
"148",71.2771264067459,0,77.5579314210881,0,0,0,0
"149",73.5511464712119,0,78.7256933129175,0,0,0,0
"150",52.5978081020712,0,66.3249128678227,0,0,0,0
"151",55.7364976467492,0,63.6969697795896,0,0,0,0
"152",0,0,5.260682369328,0,0,0,0
"153",69.8859165564007,0,77.4226153069667,0,0,0,0
"154",63.5187538798859,0,76.9004428068948,0,0,0,0
"155",91.9997848900357,0,95.0017243020697,0,0,0,0
"156",44.9786503802607,0,50.7786825650944,0,0,0,0
"157",0,0,0,0,0,0,0
"158",43.4798062731557,0,51.1822398883301,0,0,0,0
"159",66.8873302618231,0,65.0378217268883,0,0,0,0
"160",60.9916639771424,0,65.6678990124391,0,0,0,0
"161",72.5415713715037,0,76.6018769251293,0,0,0,0
"162",54.0927425059147,61.9511816446153,78.3942230795189,51.6059635474966,0,0,0
"163",48.3865555859944,0,58.6921008430776,0,0,0,0
"164",54.6823507801945,0,48.5843610770222,0,60.8448737221715,0,0
"165",65.6798727520431,0,65.1018356491744,0,0,0,0
"166",51.367182744414,0,65.1380387869522,0,66.2697266032595,0,67.8207026436301
"167",0,0,6.60665820909804,0,0,0,0
"168",75.9436249493995,0,62.5774340730857,0,0,0,0
"169",72.2026737073307,0,68.7070690914575,0,0,0,0
"170",4.8798496432202,0,3.55995793172677,0,0,0,0
"171",39.550006629141,0,41.9103118059682,0,0,0,0
"172",66.8913350517023,0,66.5685026551755,0,0,0,0
"173",67.1778071355193,0,68.6159349961394,74.9865310739345,0,0,0
"174",0,0,5.90334197136416,0,0,0,0
"175",60.9904860155369,0,71.8470902801868,0,0,0,0
"176",76.1223294592401,0,77.4411976961413,0,0,0,0
"177",0,0,0,0,0,0,0
"178",7.0039336553964,0,0,0,0,0,0
"179",0,0,0,0,0,0,0
"180",60.7698260865885,0,54.5169822580184,0,0,0,0
"181",0,0,0,0,0,0,0
"182",0,0,2.25301773918579,0,0,0,0
"183",0,0,4.9792615729209,0,0,0,0
"184",0,0,8.51887672677104,0,0,0,0
"185",63.0809845664355,90.8994744552269,66.6031654222175,92.4461853358177,86.3143602301084,109.603217040955,82.2341741111839
"186",63.4270971653976,0,71.9575577469392,0,0,0,0
"187",44.4612132965981,0,48.4403776349065,0,0,0,0
"188",60.3587247210195,0,53.3591084234987,64.8877959209351,56.0743396679211,92.1813839822907,0
"189",58.5825459330481,0,65.2092393138623,0,0,0,0
"190",58.9560722093817,0,66.8837688644786,0,0,0,0
"191",0,0,0,0,0,0,0
"192",64.6365321323902,0,71.2345941573627,0,0,0,0
"193",50.928523045553,0,47.6492390024397,0,0,0,0
"194",69.5596721823191,0,65.4193193690885,0,0,75.6023415440604,0
"195",56.3055366758898,0,62.717191119517,0,0,0,0
"196",53.8659510727994,50.3722217668734,55.1712096866785,76.5203265071583,91.317248507644,75.8500893951152,33.4526128154573
"197",86.3386600783086,0,82.5219928890359,0,0,0,0
"198",0,0,0,0,0,0,0
"199",0,0,0,0,0,0,0
"200",0,0,0,0,0,0,0
"201",71.8108696377956,0,84.0285550608549,0,0,0,0
"202",0,0,0,0,0,0,0
"203",49.9183931258797,0,57.4993256930139,0,0,0,0
"204",79.696674521514,0,69.751338333704,0,0,0,0
"205",46.8004434112977,92.1702384977467,56.0783393960255,131.320477367237,123.463063097896,164.233519151224,128.456375336786
"206",0,0,0,0,0,0,0
"207",62.3820497483157,0,65.837068303774,0,0,0,0
"208",50.0369296206791,0,53.7041435337712,0,0,0,0
"209",72.9392225938936,0,68.8342552385462,0,0,0,0
"210",66.0097529446343,0,83.790957554991,0,0,0,0
"211",65.9626848792112,0,61.7540987406166,0,0,0,0
"212",62.6102069929363,0,64.4715396860043,0,0,0,0
"213",50.7739802928174,0,54.033409851711,0,0,0,0
"214",52.2273417341045,122.671389868578,53.1069221339161,122.939370931258,64.0544050441583,0,124.586006812867
"215",66.7250427368451,0,57.1928367500428,0,0,0,0
"216",71.2113005719436,0,46.155573218904,0,0,0,0
"217",49.2157699970851,0,58.1730663134234,0,0,0,0
"218",59.9903567728642,0,75.2234260129329,0,0,0,0
"219",72.0727707960096,0,81.7619294502242,0,0,0,0
"220",0,0,0,0,0,0,0
"221",88.6392685090342,0,74.9284250499997,0,0,0,0
"222",0,0,0,0,0,0,0
"223",56.042162930252,0,63.6943302481978,0,0,0,0
"224",49.635662415329,0,57.5733820745494,0,0,0,0
"225",0,0,0,0,0,0,0
"226",54.8521635124287,122.272732197297,66.4231863516313,148.12589320799,137.779410365119,0,141.198319122748
"227",0,0,0,0,0,0,0
"228",64.0711546477385,0,75.9678778586393,0,0,0,0
"229",79.8708431882093,0,92.0945607173961,0,0,0,0
"230",77.0961358194442,0,75.8655880840786,0,0,0,0
"231",55.6112207840362,115.321089684593,62.2095266739488,88.7824279869154,113.301820011453,0,112.58598155714
"232",0,0,0,0,0,0,0
"233",74.14051643227,0,64.360073933915,0,0,0,0
"234",61.5859272247677,94.0294884232265,58.5033982205066,101.651854985303,100.283592184536,96.8534686841324,93.6266760446543
"235",0,0,0,0,0,0,0
"236",63.3859629593539,0,56.4152510291428,0,0,0,0
"237",0,0,0,0,0,0,0
"238",51.8657432350553,0,50.7295334269701,0,0,51.230220737172,0
"239",55.9691788011495,0,63.5846220580705,0,0,0,0
"240",0,0,0,0,0,0,0
"241",77.4209191684046,0,80.0119485831178,0,0,0,0
"242",4.16753393050263,0,0,0,0,0,0
"243",0,0,0,0,0,0,0
"244",55.8645349701917,0,66.2588690447593,0,0,0,0
"245",0,0,0,0,0,0,0
"246",68.6772394862714,0,62.911642139115,0,0,0,0
"247",61.5350057436008,0,80.0375039904936,0,0,0,0
"248",0,0,2.8192223691575,0,0,0,0
"249",0,0,0,0,0,0,0
"250",76.4087814185006,0,73.6442945566228,0,79.6026549134846,0,0
"251",64.3828586101639,0,57.3195793174536,0,0,0,0
"252",77.3043124609681,0,55.6308966062826,0,0,0,0
"253",0,0,0,0,0,0,0
"254",79.1592224883545,0,94.9151375508461,0,0,0,99.6374913248961
"255",83.7017752368251,0,90.3966343579396,95.5631308149702,0,0,0
"256",73.8964677629204,0,58.1331281282552,0,64.1380437543655,61.5790528326969,0
"257",49.4676890718986,0,42.929596435133,74.93697386452,0,0,0
"258",55.5960896044395,0,71.0235201309119,0,0,0,0
"259",0,0,0,0,0,0,0
"260",0,0,3.14279671256951,0,0,0,0
"261",0,0,0,0,0,0,0
"262",0,0,0,0,0,0,0
"263",90.1110104345375,0,77.7904644089101,0,0,0,0
"264",54.4605263608894,0,38.4270128798794,0,0,0,0
"265",79.0254307693884,0,77.1408980357843,0,0,0,0
"266",0,0,2.34391548912776,0,0,0,0
"267",41.8750504494211,0,64.4636429380719,0,0,0,0
"268",62.7332150331768,0,62.9541155188091,0,0,0,0
"269",44.3999828124763,0,54.9678484350854,0,0,0,0
"270",80.2298255967989,0,68.547743061306,0,77.2231752268062,0,72.9958333702052
"271",0,0,4.72097736986623,0,0,0,0
"272",47.6457140983524,123.772402333154,43.1311233624361,98.2754269494865,176.354878293595,0,174.686474564078
"273",0,0,0,0,0,0,0
"274",0,0,0,0,0,0,0
"275",68.21644010788,0,64.9999055448739,0,0,0,0
"276",0,0,0,0,0,0,0
"277",56.7415326876349,0,64.6095965197617,0,0,0,0
"278",53.2260635009399,0,70.2451252938064,0,0,0,0
"279",67.5775514544558,0,57.9794998816891,0,0,0,0
"280",0,0,0,0,0,0,0
"281",0,0,0,0,0,0,0
"282",43.9500246338981,0,47.2152272398784,0,0,0,0
"283",96.2060933693073,0,69.5389938557546,0,0,0,0
"284",0,0,0,0,0,0,0
"285",62.9234985083345,0,68.8835775780503,0,0,0,0
"286",63.0486831524355,0,67.8519753241204,0,0,0,0
"287",61.0084236455406,0,81.9158165711565,0,0,0,0
"288",73.1514071718071,0,92.1166018575274,0,0,0,0
"289",45.173577019293,0,49.7051333806426,39.0462184744946,21.5618442025296,0,0
"290",60.1548063284806,0,58.8308424846555,0,0,0,0
"291",54.1064871417098,52.5574131505622,54.2726076714596,0,64.4520727592165,66.3874225885962,0
"292",0,0,0,0,0,0,0
"293",64.8160497819872,0,67.6921024793135,0,0,0,0
"294",64.2593665863468,0,82.0482296852378,0,0,0,0
"295",58.5297847212146,0,62.4545487753685,0,0,0,0
"296",76.4646726406837,0,90.3724040219683,0,0,0,0
"297",42.528426252047,0,50.8586615893219,0,0,0,0
"298",0,0,0,0,0,0,0
"299",68.6009400455834,0,50.4695302477704,0,0,0,0
"300",23.9179964904751,0,0,0,0,0,0
"301",0,0,3.59846553901236,0,0,0,0
"302",61.1917143395084,0,64.4752048198966,0,0,0,0
"303",79.0107824858811,0,75.3351558473246,0,0,0,0
"304",57.0944873201738,0,66.4244974209364,0,0,0,0
"305",66.7195786429954,74.3978114331152,70.3592283635824,0,73.065769233705,0,0
"306",69.2062111573554,66.1213153299598,79.5285548749727,0,0,0,0
"307",0,0,3.01667851055958,0,0,0,0
"308",65.2741127572137,0,66.3806052928906,0,0,0,0
"309",0,0,0,0,0,0,0
"310",49.5363287440933,0,60.2515458891391,0,0,0,0
"311",51.393834185753,0,59.3865781479356,0,0,0,0
"312",69.4735815339883,89.1667023577106,65.3527612204052,98.0872526442447,100.28586077402,0,62.2488977039578
"313",73.1265082604696,81.5138184896383,66.4920926813586,117.470347597741,102.37811401589,109.849762454723,113.567045385779
"314",58.8695391303156,0,48.7214191359935,0,0,0,0
"315",0,0,5.09832598307741,0,0,0,0
"316",0,0,0,0,0,0,0
"317",87.7464979832393,0,81.7966613294798,0,0,0,0
"318",76.9803400603533,0,75.0618880305721,0,0,0,0
"319",50.5956874320848,0,55.9614313364158,0,0,0,0
"320",67.3205831936694,0,69.3541726557733,0,0,0,0
"321",0,0,0,0,0,0,0
"322",5.95817848186961,0,0,0,0,0,0
"323",49.7458690414898,0,64.6798045517059,0,0,0,0
"324",57.8545073485947,0,55.9536504512856,0,0,0,0
"325",0,0,0,0,0,0,0
"326",0,0,0,0,0,0,0
"327",73.5338429009391,0,75.203757350978,0,0,0,0
"328",0,0,0,0,0,0,0
"329",61.7208532789426,0,58.4549666444329,0,0,0,0
"330",76.2688163835841,0,73.5910133919847,0,0,0,0
"331",74.5231581451015,0,93.7050723759401,0,0,0,0
"332",51.60511433138,0,60.2149894863832,0,0,0,0
"333",56.3928166521075,0,73.703055860307,0,0,0,0
"334",54.1667988101072,0,53.8389344546371,0,0,0,0
"335",0,0,0,0,0,0,0
"336",57.8221189025566,0,58.1416247351259,0,0,0,0
"337",0,0,0,0,0,0,0
"338",59.038878583935,0,61.9917640008841,0,0,0,0
"339",0,0,0,0,0,0,0
"340",70.7175251961673,78.6742229153351,52.2804427763746,137.679161877735,58.526591990151,68.2042824195824,166.360618206834
"341",46.7891946583179,0,62.9871115199003,0,0,0,0
"342",71.2714421224603,0,74.9451697958989,0,0,0,0
"343",62.9072929917708,0,47.4050161646933,0,0,0,0
"344",0,0,0,0,0,0,0
"345",57.4037016399872,0,54.4009791620413,0,0,0,0
"346",61.4103994840549,0,54.611448470746,0,0,0,0
"347",47.5884866571,0,55.2898630160911,0,0,0,0
"348",80.9629984788303,0,65.2266384875542,0,0,0,0
"349",0,0,0,0,0,0,0
"350",57.8728887492988,0,71.6871507097023,0,0,0,0
"351",73.7399860126244,0,66.4236889632968,0,0,0,0
"352",0,0,8.44581506301134,0,0,0,0
"353",54.9493173915759,0,63.1798350653683,69.5175474755589,65.4428808355125,25.7458911934509,0
"354",45.0254775303061,0,56.3588333227255,0,0,0,0
"355",0,0,0,0,0,0,0
"356",73.9045408204119,0,82.6950558533008,0,0,0,0
"357",0,0,1.23853639077343,0,0,0,0
"358",0,0,8.22692472628474,0,0,0,0
"359",64.8236153140339,0,65.7499098365183,0,0,0,0
"360",46.3888571035146,93.5630948050486,46.6191937644105,106.799854247491,83.7420525030738,89.3507541847322,86.2279168878411
"361",0,0,11.0198943480897,0,0,0,0
"362",82.7170489052785,0,80.5814421652612,0,0,0,0
"363",57.1997908488999,0,66.7457801716266,0,0,0,0
"364",56.2570889308312,0,62.8294632201487,0,0,0,0
"365",56.1452207479837,74.101910169947,58.3766423186167,0,62.6724245204938,0,0
"366",63.6601431824093,0,69.3776339806702,0,0,0,0
"367",94.3092442550467,0,112.912412675249,114.125737714803,0,0,0
"368",66.6207140301045,0,54.4869125918142,0,0,0,0
"369",82.3531132342416,0,90.7502776137399,0,0,0,0
"370",56.5338983058861,0,62.8264332221333,0,0,0,0
"371",0,0,0,0,0,0,0
"372",72.1237913177987,0,77.4076790833912,0,0,0,0
"373",68.5923537635252,0,69.3056462071526,0,0,0,0
"374",0,0,0,0,0,0,0
"375",0,0,0,0,0,0,0
"376",57.3939654064637,0,57.2577331546855,0,0,0,0
"377",46.0771342127356,0,49.138072711267,0,0,0,0
"378",0,0,0,0,0,0,0
"379",49.6489105930945,0,66.0802895819078,101.110531912558,85.5102433787514,0,0
"380",69.2962114092033,0,62.89414559768,116.195242006396,0,0,0
"381",57.6839887004861,0,70.8598187383422,0,0,0,0
"382",76.1158763267613,0,59.6107255734201,0,0,0,0
"383",0,0,0,0,0,0,0
"384",54.6059335160167,0,60.8705195542461,0,0,0,0
"385",0,0,0,0,0,0,0
"386",66.3470124192989,0,70.0092762230059,0,0,0,0
"387",0,0,0.17947376498113,0,0,0,0
"388",65.2317673016186,0,64.2888984634794,0,0,0,0
"389",58.6858293537127,147.617431717335,68.8364602776335,126.956620791709,134.063116740139,0,140.213678706841
"390",69.9399274600694,91.3358730985356,64.9742461994299,99.6456550905095,106.594549205875,0,86.8358867107154
"391",38.9487695762937,0,43.923189833179,0,0,0,0
"392",46.4140629722883,63.6272453718297,59.2493143026269,0,0,0,0
"393",43.0418247066254,0,58.2212486587985,0,0,0,0
"394",0,0,0,0,0,0,0
"395",64.6993965946017,0,49.4113747725927,0,0,0,0
"396",4.75744110813896,0,3.78977439547723,0,0,0,0
"397",63.7955101063243,0,62.8781015648191,0,0,0,0
"398",37.8298197769904,0,41.7184973683967,0,0,0,0
"399",62.9951088197131,0,62.1968425526828,0,0,0,0
"400",0,0,0,0,0,0,0
"401",59.5529161802593,0,54.557399213367,0,0,0,0
"402",60.1969975065383,0,51.1088848734019,0,0,0,0
"403",12.3781259842056,0,5.7241504689937,0,0,0,0
"404",84.3700667992335,0,82.8888907370423,0,0,0,0
"405",65.6106657768162,0,81.868625601692,0,0,0,0
"406",77.5516807973179,0,67.3960213245999,0,48.0016145908735,0,0
"407",61.9087224241747,0,66.986129070832,190.118254241237,177.78768382368,0,192.771207207807
"408",54.325243945085,0,68.6285564940068,0,0,0,0
"409",0,0,0,0,0,0,0
"410",47.5046147511178,0,54.2251085099239,0,0,0,0
"411",59.2223594583696,0,81.9537565655172,0,0,0,0
"412",59.6910588950445,0,59.1180180492007,0,0,0,0
"413",57.6233241042516,0,58.2913185624071,0,0,0,0
"414",50.4572485333676,0,54.448364011278,0,0,0,0
"415",59.8052691936297,0,53.512813494815,0,0,0,0
"416",56.1523595558631,55.8180439540946,62.2979745747425,0,55.1384334937103,0,0
"417",0,0,0,0,0,0,0
"418",68.2078365260385,0,71.2401491645881,0,0,0,0
"419",0,0,0,0,0,0,0
"420",55.9450951437948,0,67.1437687122404,0,0,0,0
"421",56.7663101022556,0,57.1303514500296,0,0,0,0
"422",0,0,5.70587013392497,0,0,0,0
"423",46.2725433142428,0,45.109542920644,0,0,0,0
"424",41.7745403330728,0,42.1895362096485,0,0,0,0
"425",52.6044708677668,0,59.0665178407653,0,0,0,0
"426",62.7517640338853,0,58.0722323270755,0,0,0,0
"427",54.9138646388287,0,59.6351836523411,0,0,0,0
"428",0,0,0,0,0,0,0
"429",0,0,0,0,0,0,0
"430",55.9908360368827,0,71.8445447329447,0,0,0,0
"431",71.9996215141234,0,75.1166394067156,0,0,0,0
"432",0,0,0,0,0,0,0
"433",51.6598016159479,0,50.9271515379739,0,0,0,0
"434",9.35694406342421,0,0,0,0,0,0
"435",70.6965425528224,0,64.6521360411704,0,0,0,0
"436",51.9451030227632,83.9251520345246,69.2116559364261,119.731488698515,95.5901853665311,105.415014050064,117.996179841176
"437",56.1214727575605,97.2315276046835,60.3053774491093,91.9632259680993,82.7752871791661,109.103638300089,102.227366510074
"438",61.8551849453393,0,60.0051969132123,0,0,0,0
"439",0,0,0,0,0,0,0
"440",70.7328972193438,0,74.4560048762009,0,0,0,0
"441",53.8192538596242,0,63.2962446485323,0,0,0,0
"442",77.5076429505677,0,77.2637071915341,0,0,0,0
"443",0,0,0,0,0,0,0
"444",47.0326822154957,0,54.75166820501,0,0,0,0
"445",63.6792915682888,0,57.2727210618376,0,0,0,0
"446",0,0,3.6376777050736,0,0,0,0
"447",93.948599174982,0,91.7113414396264,0,0,0,0
"448",106.805409281368,0,99.4436563107329,0,0,0,0
"449",0,0,0.181640017133433,0,0,0,0
"450",70.6743779547987,198.427991603944,87.7433459585232,166.884494098581,169.480718377678,191.443613395119,183.339620178604
"451",70.3678456758762,0,57.5528985837539,0,0,0,0
"452",48.6281717561063,0,54.7009237634635,0,0,0,0
"453",0,0,6.34821929904626,0,0,0,0
"454",59.9999022408348,0,76.1920565419439,0,0,0,0
"455",103.839741752545,66.6267572928833,94.3417003694802,0,0,0,0
"456",49.2277707317371,0,49.4766815193601,0,0,0,0
"457",18.4433369679244,0,20.860429855252,0,0,0,0
"458",54.4797790388736,0,60.5726315840189,0,0,0,0
"459",60.9308195656612,0,58.8165887690615,0,0,0,0
"460",61.1540352838253,0,66.9943322807174,0,0,0,0
"461",48.2165747367098,85.694556667016,48.5568298316159,133.516447447171,70.8834163256435,0,79.5897780566325
"462",0,0,0,0,0,0,0
"463",59.6119641034785,0,56.3384154995381,0,0,0,0
"464",71.3299926642865,0,72.898350975095,0,0,0,0
"465",75.9902867286014,0,77.7667992984225,0,0,0,0
"466",102.706761375112,0,111.284771553705,0,0,0,0
"467",70.6080060711049,0,87.0073295967957,0,0,0,0
"468",69.5605229011005,0,72.9422295686064,0,0,0,0
"469",0,0,0,0,0,0,0
"470",51.3018029506694,0,51.6371487515682,0,0,0,0
"471",0,0,0,0,0,0,0
"472",52.6556820778279,59.713095816767,61.9269686075937,54.4116323550129,62.390281775053,83.5728219625234,74.7085453959682
"473",84.0533453430281,60.04426165131,85.5423549814012,81.6708361755666,70.5208204754931,69.096548196067,60.9945642477079
"474",4.19266508035275,0,0,0,0,0,0
"475",7.3769723746318,0,0,0,0,0,0
"476",0,0,0,0,0,0,0
"477",75.2119840014302,0,77.7222313012139,0,0,0,0
"478",0,0,2.8604462419869,0,0,0,0
"479",0,0,0,0,0,0,0
"480",0,0,1.71638661595418,0,0,0,0
"481",58.2497219309805,0,61.6786993730057,0,0,0,0
"482",78.4383226472093,143.97100876048,76.3662615608907,123.659750192232,133.503852487118,113.459438033266,116.532105601613
"483",53.2906170587555,0,46.4039736682499,0,0,0,0
"484",68.1681075265231,0,69.5258031030005,0,0,0,0
"485",0,0,0,0,0,0,0
"486",0,0,5.43645937940969,0,0,0,0
"487",0,0,0,0,0,0,0
"488",0,0,9.48008791042051,0,0,0,0
"489",47.9766376276894,0,60.8181495561779,0,0,0,0
"490",0,0,0,0,0,0,0
"491",48.4338350743221,0,55.8750194616202,0,0,0,0
"492",57.1122613334793,0,55.9175980872009,77.8784246922228,0,46.8771625918126,0
"493",72.7518278616955,0,75.4355886972006,0,0,0,0
"494",62.1674376027465,0,63.2633725170582,0,0,0,0
"495",0,0,0,0,0,0,0
"496",0,0,11.9019620401821,0,0,0,0
"497",52.1472952240284,94.1766241011349,60.6005662661975,85.7688470858393,101.353506506885,68.6898955320204,106.739986833342
"498",56.2661638361258,0,53.9572216964642,0,0,0,0
"499",56.2208924532667,0,61.9964092117841,0,0,0,33.7749547565043
"500",72.8048771872151,0,67.9188031952719,0,86.0405945968967,0,0
