"","age1_orange.A","age1_green.A","age2_no_comorbid_orange.A","age2_no_comorbid_green.A","age2_comorbid_green.A","age3_no_comorbid_green.A","age3_comorbid_green.A"
"1",4.92021276595745,4.80769230769231,4.4811320754717,3.19829424307036,3.99361022364217,2.27272727272727,2.68096514745308
"2",3.98936170212766,6.41025641025641,4.12735849056604,6.39658848614073,3.19488817891374,2.27272727272727,4.02144772117963
"3",3.98936170212766,8.01282051282051,3.06603773584906,4.26439232409382,2.3961661341853,4.54545454545455,4.02144772117963
"4",4.12234042553191,0,3.41981132075472,0,0,0,0
"5",4.65425531914894,6.41025641025641,4.24528301886792,3.19829424307036,1.59744408945687,4.54545454545455,2.68096514745308
"6",3.05851063829787,0,2.94811320754717,0,0,0,0
"7",0,0,0,0,0,0,0
"8",3.72340425531915,6.41025641025641,3.89150943396226,4.26439232409382,3.19488817891374,2.27272727272727,1.34048257372654
"9",3.72340425531915,0,3.77358490566038,0,0,0,0
"10",3.32446808510638,6.41025641025641,3.18396226415094,2.13219616204691,3.19488817891374,2.27272727272727,1.34048257372654
"11",4.25531914893617,3.20512820512821,3.18396226415094,2.13219616204691,2.3961661341853,4.54545454545455,1.34048257372654
"12",4.12234042553191,0,2.83018867924528,0,0,0,0
"13",5.0531914893617,0,4.00943396226415,0,0,0,0
"14",5.71808510638298,4.80769230769231,3.65566037735849,2.13219616204691,4.79233226837061,2.27272727272727,4.02144772117963
"15",3.59042553191489,0,4.00943396226415,0,0,0,0
"16",3.98936170212766,0,3.41981132075472,0,0,0,0
"17",4.25531914893617,0,4.24528301886792,0,0,0,0
"18",3.05851063829787,0,4.24528301886792,0,0,0,0
"19",4.12234042553191,0,4.12735849056604,0,0,0,0
"20",0,0,0,0,0,0,0
"21",4.12234042553191,0,4.71698113207547,0,0,0,0
"22",5.0531914893617,3.20512820512821,5.30660377358491,2.13219616204691,3.99361022364217,2.27272727272727,4.02144772117963
"23",4.25531914893617,0,2.83018867924528,0,0,0,0
"24",4.12234042553191,0,4.71698113207547,0,0,0,1.34048257372654
"25",5.71808510638298,0,3.77358490566038,0,0,0,0
"26",4.38829787234043,0,2.94811320754717,0,0,0,0
"27",4.25531914893617,0,3.89150943396226,0,0,0,0
"28",4.25531914893617,3.20512820512821,3.18396226415094,1.06609808102345,3.19488817891374,4.54545454545455,1.34048257372654
"29",0,0,0,0,0,0,0
"30",3.45744680851064,0,4.83490566037736,0,0,0,0
"31",5.18617021276596,0,4.12735849056604,0,0,0,0
"32",5.45212765957447,0,3.41981132075472,0,0,0,0
"33",3.98936170212766,3.20512820512821,4.24528301886792,2.13219616204691,4.79233226837061,0,5.36193029490617
"34",0,0,0,0,0,0,0
"35",4.52127659574468,6.41025641025641,2.7122641509434,2.13219616204691,3.99361022364217,2.27272727272727,2.68096514745308
"36",4.12234042553191,0,2.83018867924528,0,0,0,0
"37",5.31914893617021,0,3.30188679245283,0,0,0,0
"38",0,0,0,0,0,0,0
"39",3.45744680851064,0,3.06603773584906,0,0,0,0
"40",3.59042553191489,0,2.7122641509434,0,0,0,0
"41",4.12234042553191,4.80769230769231,3.06603773584906,4.26439232409382,2.3961661341853,4.54545454545455,2.68096514745308
"42",0,0,0,0,0,0,0
"43",3.72340425531915,0,4.00943396226415,0,0,0,0
"44",3.59042553191489,0,4.00943396226415,0,0,0,0
"45",4.52127659574468,0,3.41981132075472,0,0,0,0
"46",4.12234042553191,0,2.94811320754717,0,0,0,0
"47",4.25531914893617,0,4.59905660377358,0,0,0,0
"48",0,0,0,0,0,0,0
"49",4.65425531914894,8.01282051282051,3.5377358490566,6.39658848614073,5.59105431309904,6.81818181818182,4.02144772117963
"50",0,0,0,0,0,0,0
"51",4.78723404255319,3.20512820512821,3.89150943396226,4.26439232409382,2.3961661341853,2.27272727272727,2.68096514745308
"52",0,0,0,0,0,0,0
"53",4.38829787234043,0,3.77358490566038,0,0,0,0
"54",3.72340425531915,0,3.89150943396226,0,0,0,0
"55",0,0,0,0,0,0,0
"56",4.65425531914894,0,3.18396226415094,0,0,0,0
"57",3.45744680851064,0,3.77358490566038,0,0,0,0
"58",4.65425531914894,0,3.41981132075472,0,0,0,0
"59",4.12234042553191,0,4.83490566037736,0,0,0,0
"60",4.25531914893617,0,4.36320754716981,0,0,0,0
"61",3.59042553191489,0,3.06603773584906,0,0,0,0
"62",4.12234042553191,8.01282051282051,3.18396226415094,3.19829424307036,3.19488817891374,2.27272727272727,4.02144772117963
"63",0,0,0.117924528301887,0,0,0,0
"64",4.12234042553191,0,2.94811320754717,0,0,0,0
"65",3.19148936170213,3.20512820512821,3.41981132075472,3.19829424307036,2.3961661341853,2.27272727272727,1.34048257372654
"66",3.32446808510638,3.20512820512821,3.30188679245283,4.26439232409382,1.59744408945687,4.54545454545455,4.02144772117963
"67",4.38829787234043,0,3.77358490566038,0,0,0,0
"68",3.59042553191489,0,4.00943396226415,0,0,0,0
"69",4.52127659574468,0,4.24528301886792,0,0,0,0
"70",4.52127659574468,3.20512820512821,3.30188679245283,2.13219616204691,3.19488817891374,2.27272727272727,1.34048257372654
"71",4.78723404255319,3.20512820512821,4.24528301886792,4.26439232409382,2.3961661341853,6.81818181818182,1.34048257372654
"72",5.0531914893617,4.80769230769231,2.7122641509434,5.33049040511727,5.59105431309904,4.54545454545455,5.36193029490617
"73",4.65425531914894,0,3.06603773584906,0,0,0,0
"74",4.65425531914894,3.20512820512821,3.5377358490566,3.19829424307036,2.3961661341853,4.54545454545455,2.68096514745308
"75",3.8563829787234,0,2.94811320754717,0,0,0,0
"76",0,0,0.117924528301887,0,0,0,0
"77",3.59042553191489,3.20512820512821,3.41981132075472,4.26439232409382,3.99361022364217,4.54545454545455,2.68096514745308
"78",4.38829787234043,0,3.30188679245283,0,0,0,0
"79",4.52127659574468,0,2.7122641509434,0,0,0,0
"80",0,0,0,0,0,0,0
"81",5.31914893617021,6.41025641025641,3.41981132075472,3.19829424307036,3.99361022364217,2.27272727272727,4.02144772117963
"82",4.78723404255319,4.80769230769231,4.12735849056604,4.26439232409382,5.59105431309904,2.27272727272727,4.02144772117963
"83",4.25531914893617,0,3.41981132075472,0,0,0,0
"84",4.25531914893617,0,3.5377358490566,0,0,0,0
"85",4.65425531914894,0,3.77358490566038,0,0,0,0
"86",4.12234042553191,3.20512820512821,2.47641509433962,3.19829424307036,3.19488817891374,4.54545454545455,2.68096514745308
"87",3.98936170212766,4.80769230769231,3.41981132075472,2.13219616204691,2.3961661341853,4.54545454545455,4.02144772117963
"88",0,0,0,0,0,0,0
"89",0.132978723404255,0,0,0,0,0,0
"90",6.25,3.20512820512821,3.77358490566038,3.19829424307036,2.3961661341853,2.27272727272727,2.68096514745308
"91",2.79255319148936,0,3.5377358490566,0,0,0,0
"92",3.98936170212766,3.20512820512821,3.5377358490566,3.19829424307036,3.19488817891374,2.27272727272727,2.68096514745308
"93",4.12234042553191,0,3.41981132075472,0,0,0,0
"94",3.59042553191489,0,3.5377358490566,0,0,0,0
"95",4.12234042553191,4.80769230769231,4.71698113207547,4.26439232409382,4.79233226837061,2.27272727272727,2.68096514745308
"96",4.78723404255319,0,4.24528301886792,0,0,0,0
"97",0,0,0,0,0,0,0
"98",3.32446808510638,0,3.89150943396226,0,0,0,0
"99",3.72340425531915,0,4.36320754716981,0,0,0,0
"100",4.38829787234043,4.80769230769231,5.42452830188679,2.13219616204691,5.59105431309904,4.54545454545455,2.68096514745308
"101",3.45744680851064,0,2.83018867924528,0,0,0,0
"102",3.72340425531915,0,3.89150943396226,0,0,0,0
"103",0,0,0,0,0,0,0
"104",4.12234042553191,11.2179487179487,3.18396226415094,4.26439232409382,3.19488817891374,4.54545454545455,4.02144772117963
"105",3.98936170212766,0,3.06603773584906,0,0,0,0
"106",4.38829787234043,6.41025641025641,4.12735849056604,2.13219616204691,2.3961661341853,4.54545454545455,5.36193029490617
"107",0,0,0,0,0,0,0
"108",4.92021276595745,0,3.89150943396226,0,0,0,0
"109",0,0,0.117924528301887,0,0,0,0
"110",4.25531914893617,0,3.65566037735849,0,0,0,0
"111",4.38829787234043,0,3.77358490566038,0,0,0,0
"112",4.38829787234043,4.80769230769231,2.59433962264151,3.19829424307036,4.79233226837061,9.09090909090909,4.02144772117963
"113",4.12234042553191,0,3.18396226415094,0,0,0,0
"114",3.59042553191489,0,3.5377358490566,0,0,0,0
"115",0.132978723404255,0,0,0,0,0,0
"116",4.38829787234043,0,3.41981132075472,0,0,0,0
"117",0,0,0,0,0,0,0
"118",3.8563829787234,0,3.18396226415094,0,0,0,0
"119",3.59042553191489,0,3.30188679245283,0,0,0,0
"120",5.0531914893617,4.80769230769231,4.83490566037736,3.19829424307036,2.3961661341853,6.81818181818182,4.02144772117963
"121",4.12234042553191,6.41025641025641,4.12735849056604,3.19829424307036,4.79233226837061,2.27272727272727,1.34048257372654
"122",4.52127659574468,3.20512820512821,4.24528301886792,6.39658848614073,2.3961661341853,6.81818181818182,6.70241286863271
"123",4.92021276595745,0,3.30188679245283,0,0,0,0
"124",4.25531914893617,0,3.5377358490566,0,0,0,0
"125",4.25531914893617,0,4.59905660377358,0,0,0,0
"126",5.71808510638298,0,3.65566037735849,0,0,0,0
"127",0,0,0,0,0,0,0
"128",4.12234042553191,0,3.41981132075472,0,0,0,0
"129",4.65425531914894,0,2.83018867924528,0,0,0,0
"130",3.45744680851064,3.20512820512821,3.77358490566038,5.33049040511727,3.99361022364217,2.27272727272727,4.02144772117963
"131",0,0,0,0,0,0,0
"132",2.3936170212766,0,3.5377358490566,0,0,0,0
"133",4.78723404255319,0,3.5377358490566,0,0,0,0
"134",4.38829787234043,0,3.06603773584906,0,0,0,0
"135",0,0,0,0,0,0,0
"136",3.19148936170213,0,3.5377358490566,0,0,0,0
"137",4.78723404255319,0,3.18396226415094,0,0,0,0
"138",5.45212765957447,6.41025641025641,3.41981132075472,3.19829424307036,5.59105431309904,4.54545454545455,1.34048257372654
"139",0,0,0,0,0,0,0
"140",4.65425531914894,0,3.65566037735849,0,0,0,0
"141",4.12234042553191,0,2.94811320754717,0,0,0,0
"142",3.45744680851064,0,2.7122641509434,0,0,0,0
"143",0,0,0,0,0,0,0
"144",3.72340425531915,4.80769230769231,3.89150943396226,4.26439232409382,2.3961661341853,6.81818181818182,1.34048257372654
"145",3.59042553191489,0,4.4811320754717,0,0,0,0
"146",4.38829787234043,0,3.18396226415094,0,0,0,0
"147",4.65425531914894,0,2.83018867924528,0,0,0,0
"148",3.32446808510638,0,3.30188679245283,0,0,0,0
"149",4.92021276595745,0,3.65566037735849,0,0,0,0
"150",3.72340425531915,0,3.18396226415094,0,0,0,0
"151",4.78723404255319,0,2.7122641509434,0,0,0,0
"152",5.0531914893617,9.61538461538462,4.95283018867925,4.26439232409382,4.79233226837061,6.81818181818182,4.02144772117963
"153",3.05851063829787,0,3.5377358490566,0,0,0,0
"154",3.45744680851064,0,3.18396226415094,0,0,0,0
"155",4.52127659574468,3.20512820512821,4.4811320754717,4.26439232409382,4.79233226837061,4.54545454545455,4.02144772117963
"156",0,0,0,0,0,0,0
"157",4.65425531914894,0,3.65566037735849,0,0,0,0
"158",5.85106382978723,8.01282051282051,4.83490566037736,5.33049040511727,2.3961661341853,4.54545454545455,4.02144772117963
"159",3.8563829787234,0,4.71698113207547,0,0,0,0
"160",4.25531914893617,0,3.06603773584906,0,0,0,1.34048257372654
"161",0,0,0,0,0,0,0
"162",3.72340425531915,0,2.94811320754717,0,0,0,0
"163",3.59042553191489,3.20512820512821,2.94811320754717,3.19829424307036,7.18849840255591,6.81818181818182,4.02144772117963
"164",5.0531914893617,6.41025641025641,3.41981132075472,3.19829424307036,2.3961661341853,2.27272727272727,2.68096514745308
"165",3.59042553191489,0,3.18396226415094,0,0,0,0
"166",4.92021276595745,0,2.94811320754717,0,0,0,0
"167",4.25531914893617,0,4.24528301886792,0,0,0,0
"168",4.25531914893617,0,3.65566037735849,0,0,0,0
"169",3.98936170212766,0,3.77358490566038,0,0,0,0
"170",4.65425531914894,0,3.18396226415094,0,0,0,0
"171",3.59042553191489,0,3.77358490566038,0,0,0,0
"172",4.12234042553191,0,3.89150943396226,0,0,0,0
"173",3.59042553191489,0,4.00943396226415,0,0,0,0
"174",4.65425531914894,0,3.06603773584906,0,0,0,0
"175",4.65425531914894,0,3.65566037735849,0,0,0,0
"176",4.52127659574468,4.80769230769231,4.59905660377358,3.19829424307036,3.19488817891374,4.54545454545455,4.02144772117963
"177",3.98936170212766,0,3.5377358490566,0,0,0,0
"178",0,0,0,0,0,0,0
"179",4.38829787234043,0,3.06603773584906,1.06609808102345,0,0,0
"180",5.31914893617021,0,4.59905660377358,0,0,0,0
"181",0,0,0,0,0,0,0
"182",3.98936170212766,0,3.30188679245283,0,0,0,0
"183",4.25531914893617,3.20512820512821,3.89150943396226,2.13219616204691,3.19488817891374,4.54545454545455,4.02144772117963
"184",3.59042553191489,0,3.30188679245283,0,0,0,0
"185",4.12234042553191,0,3.5377358490566,0,0,0,0
"186",3.32446808510638,0,3.41981132075472,0,0,0,0
"187",0,0,0.117924528301887,0,0,0,0
"188",4.25531914893617,0,2.83018867924528,0,0,0,0
"189",4.52127659574468,0,3.5377358490566,0,0,0,0
"190",3.45744680851064,0,3.65566037735849,0,0,0,0
"191",4.25531914893617,0,4.00943396226415,0,0,0,0
"192",0,0,0,0,0,0,0
"193",0,0,0,0,0,0,0
"194",5.18617021276596,0,3.89150943396226,0,0,0,0
"195",3.45744680851064,3.20512820512821,4.36320754716981,2.13219616204691,3.99361022364217,2.27272727272727,2.68096514745308
"196",4.78723404255319,0,2.94811320754717,0,0,0,0
"197",0,0,0.117924528301887,0,0,0,0
"198",4.78723404255319,0,3.77358490566038,0,0,0,0
"199",3.45744680851064,0,3.89150943396226,0,0,0,0
"200",3.59042553191489,0,4.12735849056604,0,0,0,0
"201",4.78723404255319,0,3.41981132075472,0,0,0,0
"202",0,0,0,0,0,0,0
"203",4.78723404255319,0,3.5377358490566,0,0,0,0
"204",4.12234042553191,8.01282051282051,3.06603773584906,7.46268656716418,5.59105431309904,4.54545454545455,2.68096514745308
"205",5.18617021276596,11.2179487179487,4.36320754716981,5.33049040511727,1.59744408945687,2.27272727272727,5.36193029490617
"206",0,0,0,0,0,0,0
"207",3.59042553191489,0,4.24528301886792,0,0.798722044728434,0,0
"208",3.8563829787234,0,4.24528301886792,0,0,0,0
"209",4.52127659574468,0,4.59905660377358,0,0,0,0
"210",4.52127659574468,0,3.5377358490566,0,0,0,0
"211",0,0,0,0,0,0,0
"212",3.05851063829787,0,3.65566037735849,0,0,0,0
"213",0,0,0.117924528301887,0,0,0,0
"214",4.38829787234043,0,3.41981132075472,0,0,2.27272727272727,0
"215",4.78723404255319,0,3.65566037735849,0,0,0,0
"216",0,0,0,0,0,0,0
"217",4.38829787234043,0,3.77358490566038,0,0,0,0
"218",4.38829787234043,0,4.4811320754717,0,0,0,0
"219",0,0,0,0,0,0,0
"220",4.25531914893617,0,3.77358490566038,0,0,0,0
"221",0,0,0,0,0,0,0
"222",0,0,0,0,0,0,0
"223",4.38829787234043,0,3.18396226415094,0,0,0,0
"224",5.18617021276596,0,2.94811320754717,0,0,0,0
"225",4.38829787234043,4.80769230769231,3.41981132075472,4.26439232409382,5.59105431309904,6.81818181818182,5.36193029490617
"226",0,0,0,0,0,0,0
"227",4.65425531914894,0,4.4811320754717,0,0,0,0
"228",3.98936170212766,0,3.30188679245283,0,0,0,0
"229",3.59042553191489,0,3.41981132075472,0,0,0,0
"230",3.59042553191489,6.41025641025641,4.00943396226415,5.33049040511727,2.3961661341853,2.27272727272727,2.68096514745308
"231",3.19148936170213,0,3.06603773584906,0,0,0,0
"232",0,0,0,0,0,0,0
"233",0,0,0.117924528301887,0,0,0,0
"234",4.12234042553191,6.41025641025641,3.18396226415094,3.19829424307036,4.79233226837061,4.54545454545455,4.02144772117963
"235",4.38829787234043,0,2.12264150943396,0,0,0,0
"236",3.72340425531915,0,2.94811320754717,0,0,0,0
"237",0,0,0,0,0,0,0
"238",5.18617021276596,3.20512820512821,4.36320754716981,2.13219616204691,2.3961661341853,2.27272727272727,1.34048257372654
"239",3.45744680851064,0,3.5377358490566,0,0,0,0
"240",0,0,0,0,0,0,0
"241",3.72340425531915,4.80769230769231,2.94811320754717,3.19829424307036,3.99361022364217,2.27272727272727,4.02144772117963
"242",4.38829787234043,0,3.5377358490566,0,0,0,0
"243",0,0,0,0,0,0,0
"244",0,0,0,0,0,0,0
"245",4.12234042553191,0,3.89150943396226,0,0,0,0
"246",3.59042553191489,4.80769230769231,3.77358490566038,3.19829424307036,5.59105431309904,6.81818181818182,5.36193029490617
"247",3.19148936170213,0,3.18396226415094,0,0,0,0
"248",5.18617021276596,0,4.83490566037736,0,0,0,1.34048257372654
"249",3.72340425531915,6.41025641025641,4.24528301886792,2.13219616204691,1.59744408945687,2.27272727272727,1.34048257372654
"250",0,0,0.117924528301887,0,0,0,0
"251",3.98936170212766,0,2.83018867924528,0,0,0,0
"252",3.72340425531915,0,2.94811320754717,0,0,0,0
"253",4.25531914893617,1.6025641025641,4.4811320754717,0,0,0,0
"254",3.8563829787234,0,3.77358490566038,0,0,0,0
"255",4.25531914893617,0,3.89150943396226,0,0,0,0
"256",0,0,0,0,0,0,0
"257",4.78723404255319,0,3.77358490566038,0,0,0,0
"258",3.19148936170213,3.20512820512821,4.00943396226415,4.26439232409382,3.19488817891374,2.27272727272727,1.34048257372654
"259",0.132978723404255,0,0,0,0,0,0
"260",4.12234042553191,0,3.30188679245283,0,0,0,0
"261",0,0,0,0,0,0,0
"262",3.72340425531915,0,2.35849056603774,0,0,0,0
"263",4.52127659574468,0,3.5377358490566,0,0,0,0
"264",3.45744680851064,0,3.65566037735849,0,0,0,0
"265",3.59042553191489,4.80769230769231,4.24528301886792,2.13219616204691,1.59744408945687,2.27272727272727,1.34048257372654
"266",3.98936170212766,3.20512820512821,2.94811320754717,4.26439232409382,5.59105431309904,2.27272727272727,4.02144772117963
"267",4.92021276595745,4.80769230769231,3.65566037735849,3.19829424307036,3.19488817891374,2.27272727272727,2.68096514745308
"268",3.19148936170213,0,3.5377358490566,0,0,0,0
"269",0,0,0.117924528301887,0,0,0,0
"270",0,0,0,0,0,0,0
"271",3.8563829787234,8.01282051282051,3.30188679245283,3.19829424307036,2.3961661341853,2.27272727272727,2.68096514745308
"272",4.65425531914894,0,3.5377358490566,0,0,0,0
"273",4.78723404255319,0,5.89622641509434,0,0,0,0
"274",4.12234042553191,8.01282051282051,3.5377358490566,7.46268656716418,3.99361022364217,2.27272727272727,5.36193029490617
"275",3.72340425531915,1.6025641025641,4.36320754716981,0,0.798722044728434,0,1.34048257372654
"276",0,0,0,0,0,0,0
"277",3.72340425531915,0,4.00943396226415,0,0,0,0
"278",4.25531914893617,0,3.77358490566038,0,0,0,0
"279",3.8563829787234,0,4.00943396226415,0,0,0,0
"280",4.25531914893617,0,3.5377358490566,0,0,0,0
"281",3.45744680851064,0,3.18396226415094,0,0,0,0
"282",0,0,0,0,0,0,0
"283",5.45212765957447,0,3.30188679245283,0,0,0,0
"284",4.65425531914894,4.80769230769231,2.94811320754717,5.33049040511727,3.99361022364217,2.27272727272727,5.36193029490617
"285",4.38829787234043,0,3.65566037735849,0,0,0,0
"286",4.52127659574468,8.01282051282051,4.00943396226415,3.19829424307036,3.99361022364217,4.54545454545455,5.36193029490617
"287",3.72340425531915,3.20512820512821,4.36320754716981,4.26439232409382,6.38977635782748,6.81818181818182,2.68096514745308
"288",5.0531914893617,9.61538461538462,3.65566037735849,3.19829424307036,4.79233226837061,4.54545454545455,2.68096514745308
"289",4.52127659574468,0,4.24528301886792,0,0,0,0
"290",4.38829787234043,0,4.24528301886792,0,0,0,0
"291",3.72340425531915,0,3.5377358490566,0,0,0,0
"292",3.98936170212766,4.80769230769231,3.65566037735849,4.26439232409382,5.59105431309904,2.27272727272727,4.02144772117963
"293",3.59042553191489,0,3.06603773584906,0,0,0,0
"294",4.12234042553191,0,3.30188679245283,0,0,0,0
"295",4.92021276595745,0,3.06603773584906,0,0,0,0
"296",3.59042553191489,0,3.41981132075472,0,0,0,0
"297",3.8563829787234,4.80769230769231,3.65566037735849,4.26439232409382,3.19488817891374,2.27272727272727,2.68096514745308
"298",3.98936170212766,8.01282051282051,3.18396226415094,2.13219616204691,1.59744408945687,4.54545454545455,2.68096514745308
"299",5.18617021276596,1.6025641025641,3.65566037735849,0,0,0,0
"300",4.52127659574468,0,2.83018867924528,1.06609808102345,0,0,0
"301",0,0,0,0,0,0,0
"302",4.78723404255319,0,3.30188679245283,0,0,0,0
"303",0,0,0,0,0,0,0
"304",3.45744680851064,1.6025641025641,3.18396226415094,0,0.798722044728434,0,0
"305",0,0,0,0,0,0,0
"306",4.78723404255319,0,3.77358490566038,0,0,0,0
"307",0,0,0,0,0,0,0
"308",3.8563829787234,0,3.41981132075472,0,0,0,0
"309",0,0,0.117924528301887,0,0,0,0
"310",0,0,0,0,0,0,0
"311",0.132978723404255,0,0,0,0,0,0
"312",3.45744680851064,0,3.5377358490566,0,0,0,0
"313",3.45744680851064,0,4.12735849056604,0,0,0,0
"314",5.18617021276596,0,4.00943396226415,0,0,0,0
"315",4.65425531914894,0,2.94811320754717,0,0,0,0
"316",0,0,0.117924528301887,0,0,0,0
"317",4.25531914893617,3.20512820512821,5.42452830188679,3.19829424307036,1.59744408945687,4.54545454545455,4.02144772117963
"318",4.25531914893617,0,5.07075471698113,0,0,0,0
"319",4.38829787234043,3.20512820512821,4.36320754716981,1.06609808102345,3.19488817891374,2.27272727272727,4.02144772117963
"320",4.25531914893617,6.41025641025641,3.30188679245283,3.19829424307036,3.19488817891374,2.27272727272727,4.02144772117963
"321",4.38829787234043,0,3.41981132075472,0,0,0,0
"322",3.45744680851064,0,4.12735849056604,0,0,0,0
"323",5.18617021276596,0,4.36320754716981,0,0,0,0
"324",5.18617021276596,0,3.77358490566038,0,0,0,0
"325",4.78723404255319,0,3.5377358490566,0,0,0,0
"326",4.12234042553191,0,4.12735849056604,0,0,0,0
"327",3.59042553191489,6.41025641025641,3.30188679245283,5.33049040511727,2.3961661341853,2.27272727272727,4.02144772117963
"328",4.38829787234043,0,2.7122641509434,0,0,0,0
"329",4.25531914893617,9.61538461538462,3.18396226415094,1.06609808102345,6.38977635782748,2.27272727272727,4.02144772117963
"330",0,0,0,0,0,0,0
"331",3.98936170212766,0,2.94811320754717,0,0,0,0
"332",4.25531914893617,0,4.24528301886792,0,0,0,0
"333",3.8563829787234,0,3.65566037735849,0,0,0,0
"334",0,0,0,0,0,0,0
"335",4.78723404255319,0,3.65566037735849,0,0,0,0
"336",4.25531914893617,0,2.83018867924528,0,0,0,0
"337",0,0,0,0,0,0,0
"338",0,0,0.117924528301887,0,0,0,0
"339",4.52127659574468,0,3.06603773584906,0,0,0,0
"340",5.31914893617021,0,4.12735849056604,0,0,0,0
"341",4.38829787234043,0,3.5377358490566,0,0,0,0
"342",4.25531914893617,0,3.65566037735849,0,0,0,0
"343",4.38829787234043,0,3.06603773584906,0,0,0,0
"344",4.12234042553191,0,3.65566037735849,0,0,0,0
"345",5.18617021276596,0,3.65566037735849,0,0,0,0
"346",0,0,0.117924528301887,0,0,0,0
"347",3.8563829787234,0,3.18396226415094,0,0,0,0
"348",3.32446808510638,4.80769230769231,3.65566037735849,2.13219616204691,2.3961661341853,2.27272727272727,2.68096514745308
"349",3.8563829787234,9.61538461538462,3.41981132075472,3.19829424307036,2.3961661341853,2.27272727272727,5.36193029490617
"350",3.8563829787234,0,3.30188679245283,0,0,0,0
"351",3.8563829787234,0,3.77358490566038,0,0,0,0
"352",3.72340425531915,0,4.00943396226415,0,0,0,0
"353",4.52127659574468,0,3.30188679245283,0,0,0,0
"354",4.52127659574468,0,2.83018867924528,0,0,0,0
"355",3.45744680851064,1.6025641025641,2.7122641509434,2.13219616204691,2.3961661341853,2.27272727272727,1.34048257372654
"356",3.72340425531915,0,4.24528301886792,0,0,0,0
"357",4.92021276595745,4.80769230769231,3.77358490566038,3.19829424307036,4.79233226837061,4.54545454545455,4.02144772117963
"358",4.25531914893617,0,3.5377358490566,0,0,0,0
"359",4.12234042553191,0,3.77358490566038,0,0,0,0
"360",3.32446808510638,0,4.36320754716981,0,0,0,0
"361",0,0,0,0,0,0,0
"362",4.65425531914894,0,4.4811320754717,0,0,0,0
"363",4.52127659574468,0,2.83018867924528,0,0,0,0
"364",3.72340425531915,0,3.30188679245283,0,0,0,0
"365",0,0,0,0,0,0,0
"366",4.38829787234043,0,2.47641509433962,0,0,0,0
"367",3.72340425531915,0,3.06603773584906,0,0,0,0
"368",3.72340425531915,0,2.94811320754717,0,0,0,0
"369",4.25531914893617,4.80769230769231,3.30188679245283,5.33049040511727,3.19488817891374,4.54545454545455,2.68096514745308
"370",4.65425531914894,0,2.94811320754717,0,0,0,0
"371",4.12234042553191,4.80769230769231,4.12735849056604,3.19829424307036,4.79233226837061,4.54545454545455,2.68096514745308
"372",0,0,0.117924528301887,0,0,0,0
"373",3.72340425531915,0,2.94811320754717,0,0,0,0
"374",3.19148936170213,0,3.18396226415094,0,0,0,0
"375",4.78723404255319,0,4.4811320754717,0,0,0,0
"376",0,0,0,0,0,0,0
"377",4.12234042553191,0,3.5377358490566,0,0,0,0
"378",0,0,0,0,0,0,0
"379",2.79255319148936,0,3.06603773584906,0,0,0,0
"380",3.72340425531915,9.61538461538462,4.00943396226415,4.26439232409382,3.19488817891374,6.81818181818182,2.68096514745308
"381",4.12234042553191,0,2.7122641509434,0,0,0,0
"382",5.18617021276596,0,3.77358490566038,0,0,0,0
"383",0,0,0,0,0,0,0
"384",4.92021276595745,0,4.24528301886792,0,0,0,0
"385",3.8563829787234,4.80769230769231,3.41981132075472,5.33049040511727,3.99361022364217,2.27272727272727,4.02144772117963
"386",4.92021276595745,0,3.65566037735849,0,0,0,0
"387",0,0,0,0,0,0,0
"388",3.72340425531915,0,3.06603773584906,0,0,0,0
"389",3.8563829787234,4.80769230769231,3.89150943396226,4.26439232409382,4.79233226837061,4.54545454545455,4.02144772117963
"390",0,0,0,0,0,0,0
"391",4.65425531914894,0,3.41981132075472,0,0,0,0
"392",4.52127659574468,8.01282051282051,3.41981132075472,2.13219616204691,3.99361022364217,2.27272727272727,2.68096514745308
"393",3.72340425531915,0,4.00943396226415,0,0,0,0
"394",3.98936170212766,0,2.94811320754717,0,0,0,0
"395",4.78723404255319,0,3.30188679245283,0,0,0,0
"396",3.8563829787234,0,4.00943396226415,0,0,0,0
"397",0,0,0,0,0,0,0
"398",3.45744680851064,0,3.30188679245283,0,0,0,0
"399",3.59042553191489,0,3.5377358490566,0,0,0,0
"400",4.12234042553191,0,3.65566037735849,0,0,0,0
"401",0,0,0,0,0,0,0
"402",3.59042553191489,0,3.65566037735849,0,0,0,0
"403",3.59042553191489,0,3.06603773584906,0,0,0,0
"404",0,0,0,0,0,0,0
"405",3.98936170212766,12.8205128205128,3.18396226415094,4.26439232409382,3.99361022364217,4.54545454545455,4.02144772117963
"406",3.32446808510638,3.20512820512821,3.5377358490566,2.13219616204691,2.3961661341853,2.27272727272727,2.68096514745308
"407",0,0,0,0,0,0,0
"408",4.65425531914894,8.01282051282051,2.94811320754717,5.33049040511727,3.99361022364217,9.09090909090909,1.34048257372654
"409",4.52127659574468,3.20512820512821,3.65566037735849,6.39658848614073,3.99361022364217,4.54545454545455,4.02144772117963
"410",3.72340425531915,0,3.65566037735849,0,0,0,0
"411",4.25531914893617,0,3.18396226415094,0,0,0,0
"412",5.0531914893617,0,4.83490566037736,0,0,0,0
"413",0,0,0,0,0,0,0
"414",4.52127659574468,4.80769230769231,3.65566037735849,5.33049040511727,3.99361022364217,2.27272727272727,4.02144772117963
"415",5.31914893617021,0,3.18396226415094,0,0,0,0
"416",5.45212765957447,0,3.06603773584906,0,0,0,0
"417",3.72340425531915,4.80769230769231,3.41981132075472,2.13219616204691,2.3961661341853,2.27272727272727,2.68096514745308
"418",3.72340425531915,0,3.41981132075472,0,0,0,0
"419",3.59042553191489,3.20512820512821,3.89150943396226,3.19829424307036,2.3961661341853,2.27272727272727,2.68096514745308
"420",4.65425531914894,0,3.30188679245283,0,0,0,0
"421",5.18617021276596,0,4.36320754716981,0,0,0,0
"422",5.71808510638298,8.01282051282051,3.5377358490566,2.13219616204691,3.19488817891374,2.27272727272727,4.02144772117963
"423",4.78723404255319,3.20512820512821,3.18396226415094,4.26439232409382,3.19488817891374,6.81818181818182,2.68096514745308
"424",4.12234042553191,0,3.41981132075472,0,0,0,0
"425",4.52127659574468,0,2.94811320754717,0,0,0,0
"426",4.12234042553191,0,3.5377358490566,0,0,0,0
"427",0,0,0,0,0,0,0
"428",4.78723404255319,0,4.00943396226415,0,0,0,0
"429",3.45744680851064,8.01282051282051,3.77358490566038,4.26439232409382,3.99361022364217,4.54545454545455,2.68096514745308
"430",0,0,0.117924528301887,0,0,0,0
"431",4.38829787234043,0,3.30188679245283,0,0,0,0
"432",3.45744680851064,0,3.77358490566038,0,0,0,0
"433",4.25531914893617,4.80769230769231,4.36320754716981,3.19829424307036,2.3961661341853,9.09090909090909,1.34048257372654
"434",5.18617021276596,4.80769230769231,3.41981132075472,4.26439232409382,3.19488817891374,4.54545454545455,4.02144772117963
"435",3.45744680851064,0,4.24528301886792,0,0,0,0
"436",3.98936170212766,3.20512820512821,3.5377358490566,4.26439232409382,1.59744408945687,4.54545454545455,4.02144772117963
"437",3.8563829787234,0,3.89150943396226,0,0,0,0
"438",0,0,0,0,0,0,0
"439",0,0,0,0,0,0,0
"440",4.12234042553191,0,3.5377358490566,0,0,0,0
"441",3.8563829787234,6.41025641025641,3.41981132075472,2.13219616204691,4.79233226837061,6.81818181818182,2.68096514745308
"442",4.25531914893617,3.20512820512821,3.18396226415094,4.26439232409382,1.59744408945687,4.54545454545455,2.68096514745308
"443",3.72340425531915,4.80769230769231,3.77358490566038,2.13219616204691,3.19488817891374,4.54545454545455,2.68096514745308
"444",3.59042553191489,6.41025641025641,4.00943396226415,2.13219616204691,3.19488817891374,2.27272727272727,4.02144772117963
"445",0,0,0,0,0,0,0
"446",4.65425531914894,6.41025641025641,4.00943396226415,6.39658848614073,3.19488817891374,2.27272727272727,2.68096514745308
"447",4.65425531914894,0,4.36320754716981,0,0,0,0
"448",0,0,0,0,0,0,0
"449",0,0,0.117924528301887,0,0,0,0
"450",3.98936170212766,0,3.30188679245283,0,0,0,0
"451",0,0,0,0,0,0,0
"452",4.52127659574468,3.20512820512821,4.12735849056604,4.26439232409382,4.79233226837061,6.81818181818182,2.68096514745308
"453",3.72340425531915,0,3.18396226415094,0,0,0,0
"454",4.12234042553191,3.20512820512821,3.18396226415094,4.26439232409382,3.19488817891374,4.54545454545455,4.02144772117963
"455",4.52127659574468,0,3.30188679245283,0,0,0,0
"456",5.0531914893617,0,3.77358490566038,0,0,0,0
"457",4.65425531914894,0,2.94811320754717,0,0,0,0
"458",0,0,0,0,0,0,0
"459",3.8563829787234,0,3.89150943396226,0,0,0,0
"460",0,0,0,0,0,0,0
"461",5.0531914893617,3.20512820512821,3.18396226415094,4.26439232409382,3.19488817891374,4.54545454545455,4.02144772117963
"462",0,0,0,0,0,0,0
"463",4.25531914893617,0,3.77358490566038,0,0,0,0
"464",5.18617021276596,6.41025641025641,3.30188679245283,3.19829424307036,6.38977635782748,4.54545454545455,5.36193029490617
"465",3.98936170212766,0,4.4811320754717,0,0,0,0
"466",4.52127659574468,0,2.83018867924528,0,0,0,0
"467",3.32446808510638,3.20512820512821,3.65566037735849,2.13219616204691,2.3961661341853,2.27272727272727,1.34048257372654
"468",4.65425531914894,4.80769230769231,3.5377358490566,5.33049040511727,2.3961661341853,9.09090909090909,2.68096514745308
"469",3.45744680851064,0,3.41981132075472,0,0,0,0
"470",0,0,0,0,0,0,0
"471",3.19148936170213,1.6025641025641,3.06603773584906,1.06609808102345,0,0,0
"472",5.31914893617021,0,4.24528301886792,0,0,0,0
"473",3.8563829787234,0,3.30188679245283,0,0,0,0
"474",4.12234042553191,0,3.77358490566038,0,0,0,0
"475",4.65425531914894,0,2.24056603773585,0,0,0,0
"476",4.25531914893617,0,3.65566037735849,0,0,0,0
"477",4.65425531914894,0,2.83018867924528,0,0,0,0
"478",4.12234042553191,0,3.41981132075472,0,0,0,0
"479",0,0,0,0,0,0,0
"480",6.11702127659574,0,4.36320754716981,0,0,0,0
"481",0,0,0,0,0,0,0
"482",0,0,0,0,0,0,0
"483",4.52127659574468,1.6025641025641,3.30188679245283,0,0,0,0
"484",5.18617021276596,0,2.35849056603774,0,0,0,0
"485",4.12234042553191,0,3.5377358490566,0,0,0,0
"486",0,0,0,0,0,0,0
"487",0,0,0,0,0,0,0
"488",4.78723404255319,3.20512820512821,4.00943396226415,3.19829424307036,3.99361022364217,4.54545454545455,5.36193029490617
"489",4.12234042553191,0,2.83018867924528,0,0,0,0
"490",4.12234042553191,3.20512820512821,3.06603773584906,2.13219616204691,2.3961661341853,2.27272727272727,1.34048257372654
"491",4.92021276595745,1.6025641025641,4.24528301886792,1.06609808102345,0,0,0
"492",4.65425531914894,0,3.06603773584906,0,0,0,0
"493",5.58510638297872,0,4.36320754716981,0,0,0,0
"494",4.25531914893617,0,4.00943396226415,0,0,0,0
"495",3.32446808510638,0,4.00943396226415,0,0,0,0
"496",4.78723404255319,0,3.30188679245283,0,0,0,0
"497",5.0531914893617,3.20512820512821,2.94811320754717,3.19829424307036,1.59744408945687,2.27272727272727,2.68096514745308
"498",4.25531914893617,9.61538461538462,3.18396226415094,7.46268656716418,2.3961661341853,2.27272727272727,1.34048257372654
"499",0,0,0,0,0,0,0
"500",3.8563829787234,0,3.41981132075472,0,0,0,0
