"","age1_orange.I","age1_green.I","age2_no_comorbid_orange.I","age2_no_comorbid_green.I","age2_comorbid_green.I","age3_no_comorbid_green.I","age3_comorbid_green.I"
"1",0,0,1,0,0,0,0
"2",0,0,1,0,0,0,0
"3",3,0,0,0,0,0,0
"4",10,0,13,0,0,0,0
"5",12,0,11,0,0,0,0
"6",0,0,0,0,0,0,0
"7",17,0,16,0,0,0,0
"8",0,0,0,0,0,0,0
"9",0,0,1,0,0,0,0
"10",16,0,13,0,0,0,0
"11",17,0,12,0,0,0,0
"12",17,0,17,0,0,0,0
"13",14,0,12,0,0,0,0
"14",0,0,1,0,0,0,0
"15",0,0,0,0,0,0,0
"16",0,0,1,0,0,0,0
"17",0,0,0,0,0,0,0
"18",0,0,0,0,0,0,0
"19",16,0,13,0,0,0,0
"20",12,0,11,0,0,0,0
"21",4,0,2,0,0,0,0
"22",14,0,9,0,0,0,1
"23",0,0,1,0,0,0,0
"24",18,0,13,0,0,0,0
"25",0,0,1,0,0,0,0
"26",0,0,1,0,0,0,0
"27",11,0,12,0,0,0,0
"28",11,0,10,0,0,0,0
"29",0,0,0,0,0,0,0
"30",1,0,0,0,0,0,0
"31",1,0,0,0,0,0,0
"32",0,0,1,0,0,0,0
"33",15,0,9,0,0,0,0
"34",0,0,0,0,0,0,0
"35",0,0,0,0,0,0,0
"36",0,0,0,0,0,0,0
"37",16,0,14,0,0,0,0
"38",0,0,0,0,0,0,0
"39",0,0,1,0,0,0,0
"40",0,0,0,0,0,0,0
"41",19,0,15,0,0,1,1
"42",0,0,1,0,0,0,0
"43",0,0,0,0,0,0,0
"44",17,0,11,0,0,1,0
"45",17,0,14,0,0,0,0
"46",1,0,3,0,0,0,0
"47",0,0,0,0,0,0,0
"48",18,0,14,0,0,0,0
"49",0,0,0,0,0,0,0
"50",0,0,0,0,0,0,0
"51",2,0,6,0,0,0,0
"52",21,0,14,0,0,0,0
"53",0,0,0,0,0,0,0
"54",0,0,0,0,0,0,0
"55",0,0,0,0,0,0,0
"56",0,0,1,0,0,0,0
"57",0,0,0,0,0,0,0
"58",17,0,11,0,0,0,0
"59",0,0,0,0,0,0,0
"60",0,0,1,0,0,0,0
"61",0,0,1,0,0,0,0
"62",12,0,10,0,0,1,0
"63",17,0,10,0,0,0,0
"64",0,0,0,0,0,0,0
"65",11,0,13,0,0,0,0
"66",12,0,10,0,0,0,0
"67",1,0,1,0,0,0,0
"68",8,0,8,0,0,0,0
"69",0,0,1,0,0,0,0
"70",0,0,0,0,0,0,0
"71",0,0,1,0,0,0,0
"72",0,0,1,0,0,0,0
"73",17,0,12,0,0,0,0
"74",0,0,0,0,0,0,0
"75",1,0,1,0,0,0,0
"76",0,0,0,0,0,0,0
"77",13,0,10,0,0,0,0
"78",0,0,0,0,0,0,0
"79",0,0,1,0,0,0,0
"80",14,0,12,0,0,0,0
"81",14,0,11,0,0,0,0
"82",15,0,10,0,0,0,0
"83",0,0,0,0,0,0,0
"84",1,0,1,0,0,0,0
"85",1,0,1,0,0,0,0
"86",1,0,0,0,0,0,0
"87",0,0,1,0,0,0,0
"88",0,0,0,0,0,0,0
"89",17,0,9,0,0,0,0
"90",13,0,9,0,0,0,0
"91",0,0,0,0,0,0,0
"92",0,0,0,0,0,0,0
"93",10,0,9,0,0,0,1
"94",1,0,0,0,0,0,0
"95",0,0,0,0,0,0,0
"96",1,0,2,0,0,0,0
"97",0,0,0,0,0,0,0
"98",0,0,0,0,0,0,0
"99",0,0,1,0,0,0,0
"100",1,0,1,0,0,0,0
"101",18,0,13,0,0,0,0
"102",15,0,9,0,0,0,0
"103",0,0,2,0,0,0,0
"104",0,0,0,0,0,0,0
"105",0,0,0,0,0,0,0
"106",0,0,0,0,0,0,0
"107",0,0,0,0,0,0,0
"108",8,0,9,0,0,0,0
"109",0,0,0,0,0,0,0
"110",0,0,0,0,0,0,0
"111",1,0,2,0,0,0,0
"112",2,0,1,0,0,0,0
"113",17,0,16,0,0,0,0
"114",22,0,12,0,0,0,0
"115",0,0,1,0,0,0,0
"116",3,0,2,0,0,0,0
"117",0,0,1,0,0,0,0
"118",0,0,0,0,0,0,0
"119",7,0,7,0,0,0,0
"120",0,0,1,0,0,0,0
"121",0,0,0,0,0,0,0
"122",0,0,1,0,0,0,0
"123",0,0,0,0,0,0,0
"124",5,0,2,0,0,0,0
"125",0,0,1,0,0,0,0
"126",0,0,0,0,0,0,0
"127",0,0,0,0,0,0,0
"128",4,0,2,0,0,0,0
"129",0,0,1,0,0,0,0
"130",0,0,1,0,0,0,0
"131",0,0,0,0,0,0,0
"132",0,0,0,0,0,0,0
"133",0,0,0,0,0,0,0
"134",1,0,2,0,0,0,0
"135",0,0,0,0,0,0,0
"136",0,0,0,0,0,0,0
"137",19,0,15,0,0,0,0
"138",0,0,0,0,0,0,0
"139",0,0,1,0,0,0,0
"140",0,0,0,0,0,0,0
"141",0,0,0,0,0,0,0
"142",17,0,15,0,0,0,0
"143",0,0,0,0,0,0,0
"144",0,0,1,0,0,0,0
"145",17,0,18,0,0,0,0
"146",28,0,15,0,0,0,0
"147",0,0,0,0,0,0,0
"148",0,0,1,0,0,0,0
"149",14,0,12,0,0,0,0
"150",1,0,1,0,0,0,0
"151",0,0,1,0,0,0,0
"152",20,0,16,0,0,0,0
"153",0,0,2,0,0,0,0
"154",0,0,0,0,0,0,0
"155",1,0,0,0,0,0,0
"156",2,0,2,0,0,0,0
"157",0,0,0,0,0,0,0
"158",0,0,1,0,0,0,0
"159",0,0,0,0,0,0,0
"160",0,0,0,0,0,0,0
"161",0,0,1,0,0,0,0
"162",0,0,0,0,0,0,0
"163",1,0,0,0,0,0,0
"164",0,0,0,0,0,0,0
"165",2,0,1,0,0,0,0
"166",0,0,0,0,0,0,0
"167",15,0,11,0,0,0,0
"168",14,0,15,0,0,0,0
"169",1,0,0,0,0,0,0
"170",1,0,1,0,0,0,0
"171",14,0,8,0,0,0,0
"172",1,0,1,0,0,0,0
"173",12,0,10,0,0,0,1
"174",3,0,2,0,0,0,0
"175",0,0,0,0,0,0,0
"176",17,0,12,0,0,0,0
"177",13,0,10,0,0,0,0
"178",0,0,1,0,0,0,0
"179",0,0,1,0,0,0,0
"180",19,0,11,0,0,0,0
"181",0,0,1,0,0,0,0
"182",11,0,9,0,1,0,0
"183",0,0,0,0,0,0,0
"184",0,0,1,0,0,0,0
"185",0,0,0,0,0,0,0
"186",22,0,19,0,0,0,0
"187",0,0,0,0,0,0,0
"188",0,0,0,0,0,0,0
"189",2,0,2,0,0,0,0
"190",11,0,7,0,0,0,0
"191",12,0,10,0,0,0,0
"192",0,0,0,0,0,0,0
"193",1,0,1,0,0,0,0
"194",14,0,8,0,0,0,0
"195",1,0,1,0,0,0,0
"196",1,0,2,0,0,0,0
"197",0,0,0,0,0,0,0
"198",0,0,0,0,0,0,0
"199",16,0,19,0,0,0,0
"200",13,0,10,0,0,0,0
"201",0,0,0,0,0,0,0
"202",0,0,1,0,0,0,0
"203",1,0,1,0,0,0,0
"204",0,0,0,0,0,0,0
"205",21,0,12,0,0,0,0
"206",0,0,2,0,0,0,0
"207",17,0,9,0,0,0,0
"208",0,0,1,0,0,0,0
"209",0,0,0,0,0,0,0
"210",0,0,1,0,0,0,0
"211",1,0,0,0,0,0,0
"212",0,0,1,0,0,0,0
"213",21,0,15,0,0,0,0
"214",15,0,15,0,0,0,0
"215",19,0,13,0,0,0,0
"216",0,0,1,0,0,0,0
"217",0,0,1,0,0,0,0
"218",12,0,14,1,0,0,0
"219",0,0,0,0,0,0,0
"220",0,0,0,0,0,0,0
"221",11,0,14,0,0,0,0
"222",0,0,0,0,0,0,0
"223",26,0,13,0,0,0,0
"224",14,0,13,0,0,0,0
"225",0,0,1,0,0,0,0
"226",0,0,0,0,0,0,0
"227",0,0,0,0,0,0,0
"228",0,0,1,0,0,0,0
"229",13,0,13,0,0,0,0
"230",13,0,9,0,0,0,0
"231",13,0,9,0,0,0,0
"232",0,0,0,0,0,0,0
"233",0,0,1,0,0,0,0
"234",0,0,0,0,0,0,0
"235",0,0,0,0,0,0,0
"236",2,0,0,0,0,0,0
"237",0,0,0,0,0,0,0
"238",2,0,1,0,0,0,0
"239",0,0,0,0,0,0,0
"240",19,0,12,0,0,0,0
"241",16,0,14,0,0,0,0
"242",4,0,3,0,0,0,0
"243",1,0,1,0,0,0,0
"244",0,0,0,0,0,0,0
"245",16,0,13,0,0,0,0
"246",0,0,1,0,0,0,0
"247",0,0,0,0,0,0,0
"248",11,0,8,0,0,0,0
"249",11,0,10,0,0,0,0
"250",0,0,0,0,0,0,0
"251",1,0,0,0,0,0,0
"252",0,0,1,0,0,0,0
"253",0,0,1,0,0,0,0
"254",1,0,2,0,0,0,0
"255",10,0,13,0,0,0,0
"256",0,0,0,0,0,0,0
"257",0,0,1,0,0,0,0
"258",0,0,0,0,0,0,0
"259",0,0,0,0,0,0,0
"260",0,0,0,0,0,0,0
"261",18,0,12,0,0,0,0
"262",0,0,1,0,0,0,0
"263",15,0,10,0,0,0,0
"264",12,0,8,0,0,0,0
"265",18,0,18,0,0,0,0
"266",0,0,0,0,0,0,0
"267",7,0,8,0,0,0,0
"268",0,0,0,0,0,0,0
"269",0,0,1,0,0,0,0
"270",0,0,0,0,0,0,0
"271",2,0,1,0,0,0,0
"272",1,0,0,0,0,0,0
"273",0,0,0,0,0,0,0
"274",0,0,0,0,0,0,0
"275",0,0,0,0,0,0,0
"276",22,0,19,0,0,0,0
"277",1,0,1,0,0,0,0
"278",0,0,0,0,0,0,0
"279",0,0,0,0,0,0,0
"280",2,0,1,0,0,0,0
"281",12,0,9,1,0,0,0
"282",0,0,0,0,0,0,0
"283",0,0,0,0,0,0,0
"284",12,0,5,0,0,0,0
"285",18,0,12,0,0,0,0
"286",0,0,0,0,0,0,0
"287",12,0,9,0,0,0,0
"288",0,0,0,0,0,0,0
"289",0,0,1,0,0,0,0
"290",18,0,13,0,0,0,0
"291",10,0,10,0,0,0,0
"292",0,0,0,0,0,0,0
"293",0,0,0,0,0,0,0
"294",0,0,0,0,0,0,0
"295",13,0,8,0,0,0,0
"296",0,0,1,0,0,0,0
"297",20,0,14,0,0,0,0
"298",9,0,10,0,0,0,0
"299",0,0,0,0,0,0,0
"300",0,0,1,0,0,0,0
"301",11,0,9,0,0,0,1
"302",13,1,8,0,0,0,0
"303",0,0,1,0,0,0,0
"304",0,0,1,0,0,0,0
"305",0,0,0,0,0,0,0
"306",0,0,0,0,0,0,0
"307",0,0,0,0,0,0,0
"308",0,0,0,0,0,0,0
"309",0,0,1,0,0,0,0
"310",0,0,0,0,0,0,0
"311",0,0,0,0,0,0,0
"312",0,0,0,0,0,0,0
"313",1,0,2,0,0,0,0
"314",0,0,0,0,0,0,0
"315",0,0,1,0,0,0,0
"316",21,0,16,0,0,0,0
"317",0,0,0,0,0,0,0
"318",0,0,0,0,0,0,0
"319",0,0,0,0,0,0,0
"320",21,0,10,0,0,0,0
"321",0,0,1,0,0,0,0
"322",0,0,0,0,0,0,0
"323",0,0,0,0,0,0,0
"324",0,0,0,0,0,0,0
"325",1,0,1,0,0,0,0
"326",14,0,15,0,0,0,0
"327",8,0,7,0,0,0,0
"328",1,0,1,0,1,0,0
"329",0,0,1,0,0,0,0
"330",12,0,12,0,0,0,0
"331",15,0,12,0,0,0,0
"332",1,0,1,0,0,0,0
"333",11,0,9,0,0,0,0
"334",3,0,2,0,0,0,0
"335",15,0,14,0,0,0,0
"336",11,0,8,0,0,0,0
"337",0,0,1,0,0,0,0
"338",0,0,0,0,0,0,0
"339",1,0,1,0,0,0,0
"340",0,0,1,0,0,0,0
"341",0,0,0,0,0,0,0
"342",1,0,0,0,0,0,0
"343",0,0,0,0,0,0,0
"344",0,0,0,0,0,0,0
"345",2,0,1,0,0,0,0
"346",0,0,0,0,0,0,0
"347",20,0,11,0,1,0,0
"348",0,0,0,0,0,0,0
"349",0,0,0,0,0,0,0
"350",0,0,0,0,0,0,0
"351",0,0,0,0,0,0,0
"352",1,0,1,0,0,0,0
"353",2,0,2,0,0,0,0
"354",1,0,2,0,0,0,0
"355",12,0,12,0,0,0,1
"356",0,0,0,0,0,0,0
"357",0,0,0,0,0,0,0
"358",12,0,13,0,0,0,0
"359",0,0,1,0,0,0,0
"360",0,0,1,0,0,0,0
"361",0,0,0,0,0,0,0
"362",15,0,13,0,0,1,0
"363",2,0,1,0,0,0,0
"364",0,0,0,0,0,0,0
"365",24,0,19,0,0,0,0
"366",13,0,12,0,1,0,0
"367",10,0,17,0,0,0,0
"368",2,0,2,0,0,0,0
"369",2,0,1,0,0,0,0
"370",10,0,12,0,0,0,0
"371",0,0,0,0,0,0,0
"372",0,0,0,0,0,0,0
"373",1,0,0,0,0,0,0
"374",2,0,2,0,0,0,0
"375",1,0,1,0,0,0,0
"376",0,0,1,0,0,0,0
"377",1,0,1,0,0,0,0
"378",19,0,15,0,0,0,0
"379",0,0,1,0,0,0,0
"380",9,0,12,0,0,0,0
"381",17,0,9,0,0,0,0
"382",1,0,1,0,0,0,0
"383",0,0,0,0,0,0,0
"384",1,0,4,0,0,0,0
"385",13,0,19,0,0,0,0
"386",0,0,0,0,0,0,0
"387",15,0,16,0,0,0,0
"388",20,0,13,0,1,0,0
"389",0,0,0,0,0,0,0
"390",0,0,0,0,0,0,0
"391",0,0,0,0,0,0,0
"392",15,0,17,0,0,0,0
"393",0,0,0,0,0,0,0
"394",12,0,8,0,0,0,0
"395",0,0,1,0,0,0,0
"396",13,0,13,0,0,0,0
"397",18,0,14,0,0,0,0
"398",0,0,0,0,0,0,0
"399",2,0,2,0,0,0,0
"400",13,1,8,0,0,0,0
"401",13,0,14,0,0,1,0
"402",0,0,0,0,0,0,0
"403",0,0,0,0,0,0,0
"404",0,0,0,0,0,0,0
"405",0,0,1,0,0,0,0
"406",1,0,0,0,0,0,0
"407",13,0,15,0,0,0,0
"408",0,0,1,0,0,0,0
"409",1,0,1,0,0,0,0
"410",16,0,15,0,0,0,0
"411",0,0,0,0,0,0,0
"412",14,0,14,0,0,0,0
"413",0,0,0,0,0,0,0
"414",1,0,0,0,0,0,0
"415",19,0,15,0,0,0,0
"416",0,0,0,0,0,0,0
"417",16,0,10,0,0,0,0
"418",16,0,16,0,0,0,0
"419",11,0,12,0,0,0,0
"420",9,0,7,0,0,0,0
"421",11,0,12,0,0,0,0
"422",0,0,0,0,0,0,0
"423",0,0,0,0,0,0,0
"424",0,0,0,0,0,0,0
"425",1,0,0,0,0,0,0
"426",1,0,0,0,0,0,0
"427",0,0,0,0,0,0,0
"428",21,0,17,0,0,0,0
"429",2,0,1,0,0,0,0
"430",0,0,0,0,0,0,0
"431",14,0,16,0,0,0,0
"432",8,0,7,0,0,0,0
"433",19,0,21,0,0,0,0
"434",12,0,11,0,0,0,0
"435",0,0,1,0,0,0,0
"436",1,0,1,0,0,0,0
"437",0,0,1,0,0,0,0
"438",0,0,1,0,0,0,0
"439",0,0,0,0,0,0,0
"440",0,0,0,0,0,0,0
"441",0,0,1,0,0,0,0
"442",0,0,1,0,0,0,0
"443",13,0,13,0,0,0,0
"444",0,0,0,0,0,0,0
"445",0,0,0,0,0,0,0
"446",0,0,0,0,0,0,0
"447",15,0,14,0,0,0,0
"448",0,0,1,0,0,0,0
"449",15,1,18,0,0,0,0
"450",21,0,17,0,0,0,0
"451",12,0,8,0,0,0,0
"452",0,0,1,0,0,0,0
"453",16,0,13,0,0,0,0
"454",11,0,13,0,0,0,0
"455",0,0,0,0,0,0,0
"456",16,0,19,0,0,0,0
"457",0,0,0,0,0,0,0
"458",0,0,0,0,0,0,0
"459",0,0,0,0,0,0,0
"460",2,0,1,0,0,0,0
"461",0,0,0,0,0,0,0
"462",0,0,1,0,0,0,0
"463",0,0,1,0,0,0,0
"464",0,0,0,0,0,0,0
"465",13,0,11,0,0,0,0
"466",0,0,0,0,0,0,0
"467",0,0,0,0,0,0,0
"468",0,0,0,0,0,0,0
"469",0,0,0,0,0,0,0
"470",9,0,9,0,0,0,0
"471",0,0,0,0,0,0,0
"472",1,0,2,0,0,0,0
"473",0,0,0,0,0,0,0
"474",0,0,2,0,0,0,0
"475",1,0,0,0,0,0,0
"476",0,0,1,0,0,0,0
"477",0,0,0,0,0,0,0
"478",1,0,1,0,0,0,0
"479",0,0,1,0,0,0,0
"480",0,0,0,0,0,0,0
"481",1,0,0,0,0,0,0
"482",14,0,14,0,0,0,0
"483",21,0,18,0,0,0,0
"484",16,0,19,0,0,0,0
"485",18,0,7,0,0,0,0
"486",0,0,0,0,0,0,0
"487",0,0,0,0,0,0,0
"488",18,0,21,0,0,0,0
"489",1,0,1,0,0,0,0
"490",13,0,15,0,0,0,0
"491",0,0,0,0,0,0,0
"492",0,0,1,0,0,0,0
"493",4,0,3,0,0,0,0
"494",3,0,0,0,0,0,0
"495",9,0,12,0,0,0,1
"496",0,0,0,0,0,0,0
"497",0,0,0,0,0,0,0
"498",1,0,1,0,0,0,0
"499",9,0,9,0,0,0,0
"500",0,0,1,0,0,0,0
"501",12,0,9,0,0,0,0
"502",14,0,13,0,0,0,0
"503",20,0,23,0,0,0,0
"504",11,0,17,0,0,0,0
"505",0,0,0,0,0,0,0
"506",0,0,0,0,0,0,0
"507",0,0,1,0,0,0,0
"508",0,0,1,0,0,0,0
"509",11,0,15,0,0,0,0
"510",0,0,1,0,0,0,0
"511",0,0,0,0,0,0,0
"512",0,0,1,0,0,0,0
"513",0,0,0,0,0,0,0
"514",15,0,11,0,1,0,0
"515",0,0,0,0,0,0,0
"516",19,0,16,0,0,0,1
"517",16,0,13,0,0,0,0
"518",13,0,16,0,1,0,0
"519",0,0,1,0,0,0,0
"520",10,0,11,0,0,0,0
"521",0,0,1,0,0,0,0
"522",0,0,1,0,0,0,0
"523",18,0,14,0,0,0,0
"524",23,0,15,1,0,0,0
"525",1,0,0,0,0,0,0
"526",15,0,10,0,0,0,0
"527",13,0,12,0,0,0,0
"528",0,0,1,0,0,0,0
"529",19,0,15,0,0,0,0
"530",15,0,11,0,0,0,0
"531",0,0,0,0,0,0,0
"532",2,0,1,0,0,0,0
"533",15,0,9,0,0,0,0
"534",0,0,0,0,0,0,0
"535",0,0,0,0,0,0,0
"536",0,0,0,0,0,0,0
"537",14,0,16,0,0,0,0
"538",12,0,8,0,0,0,0
"539",0,0,1,0,0,0,0
"540",0,0,0,0,0,0,0
"541",0,0,0,0,0,0,0
"542",0,0,1,0,0,0,0
"543",0,0,0,0,0,0,0
"544",0,0,0,0,0,0,0
"545",13,0,11,0,0,0,0
"546",13,0,9,0,0,0,0
"547",10,0,9,0,0,0,0
"548",0,0,0,0,0,0,0
"549",0,0,0,0,0,0,0
"550",1,0,0,0,0,0,0
"551",0,0,1,0,0,0,0
"552",1,0,0,0,0,0,0
"553",13,0,12,0,0,0,0
"554",1,0,2,0,0,0,0
"555",0,0,1,0,0,0,0
"556",0,0,0,0,0,0,0
"557",15,0,12,0,0,0,0
"558",15,0,18,0,0,0,0
"559",0,0,0,0,0,0,0
"560",0,0,0,0,0,0,0
"561",3,0,2,0,0,0,0
"562",0,0,1,0,0,0,0
"563",1,0,1,0,0,0,0
"564",0,0,0,0,0,0,0
"565",0,0,0,0,0,0,0
"566",0,0,0,0,0,0,0
"567",0,0,2,0,0,0,0
"568",15,0,17,0,0,0,1
"569",14,0,21,0,0,0,0
"570",1,0,0,0,0,0,0
"571",1,0,0,0,0,0,0
"572",1,0,1,0,0,0,0
"573",0,0,0,0,0,0,0
"574",13,0,15,0,0,0,0
"575",0,0,1,0,0,0,0
"576",0,0,1,0,0,0,0
"577",13,0,17,0,0,0,0
"578",0,0,1,0,0,0,0
"579",1,0,1,0,0,0,0
"580",0,0,0,0,0,0,0
"581",0,0,0,0,0,0,0
"582",12,0,5,0,1,0,0
"583",0,0,0,0,0,0,0
"584",0,0,0,0,0,0,0
"585",8,0,7,0,0,0,0
"586",12,0,9,0,0,0,0
"587",0,0,0,0,0,0,0
"588",0,0,1,0,0,0,0
"589",1,0,0,0,0,0,0
"590",0,0,1,0,0,0,0
"591",0,0,0,0,0,0,0
"592",12,0,12,0,0,0,0
"593",19,0,13,0,0,0,0
"594",11,0,13,0,0,0,0
"595",1,0,1,0,0,0,0
"596",1,0,2,0,0,0,0
"597",0,0,0,0,0,0,0
"598",3,0,0,0,0,0,0
"599",0,0,0,0,0,0,0
"600",14,0,19,0,0,0,0
"601",0,0,0,0,0,0,0
"602",0,0,1,0,0,0,0
"603",0,0,1,0,0,0,0
"604",20,0,15,0,0,0,0
"605",0,0,1,0,0,0,0
"606",10,0,9,0,0,0,0
"607",0,0,1,0,0,0,0
"608",0,0,0,0,0,0,0
"609",0,0,0,0,0,0,0
"610",14,0,13,0,0,0,0
"611",12,0,11,0,0,0,0
"612",0,0,1,0,0,0,0
"613",0,0,0,0,0,0,0
"614",21,0,16,0,0,0,0
"615",1,0,0,0,0,0,0
"616",25,0,16,0,0,0,0
"617",10,0,9,0,0,0,0
"618",15,0,17,0,0,0,0
"619",23,0,15,0,0,0,0
"620",0,0,0,0,0,0,0
"621",18,0,15,0,0,0,0
"622",20,0,15,0,0,0,0
"623",1,0,2,0,0,0,0
"624",0,0,1,0,0,0,0
"625",0,0,0,0,0,0,0
"626",20,0,14,0,0,0,0
"627",1,0,0,0,0,0,0
"628",0,0,1,0,0,0,0
"629",18,0,18,0,0,0,0
"630",0,0,1,0,0,0,0
"631",15,0,20,0,0,0,0
"632",10,0,10,0,0,0,0
"633",15,0,12,0,0,0,0
"634",19,0,15,0,0,0,0
"635",0,0,0,0,0,0,0
"636",0,0,1,0,0,0,0
"637",15,0,18,0,1,0,0
"638",0,0,0,0,0,0,0
"639",0,0,0,0,0,0,0
"640",13,0,12,0,0,0,0
"641",0,0,0,0,0,0,0
"642",0,0,0,0,0,0,0
"643",0,0,1,0,0,0,0
"644",0,0,1,0,0,0,0
"645",13,0,12,0,0,0,0
"646",0,0,0,0,0,0,0
"647",3,0,1,0,0,0,0
"648",0,0,0,0,0,0,0
"649",14,0,13,0,0,0,0
"650",0,0,0,0,0,0,0
"651",0,0,1,0,0,0,0
"652",0,0,1,0,0,0,0
"653",21,0,15,0,0,0,0
"654",0,0,0,0,0,0,0
"655",1,0,1,0,0,0,0
"656",0,0,1,0,0,0,0
"657",16,0,14,0,0,0,0
"658",16,0,15,0,0,0,1
"659",13,0,15,0,0,0,0
"660",0,0,0,0,0,0,0
"661",0,0,1,0,0,0,0
"662",0,0,0,0,0,0,0
"663",10,0,10,0,0,0,0
"664",15,0,17,0,0,0,0
"665",3,0,3,0,0,0,0
"666",1,0,1,0,0,0,0
"667",0,0,0,0,0,0,0
"668",3,0,3,0,0,0,0
"669",0,0,0,0,0,0,0
"670",0,0,0,0,0,0,0
"671",0,0,0,0,0,0,0
"672",12,0,15,0,0,0,0
"673",0,0,0,0,0,0,0
"674",9,0,10,0,0,0,0
"675",0,0,0,0,0,0,0
"676",13,0,14,0,0,0,0
"677",0,0,0,0,0,0,0
"678",8,0,10,0,0,0,0
"679",0,0,0,0,0,0,0
"680",0,0,0,0,0,0,0
"681",0,0,0,0,0,0,0
"682",1,0,0,0,0,0,0
"683",1,0,0,0,0,0,0
"684",1,0,1,0,0,0,0
"685",0,0,0,0,0,0,0
"686",0,0,0,0,0,0,0
"687",1,0,1,0,0,0,0
"688",1,0,1,0,0,0,0
"689",14,0,13,0,0,0,0
"690",1,0,1,0,0,0,0
"691",0,0,0,0,0,0,0
"692",0,0,1,0,0,0,0
"693",12,0,12,0,1,0,0
"694",2,0,1,0,0,0,0
"695",15,0,10,0,0,0,0
"696",12,0,9,0,1,0,0
"697",18,0,14,0,0,0,0
"698",0,0,1,0,0,0,0
"699",0,0,1,0,0,0,0
"700",11,0,9,0,0,0,0
"701",1,0,2,0,0,0,0
"702",17,0,15,0,0,0,0
"703",0,0,0,0,0,0,0
"704",13,0,16,0,0,0,0
"705",0,0,0,0,0,0,0
"706",16,0,10,0,0,0,0
"707",1,0,1,0,0,0,0
"708",0,0,0,0,0,0,0
"709",0,0,0,0,0,0,0
"710",13,0,10,0,0,0,0
"711",6,0,3,0,0,0,0
"712",0,0,0,0,0,0,0
"713",12,0,8,0,0,0,0
"714",3,0,4,0,0,0,0
"715",1,0,1,0,0,0,0
"716",9,0,10,0,0,0,0
"717",18,0,11,0,0,0,0
"718",1,0,1,0,0,0,0
"719",13,0,15,0,0,0,0
"720",1,0,1,0,0,0,0
"721",0,0,1,0,0,0,0
"722",0,0,0,0,0,0,0
"723",0,0,1,0,0,0,0
"724",1,0,1,0,0,0,0
"725",14,0,12,0,0,1,0
"726",5,0,2,0,0,0,0
"727",15,0,15,0,0,0,0
"728",11,0,8,0,0,0,0
"729",1,0,1,0,0,0,0
"730",0,0,0,0,0,0,0
"731",15,0,14,0,0,0,0
"732",15,0,12,0,0,0,0
"733",0,0,1,0,0,0,0
"734",0,0,0,0,0,0,0
"735",17,0,12,0,0,0,0
"736",0,0,1,0,0,0,0
"737",13,0,9,0,0,0,0
"738",2,0,0,0,0,0,0
"739",0,0,0,0,0,0,0
"740",0,0,0,0,0,0,0
"741",3,0,2,0,0,0,0
"742",0,0,1,0,0,0,0
"743",3,0,4,0,0,0,0
"744",17,0,14,0,0,0,0
"745",0,0,0,0,0,0,0
"746",0,0,0,0,0,0,0
"747",0,0,0,0,0,0,0
"748",15,0,17,0,0,0,0
"749",1,0,1,0,0,0,0
"750",11,0,11,0,0,0,0
"751",0,0,0,0,0,0,0
"752",1,0,1,0,0,0,0
"753",0,0,1,0,0,0,0
"754",8,0,9,0,0,0,0
"755",0,0,1,0,0,0,0
"756",16,0,9,0,0,0,0
"757",16,0,17,0,0,0,0
"758",0,0,1,0,0,0,0
"759",0,0,1,0,0,0,0
"760",0,0,0,0,0,0,0
"761",1,0,1,0,0,0,0
"762",17,0,10,0,0,0,0
"763",16,0,15,0,0,0,0
"764",1,0,0,0,0,0,0
"765",12,0,12,0,0,0,0
"766",16,0,13,0,0,0,0
"767",23,0,19,0,0,0,0
"768",0,0,0,0,0,0,0
"769",0,0,0,0,0,0,0
"770",16,0,11,0,0,0,0
"771",0,0,0,0,0,0,0
"772",0,0,0,0,0,0,0
"773",0,0,1,0,0,0,0
"774",0,0,0,0,0,0,0
"775",0,0,0,0,0,0,0
"776",0,0,1,0,0,0,0
"777",0,0,1,0,0,0,0
"778",0,0,0,0,0,0,0
"779",4,0,2,0,0,0,0
"780",1,0,1,0,0,0,0
"781",17,0,16,0,0,0,0
"782",22,0,17,0,0,0,0
"783",0,0,0,0,0,0,0
"784",0,0,0,0,0,0,0
"785",1,0,0,0,0,0,0
"786",17,0,13,0,0,0,0
"787",0,0,0,0,0,0,0
"788",0,0,0,0,0,0,0
"789",0,0,0,0,0,0,0
"790",0,0,0,0,0,0,0
"791",14,0,14,0,0,0,0
"792",0,0,0,0,0,0,0
"793",0,0,1,0,0,0,0
"794",2,0,2,0,0,0,0
"795",0,0,0,0,0,0,0
"796",14,0,14,0,0,0,0
"797",16,0,9,0,0,0,0
"798",0,0,1,0,0,0,0
"799",0,0,1,0,0,0,0
"800",0,0,0,0,0,0,0
"801",0,0,0,0,0,0,0
"802",0,0,0,0,0,0,0
"803",0,0,1,0,0,0,0
"804",26,0,15,0,0,0,0
"805",8,0,11,0,0,0,0
"806",10,0,10,0,0,0,0
"807",0,0,1,0,0,0,0
"808",0,0,1,0,0,0,0
"809",0,0,0,0,0,0,0
"810",14,0,10,0,0,0,0
"811",15,0,12,0,0,0,0
"812",20,0,13,0,0,0,0
"813",0,0,0,0,0,0,0
"814",6,0,3,0,0,0,0
"815",1,0,0,0,0,0,0
"816",15,0,9,0,0,0,0
"817",0,0,0,0,0,0,0
"818",0,0,0,0,0,0,0
"819",1,0,0,0,0,0,0
"820",11,0,12,1,0,0,0
"821",1,0,2,0,0,0,0
"822",0,0,0,0,0,0,0
"823",0,0,0,0,0,0,0
"824",22,0,14,0,0,0,0
"825",17,0,19,0,0,0,0
"826",15,0,11,0,0,0,0
"827",0,0,1,0,0,0,0
"828",20,0,13,0,0,0,0
"829",0,0,0,0,0,0,0
"830",0,0,0,0,0,0,0
"831",0,0,0,0,0,0,0
"832",1,0,2,0,0,0,0
"833",0,0,0,0,0,0,0
"834",0,0,1,0,0,0,0
"835",15,0,14,0,0,0,0
"836",0,0,0,0,0,0,0
"837",0,0,0,0,0,0,0
"838",19,0,11,0,0,0,0
"839",0,0,1,0,0,0,0
"840",1,0,0,0,0,0,0
"841",17,0,9,0,0,0,0
"842",0,0,0,0,0,0,0
"843",0,0,1,0,0,0,0
"844",22,0,17,0,0,0,0
"845",0,0,1,0,0,0,0
"846",0,0,0,0,0,0,0
"847",0,0,0,0,0,0,0
"848",15,0,19,0,0,0,0
"849",0,0,0,0,0,0,0
"850",16,0,10,0,0,0,0
"851",12,0,8,0,0,0,0
"852",0,0,0,0,0,0,0
"853",0,0,0,0,0,0,0
"854",1,0,0,0,0,0,0
"855",19,0,10,0,0,0,0
"856",0,0,1,0,0,0,0
"857",0,0,0,0,0,0,0
"858",16,0,12,0,1,0,0
"859",23,0,17,0,0,0,0
"860",19,0,20,0,0,0,0
"861",0,0,0,0,0,0,0
"862",0,0,1,0,0,0,0
"863",0,0,0,0,0,0,0
"864",15,0,13,0,0,0,0
"865",0,0,0,0,0,0,0
"866",0,0,0,0,0,0,0
"867",0,0,1,0,0,0,0
"868",0,0,1,0,0,0,0
"869",0,0,0,0,0,0,0
"870",9,0,7,0,0,0,0
"871",0,0,1,0,0,0,0
"872",0,0,0,0,0,0,0
"873",10,0,12,0,0,0,0
"874",2,0,1,0,0,0,0
"875",0,0,1,0,0,0,0
"876",14,0,11,0,0,0,0
"877",18,0,27,0,0,0,0
"878",2,0,2,0,0,0,0
"879",0,0,0,0,0,0,0
"880",20,0,15,0,0,0,0
"881",14,0,12,0,0,0,0
"882",0,0,1,0,0,0,0
"883",0,0,1,0,0,0,0
"884",19,0,15,0,0,0,0
"885",0,0,0,0,0,0,0
"886",0,0,1,0,0,0,0
"887",13,0,10,0,0,1,0
"888",0,0,1,0,0,0,0
"889",0,0,0,0,0,0,0
"890",14,0,12,0,0,0,0
"891",4,0,1,0,0,0,0
"892",0,0,0,0,0,0,0
"893",0,0,0,0,0,0,0
"894",2,0,0,0,0,0,0
"895",0,0,0,0,0,0,0
"896",16,0,21,0,1,0,0
"897",0,0,1,0,0,0,0
"898",17,0,13,0,0,0,0
"899",0,0,0,0,0,0,0
"900",0,0,0,0,0,0,0
"901",20,0,12,0,0,0,0
"902",0,0,1,0,0,0,0
"903",21,0,16,0,0,0,0
"904",0,0,1,0,0,0,0
"905",1,0,1,0,0,0,0
"906",1,0,1,0,0,0,0
"907",23,0,17,1,0,0,0
"908",14,0,10,0,0,0,0
"909",21,0,15,0,0,0,0
"910",1,0,1,0,0,0,0
"911",1,0,1,0,0,0,0
"912",0,0,0,0,0,0,0
"913",0,0,1,0,0,0,0
"914",0,0,0,0,0,0,0
"915",15,0,7,0,0,0,0
"916",4,0,4,0,0,0,0
"917",11,0,10,0,0,0,0
"918",0,0,0,0,0,0,0
"919",0,0,0,0,0,0,0
"920",1,0,2,0,0,0,0
"921",19,0,15,0,0,0,0
"922",0,0,1,0,0,0,0
"923",12,0,10,0,0,0,0
"924",0,0,0,0,0,0,0
"925",19,0,19,0,0,0,0
"926",1,0,0,0,0,0,0
"927",1,0,1,1,0,0,0
"928",1,0,0,0,0,0,0
"929",14,0,11,0,0,0,0
"930",0,0,0,0,0,0,0
"931",0,0,1,0,0,0,0
"932",0,0,0,0,0,0,0
"933",0,0,0,0,0,0,0
"934",18,0,10,0,0,0,0
"935",0,0,0,0,0,0,0
"936",0,0,0,0,0,0,0
"937",22,0,11,0,0,0,0
"938",1,0,0,0,0,0,0
"939",0,0,1,0,0,0,0
"940",11,0,10,0,0,0,0
"941",6,0,6,0,0,0,0
"942",1,0,1,0,0,0,0
"943",10,0,10,0,0,0,0
"944",20,0,14,0,0,0,0
"945",19,0,13,0,0,0,0
"946",2,0,2,0,0,0,0
"947",1,0,1,0,0,0,0
"948",0,0,1,0,0,0,0
"949",0,0,0,0,0,0,0
"950",18,0,18,0,0,0,0
"951",2,0,0,0,0,0,0
"952",0,0,1,0,0,0,0
"953",18,0,17,0,0,0,0
"954",2,0,2,0,0,0,0
"955",0,0,0,0,0,0,0
"956",1,0,0,0,0,0,0
"957",0,0,0,0,0,0,0
"958",14,0,13,0,0,0,0
"959",17,0,16,0,0,0,0
"960",0,0,1,0,0,0,0
"961",0,0,0,0,0,0,0
"962",2,0,1,0,0,0,0
"963",10,0,12,0,0,0,0
"964",16,0,12,0,0,0,0
"965",19,0,16,0,0,0,0
"966",8,0,6,0,0,0,0
"967",14,0,11,0,0,0,0
"968",0,0,0,0,0,0,0
"969",16,0,11,0,1,0,0
"970",20,0,18,0,0,0,1
"971",13,0,13,0,0,0,0
"972",0,0,1,0,0,0,0
"973",16,0,15,0,0,0,0
"974",0,0,0,0,0,0,0
"975",13,0,14,0,0,0,0
"976",0,0,0,0,0,0,0
"977",15,0,12,0,0,0,0
"978",2,0,1,0,0,0,0
"979",0,0,1,0,0,0,0
"980",0,0,0,0,0,0,0
"981",17,0,14,0,0,0,0
"982",2,0,2,0,0,0,0
"983",0,0,0,0,0,0,0
"984",17,0,19,0,0,0,0
"985",1,0,1,0,0,0,0
"986",0,0,1,0,0,0,0
"987",15,0,13,0,0,0,0
"988",14,0,15,0,0,0,0
"989",20,0,17,0,0,0,0
"990",10,0,10,0,0,0,0
"991",0,0,0,0,0,0,0
"992",0,0,0,0,0,0,0
"993",17,0,13,0,0,0,0
"994",18,0,9,0,0,0,0
"995",0,0,0,0,0,0,0
"996",0,0,0,0,0,0,0
"997",0,0,0,0,0,0,0
"998",13,0,10,0,0,0,0
"999",0,0,0,0,0,0,0
"1000",0,0,0,0,0,0,0
"1001",1,0,1,0,0,0,0
"1002",9,0,10,0,0,0,0
"1003",22,0,16,0,0,0,0
"1004",13,0,11,0,0,0,0
"1005",13,0,13,0,0,0,0
"1006",11,0,15,0,0,0,1
"1007",0,0,1,0,0,0,0
"1008",0,0,1,0,0,0,0
"1009",0,0,0,0,0,0,0
"1010",18,0,13,0,0,0,0
"1011",20,0,16,0,0,0,0
"1012",27,0,25,0,0,0,1
"1013",17,0,13,0,0,0,0
"1014",1,0,2,0,0,0,0
"1015",1,0,0,0,0,0,0
"1016",0,0,0,0,0,0,0
"1017",1,0,1,0,0,0,0
"1018",0,0,1,0,0,0,0
"1019",0,0,0,0,0,0,0
"1020",0,0,1,0,0,0,0
"1021",0,0,0,0,0,0,0
"1022",0,0,0,0,0,0,0
"1023",18,0,18,0,0,0,0
"1024",1,0,0,0,0,0,0
"1025",14,0,9,0,0,0,0
"1026",3,0,1,0,0,0,0
"1027",19,0,12,0,0,0,0
"1028",0,0,0,0,0,0,0
"1029",0,0,1,0,0,0,0
"1030",1,0,1,0,0,0,0
"1031",15,0,11,0,0,0,0
"1032",0,0,0,0,0,0,0
"1033",1,0,0,0,0,0,0
"1034",0,0,0,0,0,0,0
"1035",15,0,13,0,0,0,0
"1036",14,0,12,0,0,0,0
"1037",20,0,14,0,0,0,0
"1038",0,0,1,0,0,0,0
"1039",0,0,0,0,0,0,0
"1040",0,0,1,0,0,0,0
"1041",0,0,0,0,0,0,0
"1042",1,0,0,0,0,0,0
"1043",0,0,1,0,0,0,0
"1044",0,0,0,0,0,0,0
"1045",0,0,0,0,0,0,0
"1046",13,0,9,0,0,0,0
"1047",0,0,1,0,0,0,0
"1048",0,0,0,0,0,0,0
"1049",0,0,0,0,0,0,0
"1050",0,0,1,0,0,0,0
"1051",0,0,0,0,0,0,0
"1052",20,0,15,0,0,0,0
"1053",0,0,0,0,0,0,0
"1054",0,0,1,0,0,0,0
"1055",0,0,0,0,0,0,0
"1056",0,0,0,0,0,0,0
"1057",22,0,25,0,0,0,0
"1058",15,0,10,0,0,0,0
"1059",19,0,18,0,0,0,0
"1060",17,0,13,0,0,0,0
"1061",17,0,18,0,0,0,0
"1062",0,0,1,0,0,0,0
"1063",14,0,7,0,0,0,0
"1064",0,0,0,0,0,0,0
"1065",0,0,0,0,0,0,0
"1066",0,0,0,0,0,0,0
"1067",1,0,1,0,0,0,0
"1068",3,0,1,0,0,0,0
"1069",3,0,0,0,0,0,0
"1070",0,0,1,0,0,0,0
"1071",0,0,0,0,0,0,0
"1072",1,0,0,0,0,0,0
"1073",20,0,14,0,0,0,0
"1074",15,0,14,0,0,0,0
"1075",0,0,1,0,0,0,0
"1076",1,0,2,0,0,0,0
"1077",0,0,1,0,0,0,0
"1078",0,0,0,0,0,0,0
"1079",22,0,26,0,0,0,0
"1080",17,0,15,0,0,0,0
"1081",0,0,0,0,0,0,0
"1082",0,0,1,0,0,0,0
"1083",19,0,14,0,0,0,0
"1084",1,0,1,0,0,0,0
"1085",0,0,1,0,0,0,0
"1086",0,0,0,0,0,0,0
"1087",18,0,13,0,0,0,0
"1088",0,0,0,0,0,0,0
"1089",15,0,8,0,0,0,0
"1090",0,0,0,0,0,0,0
"1091",1,0,0,0,0,0,0
"1092",0,0,0,0,0,0,0
"1093",0,0,0,0,0,0,0
"1094",20,0,20,0,0,0,0
"1095",0,0,1,0,0,0,0
"1096",0,0,0,0,0,0,0
"1097",0,0,1,0,0,0,0
"1098",23,0,14,0,0,0,0
"1099",24,0,11,0,0,0,0
"1100",0,0,1,0,0,0,0
"1101",15,0,15,0,0,0,0
"1102",0,0,0,0,0,0,0
"1103",20,0,11,0,0,0,0
"1104",1,0,1,0,0,0,0
"1105",0,0,0,0,0,0,0
"1106",0,0,1,0,0,0,0
"1107",10,0,10,0,0,0,0
"1108",12,0,13,0,0,0,0
"1109",17,0,14,0,0,0,0
"1110",0,0,0,0,0,0,0
"1111",15,0,16,0,0,0,0
"1112",0,0,1,0,0,0,0
"1113",0,0,0,0,0,0,0
"1114",0,0,0,0,0,0,0
"1115",0,0,0,0,0,0,0
"1116",25,0,19,0,0,0,0
"1117",0,0,0,0,0,0,0
"1118",14,0,17,0,0,0,0
"1119",0,0,1,0,0,0,0
"1120",13,0,11,0,0,0,0
"1121",0,0,0,0,0,0,0
"1122",1,0,0,0,0,0,0
"1123",1,0,1,0,0,0,0
"1124",0,0,0,0,0,0,0
"1125",0,0,0,0,0,0,0
"1126",0,0,0,0,0,0,0
"1127",0,0,0,0,0,0,0
"1128",0,0,0,0,0,0,0
"1129",16,0,15,0,0,0,0
"1130",0,0,0,0,0,0,0
"1131",0,0,0,0,0,0,0
"1132",13,0,14,0,0,0,0
"1133",0,0,0,0,0,0,0
"1134",0,0,0,0,0,0,0
"1135",1,0,0,0,0,0,0
"1136",0,0,0,0,0,0,0
"1137",7,0,7,0,0,0,0
"1138",0,0,0,0,0,0,0
"1139",14,1,12,0,0,0,0
"1140",15,0,17,0,0,0,0
"1141",0,0,0,0,0,0,0
"1142",1,0,0,0,0,0,0
"1143",0,0,0,0,0,0,0
"1144",20,0,22,0,0,0,0
"1145",0,0,0,0,0,0,0
"1146",0,0,1,0,0,0,0
"1147",1,0,0,0,0,0,0
"1148",16,0,16,0,0,0,0
"1149",0,0,0,0,0,0,0
"1150",11,0,10,0,0,0,0
"1151",0,0,1,0,0,0,0
"1152",0,0,0,0,0,0,0
"1153",1,0,1,0,0,0,0
"1154",0,0,1,0,0,0,0
"1155",11,0,10,0,0,0,0
"1156",15,0,8,0,0,0,0
"1157",0,0,0,0,0,0,0
"1158",11,0,8,0,1,0,0
"1159",2,0,0,0,0,0,0
"1160",0,0,3,0,0,0,0
"1161",0,0,0,0,0,0,0
"1162",0,0,0,0,0,0,0
"1163",0,0,1,0,0,0,0
"1164",12,0,11,0,0,0,0
"1165",0,0,0,0,0,0,0
"1166",11,0,15,0,0,0,0
"1167",15,0,12,0,0,0,0
"1168",16,0,12,0,0,0,0
"1169",0,0,1,0,0,0,0
"1170",13,0,12,0,0,0,0
"1171",0,0,0,0,0,0,0
"1172",1,0,1,0,0,0,0
"1173",0,0,0,0,0,0,0
"1174",22,0,25,0,0,0,0
"1175",0,0,1,0,0,0,0
"1176",15,0,15,0,0,0,0
"1177",19,0,10,0,0,0,0
"1178",0,0,0,0,0,0,0
"1179",19,0,19,0,0,0,0
"1180",12,0,11,0,0,0,0
"1181",27,0,17,0,0,0,0
"1182",0,0,0,0,0,0,0
"1183",1,0,0,0,0,0,0
"1184",0,0,0,0,0,0,0
"1185",0,0,0,0,0,0,0
"1186",1,0,1,0,0,0,0
"1187",0,0,1,0,0,0,0
"1188",16,0,8,0,0,0,0
"1189",1,0,0,0,0,0,0
"1190",0,0,1,0,0,0,0
"1191",14,0,10,0,0,0,0
"1192",0,0,0,0,0,0,0
"1193",10,0,11,0,0,0,0
"1194",14,0,13,0,0,0,0
"1195",16,0,11,0,0,0,0
"1196",0,0,1,0,0,0,0
"1197",5,0,3,0,0,0,0
"1198",0,0,1,0,0,0,0
"1199",1,0,2,0,0,0,0
"1200",0,0,0,0,0,0,0
"1201",0,0,0,0,0,0,0
"1202",0,0,1,0,0,0,0
"1203",16,0,12,0,0,0,0
"1204",0,0,0,0,0,0,0
"1205",0,0,1,0,0,0,0
"1206",0,0,2,0,0,0,0
"1207",17,0,10,0,0,0,0
"1208",0,0,0,0,0,0,0
"1209",0,0,1,0,0,0,0
"1210",0,0,0,0,0,0,0
"1211",0,0,0,0,0,0,0
"1212",15,0,13,0,0,0,0
"1213",1,0,0,0,0,0,0
"1214",0,0,1,0,0,0,0
"1215",1,0,1,0,0,0,0
"1216",1,0,0,0,0,0,0
"1217",17,0,16,0,0,0,0
"1218",1,0,0,0,0,0,0
"1219",3,0,1,0,0,0,0
"1220",15,0,9,0,1,0,0
"1221",17,0,11,0,0,0,0
"1222",0,0,1,0,0,0,0
"1223",20,0,18,0,0,0,0
"1224",0,0,0,0,0,0,0
"1225",13,0,11,0,0,0,0
"1226",0,0,0,0,0,0,0
"1227",0,0,0,0,0,0,0
"1228",14,0,9,0,0,0,0
"1229",0,0,0,0,0,0,0
"1230",18,0,15,0,0,0,0
"1231",18,0,13,0,0,0,0
"1232",0,0,0,0,0,0,0
"1233",0,0,0,0,0,0,0
"1234",0,0,1,0,0,0,0
"1235",0,0,1,0,0,0,0
"1236",1,0,0,0,0,0,0
"1237",12,0,12,0,0,0,0
"1238",17,0,13,0,0,0,0
"1239",18,0,12,0,0,0,0
"1240",20,0,11,0,1,0,0
"1241",0,0,0,0,0,0,0
"1242",17,0,9,0,0,0,0
"1243",17,0,15,0,0,0,0
"1244",14,0,12,0,0,0,0
"1245",0,0,1,0,0,0,0
"1246",0,0,0,0,0,0,0
"1247",1,0,0,0,0,0,0
"1248",25,0,20,0,0,0,0
"1249",14,0,14,0,0,0,0
"1250",0,0,0,0,0,0,0
"1251",0,0,0,0,0,0,0
"1252",0,0,0,0,0,0,0
"1253",0,0,0,0,0,0,0
"1254",0,0,0,0,0,0,0
"1255",0,0,1,0,0,0,0
"1256",18,0,17,0,0,0,0
"1257",0,0,0,0,0,0,0
"1258",19,0,14,0,0,0,0
"1259",14,0,14,0,0,0,0
"1260",18,0,17,0,0,0,0
"1261",0,0,0,0,0,0,0
"1262",15,0,16,0,0,0,0
"1263",0,0,0,0,0,0,0
"1264",18,0,10,0,0,0,0
"1265",0,0,1,0,0,0,0
"1266",0,0,0,0,0,0,0
"1267",24,0,18,0,0,0,0
"1268",16,0,16,0,0,0,0
"1269",0,0,1,0,0,0,0
"1270",0,0,1,0,0,0,0
"1271",0,0,0,0,0,0,0
"1272",12,0,9,0,0,0,0
"1273",0,0,0,0,0,0,0
"1274",0,0,0,0,0,0,0
"1275",0,0,0,0,0,0,0
"1276",2,0,1,0,0,0,0
"1277",14,0,14,0,0,0,0
"1278",25,0,13,0,0,0,0
"1279",0,0,1,0,0,0,0
"1280",14,0,14,0,0,0,2
"1281",3,0,3,0,0,0,0
"1282",1,0,1,0,0,0,0
"1283",1,0,1,0,0,0,0
"1284",0,0,1,0,0,0,0
"1285",0,0,1,0,0,0,0
"1286",1,0,1,0,0,0,0
"1287",19,0,15,0,0,0,0
"1288",20,0,11,0,0,0,0
"1289",1,0,1,0,0,0,0
"1290",0,0,0,0,0,0,0
"1291",21,0,11,0,0,0,0
"1292",1,0,1,0,0,0,0
"1293",0,0,1,0,0,0,0
"1294",0,0,0,0,0,0,0
"1295",0,0,0,0,0,0,0
"1296",0,0,1,0,0,0,0
"1297",0,0,0,0,0,0,0
"1298",1,0,0,0,0,0,0
"1299",0,0,1,0,0,0,0
"1300",3,0,2,0,0,0,0
"1301",21,0,21,0,0,0,0
"1302",0,0,0,0,0,0,0
"1303",3,0,2,0,0,0,0
"1304",0,0,1,0,0,0,0
"1305",0,0,0,0,0,0,0
"1306",0,0,0,0,0,0,0
"1307",1,0,0,0,0,0,0
"1308",0,0,1,0,0,0,0
"1309",0,0,0,0,0,0,0
"1310",9,0,8,0,0,0,0
"1311",1,0,0,0,0,0,0
"1312",0,0,0,0,0,0,0
"1313",16,0,13,0,0,0,0
"1314",0,0,0,0,0,0,0
"1315",0,0,0,0,0,0,0
"1316",1,0,0,0,0,0,0
"1317",20,0,16,0,0,0,0
"1318",11,0,11,0,0,0,0
"1319",6,0,5,0,0,0,0
"1320",14,0,10,0,1,0,0
"1321",19,0,18,0,0,0,0
"1322",0,0,2,0,0,0,0
"1323",15,0,13,0,0,0,0
"1324",0,0,0,0,0,0,0
"1325",0,0,1,0,0,0,0
"1326",0,0,1,0,0,0,0
"1327",0,0,1,0,0,0,0
"1328",0,0,1,0,0,0,0
"1329",0,0,0,0,0,0,0
"1330",0,0,0,0,0,0,0
"1331",12,0,11,0,0,0,0
"1332",0,0,1,0,0,0,0
"1333",0,0,0,0,0,0,0
"1334",0,0,1,0,0,0,0
"1335",0,0,0,0,0,0,0
"1336",0,0,0,0,0,0,0
"1337",13,0,9,0,0,0,0
"1338",0,0,0,0,0,0,0
"1339",0,0,0,0,0,0,0
"1340",0,0,0,0,0,0,0
"1341",0,0,1,0,0,0,0
"1342",21,0,13,0,0,0,0
"1343",17,0,12,0,0,0,0
"1344",0,0,0,0,0,0,0
"1345",0,0,0,0,0,0,0
"1346",21,0,19,0,0,0,0
"1347",17,0,13,0,0,0,0
"1348",4,0,2,0,0,0,0
"1349",0,0,0,0,0,0,0
"1350",0,0,0,0,0,0,0
"1351",1,0,1,0,0,0,0
"1352",13,0,12,0,0,0,0
"1353",0,0,0,0,0,0,0
"1354",16,0,10,0,0,0,0
"1355",2,0,2,0,0,0,0
"1356",0,0,0,0,0,0,0
"1357",0,0,0,0,0,0,0
"1358",1,0,0,0,0,0,0
"1359",0,0,0,0,0,0,0
"1360",0,0,0,0,0,0,0
"1361",0,0,1,0,0,0,0
"1362",1,0,1,0,0,0,0
"1363",1,0,0,0,0,0,0
"1364",0,0,0,0,0,0,0
"1365",14,0,14,0,0,0,0
"1366",0,0,0,0,0,0,0
"1367",0,0,1,0,0,0,0
"1368",0,0,0,0,0,0,0
"1369",0,0,0,0,0,0,0
"1370",0,0,0,0,0,0,0
"1371",14,0,10,0,0,0,0
"1372",0,0,0,0,0,0,0
"1373",17,0,16,0,0,0,0
"1374",1,0,1,0,0,0,0
"1375",17,0,10,0,1,0,0
"1376",1,0,1,0,0,0,0
"1377",16,0,10,0,0,0,0
"1378",18,1,11,0,0,0,0
"1379",0,0,0,0,0,0,0
"1380",0,0,0,0,0,0,0
"1381",0,0,0,0,0,0,0
"1382",0,0,1,0,0,0,0
"1383",1,0,1,0,0,0,0
"1384",0,0,0,0,0,0,0
"1385",0,0,0,0,0,0,0
"1386",0,0,1,0,0,0,0
"1387",0,0,0,0,0,0,0
"1388",23,0,13,0,0,0,0
"1389",0,0,0,0,0,0,0
"1390",0,0,0,0,0,0,0
"1391",0,0,1,0,0,0,0
"1392",17,0,11,0,0,0,0
"1393",16,1,12,0,0,0,0
"1394",0,0,2,0,0,0,0
"1395",0,0,1,0,0,0,0
"1396",0,0,0,0,0,0,0
"1397",18,0,16,0,1,0,0
"1398",1,0,0,0,0,0,0
"1399",0,0,0,0,0,0,0
"1400",0,0,0,0,0,0,0
"1401",15,0,10,0,0,0,0
"1402",0,0,0,0,0,0,0
"1403",18,0,18,0,0,0,0
"1404",0,0,0,0,0,0,0
"1405",17,0,13,0,0,0,0
"1406",0,0,0,0,0,0,0
"1407",1,0,0,0,0,0,0
"1408",0,0,0,0,0,0,0
"1409",1,0,0,0,0,0,0
"1410",19,0,15,0,1,0,0
"1411",0,0,0,0,0,0,0
"1412",0,0,2,0,0,0,0
"1413",2,0,2,0,0,0,0
"1414",1,0,0,0,0,0,0
"1415",12,0,10,0,0,0,0
"1416",0,0,0,0,0,0,0
"1417",9,0,7,0,0,0,0
"1418",0,0,0,0,0,0,0
"1419",18,0,10,0,0,0,0
"1420",12,0,16,0,0,0,0
"1421",2,0,2,0,0,0,0
"1422",0,0,0,0,0,0,0
"1423",1,0,1,0,0,0,0
"1424",1,0,0,0,0,0,0
"1425",1,0,0,0,0,0,0
"1426",13,0,11,0,0,0,0
"1427",15,0,11,0,0,0,0
"1428",20,0,14,0,0,0,0
"1429",10,0,12,0,0,0,0
"1430",0,0,1,0,0,0,0
"1431",0,0,1,0,0,0,0
"1432",1,0,0,0,0,0,0
"1433",19,0,13,0,0,0,0
"1434",1,0,1,0,0,0,0
"1435",0,0,0,0,0,0,0
"1436",17,0,14,0,0,0,0
"1437",1,0,2,0,0,0,0
"1438",0,0,1,0,0,0,0
"1439",13,0,10,0,0,0,0
"1440",0,0,0,0,0,0,0
"1441",19,0,15,0,0,0,0
"1442",0,0,0,0,0,0,0
"1443",0,0,1,0,0,0,0
"1444",1,0,0,0,0,0,0
"1445",0,0,1,0,0,0,0
"1446",1,0,0,0,0,0,0
"1447",21,0,15,0,0,0,0
"1448",16,0,9,0,0,0,0
"1449",0,0,0,1,0,0,0
"1450",0,0,0,0,0,0,0
"1451",0,0,0,0,0,0,0
"1452",0,0,0,0,0,0,0
"1453",0,0,0,0,0,0,0
"1454",0,0,0,0,0,0,0
"1455",0,0,0,0,0,0,0
"1456",13,0,18,0,0,0,0
"1457",0,0,1,0,0,0,0
"1458",15,0,8,0,0,0,0
"1459",1,0,0,0,0,0,0
"1460",0,0,0,0,0,0,0
"1461",18,0,11,0,0,0,0
"1462",22,0,17,0,0,0,0
"1463",0,0,0,0,0,0,0
"1464",18,0,13,1,0,0,0
"1465",15,0,14,0,0,0,0
"1466",0,0,0,0,0,0,0
"1467",0,0,0,0,0,0,0
"1468",2,0,1,0,0,0,0
"1469",15,0,11,0,0,0,0
"1470",0,0,1,0,0,0,0
"1471",0,0,1,0,0,0,0
"1472",10,0,10,0,0,0,0
"1473",22,0,15,0,0,0,0
"1474",14,0,18,0,0,0,0
"1475",24,0,14,0,0,0,0
"1476",11,0,10,0,0,0,0
"1477",13,0,9,0,0,0,0
"1478",1,0,0,0,0,0,0
"1479",0,0,0,0,0,0,0
"1480",0,0,0,0,0,0,0
"1481",11,0,9,0,0,0,0
"1482",2,0,2,0,0,0,0
"1483",19,0,13,0,1,0,0
"1484",5,0,3,0,0,0,0
"1485",22,0,18,0,0,0,0
"1486",0,0,0,0,0,0,0
"1487",22,0,14,0,0,0,0
"1488",0,0,0,0,0,0,0
"1489",14,0,15,0,0,0,0
"1490",16,0,12,0,0,0,0
"1491",0,0,1,0,0,0,0
"1492",14,0,10,0,0,0,0
"1493",0,0,0,0,0,0,0
"1494",21,0,14,0,0,0,0
"1495",0,0,0,0,0,0,0
"1496",13,0,8,0,0,0,0
"1497",13,0,9,1,0,0,0
"1498",1,0,1,0,0,0,0
"1499",15,0,9,0,0,0,0
"1500",0,0,0,0,0,0,0
"1501",16,0,11,0,0,0,0
"1502",2,0,2,0,0,0,0
"1503",0,0,0,0,0,0,0
"1504",0,0,0,0,0,0,0
"1505",1,0,0,0,0,0,0
"1506",14,0,13,0,0,0,0
"1507",0,0,1,0,0,0,0
"1508",0,0,0,0,0,0,0
"1509",0,0,0,0,0,0,0
"1510",16,0,11,0,0,0,0
"1511",0,0,2,0,0,0,0
"1512",0,0,1,0,0,0,0
"1513",14,0,13,0,0,0,0
"1514",13,0,11,0,0,0,0
"1515",17,0,11,0,0,0,0
"1516",13,0,17,0,0,0,0
"1517",0,0,1,0,0,0,0
"1518",19,0,17,0,0,0,0
"1519",0,0,0,0,0,0,0
"1520",0,0,0,0,0,0,0
"1521",0,0,0,0,0,0,0
"1522",14,0,12,0,1,0,0
"1523",1,0,2,0,0,0,0
"1524",0,0,1,0,0,0,0
"1525",16,0,14,0,0,0,0
"1526",0,0,0,0,0,0,0
"1527",0,0,0,0,0,0,0
"1528",0,0,0,0,0,0,0
"1529",0,0,0,0,0,0,0
"1530",0,0,0,0,0,0,0
"1531",17,0,15,0,0,0,0
"1532",16,0,10,0,0,0,0
"1533",2,0,1,0,0,0,0
"1534",1,0,0,0,0,0,0
"1535",16,0,10,0,0,0,0
"1536",0,0,1,0,0,0,0
"1537",15,0,12,0,0,0,0
"1538",15,0,11,0,0,0,0
"1539",0,0,0,0,0,0,0
"1540",15,0,11,0,0,0,0
"1541",19,0,10,0,0,0,0
"1542",0,0,0,0,0,0,0
"1543",0,0,1,0,0,0,0
"1544",0,0,0,0,0,0,0
"1545",0,0,0,0,0,0,0
"1546",0,0,0,0,0,0,0
"1547",14,0,10,0,0,0,1
"1548",12,0,12,0,0,0,0
"1549",0,0,0,0,0,0,0
"1550",0,0,0,0,0,0,0
"1551",8,0,6,0,0,0,0
"1552",0,0,1,0,0,0,0
"1553",0,0,1,0,0,0,0
"1554",15,0,11,0,0,0,0
"1555",12,0,9,0,0,0,0
"1556",0,0,1,0,0,0,0
"1557",0,0,2,0,0,0,0
"1558",0,0,0,0,0,0,0
"1559",16,0,11,0,0,0,0
"1560",13,0,8,0,0,0,0
"1561",0,0,0,0,0,0,0
"1562",0,0,0,0,0,0,0
"1563",14,0,12,0,0,0,0
"1564",20,0,11,0,0,0,0
"1565",0,0,1,0,0,0,0
"1566",0,0,0,0,0,0,0
"1567",0,0,1,0,0,0,0
"1568",0,0,0,0,0,0,0
"1569",13,0,14,0,0,0,1
"1570",0,0,0,0,0,0,0
"1571",14,0,12,0,0,0,0
"1572",0,0,0,0,0,0,0
"1573",0,0,0,0,0,0,0
"1574",2,0,0,0,0,0,0
"1575",1,0,0,0,0,0,0
"1576",14,0,10,0,0,0,0
"1577",0,0,0,0,0,0,0
"1578",13,0,9,0,0,0,0
"1579",0,0,1,0,0,0,0
"1580",0,0,0,0,0,0,0
"1581",0,0,1,0,0,0,0
"1582",18,0,25,0,0,0,0
"1583",0,0,0,0,0,0,0
"1584",18,0,18,0,0,0,0
"1585",0,0,0,0,0,0,0
"1586",0,0,0,0,0,0,0
"1587",14,0,12,0,0,0,0
"1588",0,0,1,0,0,0,0
"1589",1,0,0,0,0,0,0
"1590",11,0,9,0,0,0,0
"1591",19,1,16,0,1,0,0
"1592",23,0,14,0,0,0,0
"1593",1,0,0,0,0,0,0
"1594",0,0,0,0,0,0,0
"1595",14,0,14,0,0,0,0
"1596",20,0,16,0,0,0,0
"1597",0,0,0,0,0,0,0
"1598",13,0,11,0,0,0,0
"1599",0,0,0,0,0,0,0
"1600",0,0,0,0,0,0,0
"1601",0,0,0,0,0,0,0
"1602",16,0,17,0,0,0,0
"1603",19,0,18,0,0,0,0
"1604",15,0,13,0,0,0,0
"1605",0,0,0,0,0,0,0
"1606",13,0,12,0,0,0,0
"1607",0,0,0,0,0,0,0
"1608",20,0,19,0,0,0,0
"1609",16,0,13,0,0,0,0
"1610",8,0,7,0,0,0,0
"1611",0,0,0,0,0,0,0
"1612",12,0,14,0,0,0,0
"1613",1,0,0,0,0,0,0
"1614",0,0,0,0,0,0,0
"1615",0,0,1,0,0,0,0
"1616",0,0,0,0,0,0,0
"1617",0,0,0,0,0,0,0
"1618",0,0,1,0,0,0,0
"1619",14,0,12,0,0,0,0
"1620",1,0,0,0,0,0,0
"1621",0,0,1,0,0,0,0
"1622",0,0,0,0,0,0,0
"1623",0,0,1,0,0,0,0
"1624",12,0,12,0,0,0,0
"1625",0,0,1,0,0,0,0
"1626",14,0,12,0,0,0,0
"1627",10,0,9,0,0,0,0
"1628",0,0,0,0,0,0,0
"1629",0,0,1,0,0,0,0
"1630",0,0,0,0,0,0,0
"1631",0,0,0,0,0,0,0
"1632",11,0,11,0,0,0,0
"1633",1,0,1,0,0,0,0
"1634",0,0,1,0,0,0,0
"1635",0,0,1,0,0,0,0
"1636",0,0,0,0,0,0,0
"1637",0,0,0,0,0,0,0
"1638",12,0,9,1,0,0,0
"1639",1,0,0,0,0,0,0
"1640",0,0,0,0,0,0,0
"1641",0,0,0,0,0,0,0
"1642",0,0,0,0,0,0,0
"1643",12,0,10,0,0,0,0
"1644",11,0,14,0,0,0,0
"1645",15,0,10,0,0,0,0
"1646",1,0,1,0,0,0,0
"1647",2,0,0,0,0,0,0
"1648",18,0,9,0,0,0,0
"1649",4,0,3,0,0,0,0
"1650",16,0,14,0,0,0,0
"1651",1,0,1,0,0,0,0
"1652",0,0,1,0,0,0,0
"1653",0,0,0,0,0,0,0
"1654",11,0,12,0,0,0,0
"1655",9,0,9,0,0,0,0
"1656",0,0,0,0,0,0,0
"1657",13,0,8,0,0,0,0
"1658",13,0,10,0,0,0,0
"1659",0,0,0,0,0,0,0
"1660",1,0,1,0,0,0,0
"1661",0,0,0,0,0,0,0
"1662",14,0,16,0,0,0,0
"1663",2,0,2,0,0,0,0
"1664",2,0,0,0,0,0,0
"1665",20,0,14,0,0,0,0
"1666",1,0,1,0,0,0,0
"1667",0,0,0,0,0,0,0
"1668",0,0,1,0,0,0,0
"1669",0,0,1,0,0,0,0
"1670",0,0,1,0,0,0,0
"1671",0,0,0,0,0,0,0
"1672",2,0,1,0,0,0,0
"1673",0,0,0,0,0,0,0
"1674",1,0,1,0,0,0,0
"1675",1,0,0,0,0,0,0
"1676",18,0,11,0,0,0,0
"1677",0,0,0,0,0,0,0
"1678",0,0,0,0,0,0,0
"1679",0,0,0,0,0,0,0
"1680",16,0,15,0,0,0,0
"1681",0,0,0,0,0,0,0
"1682",25,1,18,1,0,0,0
"1683",0,0,1,0,0,0,0
"1684",0,0,1,0,0,0,0
"1685",0,0,0,0,0,0,0
"1686",1,0,0,0,0,0,0
"1687",0,0,0,0,0,0,0
"1688",0,0,1,0,0,0,0
"1689",0,0,0,0,0,0,0
"1690",1,0,0,0,0,0,0
"1691",0,0,0,0,0,0,0
"1692",0,0,0,0,0,0,0
"1693",0,0,1,0,0,0,0
"1694",21,0,14,0,1,0,1
"1695",0,0,1,0,0,0,0
"1696",17,0,14,0,0,0,0
"1697",0,0,0,0,0,0,0
"1698",0,0,0,0,0,0,0
"1699",0,0,1,0,0,0,0
"1700",17,0,18,0,0,0,0
"1701",17,0,15,0,0,0,0
"1702",0,0,1,0,0,0,0
"1703",0,0,0,0,0,0,0
"1704",2,0,2,0,0,0,0
"1705",0,0,1,0,0,0,0
"1706",10,0,9,0,0,0,0
"1707",0,0,0,0,0,0,0
"1708",0,0,0,0,0,0,0
"1709",1,0,2,0,0,0,0
"1710",0,0,0,0,0,0,0
"1711",0,0,0,0,0,0,0
"1712",0,0,0,0,0,0,0
"1713",1,0,1,0,0,0,0
"1714",22,0,13,0,0,0,0
"1715",14,0,9,0,0,0,0
"1716",20,0,11,0,0,0,0
"1717",0,0,0,0,0,0,0
"1718",14,0,10,0,0,0,0
"1719",0,0,1,0,0,0,0
"1720",19,0,16,0,0,0,0
"1721",14,0,12,0,0,0,0
"1722",19,1,15,0,0,0,0
"1723",3,0,1,0,0,0,0
"1724",0,0,0,0,0,0,0
"1725",0,0,0,0,0,0,0
"1726",0,0,0,0,0,0,0
"1727",11,0,14,0,0,0,0
"1728",16,0,14,0,0,0,0
"1729",0,0,0,0,0,0,0
"1730",0,0,0,0,0,0,0
"1731",1,0,1,0,0,0,0
"1732",1,0,0,0,0,0,0
"1733",1,0,0,0,0,0,0
"1734",14,0,16,0,0,0,0
"1735",15,0,12,0,0,0,0
"1736",0,0,0,0,0,0,0
"1737",1,0,1,0,0,0,0
"1738",10,0,9,0,0,0,0
"1739",0,0,1,0,0,0,0
"1740",16,0,10,0,0,0,0
"1741",21,0,11,0,0,0,0
"1742",9,0,8,0,0,0,0
"1743",1,0,1,0,0,0,0
"1744",16,0,15,0,0,0,0
"1745",0,0,0,0,0,0,0
"1746",0,0,0,0,0,0,0
"1747",14,0,13,0,0,0,0
"1748",18,0,12,0,0,0,0
"1749",18,0,14,0,0,0,0
"1750",0,0,0,0,0,0,0
"1751",0,0,0,0,0,0,0
"1752",0,0,1,0,0,0,0
"1753",14,0,9,0,0,0,0
"1754",11,0,7,0,0,0,0
"1755",0,0,0,0,0,0,0
"1756",16,0,12,0,0,0,0
"1757",16,0,7,0,0,0,0
"1758",16,0,14,0,0,0,0
"1759",1,0,0,0,0,0,0
"1760",0,0,1,0,0,0,0
"1761",13,0,13,0,0,0,0
"1762",0,0,0,0,0,0,0
"1763",0,0,0,0,0,0,0
"1764",0,0,1,0,0,0,0
"1765",10,0,9,0,0,0,0
"1766",1,0,0,0,0,0,0
"1767",0,0,0,0,0,0,0
"1768",0,0,0,0,0,0,0
"1769",0,0,0,0,0,0,0
"1770",15,0,14,0,0,0,0
"1771",3,0,0,0,0,0,0
"1772",1,0,0,0,0,0,0
"1773",19,0,13,0,0,0,0
"1774",0,0,1,0,0,0,0
"1775",0,0,1,0,0,0,0
"1776",0,0,2,0,0,0,0
"1777",16,0,12,0,0,0,0
"1778",15,0,13,0,0,0,0
"1779",0,0,0,0,0,0,0
"1780",0,0,0,0,0,0,0
"1781",14,0,11,0,0,0,0
"1782",17,0,15,0,0,0,0
"1783",15,0,7,0,0,0,0
"1784",16,0,16,0,0,0,0
"1785",0,0,0,0,0,0,0
"1786",1,0,1,0,0,0,0
"1787",22,0,15,0,0,0,0
"1788",1,0,0,0,0,0,0
"1789",20,0,15,0,0,0,0
"1790",16,0,11,0,0,0,0
"1791",1,0,1,0,0,0,0
"1792",21,0,8,0,0,0,0
"1793",16,0,14,0,0,0,0
"1794",0,0,0,0,0,0,0
"1795",2,0,0,0,0,0,0
"1796",0,0,1,0,0,0,0
"1797",2,0,2,0,0,0,0
"1798",17,0,10,0,0,0,0
"1799",0,0,1,0,0,0,0
"1800",11,0,7,0,0,0,0
"1801",2,0,1,0,0,0,0
"1802",0,0,0,0,0,0,0
"1803",17,0,14,0,0,0,0
"1804",11,0,9,0,0,0,0
"1805",8,0,5,0,0,0,0
"1806",19,0,11,0,0,0,0
"1807",15,0,12,0,0,0,0
"1808",16,0,13,0,0,0,0
"1809",0,0,0,0,0,0,0
"1810",17,0,14,0,0,0,0
"1811",1,0,0,0,0,0,0
"1812",0,0,0,0,0,0,0
"1813",1,0,0,0,0,0,0
"1814",13,0,13,0,0,0,0
"1815",14,0,6,0,0,0,0
"1816",0,0,1,0,0,0,0
"1817",0,0,0,0,0,0,0
"1818",0,0,1,0,0,0,0
"1819",25,0,15,0,0,0,0
"1820",0,0,1,0,0,0,0
"1821",0,0,0,0,0,0,0
"1822",1,0,1,0,0,0,0
"1823",0,0,1,0,0,0,0
"1824",0,0,0,0,0,0,0
"1825",0,0,1,0,0,0,0
"1826",0,0,0,0,0,0,0
"1827",0,0,0,0,0,0,0
"1828",12,0,11,0,0,0,0
"1829",21,0,15,0,0,0,0
"1830",0,0,1,0,0,0,0
"1831",0,0,1,0,0,0,0
"1832",0,0,0,0,0,0,0
"1833",1,0,1,0,0,0,0
"1834",0,0,1,0,0,0,0
"1835",17,0,20,0,0,0,0
"1836",0,0,1,0,0,0,0
"1837",10,0,10,0,0,0,0
"1838",0,0,0,0,0,0,0
"1839",0,0,0,0,0,0,0
"1840",0,0,1,0,0,0,0
"1841",0,0,0,0,0,0,0
"1842",0,0,0,0,0,0,0
"1843",0,0,0,0,0,0,0
"1844",18,0,12,0,0,0,0
"1845",1,0,2,0,0,0,0
"1846",15,0,13,0,0,0,0
"1847",13,0,14,0,0,0,0
"1848",15,0,14,0,0,0,0
"1849",13,0,10,0,0,0,0
"1850",14,0,11,0,0,0,0
"1851",0,0,0,0,0,0,0
"1852",11,0,10,0,0,0,1
"1853",0,0,0,0,0,0,0
"1854",0,0,0,0,0,0,0
"1855",0,0,0,0,0,0,0
"1856",1,0,1,0,0,0,0
"1857",16,0,8,0,0,0,0
"1858",0,0,1,0,0,0,0
"1859",0,0,0,0,0,0,0
"1860",0,0,0,0,0,0,0
"1861",21,0,16,0,0,0,0
"1862",0,0,1,0,0,0,0
"1863",1,0,1,0,0,0,0
"1864",4,0,1,0,0,0,0
"1865",18,0,11,0,0,0,0
"1866",14,0,16,0,0,0,0
"1867",0,0,1,0,0,0,0
"1868",23,0,16,0,0,0,0
"1869",13,0,13,0,0,0,0
"1870",0,0,0,0,0,0,0
"1871",0,0,0,0,0,0,0
"1872",18,0,10,0,0,0,0
"1873",0,0,0,0,0,0,0
"1874",0,0,1,0,0,0,0
"1875",14,0,16,0,0,0,0
"1876",0,0,0,0,0,0,0
"1877",18,0,16,0,0,0,0
"1878",15,0,13,0,0,0,0
"1879",13,0,16,0,0,0,0
"1880",18,0,16,0,0,0,0
"1881",1,0,1,0,0,0,0
"1882",10,0,10,0,0,0,0
"1883",21,0,12,0,0,0,0
"1884",0,0,0,0,0,0,0
"1885",0,0,0,0,0,0,0
"1886",0,0,1,0,0,0,0
"1887",20,0,11,0,0,0,0
"1888",0,0,1,0,0,0,0
"1889",1,0,1,0,0,0,0
"1890",15,0,14,0,0,0,0
"1891",0,0,1,0,0,0,0
"1892",0,0,0,0,0,0,0
"1893",0,0,0,0,0,0,0
"1894",13,0,11,0,0,0,0
"1895",1,0,1,0,0,0,0
"1896",1,0,0,0,0,0,0
"1897",2,0,0,0,0,0,0
"1898",0,0,1,0,0,0,0
"1899",0,0,1,0,0,0,0
"1900",10,0,10,0,0,0,0
"1901",0,0,1,0,0,0,0
"1902",0,0,0,0,0,0,0
"1903",2,0,2,0,0,0,0
"1904",0,0,1,0,0,0,0
"1905",0,0,0,0,0,0,0
"1906",15,0,16,0,0,0,0
"1907",0,0,0,0,0,0,0
"1908",0,0,0,0,0,0,0
"1909",16,0,13,0,0,0,0
"1910",17,0,17,0,0,0,0
"1911",1,0,1,0,0,0,0
"1912",23,0,13,0,0,0,0
"1913",0,0,0,0,0,0,0
"1914",1,0,0,0,0,0,0
"1915",17,0,10,0,0,0,1
"1916",0,0,0,0,0,0,0
"1917",0,0,1,0,0,0,0
"1918",0,0,0,0,0,0,0
"1919",1,0,0,0,0,0,0
"1920",10,0,9,0,0,0,0
"1921",12,0,9,0,0,0,0
"1922",0,0,1,0,0,0,0
"1923",14,0,12,0,0,0,0
"1924",19,0,16,0,0,0,0
"1925",19,0,17,0,0,0,0
"1926",1,0,1,0,0,0,0
"1927",0,0,1,0,0,0,0
"1928",0,0,1,0,0,0,0
"1929",0,0,1,0,0,0,0
"1930",17,0,9,0,0,0,0
"1931",0,0,1,0,0,0,0
"1932",0,0,0,0,0,0,0
"1933",0,0,0,0,0,0,0
"1934",0,0,0,0,0,0,0
"1935",0,0,0,0,0,0,0
"1936",1,0,1,0,0,0,0
"1937",11,0,8,0,0,0,0
"1938",0,0,1,0,0,0,0
"1939",18,0,15,0,0,0,0
"1940",1,0,1,0,0,0,0
"1941",10,0,10,0,1,0,0
"1942",19,0,11,0,0,0,0
"1943",17,0,15,0,0,0,0
"1944",0,0,0,0,0,0,0
"1945",1,0,1,0,0,0,0
"1946",11,0,11,0,0,0,0
"1947",1,0,1,0,0,0,0
"1948",0,0,0,0,0,0,0
"1949",3,0,3,0,0,0,0
"1950",2,0,0,0,0,0,0
"1951",15,0,14,0,0,0,0
"1952",0,0,0,0,0,0,0
"1953",0,0,2,0,0,0,0
"1954",0,0,0,0,0,0,0
"1955",0,0,1,0,0,0,0
"1956",0,0,0,0,0,0,0
"1957",0,0,1,0,0,0,0
"1958",15,0,11,0,0,0,0
"1959",15,0,11,0,0,0,0
"1960",16,0,17,0,0,0,0
"1961",2,0,0,0,0,0,0
"1962",0,0,0,0,0,0,0
"1963",0,0,0,0,0,0,0
"1964",1,0,1,0,0,0,0
"1965",0,0,0,0,0,0,0
"1966",0,0,1,0,0,0,0
"1967",1,0,0,0,0,0,0
"1968",0,0,1,0,0,0,0
"1969",0,0,1,0,0,0,0
"1970",0,0,0,0,0,0,0
"1971",0,0,1,0,0,0,0
"1972",13,0,14,0,0,0,0
"1973",0,0,0,0,0,0,0
"1974",18,0,14,0,0,0,0
"1975",13,0,9,0,0,0,0
"1976",0,0,1,0,0,0,0
"1977",12,0,9,0,0,0,0
"1978",11,0,12,0,0,0,0
"1979",14,0,8,0,0,0,0
"1980",0,0,0,0,0,0,0
"1981",0,0,0,0,0,0,0
"1982",0,0,0,0,0,0,0
"1983",10,0,10,0,0,0,0
"1984",18,0,12,0,0,0,0
"1985",17,0,17,0,0,0,1
"1986",16,0,10,0,0,0,0
"1987",2,0,1,0,0,0,0
"1988",11,0,11,0,0,0,0
"1989",12,0,12,0,0,0,0
"1990",14,0,15,0,0,0,0
"1991",19,0,14,0,0,0,0
"1992",13,0,15,0,0,0,0
"1993",1,0,2,0,0,0,0
"1994",13,0,12,1,0,0,0
"1995",0,0,0,0,0,0,0
"1996",0,0,0,0,0,0,0
"1997",17,0,16,0,0,0,0
"1998",0,0,0,0,0,0,0
"1999",1,0,1,0,0,0,0
"2000",15,0,11,0,0,0,0
"2001",12,0,11,0,0,0,0
"2002",17,0,15,0,0,0,0
"2003",1,0,1,0,0,0,0
"2004",0,0,1,0,0,0,0
"2005",0,0,0,0,0,0,0
"2006",0,0,0,0,0,0,0
"2007",0,0,1,0,0,0,0
"2008",0,0,1,0,0,0,0
"2009",1,0,0,0,0,0,0
"2010",0,0,1,0,0,0,0
"2011",1,0,0,0,0,0,0
"2012",15,0,11,0,0,0,0
"2013",0,0,0,0,0,0,0
"2014",0,0,0,0,0,0,0
"2015",0,0,0,0,0,0,0
"2016",10,0,8,0,0,0,0
"2017",14,0,12,0,0,0,0
"2018",14,0,11,0,0,0,0
"2019",17,0,10,0,0,0,0
"2020",1,0,1,0,0,0,0
"2021",11,0,9,0,0,0,0
"2022",12,0,12,0,0,0,0
"2023",9,0,6,0,0,0,0
"2024",0,0,1,0,0,0,0
"2025",20,0,18,0,0,0,0
"2026",0,0,0,0,0,0,0
"2027",11,0,9,0,0,0,0
"2028",0,0,0,0,0,0,0
"2029",22,0,15,0,0,0,0
"2030",20,0,13,0,0,0,0
"2031",14,0,11,0,0,0,0
"2032",1,0,1,0,0,0,0
"2033",0,0,0,0,0,0,0
"2034",1,0,1,0,0,0,0
"2035",0,0,0,0,0,0,0
"2036",8,0,10,0,1,0,0
"2037",1,0,2,0,0,0,0
"2038",0,0,1,0,0,0,0
"2039",0,0,0,0,0,0,0
"2040",0,0,1,0,0,0,0
"2041",16,0,19,0,0,0,0
"2042",0,0,0,0,0,0,0
"2043",2,0,1,0,0,0,0
"2044",0,0,1,0,0,0,0
"2045",15,0,13,0,0,0,0
"2046",0,0,1,0,0,0,0
"2047",14,0,13,0,0,0,0
"2048",0,0,0,0,0,0,0
"2049",18,0,7,0,0,0,0
"2050",0,0,0,0,0,0,0
"2051",0,0,1,0,0,0,0
"2052",0,0,1,0,0,0,0
"2053",25,0,18,0,0,0,0
"2054",1,0,1,0,0,0,0
"2055",0,0,1,0,0,0,0
"2056",10,0,7,0,0,0,0
"2057",12,0,9,0,0,0,0
"2058",0,0,1,0,0,0,0
"2059",0,0,1,0,0,0,0
"2060",17,0,11,0,0,0,0
"2061",9,0,6,0,0,0,0
"2062",1,0,2,0,0,0,0
"2063",13,0,12,0,0,0,0
"2064",16,0,13,0,0,0,0
"2065",0,0,0,0,0,0,0
"2066",0,0,0,0,0,0,0
"2067",9,0,8,0,0,0,0
"2068",14,0,16,0,0,0,0
"2069",0,0,0,0,0,0,0
"2070",0,0,0,0,0,0,0
"2071",14,0,11,0,0,0,0
"2072",1,0,0,0,0,0,0
"2073",16,0,11,0,0,0,0
"2074",0,0,1,0,0,0,0
"2075",2,0,2,0,0,0,0
"2076",0,0,1,0,0,0,0
"2077",15,0,17,0,0,0,0
"2078",1,0,0,0,0,0,0
"2079",14,0,17,0,0,0,0
"2080",15,0,12,0,0,0,0
"2081",0,0,0,0,0,0,0
"2082",15,0,11,0,0,0,0
"2083",12,0,9,0,0,0,0
"2084",1,0,0,0,0,0,0
"2085",1,0,1,0,0,0,0
"2086",0,0,0,0,0,0,0
"2087",0,0,1,0,0,0,0
"2088",0,0,1,0,0,0,0
"2089",0,0,0,0,0,0,0
"2090",1,0,0,0,0,0,0
"2091",0,0,0,0,0,0,0
"2092",22,0,15,0,0,0,0
"2093",0,0,1,0,0,0,0
"2094",1,0,1,0,0,0,0
"2095",12,0,11,0,0,0,0
"2096",0,0,1,0,0,0,0
"2097",1,0,2,0,0,0,0
"2098",0,0,1,0,0,0,0
"2099",0,0,1,0,0,0,0
"2100",0,0,0,0,0,0,0
"2101",1,0,1,0,0,0,0
"2102",1,0,0,0,0,0,0
"2103",0,0,1,0,0,0,0
"2104",0,0,0,0,0,0,0
"2105",0,0,0,0,0,0,0
"2106",19,0,7,0,0,0,0
"2107",10,0,10,0,0,0,0
"2108",0,0,0,0,0,0,0
"2109",0,0,1,0,0,0,0
"2110",0,0,1,0,0,0,0
"2111",0,0,0,0,0,0,0
"2112",20,0,17,0,0,0,0
"2113",15,0,13,0,0,0,0
"2114",0,0,0,0,0,0,0
"2115",0,0,0,0,0,0,0
"2116",17,0,8,0,0,0,0
"2117",0,0,0,0,0,0,0
"2118",0,0,1,0,0,0,0
"2119",9,0,7,0,0,0,0
"2120",0,0,0,0,0,0,0
"2121",0,0,0,0,0,0,0
"2122",0,0,0,0,0,0,0
"2123",0,0,0,0,0,0,0
"2124",0,0,0,0,0,0,0
"2125",25,0,18,0,0,0,0
"2126",16,0,15,0,0,0,0
"2127",1,0,0,0,0,0,0
"2128",0,0,0,0,0,0,0
"2129",19,0,11,0,0,0,0
"2130",24,0,15,0,0,0,0
"2131",2,0,2,0,0,0,0
"2132",0,0,0,0,0,0,0
"2133",21,0,18,0,0,0,0
"2134",0,0,0,0,0,0,0
"2135",0,0,0,0,0,0,0
"2136",13,0,10,0,0,0,0
"2137",1,0,1,0,0,0,0
"2138",15,0,13,0,0,0,0
"2139",17,0,13,0,0,0,1
"2140",14,0,13,0,0,0,0
"2141",0,0,0,0,0,0,0
"2142",0,0,0,0,0,0,0
"2143",0,0,0,0,0,0,0
"2144",0,0,1,0,0,0,0
"2145",0,0,0,0,0,0,0
"2146",0,0,0,0,0,0,0
"2147",0,0,0,0,0,0,0
"2148",16,0,12,0,0,0,0
"2149",0,0,1,0,0,0,0
"2150",16,0,12,0,0,0,0
"2151",15,0,16,0,0,0,0
"2152",0,0,1,0,0,0,0
"2153",24,0,14,0,0,0,0
"2154",1,0,0,0,0,0,0
"2155",15,0,19,0,0,0,0
"2156",12,0,8,0,0,0,0
"2157",0,0,0,0,0,0,0
"2158",0,0,0,0,0,0,0
"2159",0,0,0,0,0,0,0
"2160",15,0,12,0,0,0,0
"2161",13,0,10,0,0,0,0
"2162",0,0,0,0,0,0,0
"2163",0,0,1,0,0,0,0
"2164",0,0,0,0,0,0,0
"2165",16,0,9,0,0,0,0
"2166",20,0,13,0,0,0,0
"2167",0,0,0,0,0,0,0
"2168",0,0,0,0,0,0,0
"2169",0,0,0,0,0,0,0
"2170",16,0,12,0,0,0,0
"2171",0,0,0,0,0,0,0
"2172",0,0,0,0,0,0,0
"2173",0,0,0,0,0,0,0
"2174",11,0,11,0,0,0,0
"2175",13,0,11,0,0,0,0
"2176",16,0,12,0,0,0,0
"2177",19,0,10,0,0,0,0
"2178",16,0,14,0,0,0,0
"2179",14,0,11,0,0,0,1
"2180",0,0,0,0,0,0,0
"2181",0,0,0,0,0,0,0
"2182",0,0,1,0,0,0,0
"2183",0,0,0,0,0,0,0
"2184",0,0,1,0,0,0,0
"2185",19,0,14,0,0,0,0
"2186",16,0,17,0,0,0,0
"2187",0,0,0,0,0,0,0
"2188",15,0,10,0,0,0,0
"2189",2,0,1,0,0,0,0
"2190",0,0,0,0,0,0,0
"2191",24,0,18,0,0,0,0
"2192",0,0,1,0,0,0,0
"2193",0,0,1,0,0,0,0
"2194",0,0,1,0,0,0,0
"2195",1,0,0,0,0,0,0
"2196",11,0,9,0,0,0,0
"2197",22,0,16,0,0,0,0
"2198",0,0,1,0,0,0,0
"2199",0,0,0,0,0,0,0
"2200",19,0,17,0,0,0,0
"2201",0,0,0,0,0,0,0
"2202",0,0,1,0,0,0,0
"2203",15,0,15,0,0,0,0
"2204",0,0,0,0,0,0,0
"2205",0,0,0,0,0,0,0
"2206",1,0,2,0,0,0,0
"2207",0,0,0,0,0,0,0
"2208",0,0,0,0,0,0,0
"2209",0,0,0,0,0,0,0
"2210",3,0,1,0,0,0,0
"2211",12,0,11,0,0,0,0
"2212",15,0,11,0,0,0,0
"2213",0,0,1,0,0,0,0
"2214",22,0,17,0,0,0,0
"2215",0,0,0,0,0,0,0
"2216",0,0,0,0,0,0,0
"2217",0,0,0,0,0,0,0
"2218",0,0,0,0,0,0,0
"2219",0,0,0,0,0,0,0
"2220",0,0,0,0,0,0,0
"2221",1,0,0,0,0,0,0
"2222",1,0,1,0,0,0,0
"2223",1,0,1,0,0,0,0
"2224",0,0,1,0,0,0,0
"2225",16,0,17,0,0,0,0
"2226",16,0,13,0,0,0,0
"2227",0,0,1,0,0,0,0
"2228",0,0,0,0,0,0,0
"2229",1,0,0,0,0,0,0
"2230",1,0,1,0,0,0,0
"2231",14,0,12,0,0,0,0
"2232",0,0,0,0,0,0,0
"2233",14,0,8,0,0,0,0
"2234",1,0,0,0,0,0,0
"2235",0,0,1,0,0,0,0
"2236",1,0,0,0,0,0,0
"2237",18,1,16,0,1,0,0
"2238",17,0,14,0,0,0,0
"2239",3,0,2,0,0,0,0
"2240",11,0,11,0,0,0,0
"2241",0,0,0,0,0,0,0
"2242",0,0,1,0,0,0,0
"2243",0,0,0,0,0,0,0
"2244",17,1,12,0,1,0,0
"2245",13,0,13,0,0,0,0
"2246",0,0,0,0,0,0,0
"2247",0,0,0,0,0,0,0
"2248",2,0,1,0,0,0,0
"2249",18,0,8,0,0,0,0
"2250",0,0,0,0,0,0,0
"2251",0,0,1,0,0,0,0
"2252",0,0,0,0,0,0,0
"2253",0,0,0,0,0,0,0
"2254",0,0,0,0,0,0,0
"2255",0,0,0,0,0,0,0
"2256",1,0,0,0,0,0,0
"2257",0,0,0,0,0,0,0
"2258",11,0,10,0,0,0,1
"2259",0,0,0,0,0,0,0
"2260",11,0,10,0,0,0,0
"2261",1,0,0,0,0,0,0
"2262",0,0,0,0,0,0,0
"2263",2,0,2,0,0,0,0
"2264",0,0,0,0,0,0,0
"2265",2,0,1,0,0,0,0
"2266",18,0,14,0,0,0,0
"2267",0,0,0,0,0,0,0
"2268",0,0,0,0,0,0,0
"2269",2,0,2,0,0,0,0
"2270",0,0,1,0,0,0,0
"2271",9,0,12,0,0,0,0
"2272",19,0,11,0,0,0,0
"2273",13,0,12,0,0,0,0
"2274",0,0,1,0,0,0,0
"2275",1,0,1,0,0,0,0
"2276",12,0,9,0,0,0,0
"2277",0,0,0,0,0,0,0
"2278",10,0,8,0,0,0,0
"2279",0,0,0,0,0,0,0
"2280",16,0,19,0,0,0,1
"2281",11,0,9,0,0,0,0
"2282",1,0,1,0,0,0,0
"2283",0,0,1,0,0,0,0
"2284",0,0,2,0,0,0,0
"2285",19,0,13,0,0,0,1
"2286",12,0,12,0,0,0,0
"2287",0,0,1,0,0,0,0
"2288",0,0,0,0,0,0,0
"2289",0,0,0,0,0,0,0
"2290",0,0,0,0,0,0,0
"2291",11,0,8,0,0,0,0
"2292",15,0,15,0,0,0,0
"2293",0,0,0,0,0,0,0
"2294",0,0,0,0,0,0,0
"2295",18,0,13,0,0,0,0
"2296",13,0,15,0,0,0,0
"2297",17,0,15,0,0,0,0
"2298",0,0,0,0,0,0,0
"2299",0,0,0,0,0,0,0
"2300",16,0,10,0,0,0,0
"2301",0,0,0,0,0,0,0
"2302",0,0,0,0,0,0,0
"2303",1,0,1,0,0,0,0
"2304",10,0,9,0,0,0,0
"2305",0,0,0,0,0,0,0
"2306",0,0,0,0,0,0,0
"2307",0,0,0,0,0,0,0
"2308",1,0,1,0,0,0,0
"2309",0,0,1,0,0,0,0
"2310",0,0,0,0,0,0,0
"2311",0,0,1,0,0,0,0
"2312",0,0,1,0,0,0,0
"2313",1,0,0,0,0,0,0
"2314",0,0,0,0,0,0,0
"2315",0,0,0,0,0,0,0
"2316",1,0,0,0,0,0,0
"2317",19,0,14,0,0,0,1
"2318",14,0,13,0,0,0,0
"2319",22,0,23,0,0,0,0
"2320",12,0,12,0,0,0,0
"2321",1,0,1,0,0,0,0
"2322",0,0,0,0,0,0,0
"2323",0,0,0,0,0,0,0
"2324",18,0,16,0,0,0,0
"2325",12,0,11,0,0,0,0
"2326",15,0,12,0,0,0,0
"2327",14,0,13,0,0,0,0
"2328",21,0,16,0,0,0,0
"2329",17,0,15,0,0,0,0
"2330",0,0,1,0,0,0,0
"2331",18,0,14,0,0,0,0
"2332",1,0,3,0,0,0,0
"2333",0,0,1,0,0,0,0
"2334",0,0,0,0,0,0,0
"2335",14,0,10,0,0,0,0
"2336",17,0,13,0,0,0,0
"2337",19,0,15,0,0,0,0
"2338",21,0,14,0,0,0,0
"2339",2,0,1,0,0,0,0
"2340",23,0,16,0,0,0,0
"2341",9,0,8,0,0,0,0
"2342",0,0,0,0,0,0,0
"2343",0,0,0,0,0,0,0
"2344",10,0,8,0,0,0,0
"2345",0,0,0,0,0,0,0
"2346",1,0,0,0,0,0,0
"2347",15,0,15,0,0,0,0
"2348",0,0,0,0,0,0,0
"2349",11,0,8,0,0,0,0
"2350",14,0,8,0,0,0,0
"2351",1,0,0,0,0,0,0
"2352",0,0,0,0,0,0,0
"2353",12,0,15,0,0,0,0
"2354",23,0,23,0,0,0,1
"2355",23,0,22,0,0,0,0
"2356",0,0,0,0,0,0,0
"2357",13,0,11,0,0,0,0
"2358",12,0,14,0,0,0,0
"2359",0,0,2,0,0,0,0
"2360",11,0,6,0,0,0,0
"2361",0,0,0,0,0,0,0
"2362",0,0,0,0,0,0,0
"2363",15,0,15,0,0,0,0
"2364",1,0,2,0,0,0,0
"2365",1,0,1,0,0,0,0
"2366",0,0,0,0,0,0,0
"2367",0,0,0,0,0,0,0
"2368",0,0,0,0,0,0,0
"2369",0,0,1,0,0,0,0
"2370",0,0,0,0,0,0,0
"2371",0,0,0,0,0,0,0
"2372",14,0,9,0,0,0,0
"2373",12,0,11,0,0,0,0
"2374",15,1,14,0,0,0,0
"2375",0,0,0,0,0,0,0
"2376",16,0,12,0,0,0,0
"2377",0,0,0,0,0,0,0
"2378",0,0,0,0,0,0,0
"2379",0,0,0,0,0,0,0
"2380",14,0,17,0,0,0,0
"2381",0,0,0,0,0,0,0
"2382",0,0,0,0,0,0,0
"2383",17,0,14,0,0,0,0
"2384",0,0,0,0,0,0,0
"2385",0,0,0,0,0,0,0
"2386",2,0,0,0,0,0,0
"2387",0,0,0,0,0,0,0
"2388",0,0,0,0,0,0,0
"2389",0,0,0,0,0,0,0
"2390",12,0,18,0,0,0,0
"2391",1,0,0,0,0,0,0
"2392",0,0,0,0,0,0,0
"2393",2,0,0,0,0,0,0
"2394",11,0,8,0,0,1,0
"2395",9,0,8,0,0,0,0
"2396",16,0,12,0,0,0,0
"2397",0,0,0,0,0,0,0
"2398",0,0,1,0,0,0,0
"2399",0,0,0,0,0,0,0
"2400",1,0,1,0,0,0,0
"2401",0,0,0,0,0,0,0
"2402",0,0,1,0,0,0,0
"2403",0,0,1,0,0,0,0
"2404",0,0,0,0,0,0,0
"2405",0,0,0,0,0,0,0
"2406",1,0,0,0,0,0,0
"2407",0,0,0,0,0,0,0
"2408",0,0,0,0,0,0,0
"2409",16,0,17,0,0,0,0
"2410",0,0,0,0,0,0,0
"2411",13,0,10,0,0,0,0
"2412",12,0,14,0,0,0,0
"2413",12,0,12,0,0,0,0
"2414",0,0,0,0,0,0,0
"2415",1,0,1,0,0,0,0
"2416",20,0,13,0,0,0,0
"2417",1,0,0,0,0,0,0
"2418",13,0,12,0,0,0,1
"2419",0,0,0,0,0,0,0
"2420",0,0,0,0,0,0,0
"2421",3,0,1,0,0,0,0
"2422",0,0,1,0,0,0,0
"2423",2,0,1,0,0,0,0
"2424",18,0,12,0,0,0,0
"2425",0,0,0,0,0,0,0
"2426",0,0,1,0,0,0,0
"2427",14,0,13,0,0,0,0
"2428",24,0,11,0,0,0,0
"2429",19,0,15,0,0,0,0
"2430",12,0,9,0,0,0,0
"2431",12,0,11,0,0,0,0
"2432",0,0,0,0,0,0,0
"2433",13,0,9,0,0,0,0
"2434",0,0,0,0,0,0,0
"2435",0,0,1,0,0,0,0
"2436",0,0,1,0,0,0,0
"2437",12,0,12,0,0,0,0
"2438",14,0,8,0,0,0,0
"2439",14,0,14,0,0,0,0
"2440",0,0,0,0,0,0,0
"2441",0,0,0,0,0,0,0
"2442",0,0,0,0,0,0,0
"2443",14,0,12,0,0,0,0
"2444",0,0,0,0,0,0,0
"2445",13,0,12,0,0,0,0
"2446",1,0,0,0,0,0,0
"2447",0,0,0,0,0,0,0
"2448",17,0,11,0,0,0,0
"2449",0,0,0,0,0,0,0
"2450",18,0,13,0,0,0,0
"2451",0,0,0,0,0,0,0
"2452",0,0,0,0,0,0,0
"2453",0,0,1,0,0,0,0
"2454",14,0,15,0,0,0,0
"2455",0,0,1,0,0,0,0
"2456",0,0,1,0,0,0,0
"2457",0,0,0,0,0,0,0
"2458",13,0,8,0,0,0,0
"2459",18,0,13,0,0,0,0
"2460",21,0,17,0,0,0,0
"2461",0,0,0,0,0,0,0
"2462",18,0,16,0,0,0,0
"2463",0,0,0,0,0,0,0
"2464",15,0,10,0,0,0,0
"2465",0,0,0,0,0,0,0
"2466",0,0,0,0,0,0,0
"2467",0,0,0,0,0,0,0
"2468",13,0,16,0,0,0,0
"2469",0,0,1,0,0,0,0
"2470",21,0,17,0,0,0,0
"2471",0,0,1,0,0,0,0
"2472",12,0,12,0,0,0,0
"2473",0,0,1,0,0,0,0
"2474",19,0,18,0,0,0,0
"2475",0,0,0,0,0,0,0
"2476",0,0,0,0,0,0,0
"2477",0,0,0,0,0,0,0
"2478",0,0,0,0,0,0,0
"2479",0,0,0,0,0,0,0
"2480",15,0,11,0,0,0,0
"2481",1,0,1,0,0,0,0
"2482",0,0,0,0,0,0,0
"2483",0,0,0,0,0,0,0
"2484",13,0,12,0,0,0,0
"2485",0,0,0,0,0,0,0
"2486",1,0,1,0,0,0,0
"2487",18,0,19,0,0,0,0
"2488",19,0,15,0,0,0,0
"2489",20,0,12,0,0,0,0
"2490",9,0,8,0,0,0,0
"2491",0,0,0,0,0,0,0
"2492",15,0,16,0,0,0,0
"2493",13,0,11,0,0,0,0
"2494",0,0,0,0,0,0,0
"2495",1,0,0,0,0,0,0
"2496",10,0,15,0,0,0,0
"2497",12,0,16,0,0,0,0
"2498",8,0,8,0,0,0,0
"2499",0,0,0,0,0,0,0
"2500",1,0,0,0,0,0,0
