"","age1_orange.I","age1_green.I","age2_no_comorbid_orange.I","age2_no_comorbid_green.I","age2_comorbid_green.I","age3_no_comorbid_green.I","age3_comorbid_green.I"
"1",0,0,7.47403649186492,0,0,0,0
"2",0,0,10.2081909544494,0,0,0,0
"3",25.703621289591,0,0,0,0,0,0
"4",123.502697923045,0,178.319378317337,0,0,0,0
"5",71.3074749775064,0,72.0091935441248,0,0,0,0
"6",0,0,0,0,0,0,0
"7",69.7673936625258,0,70.9585544888158,0,0,0,0
"8",0,0,0,0,0,0,0
"9",0,0,15.9525943204226,0,0,0,0
"10",108.865440405857,0,88.4177358099629,0,0,0,0
"11",103.487255717622,0,99.4786509324417,0,0,0,0
"12",107.852393458546,0,117.823462042811,0,0,0,0
"13",149.572139006266,0,150.537696659569,0,0,0,0
"14",0,0,4.08063063438948,0,0,0,0
"15",0,0,0,0,0,0,0
"16",0,0,9.44983437435017,0,0,0,0
"17",0,0,0,0,0,0,0
"18",0,0,0,0,0,0,0
"19",88.3091618094487,0,75.4585604664441,0,0,0,0
"20",151.25313597556,0,132.752466379109,0,0,0,0
"21",100.999046413382,0,83.8426557844724,0,0,0,0
"22",142.200073920041,0,137.931019471768,0,0,0,29.9231784530286
"23",0,0,19.4798565172868,0,0,0,0
"24",207.510058387933,0,192.557404706459,0,0,0,0
"25",0,0,1.62439391392428,0,0,0,0
"26",0,0,7.79682643224383,0,0,0,0
"27",182.924731437986,0,184.046161542544,0,0,0,0
"28",129.257408449882,0,180.538282553243,0,0,0,0
"29",0,0,0,0,0,0,0
"30",20.9885948266204,0,0,0,0,0,0
"31",17.8827284078654,0,0,0,0,0,0
"32",0,0,3.57423477440749,0,0,0,0
"33",108.110964663416,0,127.4141168354,0,0,0,0
"34",0,0,0,0,0,0,0
"35",0,0,0,0,0,0,0
"36",0,0,0,0,0,0,0
"37",119.473165542972,0,108.867022602552,0,0,0,0
"38",0,0,0,0,0,0,0
"39",0,0,7.53323918158583,0,0,0,0
"40",0,0,0,0,0,0,0
"41",103.593303122599,0,112.908623077885,0,0,126.553687459099,108.180725604401
"42",0,0,19.6567233874077,0,0,0,0
"43",0,0,0,0,0,0,0
"44",119.579608732323,0,103.60812948882,0,0,88.1224145931598,0
"45",130.66970136986,0,100.215181111456,0,0,0,0
"46",16.9024348324469,0,23.4683645491379,0,0,0,0
"47",0,0,0,0,0,0,0
"48",84.8443800019063,0,90.2026055040313,0,0,0,0
"49",0,0,0,0,0,0,0
"50",0,0,0,0,0,0,0
"51",19.1260637780958,0,41.9051193506802,0,0,0,0
"52",72.1716641933113,0,78.6523335893,0,0,0,0
"53",0,0,0,0,0,0,0
"54",0,0,0,0,0,0,0
"55",0,0,0,0,0,0,0
"56",0,0,13.1234986832329,0,0,0,0
"57",0,0,0,0,0,0,0
"58",99.4654929386044,0,71.3865913237737,0,0,0,0
"59",0,0,0,0,0,0,0
"60",0,0,3.99996840413084,0,0,0,0
"61",0,0,11.7065370871124,0,0,0,0
"62",176.340810672532,0,159.16314451345,0,0,245.89689008789,0
"63",179.435150742075,0,156.869089974862,0,0,0,0
"64",0,0,0,0,0,0,0
"65",177.067112811859,0,173.887050247659,0,0,0,0
"66",131.603408640624,0,140.648778888188,0,0,0,0
"67",17.4759425103959,0,11.748340237568,0,0,0,0
"68",181.798376306412,0,138.681455232013,0,0,0,0
"69",0,0,3.54371720596458,0,0,0,0
"70",0,0,0,0,0,0,0
"71",0,0,1.47375661255349,0,0,0,0
"72",0,0,7.56582072084961,0,0,0,0
"73",126.049250881619,0,111.915444933542,0,0,0,0
"74",0,0,0,0,0,0,0
"75",6.72636973190517,0,16.7708986122292,0,0,0,0
"76",0,0,0,0,0,0,0
"77",145.381112930675,0,133.743792343419,0,0,0,0
"78",0,0,0,0,0,0,0
"79",0,0,14.4189118238014,0,0,0,0
"80",148.022714175157,0,132.94677787268,0,0,0,0
"81",69.5027362718048,0,74.0560858324113,0,0,0,0
"82",116.469571230866,0,125.510980137385,0,0,0,0
"83",0,0,0,0,0,0,0
"84",7.54181789532866,0,4.27165630444486,0,0,0,0
"85",14.0213637063787,0,32.0550593729725,0,0,0,0
"86",18.7482419522423,0,0,0,0,0,0
"87",0,0,8.4180466543597,0,0,0,0
"88",0,0,0,0,0,0,0
"89",70.3823225904795,0,91.5427434262601,0,0,0,0
"90",166.641785417426,0,136.220996535739,0,0,0,0
"91",0,0,0,0,0,0,0
"92",0,0,0,0,0,0,0
"93",97.49485478303,0,130.686924906968,0,0,0,106.673852216652
"94",8.17254711476695,0,0,0,0,0,0
"95",0,0,0,0,0,0,0
"96",23.3279722710361,0,20.88188188654,0,0,0,0
"97",0,0,0,0,0,0,0
"98",0,0,0,0,0,0,0
"99",0,0,4.70255378519886,0,0,0,0
"100",38.6131434311881,0,25.1373226853182,0,0,0,0
"101",90.0249407999233,0,96.2005378649473,0,0,0,0
"102",107.00942032905,0,110.463662941269,0,0,0,0
"103",0,0,8.86414365345914,0,0,0,0
"104",0,0,0,0,0,0,0
"105",0,0,0,0,0,0,0
"106",0,0,0,0,0,0,0
"107",0,0,0,0,0,0,0
"108",220.320731161588,0,247.988770497905,0,0,0,0
"109",0,0,0,0,0,0,0
"110",0,0,0,0,0,0,0
"111",26.317365885241,0,26.9048036625501,0,0,0,0
"112",36.5417278628906,0,10.7583312019539,0,0,0,0
"113",115.698530672933,0,115.067616690661,0,0,0,0
"114",103.862988105973,0,121.6770700906,0,0,0,0
"115",0,0,9.46102217475013,0,0,0,0
"116",17.9398359115968,0,49.0151131673398,0,0,0,0
"117",0,0,8.00081393426517,0,0,0,0
"118",0,0,0,0,0,0,0
"119",135.002741418365,0,184.457630691913,0,0,0,0
"120",0,0,9.94799443719435,0,0,0,0
"121",0,0,0,0,0,0,0
"122",0,0,14.1128218198381,0,0,0,0
"123",0,0,0,0,0,0,0
"124",32.3335247234069,0,51.2144610893796,0,0,0,0
"125",0,0,1.31833994946327,0,0,0,0
"126",0,0,0,0,0,0,0
"127",0,0,0,0,0,0,0
"128",22.1967497615667,0,20.0456040255532,0,0,0,0
"129",0,0,7.72944106329517,0,0,0,0
"130",0,0,3.44978108379262,0,0,0,0
"131",0,0,0,0,0,0,0
"132",0,0,0,0,0,0,0
"133",0,0,0,0,0,0,0
"134",11.4021778024964,0,11.3345323308279,0,0,0,0
"135",0,0,0,0,0,0,0
"136",0,0,0,0,0,0,0
"137",104.526640991484,0,71.3787159271181,0,0,0,0
"138",0,0,0,0,0,0,0
"139",0,0,3.00667423690551,0,0,0,0
"140",0,0,0,0,0,0,0
"141",0,0,0,0,0,0,0
"142",142.766286940272,0,131.938816516449,0,0,0,0
"143",0,0,0,0,0,0,0
"144",0,0,2.8090430339554,0,0,0,0
"145",100.024656037431,0,104.522905416532,0,0,0,0
"146",124.01252655602,0,108.880536346306,0,0,0,0
"147",0,0,0,0,0,0,0
"148",0,0,4.30900747372244,0,0,0,0
"149",74.6552956836174,0,91.2572233603812,0,0,0,0
"150",17.8467243413687,0,8.03915789210329,0,0,0,0
"151",0,0,18.8728112010203,0,0,0,0
"152",92.0165532399199,0,101.293549886297,0,0,0,0
"153",0,0,15.9793178517177,0,0,0,0
"154",0,0,0,0,0,0,0
"155",16.3961161417539,0,0,0,0,0,0
"156",22.8123248117346,0,10.4056730503931,0,0,0,0
"157",0,0,0,0,0,0,0
"158",0,0,2.8812479226173,0,0,0,0
"159",0,0,0,0,0,0,0
"160",0,0,0,0,0,0,0
"161",0,0,15.6810589912409,0,0,0,0
"162",0,0,0,0,0,0,0
"163",17.5769233987539,0,0,0,0,0,0
"164",0,0,0,0,0,0,0
"165",31.0825144463676,0,3.48880792255962,0,0,0,0
"166",0,0,0,0,0,0,0
"167",61.4793402012525,0,58.1586789185821,0,0,0,0
"168",93.0219577902022,0,106.626964315061,0,0,0,0
"169",15.2032974335866,0,0,0,0,0,0
"170",10.2502753219391,0,5.43157657524412,0,0,0,0
"171",139.182369606406,0,128.424783876277,0,0,0,0
"172",26.7529197739531,0,17.3545031139862,0,0,0,0
"173",86.0652769319417,0,94.0105839787216,0,0,0,103.174417722176
"174",22.4869836278241,0,20.2510979253417,0,0,0,0
"175",0,0,0,0,0,0,0
"176",131.948962510291,0,152.067067841486,0,0,0,0
"177",100.29477157555,0,108.280851655252,0,0,0,0
"178",0,0,17.0019867368351,0,0,0,0
"179",0,0,6.31507485054412,0,0,0,0
"180",104.938575623546,0,96.8980592352944,0,0,0,0
"181",0,0,2.43051064259217,0,0,0,0
"182",178.134123401377,0,154.101907178438,0,182.946274108171,0,0
"183",0,0,0,0,0,0,0
"184",0,0,4.31166698634239,0,0,0,0
"185",0,0,0,0,0,0,0
"186",108.879600508831,0,107.41217298117,0,0,0,0
"187",0,0,0,0,0,0,0
"188",0,0,0,0,0,0,0
"189",22.2720048258855,0,31.5513211767772,0,0,0,0
"190",131.356432195319,0,135.772748154787,0,0,0,0
"191",79.7041551774875,0,130.086954818373,0,0,0,0
"192",0,0,0,0,0,0,0
"193",16.5989845875705,0,12.3334644932603,0,0,0,0
"194",106.562880565426,0,110.162006310452,0,0,0,0
"195",12.0136791041171,0,29.3330841141465,0,0,0,0
"196",14.1079794498804,0,27.3859888177926,0,0,0,0
"197",0,0,0,0,0,0,0
"198",0,0,0,0,0,0,0
"199",79.0924905471842,0,96.0698773525289,0,0,0,0
"200",96.9388512614739,0,97.7265389527091,0,0,0,0
"201",0,0,0,0,0,0,0
"202",0,0,3.0149131578155,0,0,0,0
"203",27.0031228811519,0,25.3103307770237,0,0,0,0
"204",0,0,0,0,0,0,0
"205",116.394956898055,0,113.39605440139,0,0,0,0
"206",0,0,11.6102067811472,0,0,0,0
"207",97.9686091082007,0,83.2676037637924,0,0,0,0
"208",0,0,4.9884431628071,0,0,0,0
"209",0,0,0,0,0,0,0
"210",0,0,5.64445257880255,0,0,0,0
"211",11.4403274809111,0,0,0,0,0,0
"212",0,0,3.36777924927342,0,0,0,0
"213",125.576822896688,0,138.683864146014,0,0,0,0
"214",89.4077648093108,0,85.7426829949035,0,0,0,0
"215",123.176128171241,0,117.7290440885,0,0,0,0
"216",0,0,4.08762015800017,0,0,0,0
"217",0,0,7.07559236200707,0,0,0,0
"218",85.9471746310755,0,120.343855418188,128.071147321767,0,0,0
"219",0,0,0,0,0,0,0
"220",0,0,0,0,0,0,0
"221",90.9054302953962,0,97.2210532449169,0,0,0,0
"222",0,0,0,0,0,0,0
"223",118.194803190162,0,107.222892078977,0,0,0,0
"224",78.9374578229477,0,76.6004286733241,0,0,0,0
"225",0,0,3.93196735345818,0,0,0,0
"226",0,0,0,0,0,0,0
"227",0,0,0,0,0,0,0
"228",0,0,5.82783537935262,0,0,0,0
"229",67.9216797515464,0,117.545242080383,0,0,0,0
"230",84.8284002755685,0,92.0125391812957,0,0,0,0
"231",81.0272201124662,0,70.7993277962203,0,0,0,0
"232",0,0,0,0,0,0,0
"233",0,0,19.7369051763755,0,0,0,0
"234",0,0,0,0,0,0,0
"235",0,0,0,0,0,0,0
"236",56.9076894656966,0,0,0,0,0,0
"237",0,0,0,0,0,0,0
"238",22.0217973516579,0,30.6899715785443,0,0,0,0
"239",0,0,0,0,0,0,0
"240",101.585301455398,0,104.633217255057,0,0,0,0
"241",118.735567232015,0,125.82948190924,0,0,0,0
"242",55.0077107993457,0,71.3520667624508,0,0,0,0
"243",41.6358691772507,0,7.89461807827396,0,0,0,0
"244",0,0,0,0,0,0,0
"245",80.8252831614209,0,95.9341855377375,0,0,0,0
"246",0,0,13.1946951744916,0,0,0,0
"247",0,0,0,0,0,0,0
"248",86.3616761998303,0,77.9280412709986,0,0,0,0
"249",194.954377814583,0,82.3003749855198,0,0,0,0
"250",0,0,0,0,0,0,0
"251",4.96650754938145,0,0,0,0,0,0
"252",0,0,9.78097182526102,0,0,0,0
"253",0,0,1.83886526997596,0,0,0,0
"254",19.8354374183391,0,59.8672072318478,0,0,0,0
"255",110.502215542414,0,154.950512740997,0,0,0,0
"256",0,0,0,0,0,0,0
"257",0,0,4.40656154318794,0,0,0,0
"258",0,0,0,0,0,0,0
"259",0,0,0,0,0,0,0
"260",0,0,0,0,0,0,0
"261",84.4312989504096,0,84.0464795528568,0,0,0,0
"262",0,0,5.38415949027696,0,0,0,0
"263",79.8462127027508,0,108.682573643313,0,0,0,0
"264",99.4807653041657,0,89.1573593658746,0,0,0,0
"265",98.1716022540517,0,115.05215273906,0,0,0,0
"266",0,0,0,0,0,0,0
"267",126.325403959614,0,146.779045330716,0,0,0,0
"268",0,0,0,0,0,0,0
"269",0,0,3.8295936513832,0,0,0,0
"270",0,0,0,0,0,0,0
"271",27.4818986199355,0,20.0906738999027,0,0,0,0
"272",12.2110002994595,0,0,0,0,0,0
"273",0,0,0,0,0,0,0
"274",0,0,0,0,0,0,0
"275",0,0,0,0,0,0,0
"276",98.0838925142238,0,87.8256520838087,0,0,0,0
"277",22.3239489484385,0,4.66793404590875,0,0,0,0
"278",0,0,0,0,0,0,0
"279",0,0,0,0,0,0,0
"280",29.4124525919302,0,7.89664822022527,0,0,0,0
"281",75.0602552228205,0,117.968453036461,50.1639593457676,0,0,0
"282",0,0,0,0,0,0,0
"283",0,0,0,0,0,0,0
"284",100.700201115817,0,87.4159501985374,0,0,0,0
"285",88.8876428459521,0,92.8963732163971,0,0,0,0
"286",0,0,0,0,0,0,0
"287",147.556527111207,0,114.886399327888,0,0,0,0
"288",0,0,0,0,0,0,0
"289",0,0,2.88317200621233,0,0,0,0
"290",69.0919252338383,0,84.3869697455171,0,0,0,0
"291",142.688957763841,0,133.798324235204,0,0,0,0
"292",0,0,0,0,0,0,0
"293",0,0,0,0,0,0,0
"294",0,0,0,0,0,0,0
"295",99.7779921810231,0,117.700477281858,0,0,0,0
"296",0,0,6.82447552067847,0,0,0,0
"297",111.479200356361,0,112.543642036526,0,0,0,0
"298",111.539538297822,0,118.747819480989,0,0,0,0
"299",0,0,0,0,0,0,0
"300",0,0,6.51182487320503,0,0,0,0
"301",81.2966985756726,0,76.921216080873,0,0,0,160.164792463035
"302",109.950025753858,185.85700043112,106.9345787759,0,0,0,0
"303",0,0,6.55038025546056,0,0,0,0
"304",0,0,7.35361783385662,0,0,0,0
"305",0,0,0,0,0,0,0
"306",0,0,0,0,0,0,0
"307",0,0,0,0,0,0,0
"308",0,0,0,0,0,0,0
"309",0,0,22.1579177252748,0,0,0,0
"310",0,0,0,0,0,0,0
"311",0,0,0,0,0,0,0
"312",0,0,0,0,0,0,0
"313",55.4084665641121,0,33.1530652547895,0,0,0,0
"314",0,0,0,0,0,0,0
"315",0,0,2.59450964573374,0,0,0,0
"316",146.642312257719,0,160.11035025448,0,0,0,0
"317",0,0,0,0,0,0,0
"318",0,0,0,0,0,0,0
"319",0,0,0,0,0,0,0
"320",105.195207211385,0,97.7109893623342,0,0,0,0
"321",0,0,2.42256153853204,0,0,0,0
"322",0,0,0,0,0,0,0
"323",0,0,0,0,0,0,0
"324",0,0,0,0,0,0,0
"325",11.4387698922453,0,8.26114092501005,0,0,0,0
"326",139.985674633697,0,189.293370076006,0,0,0,0
"327",103.056916655099,0,76.2585247667969,0,0,0,0
"328",44.653400182992,0,47.5756570991813,0,19.9169520272874,0,0
"329",0,0,2.51337895360615,0,0,0,0
"330",151.104131997095,0,162.833125967543,0,0,0,0
"331",103.502558242414,0,91.91746222389,0,0,0,0
"332",11.9585935348545,0,22.4113841282934,0,0,0,0
"333",109.451118793989,0,146.712999854441,0,0,0,0
"334",38.9629506867149,0,13.3349258500683,0,0,0,0
"335",72.4668438238692,0,75.5203176242699,0,0,0,0
"336",189.361209416896,0,196.351575472143,0,0,0,0
"337",0,0,1.4310781199845,0,0,0,0
"338",0,0,0,0,0,0,0
"339",20.5081684090281,0,20.7105528465337,0,0,0,0
"340",0,0,10.0860759903097,0,0,0,0
"341",0,0,0,0,0,0,0
"342",9.73187883972774,0,0,0,0,0,0
"343",0,0,0,0,0,0,0
"344",0,0,0,0,0,0,0
"345",31.2332210419766,0,24.1030860712828,0,0,0,0
"346",0,0,0,0,0,0,0
"347",72.5845558332473,0,65.4273040833822,0,41.2104105546021,0,0
"348",0,0,0,0,0,0,0
"349",0,0,0,0,0,0,0
"350",0,0,0,0,0,0,0
"351",0,0,0,0,0,0,0
"352",8.68297397216353,0,10.1239853409269,0,0,0,0
"353",27.4529035908325,0,26.2296272774459,0,0,0,0
"354",32.794022067767,0,17.2441370320197,0,0,0,0
"355",73.8722215902307,0,102.908434838885,0,0,0,29.3735859239282
"356",0,0,0,0,0,0,0
"357",0,0,0,0,0,0,0
"358",85.103169069368,0,105.317341605017,0,0,0,0
"359",0,0,6.42407169448408,0,0,0,0
"360",0,0,12.7016975294133,0,0,0,0
"361",0,0,0,0,0,0,0
"362",92.784908470574,0,93.8765794138212,0,0,83.2504457868591,0
"363",19.7158003941412,0,20.2032543740044,0,0,0,0
"364",0,0,0,0,0,0,0
"365",88.4341815904207,0,103.020169499837,0,0,0,0
"366",74.8695730638096,0,72.277705718523,0,57.8507860579261,0,0
"367",55.4756854122088,0,49.3871297566786,0,0,0,0
"368",54.629743729009,0,14.3824561465816,0,0,0,0
"369",23.7210786819172,0,17.962875999546,0,0,0,0
"370",116.137120267667,0,134.572974273045,0,0,0,0
"371",0,0,0,0,0,0,0
"372",0,0,0,0,0,0,0
"373",39.815748385049,0,0,0,0,0,0
"374",16.9328962393653,0,13.7554921186262,0,0,0,0
"375",25.5536394297173,0,12.3368137674409,0,0,0,0
"376",0,0,15.164980046893,0,0,0,0
"377",36.134531241316,0,27.3288839436909,0,0,0,0
"378",91.295270099339,0,98.593793230766,0,0,0,0
"379",0,0,9.20798515392049,0,0,0,0
"380",95.6329157905964,0,100.704672778572,0,0,0,0
"381",48.5940948028075,0,60.350139816291,0,0,0,0
"382",12.9360993953443,0,32.3673881539873,0,0,0,0
"383",0,0,0,0,0,0,0
"384",35.9767589136387,0,37.3483306490016,0,0,0,0
"385",126.482365476028,0,127.716758836139,0,0,0,0
"386",0,0,0,0,0,0,0
"387",78.8820328981388,0,113.652884468345,0,0,0,0
"388",83.9829196792315,0,73.0622563947113,0,73.790717637489,0,0
"389",0,0,0,0,0,0,0
"390",0,0,0,0,0,0,0
"391",0,0,0,0,0,0,0
"392",98.6729903049254,0,104.632248965066,0,0,0,0
"393",0,0,0,0,0,0,0
"394",40.1531241696439,0,51.5693562036315,0,0,0,0
"395",0,0,5.01951517869186,0,0,0,0
"396",111.467622812536,0,89.8432673397964,0,0,0,0
"397",83.5918756579879,0,84.8356926350794,0,0,0,0
"398",0,0,0,0,0,0,0
"399",22.9814929936672,0,15.5918407150421,0,0,0,0
"400",94.9387698012478,214.990999501768,119.53419301558,0,0,0,0
"401",165.971520374197,0,144.418644903313,0,0,146.373063003213,0
"402",0,0,0,0,0,0,0
"403",0,0,0,0,0,0,0
"404",0,0,0,0,0,0,0
"405",0,0,23.9733344092228,0,0,0,0
"406",3.9216468910419,0,0,0,0,0,0
"407",82.8036781708173,0,71.500928383279,0,0,0,0
"408",0,0,0.713243707369086,0,0,0,0
"409",18.4534471705774,0,18.6351370709316,0,0,0,0
"410",87.5650791978562,0,88.5495478186164,0,0,0,0
"411",0,0,0,0,0,0,0
"412",106.676742030797,0,108.52691633217,0,0,0,0
"413",0,0,0,0,0,0,0
"414",12.8911240420875,0,0,0,0,0,0
"415",88.7335015770937,0,116.413788875352,0,0,0,0
"416",0,0,0,0,0,0,0
"417",140.544414086038,0,104.256341626285,0,0,0,0
"418",127.735058926586,0,134.307975107677,0,0,0,0
"419",139.830593865597,0,147.250488366553,0,0,0,0
"420",176.806314827473,0,74.7855688838473,0,0,0,0
"421",146.969033521192,0,103.186620743513,0,0,0,0
"422",0,0,0,0,0,0,0
"423",0,0,0,0,0,0,0
"424",0,0,0,0,0,0,0
"425",10.0614828517596,0,0,0,0,0,0
"426",16.4507055775812,0,0,0,0,0,0
"427",0,0,0,0,0,0,0
"428",118.380325521232,0,132.780276531607,0,0,0,0
"429",18.662019816826,0,28.1556928141471,0,0,0,0
"430",0,0,0,0,0,0,0
"431",106.009990372159,0,110.979912903454,0,0,0,0
"432",79.6866264671677,0,75.1828954063809,0,0,0,0
"433",85.2894354931212,0,88.5526859620871,0,0,0,0
"434",119.770599546577,0,108.784925894619,0,0,0,0
"435",0,0,3.77902381844297,0,0,0,0
"436",13.9732168170936,0,6.59003459369071,0,0,0,0
"437",0,0,16.5784579544126,0,0,0,0
"438",0,0,4.02695951851644,0,0,0,0
"439",0,0,0,0,0,0,0
"440",0,0,0,0,0,0,0
"441",0,0,4.81818406289923,0,0,0,0
"442",0,0,5.79452172787339,0,0,0,0
"443",92.8611883985328,0,115.489809001825,0,0,0,0
"444",0,0,0,0,0,0,0
"445",0,0,0,0,0,0,0
"446",0,0,0,0,0,0,0
"447",102.303879891885,0,125.044239547109,0,0,0,0
"448",0,0,1.43935540952787,0,0,0,0
"449",117.802167607811,52.3759081943027,148.710377495312,0,0,0,0
"450",129.541604112547,0,134.067115022085,0,0,0,0
"451",123.263186113035,0,106.548252873434,0,0,0,0
"452",0,0,3.95103240257342,0,0,0,0
"453",90.1200294244354,0,91.2561859912034,0,0,0,0
"454",201.145595480761,0,229.330065667679,0,0,0,0
"455",0,0,0,0,0,0,0
"456",114.247280557282,0,131.588995131128,0,0,0,0
"457",0,0,0,0,0,0,0
"458",0,0,0,0,0,0,0
"459",0,0,0,0,0,0,0
"460",36.4246459095268,0,9.7473161513088,0,0,0,0
"461",0,0,0,0,0,0,0
"462",0,0,10.3533318260262,0,0,0,0
"463",0,0,18.428403880371,0,0,0,0
"464",0,0,0,0,0,0,0
"465",102.159304551498,0,125.492923550491,0,0,0,0
"466",0,0,0,0,0,0,0
"467",0,0,0,0,0,0,0
"468",0,0,0,0,0,0,0
"469",0,0,0,0,0,0,0
"470",189.29721863001,0,182.751133199244,0,0,0,0
"471",0,0,0,0,0,0,0
"472",21.0075383602803,0,17.0943612945202,0,0,0,0
"473",0,0,0,0,0,0,0
"474",0,0,32.86815599557,0,0,0,0
"475",6.47931275960998,0,0,0,0,0,0
"476",0,0,15.3709031262394,0,0,0,0
"477",0,0,0,0,0,0,0
"478",15.7370212703228,0,15.4150068004962,0,0,0,0
"479",0,0,13.3395988883946,0,0,0,0
"480",0,0,0,0,0,0,0
"481",20.0260477460118,0,0,0,0,0,0
"482",101.624763315411,0,92.5542263112473,0,0,0,0
"483",76.0831035128451,0,86.4595097899201,0,0,0,0
"484",109.847029845999,0,101.806934240262,0,0,0,0
"485",94.4457097583055,0,86.6340133190603,0,0,0,0
"486",0,0,0,0,0,0,0
"487",0,0,0,0,0,0,0
"488",88.2412276518009,0,59.505853036795,0,0,0,0
"489",15.9178966108763,0,6.48182261458115,0,0,0,0
"490",86.6709413065827,0,102.635149955309,0,0,0,0
"491",0,0,0,0,0,0,0
"492",0,0,5.12224821532618,0,0,0,0
"493",51.0253572176078,0,63.1596420466702,0,0,0,0
"494",22.3689279339118,0,0,0,0,0,0
"495",86.1338999568904,0,92.4962141101911,0,0,0,107.524099326844
"496",0,0,0,0,0,0,0
"497",0,0,0,0,0,0,0
"498",19.4751783946955,0,22.5550528066306,0,0,0,0
"499",143.983787825346,0,101.8081604601,0,0,0,0
"500",0,0,7.99702561827668,0,0,0,0
"501",76.9736248385606,0,158.326484932978,0,0,0,0
"502",110.913194533569,0,102.416429346404,0,0,0,0
"503",70.5391322396921,0,72.112418670911,0,0,0,0
"504",113.511809081759,0,113.374099133426,0,0,0,0
"505",0,0,0,0,0,0,0
"506",0,0,0,0,0,0,0
"507",0,0,3.96436078927356,0,0,0,0
"508",0,0,3.18619751766954,0,0,0,0
"509",108.285263455763,0,102.755659843725,0,0,0,0
"510",0,0,21.5938898636585,0,0,0,0
"511",0,0,0,0,0,0,0
"512",0,0,6.75374138906103,0,0,0,0
"513",0,0,0,0,0,0,0
"514",74.5258020886195,0,77.8283013489541,0,78.5528149940408,0,0
"515",0,0,0,0,0,0,0
"516",90.6876382308726,0,87.2313816303254,0,0,0,116.5660407144
"517",93.5015058339581,0,79.7476763555798,0,0,0,0
"518",131.815081114385,0,134.656922295205,0,71.5287944721295,0,0
"519",0,0,7.21507218384406,0,0,0,0
"520",78.0329496293563,0,85.3188388439806,0,0,0,0
"521",0,0,1.20218886304814,0,0,0,0
"522",0,0,4.55580948796162,0,0,0,0
"523",96.9003437514372,0,103.127900487967,0,0,0,0
"524",90.6317867563499,0,82.7927252958051,66.1570069667642,0,0,0
"525",8.72865687384046,0,0,0,0,0,0
"526",72.8475586143229,0,70.1587020156605,0,0,0,0
"527",145.397603847001,0,136.776641446561,0,0,0,0
"528",0,0,13.329702978554,0,0,0,0
"529",77.7291721596569,0,86.4154149211295,0,0,0,0
"530",104.707517588744,0,120.20769680922,0,0,0,0
"531",0,0,0,0,0,0,0
"532",11.4369256391843,0,1.1713683201332,0,0,0,0
"533",103.948989638275,0,137.885727898562,0,0,0,0
"534",0,0,0,0,0,0,0
"535",0,0,0,0,0,0,0
"536",0,0,0,0,0,0,0
"537",94.6224879257437,0,83.3890309504485,0,0,0,0
"538",192.0556123088,0,206.390622079263,0,0,0,0
"539",0,0,4.18273707918364,0,0,0,0
"540",0,0,0,0,0,0,0
"541",0,0,0,0,0,0,0
"542",0,0,14.8126553892083,0,0,0,0
"543",0,0,0,0,0,0,0
"544",0,0,0,0,0,0,0
"545",113.658687298028,0,87.5354962222739,0,0,0,0
"546",129.384716703914,0,99.9559646020952,0,0,0,0
"547",76.1341683547051,0,125.271228174942,0,0,0,0
"548",0,0,0,0,0,0,0
"549",0,0,0,0,0,0,0
"550",18.9352169987326,0,0,0,0,0,0
"551",0,0,7.89555832491924,0,0,0,0
"552",21.2258619791674,0,0,0,0,0,0
"553",64.0727087344291,0,91.0591940434565,0,0,0,0
"554",41.8724654998213,0,31.0641473101634,0,0,0,0
"555",0,0,0.820936317293985,0,0,0,0
"556",0,0,0,0,0,0,0
"557",114.504987719731,0,68.998070609543,0,0,0,0
"558",95.0681163507888,0,79.8662952500516,0,0,0,0
"559",0,0,0,0,0,0,0
"560",0,0,0,0,0,0,0
"561",16.2639836741265,0,10.0020573996734,0,0,0,0
"562",0,0,8.44838611349861,0,0,0,0
"563",21.2070617895289,0,14.3630164482202,0,0,0,0
"564",0,0,0,0,0,0,0
"565",0,0,0,0,0,0,0
"566",0,0,0,0,0,0,0
"567",0,0,13.5716568960182,0,0,0,0
"568",89.3630001161569,0,126.612713100446,0,0,0,106.262040005245
"569",69.1937237866271,0,91.5275564947064,0,0,0,0
"570",21.6449862964964,0,0,0,0,0,0
"571",12.0053335762321,0,0,0,0,0,0
"572",10.0025061507858,0,1.90028307504417,0,0,0,0
"573",0,0,0,0,0,0,0
"574",65.1076570051157,0,71.6176504187707,0,0,0,0
"575",0,0,18.6612178702283,0,0,0,0
"576",0,0,3.15237932785813,0,0,0,0
"577",70.2819588709628,0,69.6342769860522,0,0,0,0
"578",0,0,1.23020297943311,0,0,0,0
"579",24.6837384961826,0,36.4506673098485,0,0,0,0
"580",0,0,0,0,0,0,0
"581",0,0,0,0,0,0,0
"582",52.3851406177789,0,105.272586690254,0,102.271610539033,0,0
"583",0,0,0,0,0,0,0
"584",0,0,0,0,0,0,0
"585",125.3628041993,0,183.336906122756,0,0,0,0
"586",139.721213086176,0,121.33513872174,0,0,0,0
"587",0,0,0,0,0,0,0
"588",0,0,13.3891159331437,0,0,0,0
"589",15.9276623658136,0,0,0,0,0,0
"590",0,0,6.44433387132379,0,0,0,0
"591",0,0,0,0,0,0,0
"592",164.245436253051,0,186.371137943609,0,0,0,0
"593",156.860774576039,0,139.800063932858,0,0,0,0
"594",72.9054229858243,0,113.667660841906,0,0,0,0
"595",33.7504978416543,0,15.4775201191152,0,0,0,0
"596",15.2097650010526,0,17.5288458268754,0,0,0,0
"597",0,0,0,0,0,0,0
"598",20.5972984717756,0,0,0,0,0,0
"599",0,0,0,0,0,0,0
"600",114.852089709423,0,131.180517192687,0,0,0,0
"601",0,0,0,0,0,0,0
"602",0,0,6.96840590773269,0,0,0,0
"603",0,0,5.70857289804444,0,0,0,0
"604",144.78108929071,0,140.435868137755,0,0,0,0
"605",0,0,12.3418191312086,0,0,0,0
"606",167.237726653891,0,203.479144383809,0,0,0,0
"607",0,0,7.87299592524901,0,0,0,0
"608",0,0,0,0,0,0,0
"609",0,0,0,0,0,0,0
"610",140.622984541714,0,151.961408325512,0,0,0,0
"611",64.5866809032563,0,102.458648164115,0,0,0,0
"612",0,0,9.95567321651781,0,0,0,0
"613",0,0,0,0,0,0,0
"614",104.945135871782,0,110.806569443398,0,0,0,0
"615",15.2061617844607,0,0,0,0,0,0
"616",130.483560805213,0,125.909479050133,0,0,0,0
"617",52.3087113439294,0,52.3638289744023,0,0,0,0
"618",53.99208153818,0,78.9242077095456,0,0,0,0
"619",65.8740332816594,0,83.0137413807234,0,0,0,0
"620",0,0,0,0,0,0,0
"621",99.2936773393258,0,100.50213616107,0,0,0,0
"622",144.054001392146,0,129.730808413001,0,0,0,0
"623",34.1022751595709,0,16.949129823945,0,0,0,0
"624",0,0,4.99924569706877,0,0,0,0
"625",0,0,0,0,0,0,0
"626",92.0530181008498,0,75.9504408810951,0,0,0,0
"627",5.36961610294255,0,0,0,0,0,0
"628",0,0,11.9098335069606,0,0,0,0
"629",89.0093530382903,0,99.9563725078622,0,0,0,0
"630",0,0,8.26978628916501,0,0,0,0
"631",109.115718286153,0,104.712552690592,0,0,0,0
"632",133.950081926964,0,135.024853328631,0,0,0,0
"633",74.4105733958419,0,69.7689633928073,0,0,0,0
"634",81.1241590571768,0,81.6587808676467,0,0,0,0
"635",0,0,0,0,0,0,0
"636",0,0,11.1062325752091,0,0,0,0
"637",107.777955021439,0,95.0153476987471,0,115.80059609304,0,0
"638",0,0,0,0,0,0,0
"639",0,0,0,0,0,0,0
"640",118.88451461693,0,93.8881084000513,0,0,0,0
"641",0,0,0,0,0,0,0
"642",0,0,0,0,0,0,0
"643",0,0,9.0853957746204,0,0,0,0
"644",0,0,2.55346651804128,0,0,0,0
"645",81.3033117170571,0,102.950882655083,0,0,0,0
"646",0,0,0,0,0,0,0
"647",44.4897596013732,0,46.4834015731429,0,0,0,0
"648",0,0,0,0,0,0,0
"649",101.670500410891,0,104.348708761814,0,0,0,0
"650",0,0,0,0,0,0,0
"651",0,0,17.852598427095,0,0,0,0
"652",0,0,5.65554071787927,0,0,0,0
"653",72.090302813747,0,62.9013470268921,0,0,0,0
"654",0,0,0,0,0,0,0
"655",22.906359879664,0,15.1401049739225,0,0,0,0
"656",0,0,15.5777247714869,0,0,0,0
"657",102.616502089091,0,113.464447562163,0,0,0,0
"658",101.812011686599,0,99.8972669025107,0,0,0,16.2241372807652
"659",88.5797971908777,0,86.7595142505722,0,0,0,0
"660",0,0,0,0,0,0,0
"661",0,0,7.57627706356824,0,0,0,0
"662",0,0,0,0,0,0,0
"663",146.790108009157,0,124.802749498589,0,0,0,0
"664",77.3338216749976,0,90.5662326282948,0,0,0,0
"665",29.6688147204048,0,35.77979440725,0,0,0,0
"666",15.0485969211221,0,9.17173492464173,0,0,0,0
"667",0,0,0,0,0,0,0
"668",12.8506614483065,0,25.0331591290096,0,0,0,0
"669",0,0,0,0,0,0,0
"670",0,0,0,0,0,0,0
"671",0,0,0,0,0,0,0
"672",168.247346919983,0,175.095306377185,0,0,0,0
"673",0,0,0,0,0,0,0
"674",119.046192493726,0,183.291442638566,0,0,0,0
"675",0,0,0,0,0,0,0
"676",130.086015077098,0,131.266052904041,0,0,0,0
"677",0,0,0,0,0,0,0
"678",135.838924765752,0,128.933386864449,0,0,0,0
"679",0,0,0,0,0,0,0
"680",0,0,0,0,0,0,0
"681",0,0,0,0,0,0,0
"682",29.5585762290643,0,0,0,0,0,0
"683",17.444366933709,0,0,0,0,0,0
"684",47.3397349573358,0,29.4123222605563,0,0,0,0
"685",0,0,0,0,0,0,0
"686",0,0,0,0,0,0,0
"687",9.41483272894996,0,4.10197236258615,0,0,0,0
"688",12.3272957697109,0,13.6022926017366,0,0,0,0
"689",109.400250335351,0,105.938577964695,0,0,0,0
"690",11.1873057720653,0,6.26092323888301,0,0,0,0
"691",0,0,0,0,0,0,0
"692",0,0,2.03916568185974,0,0,0,0
"693",129.471958147586,0,106.20864425332,0,127.926493994996,0,0
"694",22.0801324245877,0,4.79339896720257,0,0,0,0
"695",131.335182018302,0,139.676174162805,0,0,0,0
"696",62.1126021526599,0,60.1885602547053,0,79.8814509911164,0,0
"697",72.4329722100824,0,86.4890354186372,0,0,0,0
"698",0,0,5.81002291997336,0,0,0,0
"699",0,0,5.85036182529539,0,0,0,0
"700",117.907925567465,0,105.696083781691,0,0,0,0
"701",38.2596715200279,0,20.4226056027508,0,0,0,0
"702",150.493551416443,0,133.177450925062,0,0,0,0
"703",0,0,0,0,0,0,0
"704",160.92626111563,0,162.90590438432,0,0,0,0
"705",0,0,0,0,0,0,0
"706",80.7471079418492,0,75.1091137829593,0,0,0,0
"707",32.4482247421832,0,13.1312790135915,0,0,0,0
"708",0,0,0,0,0,0,0
"709",0,0,0,0,0,0,0
"710",127.268536206529,0,114.656457550329,0,0,0,0
"711",77.2999655181617,0,72.0729612719756,0,0,0,0
"712",0,0,0,0,0,0,0
"713",115.521042529088,0,47.7191911714022,0,0,0,0
"714",57.7570867317681,0,38.2464681838372,0,0,0,0
"715",12.327438538727,0,6.57284863919267,0,0,0,0
"716",99.4766646460935,0,132.487906697199,0,0,0,0
"717",110.91108743096,0,94.9826839527043,0,0,0,0
"718",6.62701050708232,0,7.66818070665399,0,0,0,0
"719",105.428205154508,0,127.01614635891,0,0,0,0
"720",15.5763183888431,0,11.0526076666937,0,0,0,0
"721",0,0,9.8631821264561,0,0,0,0
"722",0,0,0,0,0,0,0
"723",0,0,9.30989962032185,0,0,0,0
"724",23.0397290471651,0,33.0120706335196,0,0,0,0
"725",142.270269673979,0,137.512786964722,0,0,115.847847022374,0
"726",62.9187942031875,0,13.8795540376776,0,0,0,0
"727",92.7896249774696,0,86.7873464920574,0,0,0,0
"728",66.392583284427,0,121.000492112924,0,0,0,0
"729",10.6429136976649,0,22.1025988270524,0,0,0,0
"730",0,0,0,0,0,0,0
"731",73.0538885859421,0,91.6424548120554,0,0,0,0
"732",110.315035738369,0,116.011793252202,0,0,0,0
"733",0,0,7.48742094039435,0,0,0,0
"734",0,0,0,0,0,0,0
"735",105.112170512481,0,74.9878833554357,0,0,0,0
"736",0,0,6.73503309009673,0,0,0,0
"737",144.704262929719,0,145.552360608393,0,0,0,0
"738",16.3510749526999,0,0,0,0,0,0
"739",0,0,0,0,0,0,0
"740",0,0,0,0,0,0,0
"741",36.4847619013766,0,36.7372819973659,0,0,0,0
"742",0,0,1.97165096702646,0,0,0,0
"743",31.3784232990714,0,40.5713029362711,0,0,0,0
"744",104.790940881724,0,112.701560651444,0,0,0,0
"745",0,0,0,0,0,0,0
"746",0,0,0,0,0,0,0
"747",0,0,0,0,0,0,0
"748",72.3079884137655,0,77.0546648616804,0,0,0,0
"749",28.434872021732,0,10.4583014294003,0,0,0,0
"750",145.449030399781,0,188.434044102433,0,0,0,0
"751",0,0,0,0,0,0,0
"752",9.49327059310897,0,8.18900866753274,0,0,0,0
"753",0,0,6.77034030317203,0,0,0,0
"754",34.0473239466956,0,52.4114538183672,0,0,0,0
"755",0,0,16.2879440236967,0,0,0,0
"756",72.094579452635,0,92.3540046658796,0,0,0,0
"757",124.291181261368,0,92.3659359949923,0,0,0,0
"758",0,0,10.0360949165731,0,0,0,0
"759",0,0,7.26439159372942,0,0,0,0
"760",0,0,0,0,0,0,0
"761",16.147206946392,0,16.2673882869802,0,0,0,0
"762",76.2304647312959,0,61.8135980728145,0,0,0,0
"763",88.8060556572808,0,111.97629341002,0,0,0,0
"764",31.2898743710572,0,0,0,0,0,0
"765",154.674846285288,0,142.459050428649,0,0,0,0
"766",56.6637758016017,0,113.093621287992,0,0,0,0
"767",110.888076076818,0,116.488899314195,0,0,0,0
"768",0,0,0,0,0,0,0
"769",0,0,0,0,0,0,0
"770",85.8072178944913,0,85.8089193860266,0,0,0,0
"771",0,0,0,0,0,0,0
"772",0,0,0,0,0,0,0
"773",0,0,0.423071724182307,0,0,0,0
"774",0,0,0,0,0,0,0
"775",0,0,0,0,0,0,0
"776",0,0,5.8574677191771,0,0,0,0
"777",0,0,14.1738590418402,0,0,0,0
"778",0,0,0,0,0,0,0
"779",18.0517357695805,0,19.4977857003904,0,0,0,0
"780",8.03665843561049,0,12.3838103948249,0,0,0,0
"781",114.136490402266,0,114.593626262514,0,0,0,0
"782",63.2737479099552,0,71.8473083785786,0,0,0,0
"783",0,0,0,0,0,0,0
"784",0,0,0,0,0,0,0
"785",17.4944029670153,0,0,0,0,0,0
"786",118.108697804758,0,93.7368604127144,0,0,0,0
"787",0,0,0,0,0,0,0
"788",0,0,0,0,0,0,0
"789",0,0,0,0,0,0,0
"790",0,0,0,0,0,0,0
"791",92.2960484085734,0,98.8641954018207,0,0,0,0
"792",0,0,0,0,0,0,0
"793",0,0,4.50112170728929,0,0,0,0
"794",14.2092256265895,0,17.2485657687652,0,0,0,0
"795",0,0,0,0,0,0,0
"796",125.110307414464,0,84.4181116048241,0,0,0,0
"797",82.0663423310834,0,91.3575304768208,0,0,0,0
"798",0,0,11.3745022291159,0,0,0,0
"799",0,0,24.9877956109475,0,0,0,0
"800",0,0,0,0,0,0,0
"801",0,0,0,0,0,0,0
"802",0,0,0,0,0,0,0
"803",0,0,2.36033019920485,0,0,0,0
"804",58.8631735199896,0,58.6922600582632,0,0,0,0
"805",48.9884355334231,0,93.7422718980488,0,0,0,0
"806",102.860457499437,0,119.366933752666,0,0,0,0
"807",0,0,7.86858255382824,0,0,0,0
"808",0,0,7.3325569126648,0,0,0,0
"809",0,0,0,0,0,0,0
"810",107.657265565785,0,85.6780071190922,0,0,0,0
"811",82.5096931612669,0,85.4718864673767,0,0,0,0
"812",87.8942417325999,0,72.1149759260161,0,0,0,0
"813",0,0,0,0,0,0,0
"814",32.5403965886383,0,19.7376178708429,0,0,0,0
"815",11.9018502642795,0,0,0,0,0,0
"816",78.9647345936655,0,57.8178410237063,0,0,0,0
"817",0,0,0,0,0,0,0
"818",0,0,0,0,0,0,0
"819",11.4210665786775,0,0,0,0,0,0
"820",85.7059136469378,0,127.05210789592,121.469913785025,0,0,0
"821",11.3853328862276,0,22.6278497173183,0,0,0,0
"822",0,0,0,0,0,0,0
"823",0,0,0,0,0,0,0
"824",131.368133887444,0,128.925816135401,0,0,0,0
"825",127.173597986432,0,145.499041436319,0,0,0,0
"826",119.857392772254,0,140.641863752463,0,0,0,0
"827",0,0,3.58307582509891,0,0,0,0
"828",74.6969776174783,0,89.3527267493034,0,0,0,0
"829",0,0,0,0,0,0,0
"830",0,0,0,0,0,0,0
"831",0,0,0,0,0,0,0
"832",11.4462491827943,0,16.6795066495458,0,0,0,0
"833",0,0,0,0,0,0,0
"834",0,0,3.25052173538173,0,0,0,0
"835",111.285549281039,0,151.310496238586,0,0,0,0
"836",0,0,0,0,0,0,0
"837",0,0,0,0,0,0,0
"838",88.308237687825,0,80.1521953781541,0,0,0,0
"839",0,0,11.1909784170762,0,0,0,0
"840",22.4564902402253,0,0,0,0,0,0
"841",97.8672202467126,0,80.8594512408651,0,0,0,0
"842",0,0,0,0,0,0,0
"843",0,0,8.07313374795473,0,0,0,0
"844",94.3911555009766,0,66.5915638884412,0,0,0,0
"845",0,0,15.3731646483298,0,0,0,0
"846",0,0,0,0,0,0,0
"847",0,0,0,0,0,0,0
"848",42.5135990067448,0,69.0361539488226,0,0,0,0
"849",0,0,0,0,0,0,0
"850",104.685539442978,0,84.3740429183009,0,0,0,0
"851",70.8353036798147,0,103.430593716682,0,0,0,0
"852",0,0,0,0,0,0,0
"853",0,0,0,0,0,0,0
"854",20.3018292125458,0,0,0,0,0,0
"855",102.120798654276,0,93.2111715852989,0,0,0,0
"856",0,0,13.5313585020034,0,0,0,0
"857",0,0,0,0,0,0,0
"858",71.0140854975915,0,79.1222360529983,0,78.4494500157363,0,0
"859",112.685190572186,0,116.458872053359,0,0,0,0
"860",62.2184576457016,0,57.7793078915661,0,0,0,0
"861",0,0,0,0,0,0,0
"862",0,0,6.67699949137287,0,0,0,0
"863",0,0,0,0,0,0,0
"864",100.985220880216,0,98.4892315056318,0,0,0,0
"865",0,0,0,0,0,0,0
"866",0,0,0,0,0,0,0
"867",0,0,2.57037720973343,0,0,0,0
"868",0,0,10.2263340407877,0,0,0,0
"869",0,0,0,0,0,0,0
"870",88.2131251261717,0,56.9006825442803,0,0,0,0
"871",0,0,10.5621608599789,0,0,0,0
"872",0,0,0,0,0,0,0
"873",69.9065589837737,0,62.6952276074319,0,0,0,0
"874",30.8593715889222,0,9.77434183451725,0,0,0,0
"875",0,0,3.55487526582867,0,0,0,0
"876",141.248552831091,0,137.482209335137,0,0,0,0
"877",80.6838951607156,0,107.900620366865,0,0,0,0
"878",24.2151546629428,0,31.3521333837756,0,0,0,0
"879",0,0,0,0,0,0,0
"880",95.6225616952753,0,112.554060259991,0,0,0,0
"881",94.3527692840729,0,109.831036020232,0,0,0,0
"882",0,0,9.62554737727514,0,0,0,0
"883",0,0,5.66318825277296,0,0,0,0
"884",124.207996993081,0,106.437521744776,0,0,0,0
"885",0,0,0,0,0,0,0
"886",0,0,12.6267051346932,0,0,0,0
"887",65.8511822586016,0,96.035357600127,0,0,108.389234851053,0
"888",0,0,9.6229492673958,0,0,0,0
"889",0,0,0,0,0,0,0
"890",124.316010184071,0,145.830549458818,0,0,0,0
"891",26.0471774168174,0,15.7437310802116,0,0,0,0
"892",0,0,0,0,0,0,0
"893",0,0,0,0,0,0,0
"894",45.2627837608408,0,0,0,0,0,0
"895",0,0,0,0,0,0,0
"896",136.094046295224,0,110.727784086725,0,123.537033988008,0,0
"897",0,0,1.91629001182199,0,0,0,0
"898",75.9726621694941,0,88.6587331883274,0,0,0,0
"899",0,0,0,0,0,0,0
"900",0,0,0,0,0,0,0
"901",83.7543139544473,0,114.365948465212,0,0,0,0
"902",0,0,7.02411995486277,0,0,0,0
"903",75.8261470108688,0,71.6209979561848,0,0,0,0
"904",0,0,7.3423125090974,0,0,0,0
"905",11.9350403624362,0,9.1571241682946,0,0,0,0
"906",22.7581306235074,0,24.7412783368122,0,0,0,0
"907",102.242629597746,0,112.453684665073,101.564584303764,0,0,0
"908",141.072321819196,0,143.298962828968,0,0,0,0
"909",109.710857853594,0,107.412007706186,0,0,0,0
"910",18.9808736875704,0,19.90256275887,0,0,0,0
"911",26.1092832378799,0,7.54907741632278,0,0,0,0
"912",0,0,0,0,0,0,0
"913",0,0,10.4850616802728,0,0,0,0
"914",0,0,0,0,0,0,0
"915",135.644487393521,0,140.701485303285,0,0,0,0
"916",37.1634024963676,0,62.645548703627,0,0,0,0
"917",141.150012033215,0,98.9818883874268,0,0,0,0
"918",0,0,0,0,0,0,0
"919",0,0,0,0,0,0,0
"920",28.5705043118738,0,27.1378368741685,0,0,0,0
"921",107.827490106865,0,96.9373007973869,0,0,0,0
"922",0,0,9.96192323825961,0,0,0,0
"923",124.597325035451,0,116.097679231272,0,0,0,0
"924",0,0,0,0,0,0,0
"925",72.5670392135942,0,77.5133776925198,0,0,0,0
"926",9.26918831026993,0,0,0,0,0,0
"927",22.0185655992007,0,37.2300120665759,15.3669166153045,0,0,0
"928",21.6199155473357,0,0,0,0,0,0
"929",111.022953485558,0,124.186807632853,0,0,0,0
"930",0,0,0,0,0,0,0
"931",0,0,19.4804526924896,0,0,0,0
"932",0,0,0,0,0,0,0
"933",0,0,0,0,0,0,0
"934",93.6592899823042,0,78.5512607163479,0,0,0,0
"935",0,0,0,0,0,0,0
"936",0,0,0,0,0,0,0
"937",95.591877622061,0,105.102727414693,0,0,0,0
"938",8.11440128767227,0,0,0,0,0,0
"939",0,0,4.15135682396026,0,0,0,0
"940",225.330610738531,0,254.670649749229,0,0,0,0
"941",353.665312769828,0,201.389487981303,0,0,0,0
"942",22.4822700579349,0,5.46152173727717,0,0,0,0
"943",127.270818564901,0,116.979028137218,0,0,0,0
"944",101.539367930835,0,87.3692117619395,0,0,0,0
"945",113.334448698154,0,146.930472893448,0,0,0,0
"946",18.5248360711548,0,40.1245654655421,0,0,0,0
"947",22.006272993041,0,17.5123547110586,0,0,0,0
"948",0,0,24.77359891705,0,0,0,0
"949",0,0,0,0,0,0,0
"950",107.164859474752,0,109.641320458121,0,0,0,0
"951",7.04138073779141,0,0,0,0,0,0
"952",0,0,7.56824568928045,0,0,0,0
"953",77.0695551019952,0,90.3298081164695,0,0,0,0
"954",24.4127579815425,0,44.5021683877399,0,0,0,0
"955",0,0,0,0,0,0,0
"956",13.4259832456864,0,0,0,0,0,0
"957",0,0,0,0,0,0,0
"958",81.4235985387235,0,99.2025428642151,0,0,0,0
"959",61.5126162763906,0,89.9224887457637,0,0,0,0
"960",0,0,11.5233958440723,0,0,0,0
"961",0,0,0,0,0,0,0
"962",30.3169179329013,0,6.62822903535384,0,0,0,0
"963",113.899742504491,0,130.210945336482,0,0,0,0
"964",79.4143493597419,0,74.9441886712944,0,0,0,0
"965",68.4541654488257,0,94.2579024535606,0,0,0,0
"966",103.928676982122,0,104.473310434682,0,0,0,0
"967",76.7634839089861,0,127.420542683161,0,0,0,0
"968",0,0,0,0,0,0,0
"969",90.9489745786414,0,106.064526360517,0,115.469073323167,0,0
"970",128.519745641693,0,122.932104382589,0,0,0,110.589166533207
"971",110.103434256836,0,114.892831745953,0,0,0,0
"972",0,0,11.8685766057072,0,0,0,0
"973",96.3965400481335,0,92.6014469192887,0,0,0,0
"974",0,0,0,0,0,0,0
"975",108.446148018399,0,114.051567091649,0,0,0,0
"976",0,0,0,0,0,0,0
"977",91.5823157877961,0,125.860186507273,0,0,0,0
"978",15.9641149190414,0,8.34580201550725,0,0,0,0
"979",0,0,3.63160050949784,0,0,0,0
"980",0,0,0,0,0,0,0
"981",94.2468555073798,0,82.4506349833095,0,0,0,0
"982",56.0453898418538,0,11.2548232454566,0,0,0,0
"983",0,0,0,0,0,0,0
"984",47.0861538165841,0,55.227346434551,0,0,0,0
"985",21.8121342452698,0,3.48592557757859,0,0,0,0
"986",0,0,6.88641667627229,0,0,0,0
"987",108.586295168453,0,154.899308022938,0,0,0,0
"988",103.533831118419,0,104.122845286765,0,0,0,0
"989",86.5816560550372,0,104.666393815414,0,0,0,0
"990",90.612409462006,0,98.574562277154,0,0,0,0
"991",0,0,0,0,0,0,0
"992",0,0,0,0,0,0,0
"993",104.4806785289,0,82.444808928722,0,0,0,0
"994",101.147881936991,0,146.748836472894,0,0,0,0
"995",0,0,0,0,0,0,0
"996",0,0,0,0,0,0,0
"997",0,0,0,0,0,0,0
"998",90.1500416414096,0,91.9423880445709,0,0,0,0
"999",0,0,0,0,0,0,0
"1000",0,0,0,0,0,0,0
"1001",35.1813621109677,0,9.37632744330331,0,0,0,0
"1002",118.129056107781,0,96.397117942942,0,0,0,0
"1003",103.578497658115,0,100.462665518016,0,0,0,0
"1004",93.8877445848961,0,67.6985642797619,0,0,0,0
"1005",97.2115853092335,0,118.003006453986,0,0,0,0
"1006",93.7947705856765,0,98.9275860341258,0,0,0,109.914302455436
"1007",0,0,1.77843259472161,0,0,0,0
"1008",0,0,4.63347048560095,0,0,0,0
"1009",0,0,0,0,0,0,0
"1010",103.248514269368,0,117.656789611144,0,0,0,0
"1011",69.4389117690576,0,64.6043885439658,0,0,0,0
"1012",111.118549426995,0,102.204308001912,0,0,0,84.1190253497743
"1013",125.54826133141,0,94.2713525668701,0,0,0,0
"1014",26.3799084781961,0,22.7343927449582,0,0,0,0
"1015",18.0627846436729,0,0,0,0,0,0
"1016",0,0,0,0,0,0,0
"1017",11.657271788751,0,12.1923220651105,0,0,0,0
"1018",0,0,2.60309695512145,0,0,0,0
"1019",0,0,0,0,0,0,0
"1020",0,0,6.14614777150198,0,0,0,0
"1021",0,0,0,0,0,0,0
"1022",0,0,0,0,0,0,0
"1023",85.4409638363709,0,104.78850398597,0,0,0,0
"1024",15.7400871582849,0,0,0,0,0,0
"1025",114.652665082185,0,125.950363869235,0,0,0,0
"1026",24.1611701209881,0,46.4661036410873,0,0,0,0
"1027",75.2561587920087,0,94.6940794206504,0,0,0,0
"1028",0,0,0,0,0,0,0
"1029",0,0,21.9931266430887,0,0,0,0
"1030",19.4603461811905,0,14.9707932981736,0,0,0,0
"1031",66.4650236527118,0,92.17936001183,0,0,0,0
"1032",0,0,0,0,0,0,0
"1033",28.081479429293,0,0,0,0,0,0
"1034",0,0,0,0,0,0,0
"1035",78.4609093945245,0,103.278371717498,0,0,0,0
"1036",61.9199773831471,0,68.5209839203194,0,0,0,0
"1037",98.5835663318261,0,98.3325151102204,0,0,0,0
"1038",0,0,8.91308737643839,0,0,0,0
"1039",0,0,0,0,0,0,0
"1040",0,0,8.139563204857,0,0,0,0
"1041",0,0,0,0,0,0,0
"1042",8.60604844264135,0,0,0,0,0,0
"1043",0,0,6.75248362579907,0,0,0,0
"1044",0,0,0,0,0,0,0
"1045",0,0,0,0,0,0,0
"1046",93.9355499220958,0,152.666271331777,0,0,0,0
"1047",0,0,11.0594026231308,0,0,0,0
"1048",0,0,0,0,0,0,0
"1049",0,0,0,0,0,0,0
"1050",0,0,8.47113130554261,0,0,0,0
"1051",0,0,0,0,0,0,0
"1052",65.0106497953621,0,55.1672669983598,0,0,0,0
"1053",0,0,0,0,0,0,0
"1054",0,0,4.74023981697331,0,0,0,0
"1055",0,0,0,0,0,0,0
"1056",0,0,0,0,0,0,0
"1057",74.2828832370814,0,75.7153954869886,0,0,0,0
"1058",127.280109312964,0,135.118649548739,0,0,0,0
"1059",47.9829403863046,0,60.9853115289109,0,0,0,0
"1060",132.016529752457,0,123.893357447713,0,0,0,0
"1061",125.514008423224,0,116.917254436464,0,0,0,0
"1062",0,0,5.19656653349119,0,0,0,0
"1063",87.7241523799343,0,210.193519062276,0,0,0,0
"1064",0,0,0,0,0,0,0
"1065",0,0,0,0,0,0,0
"1066",0,0,0,0,0,0,0
"1067",33.1872923924381,0,34.4871724265167,0,0,0,0
"1068",33.2377638335186,0,35.5444615009923,0,0,0,0
"1069",13.8929639817918,0,0,0,0,0,0
"1070",0,0,10.8252947082487,0,0,0,0
"1071",0,0,0,0,0,0,0
"1072",24.1120976877135,0,0,0,0,0,0
"1073",64.2458655264438,0,85.0001778166258,0,0,0,0
"1074",104.73952063386,0,107.969493181001,0,0,0,0
"1075",0,0,11.602435759655,0,0,0,0
"1076",21.3823769518647,0,57.2679382915739,0,0,0,0
"1077",0,0,14.5808596777422,0,0,0,0
"1078",0,0,0,0,0,0,0
"1079",88.241435656301,0,83.2269858341514,0,0,0,0
"1080",81.8448714068021,0,85.9417610547944,0,0,0,0
"1081",0,0,0,0,0,0,0
"1082",0,0,14.4446617601819,0,0,0,0
"1083",106.870301350505,0,118.925957098715,0,0,0,0
"1084",23.5654671701365,0,18.5576620365035,0,0,0,0
"1085",0,0,12.2398316867581,0,0,0,0
"1086",0,0,0,0,0,0,0
"1087",111.077124245606,0,121.608658011079,0,0,0,0
"1088",0,0,0,0,0,0,0
"1089",64.5265992608518,0,40.0769792072548,0,0,0,0
"1090",0,0,0,0,0,0,0
"1091",18.8525729314136,0,0,0,0,0,0
"1092",0,0,0,0,0,0,0
"1093",0,0,0,0,0,0,0
"1094",79.1641521461912,0,79.9300195539833,0,0,0,0
"1095",0,0,5.46651921076212,0,0,0,0
"1096",0,0,0,0,0,0,0
"1097",0,0,21.792200497548,0,0,0,0
"1098",113.182384717078,0,100.355315293334,0,0,0,0
"1099",134.19113256633,0,133.673796053417,0,0,0,0
"1100",0,0,9.56578140832431,0,0,0,0
"1101",69.1675988474232,0,90.5992888962231,0,0,0,0
"1102",0,0,0,0,0,0,0
"1103",136.022488453928,0,96.3027428888488,0,0,0,0
"1104",34.0055291497261,0,7.13829248563429,0,0,0,0
"1105",0,0,0,0,0,0,0
"1106",0,0,4.76905911731473,0,0,0,0
"1107",140.255249229693,0,169.734683802291,0,0,0,0
"1108",92.7073232537905,0,61.4148854923446,0,0,0,0
"1109",141.235198264398,0,140.01960155851,0,0,0,0
"1110",0,0,0,0,0,0,0
"1111",63.6468889517884,0,85.2442551582319,0,0,0,0
"1112",0,0,0.466304239764874,0,0,0,0
"1113",0,0,0,0,0,0,0
"1114",0,0,0,0,0,0,0
"1115",0,0,0,0,0,0,0
"1116",65.1530574909881,0,63.7125384904296,0,0,0,0
"1117",0,0,0,0,0,0,0
"1118",90.2845482265236,0,85.4829424547754,0,0,0,0
"1119",0,0,12.9248332569894,0,0,0,0
"1120",87.7783641587866,0,91.5997031481377,0,0,0,0
"1121",0,0,0,0,0,0,0
"1122",8.30700263083431,0,0,0,0,0,0
"1123",15.3741363503692,0,5.51397825075213,0,0,0,0
"1124",0,0,0,0,0,0,0
"1125",0,0,0,0,0,0,0
"1126",0,0,0,0,0,0,0
"1127",0,0,0,0,0,0,0
"1128",0,0,0,0,0,0,0
"1129",107.751958458745,0,95.4555123056011,0,0,0,0
"1130",0,0,0,0,0,0,0
"1131",0,0,0,0,0,0,0
"1132",178.439163491759,0,153.192499276157,0,0,0,0
"1133",0,0,0,0,0,0,0
"1134",0,0,0,0,0,0,0
"1135",7.36953938496753,0,0,0,0,0,0
"1136",0,0,0,0,0,0,0
"1137",214.057022665376,0,179.613652478938,0,0,0,0
"1138",0,0,0,0,0,0,0
"1139",117.262699310425,133.482728446427,128.437043277656,0,0,0,0
"1140",88.0839490013784,0,80.7960149310828,0,0,0,0
"1141",0,0,0,0,0,0,0
"1142",21.4650813177259,0,0,0,0,0,0
"1143",0,0,0,0,0,0,0
"1144",90.7135122784167,0,73.4392019297162,0,0,0,0
"1145",0,0,0,0,0,0,0
"1146",0,0,2.29483191125553,0,0,0,0
"1147",11.6314940031911,0,0,0,0,0,0
"1148",133.090713038738,0,129.155267628523,0,0,0,0
"1149",0,0,0,0,0,0,0
"1150",77.3479493417337,0,99.4473324328966,0,0,0,0
"1151",0,0,5.09760885522887,0,0,0,0
"1152",0,0,0,0,0,0,0
"1153",8.73190461778022,0,17.6895763845232,0,0,0,0
"1154",0,0,10.8624572970298,0,0,0,0
"1155",97.7990854241334,0,101.140290711397,0,0,0,0
"1156",115.437807728808,0,82.2711764909184,0,0,0,0
"1157",0,0,0,0,0,0,0
"1158",158.182000917973,0,133.943529617631,0,162.34929666288,0,0
"1159",40.0101275172935,0,0,0,0,0,0
"1160",0,0,26.2186368789213,0,0,0,0
"1161",0,0,0,0,0,0,0
"1162",0,0,0,0,0,0,0
"1163",0,0,6.16713054765666,0,0,0,0
"1164",159.750879196638,0,168.208870887109,0,0,0,0
"1165",0,0,0,0,0,0,0
"1166",90.5479799295812,0,102.039467914892,0,0,0,0
"1167",136.124804945076,0,121.901448738492,0,0,0,0
"1168",171.257634071757,0,151.696940715704,0,0,0,0
"1169",0,0,5.61517533292091,0,0,0,0
"1170",76.2801869559379,0,102.662172212585,0,0,0,0
"1171",0,0,0,0,0,0,0
"1172",11.8420747039631,0,10.3939864277285,0,0,0,0
"1173",0,0,0,0,0,0,0
"1174",69.8974886092059,0,66.2283751337725,0,0,0,0
"1175",0,0,3.24666514111142,0,0,0,0
"1176",98.1228132881959,0,111.534200660017,0,0,0,0
"1177",86.962788736093,0,101.311754915412,0,0,0,0
"1178",0,0,0,0,0,0,0
"1179",85.1071484613511,0,85.5999958367689,0,0,0,0
"1180",76.3358443446409,0,89.8062028320514,0,0,0,0
"1181",75.4432628533279,0,58.2670993610229,0,0,0,0
"1182",0,0,0,0,0,0,0
"1183",15.2402525282873,0,0,0,0,0,0
"1184",0,0,0,0,0,0,0
"1185",0,0,0,0,0,0,0
"1186",23.0880829664212,0,21.3485393382452,0,0,0,0
"1187",0,0,4.35864537839818,0,0,0,0
"1188",108.412927701013,0,101.607278899356,0,0,0,0
"1189",22.2143420497969,0,0,0,0,0,0
"1190",0,0,2.01353492486156,0,0,0,0
"1191",111.77686680525,0,97.3843797144474,0,0,0,0
"1192",0,0,0,0,0,0,0
"1193",92.1578314186848,0,108.0848798661,0,0,0,0
"1194",92.4796552801753,0,122.085886425304,0,0,0,0
"1195",197.692969128621,0,183.398580517868,0,0,0,0
"1196",0,0,27.678337855843,0,0,0,0
"1197",78.2647740037326,0,68.8565149266755,0,0,0,0
"1198",0,0,6.86984946590361,0,0,0,0
"1199",41.4169375898678,0,28.1100485117676,0,0,0,0
"1200",0,0,0,0,0,0,0
"1201",0,0,0,0,0,0,0
"1202",0,0,11.1712562032803,0,0,0,0
"1203",94.9558711774005,0,83.1359409419658,0,0,0,0
"1204",0,0,0,0,0,0,0
"1205",0,0,10.2279531743358,0,0,0,0
"1206",0,0,20.9183190266159,0,0,0,0
"1207",85.9216897786651,0,63.1772036350339,0,0,0,0
"1208",0,0,0,0,0,0,0
"1209",0,0,6.14852653067887,0,0,0,0
"1210",0,0,0,0,0,0,0
"1211",0,0,0,0,0,0,0
"1212",135.5812293337,0,148.95147613121,0,0,0,0
"1213",16.2179946497688,0,0,0,0,0,0
"1214",0,0,3.05907693885265,0,0,0,0
"1215",23.9490748159957,0,16.9528616815575,0,0,0,0
"1216",15.9282633955684,0,0,0,0,0,0
"1217",135.184192790737,0,126.88624853545,0,0,0,0
"1218",13.6514819343173,0,0,0,0,0,0
"1219",20.8083869673163,0,17.4306457667398,0,0,0,0
"1220",116.739207855579,0,82.4002185017631,0,95.0713486300642,0,0
"1221",179.469420887561,0,161.341011533695,0,0,0,0
"1222",0,0,6.31499452017407,0,0,0,0
"1223",85.3878760355739,0,94.6469458859994,0,0,0,0
"1224",0,0,0,0,0,0,0
"1225",71.6839795401423,0,97.9990378511907,0,0,0,0
"1226",0,0,0,0,0,0,0
"1227",0,0,0,0,0,0,0
"1228",110.549261626277,0,105.50160340966,0,0,0,0
"1229",0,0,0,0,0,0,0
"1230",67.6450990888039,0,57.7322388764067,0,0,0,0
"1231",95.091817152121,0,95.7894152797792,0,0,0,0
"1232",0,0,0,0,0,0,0
"1233",0,0,0,0,0,0,0
"1234",0,0,7.11010219692468,0,0,0,0
"1235",0,0,4.43257552087457,0,0,0,0
"1236",17.3065580517572,0,0,0,0,0,0
"1237",122.843202415282,0,140.290564175201,0,0,0,0
"1238",159.118103187765,0,145.572166973009,0,0,0,0
"1239",73.180745568371,0,93.1100185661739,0,0,0,0
"1240",82.0658830503806,0,100.738062506933,0,102.54446359973,0,0
"1241",0,0,0,0,0,0,0
"1242",83.9286716108106,0,139.190996917422,0,0,0,0
"1243",74.8526257614297,0,96.1740973208282,0,0,0,0
"1244",129.153052182913,0,173.047199760678,0,0,0,0
"1245",0,0,9.72974672224789,0,0,0,0
"1246",0,0,0,0,0,0,0
"1247",6.3251282925056,0,0,0,0,0,0
"1248",96.0692230599179,0,76.548945299204,0,0,0,0
"1249",82.8614585928586,0,105.293357132918,0,0,0,0
"1250",0,0,0,0,0,0,0
"1251",0,0,0,0,0,0,0
"1252",0,0,0,0,0,0,0
"1253",0,0,0,0,0,0,0
"1254",0,0,0,0,0,0,0
"1255",0,0,9.70850390852694,0,0,0,0
"1256",118.586491038099,0,134.204687541926,0,0,0,0
"1257",0,0,0,0,0,0,0
"1258",86.8467017062351,0,93.2104617385045,0,0,0,0
"1259",79.1634666863378,0,97.1953685545563,0,0,0,0
"1260",106.31491035701,0,100.832696884972,0,0,0,0
"1261",0,0,0,0,0,0,0
"1262",188.068578980263,0,187.25108020681,0,0,0,0
"1263",0,0,0,0,0,0,0
"1264",58.5167535008287,0,60.3670006861821,0,0,0,0
"1265",0,0,2.79021369887051,0,0,0,0
"1266",0,0,0,0,0,0,0
"1267",124.545284983209,0,114.784689578674,0,0,0,0
"1268",105.753544906978,0,104.113468860684,0,0,0,0
"1269",0,0,4.27302039880065,0,0,0,0
"1270",0,0,7.449344393059,0,0,0,0
"1271",0,0,0,0,0,0,0
"1272",114.007310731058,0,117.526492753908,0,0,0,0
"1273",0,0,0,0,0,0,0
"1274",0,0,0,0,0,0,0
"1275",0,0,0,0,0,0,0
"1276",20.2291318968165,0,8.57207513223545,0,0,0,0
"1277",93.3932759385267,0,96.1855032443769,0,0,0,0
"1278",70.9482805594417,0,42.6519415973758,0,0,0,0
"1279",0,0,7.35215576141762,0,0,0,0
"1280",96.29938982064,0,104.590564656563,0,0,0,169.347602743921
"1281",17.112638058813,0,13.77150234024,0,0,0,0
"1282",15.6193992318888,0,9.32164293685714,0,0,0,0
"1283",16.8075014883877,0,13.2109996753857,0,0,0,0
"1284",0,0,15.001501299484,0,0,0,0
"1285",0,0,1.20583417974604,0,0,0,0
"1286",4.46060352608569,0,7.3987548020662,0,0,0,0
"1287",165.312882806575,0,158.351816640169,0,0,0,0
"1288",95.6922522334961,0,102.759531392744,0,0,0,0
"1289",16.3583184223604,0,24.7765359052568,0,0,0,0
"1290",0,0,0,0,0,0,0
"1291",96.3632166945207,0,119.978905396697,0,0,0,0
"1292",12.4660730583864,0,1.37874856706394,0,0,0,0
"1293",0,0,8.39024279459629,0,0,0,0
"1294",0,0,0,0,0,0,0
"1295",0,0,0,0,0,0,0
"1296",0,0,20.233609295333,0,0,0,0
"1297",0,0,0,0,0,0,0
"1298",18.2341051162603,0,0,0,0,0,0
"1299",0,0,13.2734329015511,0,0,0,0
"1300",53.374942442176,0,44.9962218440402,0,0,0,0
"1301",73.6538288827941,0,89.9615768736238,0,0,0,0
"1302",0,0,0,0,0,0,0
"1303",31.0058869094753,0,19.964609919681,0,0,0,0
"1304",0,0,27.129505132641,0,0,0,0
"1305",0,0,0,0,0,0,0
"1306",0,0,0,0,0,0,0
"1307",18.9255939496507,0,0,0,0,0,0
"1308",0,0,11.7191868700746,0,0,0,0
"1309",0,0,0,0,0,0,0
"1310",89.0128298459704,0,143.8083266446,0,0,0,0
"1311",23.2488378543919,0,0,0,0,0,0
"1312",0,0,0,0,0,0,0
"1313",133.232763541816,0,119.932403255022,0,0,0,0
"1314",0,0,0,0,0,0,0
"1315",0,0,0,0,0,0,0
"1316",8.86366171402492,0,0,0,0,0,0
"1317",79.5201929368138,0,88.4422006560756,0,0,0,0
"1318",82.2616059749325,0,117.262883139588,0,0,0,0
"1319",158.295632889517,0,160.840794245957,0,0,0,0
"1320",162.494327163392,0,172.310420965228,0,135.887139947669,0,0
"1321",112.246074615996,0,99.2908770731422,0,0,0,0
"1322",0,0,23.189512640007,0,0,0,0
"1323",101.201503513907,0,110.546066197239,0,0,0,0
"1324",0,0,0,0,0,0,0
"1325",0,0,2.99106613070225,0,0,0,0
"1326",0,0,16.6087703731342,0,0,0,0
"1327",0,0,18.8284049305728,0,0,0,0
"1328",0,0,9.75092504773956,0,0,0,0
"1329",0,0,0,0,0,0,0
"1330",0,0,0,0,0,0,0
"1331",49.411614262243,0,61.8354334156484,0,0,0,0
"1332",0,0,5.24923731341753,0,0,0,0
"1333",0,0,0,0,0,0,0
"1334",0,0,3.37392212098948,0,0,0,0
"1335",0,0,0,0,0,0,0
"1336",0,0,0,0,0,0,0
"1337",113.924756796323,0,72.6115531511675,0,0,0,0
"1338",0,0,0,0,0,0,0
"1339",0,0,0,0,0,0,0
"1340",0,0,0,0,0,0,0
"1341",0,0,10.1922298478699,0,0,0,0
"1342",91.3268161296055,0,89.4092914210313,0,0,0,0
"1343",161.000955367968,0,146.948576825042,0,0,0,0
"1344",0,0,0,0,0,0,0
"1345",0,0,0,0,0,0,0
"1346",87.6979043344326,0,83.5517529313821,0,0,0,0
"1347",107.968314991551,0,101.762063441986,0,0,0,0
"1348",62.3674380402103,0,59.9462986896735,0,0,0,0
"1349",0,0,0,0,0,0,0
"1350",0,0,0,0,0,0,0
"1351",47.1704088008213,0,48.1494746684511,0,0,0,0
"1352",121.251842730942,0,112.835530728985,0,0,0,0
"1353",0,0,0,0,0,0,0
"1354",72.9283392933064,0,83.657665866103,0,0,0,0
"1355",9.93405405063526,0,35.1268634573752,0,0,0,0
"1356",0,0,0,0,0,0,0
"1357",0,0,0,0,0,0,0
"1358",3.75690603834459,0,0,0,0,0,0
"1359",0,0,0,0,0,0,0
"1360",0,0,0,0,0,0,0
"1361",0,0,9.6643983970687,0,0,0,0
"1362",5.99904056984992,0,13.8892277391757,0,0,0,0
"1363",5.58784566369919,0,0,0,0,0,0
"1364",0,0,0,0,0,0,0
"1365",101.684784973875,0,102.971106230879,0,0,0,0
"1366",0,0,0,0,0,0,0
"1367",0,0,12.279736612644,0,0,0,0
"1368",0,0,0,0,0,0,0
"1369",0,0,0,0,0,0,0
"1370",0,0,0,0,0,0,0
"1371",129.36156098759,0,91.262138867127,0,0,0,0
"1372",0,0,0,0,0,0,0
"1373",105.385052368809,0,126.612461909758,0,0,0,0
"1374",26.6202775908318,0,23.320311874982,0,0,0,0
"1375",137.258898815296,0,155.908199698124,0,118.633020896268,0,0
"1376",10.6055519782054,0,10.0941758252422,0,0,0,0
"1377",114.016894986572,0,107.699739330805,0,0,0,0
"1378",116.083931351729,108.096538583556,110.05920183853,0,0,0,0
"1379",0,0,0,0,0,0,0
"1380",0,0,0,0,0,0,0
"1381",0,0,0,0,0,0,0
"1382",0,0,3.31022962444144,0,0,0,0
"1383",13.8752833922709,0,6.54575599039493,0,0,0,0
"1384",0,0,0,0,0,0,0
"1385",0,0,0,0,0,0,0
"1386",0,0,5.92108877588029,0,0,0,0
"1387",0,0,0,0,0,0,0
"1388",85.8341682186227,0,58.8009654031338,0,0,0,0
"1389",0,0,0,0,0,0,0
"1390",0,0,0,0,0,0,0
"1391",0,0,2.62205173168352,0,0,0,0
"1392",73.4489056506552,0,100.612401195065,0,0,0,0
"1393",65.4311958085193,85.5490833603502,82.2733538712307,0,0,0,0
"1394",0,0,6.09075979291052,0,0,0,0
"1395",0,0,9.32366395646057,0,0,0,0
"1396",0,0,0,0,0,0,0
"1397",69.0675078325158,0,98.0683787596588,0,72.8266422364064,0,0
"1398",12.8468853665627,0,0,0,0,0,0
"1399",0,0,0,0,0,0,0
"1400",0,0,0,0,0,0,0
"1401",82.0679670232845,0,95.1077887751942,0,0,0,0
"1402",0,0,0,0,0,0,0
"1403",113.984998098771,0,119.967154589054,0,0,0,0
"1404",0,0,0,0,0,0,0
"1405",88.2715842271204,0,65.8660920144053,0,0,0,0
"1406",0,0,0,0,0,0,0
"1407",21.4328280848294,0,0,0,0,0,0
"1408",0,0,0,0,0,0,0
"1409",9.12815209117734,0,0,0,0,0,0
"1410",94.560026053061,0,96.3729251560252,0,71.912348052091,0,0
"1411",0,0,0,0,0,0,0
"1412",0,0,31.3099015052104,0,0,0,0
"1413",15.1224665062463,0,14.5380821269354,0,0,0,0
"1414",7.96845642243667,0,0,0,0,0,0
"1415",122.484468256686,0,178.45469665445,0,0,0,0
"1416",0,0,0,0,0,0,0
"1417",117.689692080127,0,201.587966769295,0,0,0,0
"1418",0,0,0,0,0,0,0
"1419",76.3690061288805,0,94.9679959662436,0,0,0,0
"1420",98.8033115287019,0,105.219311818062,0,0,0,0
"1421",20.4544700378053,0,23.4926179663646,0,0,0,0
"1422",0,0,0,0,0,0,0
"1423",48.1991761150612,0,11.1314905197176,0,0,0,0
"1424",11.1946024679185,0,0,0,0,0,0
"1425",54.642838722067,0,0,0,0,0,0
"1426",125.779259271921,0,136.708310273553,0,0,0,0
"1427",110.64698900872,0,89.8975830952626,0,0,0,0
"1428",94.0638760995258,0,91.5734068720353,0,0,0,0
"1429",139.013548228337,0,92.247489727579,0,0,0,0
"1430",0,0,1.16286951081474,0,0,0,0
"1431",0,0,16.5077565383964,0,0,0,0
"1432",10.4838997174659,0,0,0,0,0,0
"1433",94.5289950384273,0,91.4667547939602,0,0,0,0
"1434",11.1464573344995,0,12.1375336541544,0,0,0,0
"1435",0,0,0,0,0,0,0
"1436",86.6312556044773,0,101.712622493011,0,0,0,0
"1437",24.5277319486275,0,15.6399743874228,0,0,0,0
"1438",0,0,16.7614139359357,0,0,0,0
"1439",136.76042210999,0,163.225366762456,0,0,0,0
"1440",0,0,0,0,0,0,0
"1441",90.2407502380146,0,83.1063593285257,0,0,0,0
"1442",0,0,0,0,0,0,0
"1443",0,0,23.3642667202593,0,0,0,0
"1444",5.9569410888637,0,0,0,0,0,0
"1445",0,0,19.8724107268184,0,0,0,0
"1446",32.6168012539871,0,0,0,0,0,0
"1447",95.290751212312,0,92.8472998649267,0,0,0,0
"1448",118.344740933729,0,116.355310961204,0,0,0,0
"1449",0,0,0,17.8680516027874,0,0,0
"1450",0,0,0,0,0,0,0
"1451",0,0,0,0,0,0,0
"1452",0,0,0,0,0,0,0
"1453",0,0,0,0,0,0,0
"1454",0,0,0,0,0,0,0
"1455",0,0,0,0,0,0,0
"1456",105.163989407609,0,100.618196673721,0,0,0,0
"1457",0,0,8.19073209766079,0,0,0,0
"1458",77.6246391168443,0,70.5702229579246,0,0,0,0
"1459",54.8721299602932,0,0,0,0,0,0
"1460",0,0,0,0,0,0,0
"1461",92.794967073943,0,70.1139370776333,0,0,0,0
"1462",122.752040812952,0,117.494894851382,0,0,0,0
"1463",0,0,0,0,0,0,0
"1464",107.129855962776,0,79.4146129731312,127.19255132812,0,0,0
"1465",87.1535192126833,0,78.1394405416483,0,0,0,0
"1466",0,0,0,0,0,0,0
"1467",0,0,0,0,0,0,0
"1468",23.2676254587345,0,17.3530080490278,0,0,0,0
"1469",138.667316267113,0,114.838470142549,0,0,0,0
"1470",0,0,8.22629990038996,0,0,0,0
"1471",0,0,4.55615428615426,0,0,0,0
"1472",98.5504923223784,0,94.5243643351491,0,0,0,0
"1473",92.3744752505204,0,87.3088818992584,0,0,0,0
"1474",92.5051829866467,0,94.2228855926518,0,0,0,0
"1475",82.6593507103391,0,91.1847076585563,0,0,0,0
"1476",106.170932534325,0,114.346805026989,0,0,0,0
"1477",77.9375845321148,0,70.1434520232644,0,0,0,0
"1478",9.22285053936457,0,0,0,0,0,0
"1479",0,0,0,0,0,0,0
"1480",0,0,0,0,0,0,0
"1481",141.433065005609,0,147.111882970433,0,0,0,0
"1482",9.82717549293396,0,9.32104578839937,0,0,0,0
"1483",99.2523716796897,0,98.6186536973693,0,104.20286666825,0,0
"1484",45.4391333564641,0,56.1906940406132,0,0,0,0
"1485",101.607095081709,0,112.616687491026,0,0,0,0
"1486",0,0,0,0,0,0,0
"1487",86.051202825806,0,87.9460214095848,0,0,0,0
"1488",0,0,0,0,0,0,0
"1489",95.6637076895972,0,84.514409897226,0,0,0,0
"1490",100.356750038772,0,95.4358694521182,0,0,0,0
"1491",0,0,9.5026901420842,0,0,0,0
"1492",141.877058261046,0,136.96534744112,0,0,0,0
"1493",0,0,0,0,0,0,0
"1494",86.9855258288167,0,83.4917610745813,0,0,0,0
"1495",0,0,0,0,0,0,0
"1496",206.602081187403,0,215.875130947048,0,0,0,0
"1497",87.0612589395446,0,129.57592023329,92.5397931158224,0,0,0
"1498",16.6424469232541,0,26.1436753814489,0,0,0,0
"1499",67.1701975803225,0,68.7072369059982,0,0,0,0
"1500",0,0,0,0,0,0,0
"1501",98.0146259437724,0,91.7487051514815,0,0,0,0
"1502",16.4213922568126,0,32.3169702503427,0,0,0,0
"1503",0,0,0,0,0,0,0
"1504",0,0,0,0,0,0,0
"1505",3.14818382101541,0,0,0,0,0,0
"1506",88.4750739150827,0,113.641038408301,0,0,0,0
"1507",0,0,20.0802312514835,0,0,0,0
"1508",0,0,0,0,0,0,0
"1509",0,0,0,0,0,0,0
"1510",88.9361906285227,0,104.591510054319,0,0,0,0
"1511",0,0,11.540077751366,0,0,0,0
"1512",0,0,13.8825711286408,0,0,0,0
"1513",43.7055779636493,0,57.9020413220906,0,0,0,0
"1514",91.4839836571428,0,95.2361587529366,0,0,0,0
"1515",135.90377445667,0,83.1669200652944,0,0,0,0
"1516",116.370864064956,0,82.2108165804883,0,0,0,0
"1517",0,0,9.95403135600268,0,0,0,0
"1518",96.4182476395541,0,108.396654856429,0,0,0,0
"1519",0,0,0,0,0,0,0
"1520",0,0,0,0,0,0,0
"1521",0,0,0,0,0,0,0
"1522",85.5357394107072,0,97.2587620846165,0,106.831009341243,0,0
"1523",9.78313698363011,0,26.2142853629112,0,0,0,0
"1524",0,0,11.350791380639,0,0,0,0
"1525",115.985013342314,0,144.512400117735,0,0,0,0
"1526",0,0,0,0,0,0,0
"1527",0,0,0,0,0,0,0
"1528",0,0,0,0,0,0,0
"1529",0,0,0,0,0,0,0
"1530",0,0,0,0,0,0,0
"1531",95.5068682339403,0,96.0538777446013,0,0,0,0
"1532",161.788547615296,0,142.119208597653,0,0,0,0
"1533",12.4819731126173,0,4.77326806559389,0,0,0,0
"1534",27.4523919910582,0,0,0,0,0,0
"1535",95.6215328734163,0,83.1028367564985,0,0,0,0
"1536",0,0,3.0125572389574,0,0,0,0
"1537",93.5671980184389,0,93.0982117882883,0,0,0,0
"1538",101.297701494889,0,108.154794171306,0,0,0,0
"1539",0,0,0,0,0,0,0
"1540",138.511811720593,0,188.543551107617,0,0,0,0
"1541",87.6113565090406,0,85.9174691961559,0,0,0,0
"1542",0,0,0,0,0,0,0
"1543",0,0,16.2639064216953,0,0,0,0
"1544",0,0,0,0,0,0,0
"1545",0,0,0,0,0,0,0
"1546",0,0,0,0,0,0,0
"1547",97.6141768750916,0,120.586273121125,0,0,0,84.5301667265255
"1548",85.9800012918639,0,90.0858815480463,0,0,0,0
"1549",0,0,0,0,0,0,0
"1550",0,0,0,0,0,0,0
"1551",57.7317482177209,0,48.3087661925151,0,0,0,0
"1552",0,0,8.7033935765435,0,0,0,0
"1553",0,0,13.7635407318577,0,0,0,0
"1554",51.9410158542163,0,56.6968183264776,0,0,0,0
"1555",131.364912768726,0,174.204702887123,0,0,0,0
"1556",0,0,6.3955589804944,0,0,0,0
"1557",0,0,23.098883966156,0,0,0,0
"1558",0,0,0,0,0,0,0
"1559",122.313070430497,0,94.3722716753213,0,0,0,0
"1560",91.0212893274297,0,77.4064541867882,0,0,0,0
"1561",0,0,0,0,0,0,0
"1562",0,0,0,0,0,0,0
"1563",137.371635775455,0,117.190062873685,0,0,0,0
"1564",92.1482630373037,0,75.0158319659958,0,0,0,0
"1565",0,0,8.64043360429992,0,0,0,0
"1566",0,0,0,0,0,0,0
"1567",0,0,13.6332088349503,0,0,0,0
"1568",0,0,0,0,0,0,0
"1569",88.3356434968585,0,90.2982948331666,0,0,0,36.9481246889384
"1570",0,0,0,0,0,0,0
"1571",92.9447957772442,0,102.679679526754,0,0,0,0
"1572",0,0,0,0,0,0,0
"1573",0,0,0,0,0,0,0
"1574",20.5098476215144,0,0,0,0,0,0
"1575",4.37006885199856,0,0,0,0,0,0
"1576",123.675709073155,0,126.065257871452,0,0,0,0
"1577",0,0,0,0,0,0,0
"1578",132.410508587998,0,93.9719862366715,0,0,0,0
"1579",0,0,4.86931433693398,0,0,0,0
"1580",0,0,0,0,0,0,0
"1581",0,0,9.7670309253992,0,0,0,0
"1582",83.8590286997795,0,84.2776594075835,0,0,0,0
"1583",0,0,0,0,0,0,0
"1584",70.2355170096074,0,90.2157136648316,0,0,0,0
"1585",0,0,0,0,0,0,0
"1586",0,0,0,0,0,0,0
"1587",162.172873805771,0,136.966660830178,0,0,0,0
"1588",0,0,22.0073119649948,0,0,0,0
"1589",8.43678222128911,0,0,0,0,0,0
"1590",187.12123463818,0,151.780252966097,0,0,0,0
"1591",92.0325053822171,114.414854826653,103.612532882993,0,69.0847745454184,0,0
"1592",69.5053624277887,0,76.7342901312082,0,0,0,0
"1593",22.0855013994502,0,0,0,0,0,0
"1594",0,0,0,0,0,0,0
"1595",102.583843720744,0,100.948014815222,0,0,0,0
"1596",126.98371519948,0,126.030538278115,0,0,0,0
"1597",0,0,0,0,0,0,0
"1598",70.7208615340748,0,76.189052946195,0,0,0,0
"1599",0,0,0,0,0,0,0
"1600",0,0,0,0,0,0,0
"1601",0,0,0,0,0,0,0
"1602",112.217763619325,0,114.832947358041,0,0,0,0
"1603",122.838407970958,0,114.230300605245,0,0,0,0
"1604",125.445458405276,0,132.364123245898,0,0,0,0
"1605",0,0,0,0,0,0,0
"1606",72.1139857743395,0,70.9327972728617,0,0,0,0
"1607",0,0,0,0,0,0,0
"1608",82.5856556707628,0,89.8556560361518,0,0,0,0
"1609",154.924911151114,0,161.041809512895,0,0,0,0
"1610",182.564795831068,0,127.441690707857,0,0,0,0
"1611",0,0,0,0,0,0,0
"1612",110.889643897176,0,107.174571600735,0,0,0,0
"1613",10.1528766431331,0,0,0,0,0,0
"1614",0,0,0,0,0,0,0
"1615",0,0,24.0726214894665,0,0,0,0
"1616",0,0,0,0,0,0,0
"1617",0,0,0,0,0,0,0
"1618",0,0,6.10802952576529,0,0,0,0
"1619",84.4600760929886,0,97.4714156256916,0,0,0,0
"1620",7.8065675921502,0,0,0,0,0,0
"1621",0,0,8.75037501812367,0,0,0,0
"1622",0,0,0,0,0,0,0
"1623",0,0,19.741898519428,0,0,0,0
"1624",89.2324303061232,0,91.1893432666264,0,0,0,0
"1625",0,0,15.4431821839155,0,0,0,0
"1626",128.81329475202,0,144.136404525516,0,0,0,0
"1627",85.0280441819137,0,82.7705748515537,0,0,0,0
"1628",0,0,0,0,0,0,0
"1629",0,0,7.02725215735058,0,0,0,0
"1630",0,0,0,0,0,0,0
"1631",0,0,0,0,0,0,0
"1632",108.503948752165,0,138.184695894641,0,0,0,0
"1633",17.9070625278613,0,21.7346566882811,0,0,0,0
"1634",0,0,48.8596722852315,0,0,0,0
"1635",0,0,18.8825484496999,0,0,0,0
"1636",0,0,0,0,0,0,0
"1637",0,0,0,0,0,0,0
"1638",129.290304441716,0,124.982951617662,142.661291800517,0,0,0
"1639",20.9122110410765,0,0,0,0,0,0
"1640",0,0,0,0,0,0,0
"1641",0,0,0,0,0,0,0
"1642",0,0,0,0,0,0,0
"1643",61.0761600185641,0,80.5245659382982,0,0,0,0
"1644",90.5767154869524,0,80.5767379298737,0,0,0,0
"1645",68.3609962242454,0,70.0622747251823,0,0,0,0
"1646",20.8384411167224,0,24.6301775322129,0,0,0,0
"1647",20.2030915125164,0,0,0,0,0,0
"1648",99.0289390565772,0,78.1637134375117,0,0,0,0
"1649",94.3401775115095,0,40.0297167381464,0,0,0,0
"1650",78.8019898980086,0,91.2689182759294,0,0,0,0
"1651",4.41290292985467,0,2.2499814953383,0,0,0,0
"1652",0,0,9.69778359568753,0,0,0,0
"1653",0,0,0,0,0,0,0
"1654",99.6333724544317,0,127.354982316131,0,0,0,0
"1655",148.403873032576,0,129.738128180483,0,0,0,0
"1656",0,0,0,0,0,0,0
"1657",110.860733029422,0,105.222090847028,0,0,0,0
"1658",129.036565027498,0,144.243727200913,0,0,0,0
"1659",0,0,0,0,0,0,0
"1660",13.2922026280635,0,4.71347130567696,0,0,0,0
"1661",0,0,0,0,0,0,0
"1662",103.66422063661,0,100.426283247065,0,0,0,0
"1663",33.5727693331295,0,29.6048339112137,0,0,0,0
"1664",14.4415593964727,0,0,0,0,0,0
"1665",68.4934056704967,0,76.9498166238582,0,0,0,0
"1666",19.5933501661078,0,12.0822051795812,0,0,0,0
"1667",0,0,0,0,0,0,0
"1668",0,0,7.08279211866272,0,0,0,0
"1669",0,0,4.90663471701431,0,0,0,0
"1670",0,0,6.63564187331112,0,0,0,0
"1671",0,0,0,0,0,0,0
"1672",16.0188967626875,0,7.20070519817707,0,0,0,0
"1673",0,0,0,0,0,0,0
"1674",36.8161758121407,0,5.49658335203916,0,0,0,0
"1675",11.8887389197991,0,0,0,0,0,0
"1676",72.9543992846015,0,125.919493930521,0,0,0,0
"1677",0,0,0,0,0,0,0
"1678",0,0,0,0,0,0,0
"1679",0,0,0,0,0,0,0
"1680",96.319197181251,0,110.11219510358,0,0,0,0
"1681",0,0,0,0,0,0,0
"1682",93.0481082839758,81.3513822172183,84.7904549173468,71.1770940154495,0,0,0
"1683",0,0,8.44632384846145,0,0,0,0
"1684",0,0,10.1284687876936,0,0,0,0
"1685",0,0,0,0,0,0,0
"1686",21.1213014102542,0,0,0,0,0,0
"1687",0,0,0,0,0,0,0
"1688",0,0,5.26834919039633,0,0,0,0
"1689",0,0,0,0,0,0,0
"1690",13.5243533352348,0,0,0,0,0,0
"1691",0,0,0,0,0,0,0
"1692",0,0,0,0,0,0,0
"1693",0,0,17.9909147711173,0,0,0,0
"1694",115.166936260407,0,116.54211316769,0,33.6368864424808,0,156.084049855062
"1695",0,0,13.4551805650415,0,0,0,0
"1696",101.877835738869,0,116.562268836556,0,0,0,0
"1697",0,0,0,0,0,0,0
"1698",0,0,0,0,0,0,0
"1699",0,0,5.19032544422362,0,0,0,0
"1700",94.3304199021077,0,83.3708013783522,0,0,0,0
"1701",97.2994854901588,0,110.889432193073,0,0,0,0
"1702",0,0,8.11184869598374,0,0,0,0
"1703",0,0,0,0,0,0,0
"1704",12.5604138078116,0,19.2580944711537,0,0,0,0
"1705",0,0,6.33751979701458,0,0,0,0
"1706",94.3261868955639,0,90.194886922835,0,0,0,0
"1707",0,0,0,0,0,0,0
"1708",0,0,0,0,0,0,0
"1709",49.2331533883515,0,88.5449732166692,0,0,0,0
"1710",0,0,0,0,0,0,0
"1711",0,0,0,0,0,0,0
"1712",0,0,0,0,0,0,0
"1713",46.4528084929532,0,29.4349824232448,0,0,0,0
"1714",77.4688214605828,0,79.9096952503115,0,0,0,0
"1715",66.0022831049825,0,64.8864495891539,0,0,0,0
"1716",139.89013130785,0,129.617245574178,0,0,0,0
"1717",0,0,0,0,0,0,0
"1718",113.148842119648,0,100.161867087654,0,0,0,0
"1719",0,0,10.0834950396471,0,0,0,0
"1720",102.061921769578,0,112.246796419144,0,0,0,0
"1721",70.3565764285769,0,76.3366507272381,0,0,0,0
"1722",101.461152652436,100.70295773039,103.464236948198,0,0,0,0
"1723",22.1389473945348,0,4.57253950858683,0,0,0,0
"1724",0,0,0,0,0,0,0
"1725",0,0,0,0,0,0,0
"1726",0,0,0,0,0,0,0
"1727",74.9524374408782,0,93.1823022267978,0,0,0,0
"1728",77.8388508997983,0,92.3129358029074,0,0,0,0
"1729",0,0,0,0,0,0,0
"1730",0,0,0,0,0,0,0
"1731",6.4001168858969,0,5.19048346671959,0,0,0,0
"1732",20.8122604720941,0,0,0,0,0,0
"1733",27.0395859842919,0,0,0,0,0,0
"1734",173.258599973989,0,178.663041544293,0,0,0,0
"1735",192.463588177163,0,182.635785783802,0,0,0,0
"1736",0,0,0,0,0,0,0
"1737",35.6817886869816,0,6.02502574973061,0,0,0,0
"1738",110.072773379812,0,96.6398770308678,0,0,0,0
"1739",0,0,9.97504855745081,0,0,0,0
"1740",113.83981320512,0,103.907817316674,0,0,0,0
"1741",78.7574749189386,0,84.4536121880147,0,0,0,0
"1742",80.3904738465039,0,109.744361849514,0,0,0,0
"1743",18.15339595452,0,12.9592616044346,0,0,0,0
"1744",118.176038277256,0,115.611064432757,0,0,0,0
"1745",0,0,0,0,0,0,0
"1746",0,0,0,0,0,0,0
"1747",96.7908798063955,0,87.050793179947,0,0,0,0
"1748",92.6240636661064,0,92.4785415402467,0,0,0,0
"1749",92.4523252078207,0,99.4010008445822,0,0,0,0
"1750",0,0,0,0,0,0,0
"1751",0,0,0,0,0,0,0
"1752",0,0,29.9912235037462,0,0,0,0
"1753",68.188323049452,0,103.792130919605,0,0,0,0
"1754",173.944894435114,0,122.101234171269,0,0,0,0
"1755",0,0,0,0,0,0,0
"1756",64.1947703455513,0,55.8008605166189,0,0,0,0
"1757",167.398170211238,0,143.482964167689,0,0,0,0
"1758",89.1669670937605,0,88.0172379363151,0,0,0,0
"1759",12.558439235436,0,0,0,0,0,0
"1760",0,0,9.3881840666606,0,0,0,0
"1761",136.26400900914,0,122.449328532531,0,0,0,0
"1762",0,0,0,0,0,0,0
"1763",0,0,0,0,0,0,0
"1764",0,0,8.72121120890027,0,0,0,0
"1765",131.141435604081,0,134.694957519874,0,0,0,0
"1766",21.9063063753344,0,0,0,0,0,0
"1767",0,0,0,0,0,0,0
"1768",0,0,0,0,0,0,0
"1769",0,0,0,0,0,0,0
"1770",124.452631080304,0,110.265132007781,0,0,0,0
"1771",26.3096237540224,0,0,0,0,0,0
"1772",32.6712908108069,0,0,0,0,0,0
"1773",129.780997286093,0,90.1185384372371,0,0,0,0
"1774",0,0,11.4363957716827,0,0,0,0
"1775",0,0,9.16200987839588,0,0,0,0
"1776",0,0,22.8630619549535,0,0,0,0
"1777",74.7257314039663,0,73.4546181473923,0,0,0,0
"1778",113.378256619785,0,118.586007540886,0,0,0,0
"1779",0,0,0,0,0,0,0
"1780",0,0,0,0,0,0,0
"1781",101.779802055856,0,110.703173931842,0,0,0,0
"1782",86.8627358623649,0,81.3945042357302,0,0,0,0
"1783",81.2290790726366,0,102.285042091053,0,0,0,0
"1784",48.1383005182623,0,82.9538450109697,0,0,0,0
"1785",0,0,0,0,0,0,0
"1786",15.2030878774085,0,20.876224457611,0,0,0,0
"1787",95.0419804103981,0,85.6680866724105,0,0,0,0
"1788",5.05904807299311,0,0,0,0,0,0
"1789",94.1792880554883,0,95.1458159749615,0,0,0,0
"1790",66.8273887269659,0,91.6974637113252,0,0,0,0
"1791",38.5270304492144,0,36.5214736944648,0,0,0,0
"1792",108.625309818008,0,88.9009113270902,0,0,0,0
"1793",78.7194080497093,0,61.2704273886211,0,0,0,0
"1794",0,0,0,0,0,0,0
"1795",23.7687366436944,0,0,0,0,0,0
"1796",0,0,11.4575159591998,0,0,0,0
"1797",56.8804464953172,0,47.5429075938674,0,0,0,0
"1798",203.022699480948,0,180.722364745609,0,0,0,0
"1799",0,0,5.29371293161965,0,0,0,0
"1800",111.265705402942,0,124.635776799592,0,0,0,0
"1801",18.0846432892979,0,10.4364281979771,0,0,0,0
"1802",0,0,0,0,0,0,0
"1803",83.8062531654353,0,74.7182396230882,0,0,0,0
"1804",128.296673061606,0,120.338792862292,0,0,0,0
"1805",113.259375192645,0,123.695174819003,0,0,0,0
"1806",94.1809314365469,0,72.1712858667976,0,0,0,0
"1807",112.377968480564,0,100.623627096855,0,0,0,0
"1808",108.526412609325,0,107.470928057196,0,0,0,0
"1809",0,0,0,0,0,0,0
"1810",82.3286651910023,0,85.6144291988709,0,0,0,0
"1811",13.3881392164273,0,0,0,0,0,0
"1812",0,0,0,0,0,0,0
"1813",7.80998786178291,0,0,0,0,0,0
"1814",149.630741424769,0,148.631258290647,0,0,0,0
"1815",120.551854901104,0,101.727325853,0,0,0,0
"1816",0,0,10.6160384804437,0,0,0,0
"1817",0,0,0,0,0,0,0
"1818",0,0,3.56244500705533,0,0,0,0
"1819",79.270491079239,0,98.5406690643531,0,0,0,0
"1820",0,0,13.9946053779737,0,0,0,0
"1821",0,0,0,0,0,0,0
"1822",12.8757871173865,0,24.01228588574,0,0,0,0
"1823",0,0,3.70298112139734,0,0,0,0
"1824",0,0,0,0,0,0,0
"1825",0,0,5.29686199574962,0,0,0,0
"1826",0,0,0,0,0,0,0
"1827",0,0,0,0,0,0,0
"1828",57.998194053239,0,95.3487703689808,0,0,0,0
"1829",70.2565978604832,0,87.3326356065005,0,0,0,0
"1830",0,0,16.3833657606513,0,0,0,0
"1831",0,0,5.41270479143823,0,0,0,0
"1832",0,0,0,0,0,0,0
"1833",18.0702311005113,0,29.4338161089507,0,0,0,0
"1834",0,0,23.9147487550269,0,0,0,0
"1835",109.254928780778,0,124.442559899031,0,0,0,0
"1836",0,0,8.78365015458025,0,0,0,0
"1837",143.653618037968,0,71.1121302155893,0,0,0,0
"1838",0,0,0,0,0,0,0
"1839",0,0,0,0,0,0,0
"1840",0,0,5.62940165704484,0,0,0,0
"1841",0,0,0,0,0,0,0
"1842",0,0,0,0,0,0,0
"1843",0,0,0,0,0,0,0
"1844",63.6300271176498,0,79.9058965917424,0,0,0,0
"1845",18.2807778452615,0,13.2453873587318,0,0,0,0
"1846",104.639264991706,0,90.130940031511,0,0,0,0
"1847",174.635905775003,0,178.082433332353,0,0,0,0
"1848",102.45752226662,0,107.870541788504,0,0,0,0
"1849",127.475266764832,0,125.191638708277,0,0,0,0
"1850",156.37692017593,0,149.9467666836,0,0,0,0
"1851",0,0,0,0,0,0,0
"1852",85.8868013845869,0,92.4810616597183,0,0,0,49.9908777326007
"1853",0,0,0,0,0,0,0
"1854",0,0,0,0,0,0,0
"1855",0,0,0,0,0,0,0
"1856",12.9600491902328,0,20.142098855327,0,0,0,0
"1857",121.917408859666,0,100.590744549174,0,0,0,0
"1858",0,0,12.3001059538009,0,0,0,0
"1859",0,0,0,0,0,0,0
"1860",0,0,0,0,0,0,0
"1861",71.4359278796171,0,74.799199809091,0,0,0,0
"1862",0,0,3.30110957798777,0,0,0,0
"1863",39.7357474219752,0,20.7812107949822,0,0,0,0
"1864",31.0589162194931,0,7.06197732462861,0,0,0,0
"1865",67.5257729697463,0,73.1479063272655,0,0,0,0
"1866",192.326237724673,0,180.313139907071,0,0,0,0
"1867",0,0,11.683541084691,0,0,0,0
"1868",72.4853962059439,0,79.6407679689519,0,0,0,0
"1869",63.2069126355496,0,84.7762071018886,0,0,0,0
"1870",0,0,0,0,0,0,0
"1871",0,0,0,0,0,0,0
"1872",118.069881651028,0,116.350103008284,0,0,0,0
"1873",0,0,0,0,0,0,0
"1874",0,0,2.95913359494849,0,0,0,0
"1875",116.844668920079,0,114.75992134393,0,0,0,0
"1876",0,0,0,0,0,0,0
"1877",75.3247505052792,0,75.5918536607998,0,0,0,0
"1878",116.839990937967,0,96.35740987931,0,0,0,0
"1879",116.368479523174,0,118.469654479652,0,0,0,0
"1880",89.4118603324104,0,81.3674256258965,0,0,0,0
"1881",19.6529985948667,0,13.6310320846307,0,0,0,0
"1882",130.904200216276,0,74.3211737638278,0,0,0,0
"1883",81.1643402001032,0,90.9387460334046,0,0,0,0
"1884",0,0,0,0,0,0,0
"1885",0,0,0,0,0,0,0
"1886",0,0,9.39574447327252,0,0,0,0
"1887",85.7400666488913,0,90.4758827880234,0,0,0,0
"1888",0,0,16.7040090711239,0,0,0,0
"1889",14.3448645693604,0,6.09700393691818,0,0,0,0
"1890",156.173570473317,0,145.329109268773,0,0,0,0
"1891",0,0,18.89313163284,0,0,0,0
"1892",0,0,0,0,0,0,0
"1893",0,0,0,0,0,0,0
"1894",126.881206036969,0,127.641540825135,0,0,0,0
"1895",19.8195289444802,0,12.284583213083,0,0,0,0
"1896",14.4001226167723,0,0,0,0,0,0
"1897",16.695095613971,0,0,0,0,0,0
"1898",0,0,3.83218978969029,0,0,0,0
"1899",0,0,9.65868199926137,0,0,0,0
"1900",101.591418641935,0,137.281531560808,0,0,0,0
"1901",0,0,8.33783313439537,0,0,0,0
"1902",0,0,0,0,0,0,0
"1903",12.9851183000159,0,15.3403107461079,0,0,0,0
"1904",0,0,21.6037155645789,0,0,0,0
"1905",0,0,0,0,0,0,0
"1906",77.2437996527639,0,89.6990676309547,0,0,0,0
"1907",0,0,0,0,0,0,0
"1908",0,0,0,0,0,0,0
"1909",81.9608214990542,0,80.1807593555293,0,0,0,0
"1910",85.7185021153269,0,106.267300647344,0,0,0,0
"1911",36.4394369394837,0,22.2399575993393,0,0,0,0
"1912",133.810417106926,0,143.87679753814,0,0,0,0
"1913",0,0,0,0,0,0,0
"1914",9.84442769530322,0,0,0,0,0,0
"1915",108.170237705872,0,75.547212515519,0,0,0,224.344209475346
"1916",0,0,0,0,0,0,0
"1917",0,0,10.1852964100527,0,0,0,0
"1918",0,0,0,0,0,0,0
"1919",14.9740289392692,0,0,0,0,0,0
"1920",96.2189470986331,0,161.659504090135,0,0,0,0
"1921",169.387753529415,0,235.464311029129,0,0,0,0
"1922",0,0,19.1730976136966,0,0,0,0
"1923",103.665172760289,0,65.329068041443,0,0,0,0
"1924",99.1136352045833,0,118.905613132148,0,0,0,0
"1925",111.455684814587,0,96.5105955667672,0,0,0,0
"1926",24.2217298472295,0,10.4346338863134,0,0,0,0
"1927",0,0,20.6259948555001,0,0,0,0
"1928",0,0,16.9416424523515,0,0,0,0
"1929",0,0,4.52915093269679,0,0,0,0
"1930",78.9718336007852,0,64.5607224878738,0,0,0,0
"1931",0,0,7.93121338208735,0,0,0,0
"1932",0,0,0,0,0,0,0
"1933",0,0,0,0,0,0,0
"1934",0,0,0,0,0,0,0
"1935",0,0,0,0,0,0,0
"1936",10.6428485784074,0,13.855000900985,0,0,0,0
"1937",183.336401931661,0,101.076519261796,0,0,0,0
"1938",0,0,8.4566600781374,0,0,0,0
"1939",89.0347076753823,0,89.3467551957146,0,0,0,0
"1940",30.6480235968041,0,9.04261939619507,0,0,0,0
"1941",65.3609270727827,0,91.4309853274235,0,69.9620491697114,0,0
"1942",120.803286507396,0,111.938567542624,0,0,0,0
"1943",100.043927914048,0,105.744195440827,0,0,0,0
"1944",0,0,0,0,0,0,0
"1945",5.05567841270575,0,26.7356239410871,0,0,0,0
"1946",121.227554104606,0,114.872707950007,0,0,0,0
"1947",11.2057314689352,0,19.7686736259919,0,0,0,0
"1948",0,0,0,0,0,0,0
"1949",29.746611540677,0,23.4236420990512,0,0,0,0
"1950",30.2256194697569,0,0,0,0,0,0
"1951",112.071073937834,0,98.32393853008,0,0,0,0
"1952",0,0,0,0,0,0,0
"1953",0,0,10.8110232474634,0,0,0,0
"1954",0,0,0,0,0,0,0
"1955",0,0,6.59830715560793,0,0,0,0
"1956",0,0,0,0,0,0,0
"1957",0,0,12.0197267480824,0,0,0,0
"1958",100.243475821842,0,87.9289074971086,0,0,0,0
"1959",105.979111269971,0,118.106740595642,0,0,0,0
"1960",106.898309200022,0,99.1117094675296,0,0,0,0
"1961",11.0895016821009,0,0,0,0,0,0
"1962",0,0,0,0,0,0,0
"1963",0,0,0,0,0,0,0
"1964",51.9592128413817,0,16.2328502233806,0,0,0,0
"1965",0,0,0,0,0,0,0
"1966",0,0,7.97076007794401,0,0,0,0
"1967",17.7188271652028,0,0,0,0,0,0
"1968",0,0,3.47622113237448,0,0,0,0
"1969",0,0,9.03051522283522,0,0,0,0
"1970",0,0,0,0,0,0,0
"1971",0,0,0.923735625778366,0,0,0,0
"1972",105.657184741452,0,143.712760804986,0,0,0,0
"1973",0,0,0,0,0,0,0
"1974",66.8629964586957,0,55.3595245057313,0,0,0,0
"1975",119.354680731094,0,146.315180751249,0,0,0,0
"1976",0,0,9.04557471329727,0,0,0,0
"1977",118.069323618572,0,122.972599029458,0,0,0,0
"1978",119.859980409439,0,118.267424926436,0,0,0,0
"1979",205.964027421317,0,196.406159413321,0,0,0,0
"1980",0,0,0,0,0,0,0
"1981",0,0,0,0,0,0,0
"1982",0,0,0,0,0,0,0
"1983",200.616532798739,0,190.585127867984,0,0,0,0
"1984",105.572851269454,0,108.700591610185,0,0,0,0
"1985",62.082277151827,0,62.2493273939986,0,0,0,121.750465823671
"1986",174.217436999602,0,175.183975723447,0,0,0,0
"1987",26.9633998528188,0,22.231054642524,0,0,0,0
"1988",117.574088551941,0,116.751607003169,0,0,0,0
"1989",76.4612351008844,0,92.435426350112,0,0,0,0
"1990",85.6812165012494,0,68.4301355845991,0,0,0,0
"1991",108.948063017355,0,77.9048058655355,0,0,0,0
"1992",73.7434766283187,0,100.535509296643,0,0,0,0
"1993",13.0474565553349,0,18.6253564470065,0,0,0,0
"1994",206.350708616583,0,218.812083911897,128.112408883135,0,0,0
"1995",0,0,0,0,0,0,0
"1996",0,0,0,0,0,0,0
"1997",123.241347739155,0,118.687876528683,0,0,0,0
"1998",0,0,0,0,0,0,0
"1999",14.7092691675308,0,36.1180378562167,0,0,0,0
"2000",158.643111517376,0,156.027066203457,0,0,0,0
"2001",163.812845904262,0,169.156006204751,0,0,0,0
"2002",90.8006582602603,0,93.8710944284683,0,0,0,0
"2003",18.0428400899026,0,21.8375453805339,0,0,0,0
"2004",0,0,3.65997668322209,0,0,0,0
"2005",0,0,0,0,0,0,0
"2006",0,0,0,0,0,0,0
"2007",0,0,2.71461425548117,0,0,0,0
"2008",0,0,4.50207485260284,0,0,0,0
"2009",20.351527036204,0,0,0,0,0,0
"2010",0,0,26.7305744919963,0,0,0,0
"2011",7.51852771668173,0,0,0,0,0,0
"2012",96.7127852142071,0,113.237810823427,0,0,0,0
"2013",0,0,0,0,0,0,0
"2014",0,0,0,0,0,0,0
"2015",0,0,0,0,0,0,0
"2016",117.087234833986,0,65.6267118129549,0,0,0,0
"2017",83.6532233760758,0,88.5561624119537,0,0,0,0
"2018",132.632218233674,0,143.527468549055,0,0,0,0
"2019",127.738433442386,0,129.015575235568,0,0,0,0
"2020",13.137269608059,0,18.4730481475076,0,0,0,0
"2021",62.6120348332788,0,106.023436121751,0,0,0,0
"2022",72.42852245891,0,72.7993879814213,0,0,0,0
"2023",105.453005874912,0,138.931532934737,0,0,0,0
"2024",0,0,2.98882296933718,0,0,0,0
"2025",96.4977820929612,0,104.74272395578,0,0,0,0
"2026",0,0,0,0,0,0,0
"2027",144.162561552993,0,104.168407736487,0,0,0,0
"2028",0,0,0,0,0,0,0
"2029",92.1438449472491,0,76.6609045953158,0,0,0,0
"2030",88.4047986967984,0,91.7344299610673,0,0,0,0
"2031",141.707003678682,0,144.338149656882,0,0,0,0
"2032",51.7561028842006,0,36.2416492005018,0,0,0,0
"2033",0,0,0,0,0,0,0
"2034",27.8502618748546,0,2.74375710504197,0,0,0,0
"2035",0,0,0,0,0,0,0
"2036",123.357651580392,0,122.560214074668,0,234.720357028675,0,0
"2037",12.9892370803941,0,22.0197075406412,0,0,0,0
"2038",0,0,10.8962330306425,0,0,0,0
"2039",0,0,0,0,0,0,0
"2040",0,0,5.05776889742726,0,0,0,0
"2041",90.6512924126016,0,77.4815791405524,0,0,0,0
"2042",0,0,0,0,0,0,0
"2043",30.5402196961563,0,6.75272829528954,0,0,0,0
"2044",0,0,1.12710530378276,0,0,0,0
"2045",53.696641872528,0,83.0672289233771,0,0,0,0
"2046",0,0,8.40129709996531,0,0,0,0
"2047",79.9455292800071,0,76.0976974299453,0,0,0,0
"2048",0,0,0,0,0,0,0
"2049",134.255182825873,0,131.68618001029,0,0,0,0
"2050",0,0,0,0,0,0,0
"2051",0,0,13.9508656571081,0,0,0,0
"2052",0,0,6.33034175796811,0,0,0,0
"2053",139.102069227694,0,163.075655852202,0,0,0,0
"2054",13.5021898642189,0,21.7095875826992,0,0,0,0
"2055",0,0,9.61583400869279,0,0,0,0
"2056",123.480532193364,0,75.2665976978497,0,0,0,0
"2057",61.241171339125,0,131.292866020571,0,0,0,0
"2058",0,0,4.36574231682702,0,0,0,0
"2059",0,0,2.74647535245345,0,0,0,0
"2060",56.3452176258534,0,70.770720004735,0,0,0,0
"2061",128.983888226305,0,195.097667248942,0,0,0,0
"2062",18.2417765629286,0,7.31190250239436,0,0,0,0
"2063",159.938943075807,0,152.274323548649,0,0,0,0
"2064",107.065457315885,0,118.3662465953,0,0,0,0
"2065",0,0,0,0,0,0,0
"2066",0,0,0,0,0,0,0
"2067",31.8677882875261,0,74.5445869948243,0,0,0,0
"2068",114.767306005679,0,111.141043403778,0,0,0,0
"2069",0,0,0,0,0,0,0
"2070",0,0,0,0,0,0,0
"2071",64.7931639559076,0,62.1941869420872,0,0,0,0
"2072",7.68795747854015,0,0,0,0,0,0
"2073",66.5894880438882,0,68.7941045851302,0,0,0,0
"2074",0,0,13.3561641411147,0,0,0,0
"2075",40.5998988388089,0,9.6606387897036,0,0,0,0
"2076",0,0,19.9205776451587,0,0,0,0
"2077",107.097166813259,0,60.6926800298663,0,0,0,0
"2078",3.7972378103525,0,0,0,0,0,0
"2079",84.3568793952583,0,100.540194671681,0,0,0,0
"2080",83.2441674089615,0,80.1863831985723,0,0,0,0
"2081",0,0,0,0,0,0,0
"2082",163.386071434043,0,167.911050518602,0,0,0,0
"2083",105.598044633486,0,91.869936476832,0,0,0,0
"2084",6.63729036207971,0,0,0,0,0,0
"2085",24.565562000623,0,15.4554442266936,0,0,0,0
"2086",0,0,0,0,0,0,0
"2087",0,0,8.40760609185036,0,0,0,0
"2088",0,0,13.4925507909576,0,0,0,0
"2089",0,0,0,0,0,0,0
"2090",25.6133665805844,0,0,0,0,0,0
"2091",0,0,0,0,0,0,0
"2092",94.1439671822588,0,88.9756799837066,0,0,0,0
"2093",0,0,18.1403260290298,0,0,0,0
"2094",15.8770793557842,0,15.4246893329852,0,0,0,0
"2095",119.867334832829,0,114.310244023084,0,0,0,0
"2096",0,0,1.67983267467866,0,0,0,0
"2097",16.8052929558896,0,28.0705920234605,0,0,0,0
"2098",0,0,5.4422749892711,0,0,0,0
"2099",0,0,6.85391829717403,0,0,0,0
"2100",0,0,0,0,0,0,0
"2101",17.1581459743356,0,6.38470144444929,0,0,0,0
"2102",10.9551465655731,0,0,0,0,0,0
"2103",0,0,11.5858206931923,0,0,0,0
"2104",0,0,0,0,0,0,0
"2105",0,0,0,0,0,0,0
"2106",70.0111691811111,0,62.9476029821158,0,0,0,0
"2107",155.012729308665,0,154.468852797615,0,0,0,0
"2108",0,0,0,0,0,0,0
"2109",0,0,1.76759681737124,0,0,0,0
"2110",0,0,7.65319941255091,0,0,0,0
"2111",0,0,0,0,0,0,0
"2112",57.5469783656199,0,77.3046363272858,0,0,0,0
"2113",105.962827117844,0,115.708490091927,0,0,0,0
"2114",0,0,0,0,0,0,0
"2115",0,0,0,0,0,0,0
"2116",85.8197145492772,0,81.5167502996532,0,0,0,0
"2117",0,0,0,0,0,0,0
"2118",0,0,4.00532816064298,0,0,0,0
"2119",55.464265934109,0,135.236941399253,0,0,0,0
"2120",0,0,0,0,0,0,0
"2121",0,0,0,0,0,0,0
"2122",0,0,0,0,0,0,0
"2123",0,0,0,0,0,0,0
"2124",0,0,0,0,0,0,0
"2125",70.0580917612299,0,70.211273600256,0,0,0,0
"2126",109.820233656588,0,118.975349995274,0,0,0,0
"2127",39.7341395607508,0,0,0,0,0,0
"2128",0,0,0,0,0,0,0
"2129",122.520201601265,0,119.693622397938,0,0,0,0
"2130",143.710420808289,0,142.6544319917,0,0,0,0
"2131",47.8434253398819,0,60.4960303195196,0,0,0,0
"2132",0,0,0,0,0,0,0
"2133",89.5806076619254,0,99.6429297479288,0,0,0,0
"2134",0,0,0,0,0,0,0
"2135",0,0,0,0,0,0,0
"2136",121.91265560564,0,96.5274811385906,0,0,0,0
"2137",15.5541513348469,0,19.8751421117421,0,0,0,0
"2138",117.336423525925,0,125.833750821239,0,0,0,0
"2139",108.116364295987,0,75.9924120915343,0,0,0,99.7487161287461
"2140",121.311195724874,0,110.849532742597,0,0,0,0
"2141",0,0,0,0,0,0,0
"2142",0,0,0,0,0,0,0
"2143",0,0,0,0,0,0,0
"2144",0,0,9.94463344240016,0,0,0,0
"2145",0,0,0,0,0,0,0
"2146",0,0,0,0,0,0,0
"2147",0,0,0,0,0,0,0
"2148",66.0186556139507,0,55.5593589038911,0,0,0,0
"2149",0,0,5.4402502876619,0,0,0,0
"2150",133.686706368833,0,133.103247882713,0,0,0,0
"2151",86.4268145500112,0,73.0810116418617,0,0,0,0
"2152",0,0,2.07672952337058,0,0,0,0
"2153",134.510617350729,0,131.87150777956,0,0,0,0
"2154",16.1247564476811,0,0,0,0,0,0
"2155",81.0366058069563,0,70.1267602143703,0,0,0,0
"2156",92.6623328469739,0,107.537800476605,0,0,0,0
"2157",0,0,0,0,0,0,0
"2158",0,0,0,0,0,0,0
"2159",0,0,0,0,0,0,0
"2160",114.357978652177,0,108.202571247109,0,0,0,0
"2161",96.2023866749814,0,119.626968542973,0,0,0,0
"2162",0,0,0,0,0,0,0
"2163",0,0,7.47327886977101,0,0,0,0
"2164",0,0,0,0,0,0,0
"2165",92.694899649001,0,68.9113761143756,0,0,0,0
"2166",64.8058165759967,0,62.2209370150499,0,0,0,0
"2167",0,0,0,0,0,0,0
"2168",0,0,0,0,0,0,0
"2169",0,0,0,0,0,0,0
"2170",65.8486210978793,0,74.0406934712712,0,0,0,0
"2171",0,0,0,0,0,0,0
"2172",0,0,0,0,0,0,0
"2173",0,0,0,0,0,0,0
"2174",118.864125564217,0,118.129694818829,0,0,0,0
"2175",84.658388807094,0,103.382304421133,0,0,0,0
"2176",130.668143568683,0,132.620538522961,0,0,0,0
"2177",83.3181051404448,0,64.9420031980375,0,0,0,0
"2178",143.533278278466,0,146.241098933918,0,0,0,0
"2179",136.729421535597,0,140.980195673903,0,0,0,91.680759353208
"2180",0,0,0,0,0,0,0
"2181",0,0,0,0,0,0,0
"2182",0,0,4.63190739711168,0,0,0,0
"2183",0,0,0,0,0,0,0
"2184",0,0,4.43095511894549,0,0,0,0
"2185",89.4705864510896,0,82.7675917679509,0,0,0,0
"2186",53.8354398625214,0,71.1650363418,0,0,0,0
"2187",0,0,0,0,0,0,0
"2188",95.6265745777879,0,76.6666605683051,0,0,0,0
"2189",43.704314579404,0,29.3910007403805,0,0,0,0
"2190",0,0,0,0,0,0,0
"2191",108.094351861694,0,93.7578374800007,0,0,0,0
"2192",0,0,13.2533042630871,0,0,0,0
"2193",0,0,19.1465136373991,0,0,0,0
"2194",0,0,20.3454147308275,0,0,0,0
"2195",4.1045596969043,0,0,0,0,0,0
"2196",150.115726535888,0,144.772786550487,0,0,0,0
"2197",65.2366367528375,0,71.8823315222556,0,0,0,0
"2198",0,0,15.6030811443779,0,0,0,0
"2199",0,0,0,0,0,0,0
"2200",98.001927123608,0,100.367455151536,0,0,0,0
"2201",0,0,0,0,0,0,0
"2202",0,0,11.0303426988642,0,0,0,0
"2203",108.390256966034,0,132.65423089402,0,0,0,0
"2204",0,0,0,0,0,0,0
"2205",0,0,0,0,0,0,0
"2206",9.62453137754284,0,13.8780540254875,0,0,0,0
"2207",0,0,0,0,0,0,0
"2208",0,0,0,0,0,0,0
"2209",0,0,0,0,0,0,0
"2210",49.6993100846103,0,9.21562664424933,0,0,0,0
"2211",120.582438581859,0,121.015968837124,0,0,0,0
"2212",131.052227399554,0,136.760012130898,0,0,0,0
"2213",0,0,5.17700662326614,0,0,0,0
"2214",82.6623505405917,0,121.482066331294,0,0,0,0
"2215",0,0,0,0,0,0,0
"2216",0,0,0,0,0,0,0
"2217",0,0,0,0,0,0,0
"2218",0,0,0,0,0,0,0
"2219",0,0,0,0,0,0,0
"2220",0,0,0,0,0,0,0
"2221",9.60438519213168,0,0,0,0,0,0
"2222",13.6521075753356,0,19.1648570239511,0,0,0,0
"2223",22.3557299670317,0,17.1614861610711,0,0,0,0
"2224",0,0,9.75187835917481,0,0,0,0
"2225",102.049030670221,0,109.050356208275,0,0,0,0
"2226",84.7840432595177,0,94.2739961429156,0,0,0,0
"2227",0,0,11.8168606908357,0,0,0,0
"2228",0,0,0,0,0,0,0
"2229",44.8284253172507,0,0,0,0,0,0
"2230",22.3424168452465,0,7.52518054923696,0,0,0,0
"2231",114.010519784534,0,80.9879331010066,0,0,0,0
"2232",0,0,0,0,0,0,0
"2233",168.420990227296,0,152.858960896629,0,0,0,0
"2234",7.61162201607627,0,0,0,0,0,0
"2235",0,0,4.9087357613905,0,0,0,0
"2236",25.7419002531589,0,0,0,0,0,0
"2237",91.6929280839069,137.377499343151,105.266850891968,0,122.958254090307,0,0
"2238",126.866335977705,0,115.621679034342,0,0,0,0
"2239",29.6761598748903,0,28.9600080408989,0,0,0,0
"2240",187.123783214934,0,176.422055644938,0,0,0,0
"2241",0,0,0,0,0,0,0
"2242",0,0,7.57679218088752,0,0,0,0
"2243",0,0,0,0,0,0,0
"2244",112.918015266127,122.986491004015,100.926868901631,0,43.7633396831145,0,0
"2245",121.156811156488,0,96.5843802319329,0,0,0,0
"2246",0,0,0,0,0,0,0
"2247",0,0,0,0,0,0,0
"2248",54.346541307551,0,6.49082721053822,0,0,0,0
"2249",141.70891507501,0,124.383278784328,0,0,0,0
"2250",0,0,0,0,0,0,0
"2251",0,0,7.83998861519803,0,0,0,0
"2252",0,0,0,0,0,0,0
"2253",0,0,0,0,0,0,0
"2254",0,0,0,0,0,0,0
"2255",0,0,0,0,0,0,0
"2256",30.8285187004369,0,0,0,0,0,0
"2257",0,0,0,0,0,0,0
"2258",144.073708989372,0,205.982286915686,0,0,0,93.1366357986102
"2259",0,0,0,0,0,0,0
"2260",96.1911453888478,0,78.6625623828053,0,0,0,0
"2261",28.2025754695011,0,0,0,0,0,0
"2262",0,0,0,0,0,0,0
"2263",14.0420861843629,0,21.6317072154095,0,0,0,0
"2264",0,0,0,0,0,0,0
"2265",27.7515816394484,0,5.65395714837631,0,0,0,0
"2266",179.700309588594,0,183.636909521598,0,0,0,0
"2267",0,0,0,0,0,0,0
"2268",0,0,0,0,0,0,0
"2269",19.8414051392925,0,29.5292137389463,0,0,0,0
"2270",0,0,3.45731024805536,0,0,0,0
"2271",80.937071433812,0,80.9320197696918,0,0,0,0
"2272",84.2833174444204,0,64.220369664408,0,0,0,0
"2273",109.683729660506,0,112.299220843345,0,0,0,0
"2274",0,0,20.0471464022584,0,0,0,0
"2275",13.5404607254612,0,21.5714530850719,0,0,0,0
"2276",87.5632123492337,0,84.4884440750074,0,0,0,0
"2277",0,0,0,0,0,0,0
"2278",93.132559715306,0,85.9530859397892,0,0,0,0
"2279",0,0,0,0,0,0,0
"2280",143.285502535512,0,151.742251770132,0,0,0,157.761949073686
"2281",124.178969692131,0,96.7308858166262,0,0,0,0
"2282",9.05343935964247,0,5.00076136786378,0,0,0,0
"2283",0,0,4.57805897322949,0,0,0,0
"2284",0,0,18.3442800678467,0,0,0,0
"2285",76.1692034687748,0,85.127567827773,0,0,0,85.214333829039
"2286",88.7559120293361,0,65.2551435770686,0,0,0,0
"2287",0,0,2.91068303440446,0,0,0,0
"2288",0,0,0,0,0,0,0
"2289",0,0,0,0,0,0,0
"2290",0,0,0,0,0,0,0
"2291",125.801083209727,0,103.202395104403,0,0,0,0
"2292",83.3803010432715,0,86.8824157759287,0,0,0,0
"2293",0,0,0,0,0,0,0
"2294",0,0,0,0,0,0,0
"2295",99.6144609523171,0,119.919504085318,0,0,0,0
"2296",115.531818054736,0,117.476976939846,0,0,0,0
"2297",53.9834639610451,0,83.2156704194501,0,0,0,0
"2298",0,0,0,0,0,0,0
"2299",0,0,0,0,0,0,0
"2300",118.26415224024,0,101.427561989046,0,0,0,0
"2301",0,0,0,0,0,0,0
"2302",0,0,0,0,0,0,0
"2303",17.0351366789694,0,6.80212002499391,0,0,0,0
"2304",86.922982961065,0,77.8299578407299,0,0,0,0
"2305",0,0,0,0,0,0,0
"2306",0,0,0,0,0,0,0
"2307",0,0,0,0,0,0,0
"2308",19.7596268024228,0,23.4979929572064,0,0,0,0
"2309",0,0,4.48905652587078,0,0,0,0
"2310",0,0,0,0,0,0,0
"2311",0,0,0.871045237957225,0,0,0,0
"2312",0,0,30.5797635260988,0,0,0,0
"2313",12.8364414707803,0,0,0,0,0,0
"2314",0,0,0,0,0,0,0
"2315",0,0,0,0,0,0,0
"2316",18.82583265354,0,0,0,0,0,0
"2317",142.975365034019,0,151.362734311498,0,0,0,19.7615275037458
"2318",104.267538366828,0,121.770842847384,0,0,0,0
"2319",95.4385510905009,0,88.017702304495,0,0,0,0
"2320",105.243767537576,0,109.318272755586,0,0,0,0
"2321",10.7090582697464,0,32.8009361703285,0,0,0,0
"2322",0,0,0,0,0,0,0
"2323",0,0,0,0,0,0,0
"2324",77.2710074860744,0,91.3395719584422,0,0,0,0
"2325",99.4898462665677,0,108.477456231319,0,0,0,0
"2326",150.447521271256,0,151.834569021287,0,0,0,0
"2327",86.4524982793218,0,54.46423970958,0,0,0,0
"2328",74.3214092415006,0,92.8801172531948,0,0,0,0
"2329",67.9606094353365,0,72.267650234745,0,0,0,0
"2330",0,0,4.45920803049507,0,0,0,0
"2331",106.580625795662,0,116.845270177721,0,0,0,0
"2332",10.9226737876368,0,13.3825754196796,0,0,0,0
"2333",0,0,2.08119500898666,0,0,0,0
"2334",0,0,0,0,0,0,0
"2335",75.9304176986617,0,116.635867222441,0,0,0,0
"2336",138.487231184598,0,129.950385260165,0,0,0,0
"2337",96.1950556286867,0,97.4091597445675,0,0,0,0
"2338",112.454426201194,0,101.078231009306,0,0,0,0
"2339",34.7781121489284,0,36.3483977191412,0,0,0,0
"2340",141.52849887559,0,125.034570869579,0,0,0,0
"2341",111.58307737729,0,174.693604074636,0,0,0,0
"2342",0,0,0,0,0,0,0
"2343",0,0,0,0,0,0,0
"2344",89.7871387134322,0,222.412177580282,0,0,0,0
"2345",0,0,0,0,0,0,0
"2346",14.9955379698349,0,0,0,0,0,0
"2347",131.591118665519,0,139.943006563396,0,0,0,0
"2348",0,0,0,0,0,0,0
"2349",115.641046920395,0,141.04595708641,0,0,0,0
"2350",190.486281893722,0,177.633092372794,0,0,0,0
"2351",29.6162204175698,0,0,0,0,0,0
"2352",0,0,0,0,0,0,0
"2353",67.4278659498235,0,111.557937835323,0,0,0,0
"2354",97.9179469979661,0,103.337506063472,0,0,0,69.4342898765408
"2355",73.2240121893262,0,80.191310187198,0,0,0,0
"2356",0,0,0,0,0,0,0
"2357",79.892050489722,0,106.345669643711,0,0,0,0
"2358",74.8274734518484,0,86.9900395564235,0,0,0,0
"2359",0,0,9.78829447528591,0,0,0,0
"2360",100.052613819835,0,78.4188114367625,0,0,0,0
"2361",0,0,0,0,0,0,0
"2362",0,0,0,0,0,0,0
"2363",93.6241205982414,0,104.364400884834,0,0,0,0
"2364",12.6700659251667,0,17.1473657331617,0,0,0,0
"2365",21.0475491063219,0,16.5494216973125,0,0,0,0
"2366",0,0,0,0,0,0,0
"2367",0,0,0,0,0,0,0
"2368",0,0,0,0,0,0,0
"2369",0,0,4.08034558536256,0,0,0,0
"2370",0,0,0,0,0,0,0
"2371",0,0,0,0,0,0,0
"2372",202.698237956517,0,215.028746097285,0,0,0,0
"2373",126.342423189692,0,90.305145897774,0,0,0,0
"2374",82.8805296661269,70.4133419207282,77.4372605972765,0,0,0,0
"2375",0,0,0,0,0,0,0
"2376",102.664717570883,0,144.04173780345,0,0,0,0
"2377",0,0,0,0,0,0,0
"2378",0,0,0,0,0,0,0
"2379",0,0,0,0,0,0,0
"2380",80.9896089545552,0,105.185314287423,0,0,0,0
"2381",0,0,0,0,0,0,0
"2382",0,0,0,0,0,0,0
"2383",156.382756545971,0,122.215765234435,0,0,0,0
"2384",0,0,0,0,0,0,0
"2385",0,0,0,0,0,0,0
"2386",28.8229237653992,0,0,0,0,0,0
"2387",0,0,0,0,0,0,0
"2388",0,0,0,0,0,0,0
"2389",0,0,0,0,0,0,0
"2390",105.788872252411,0,84.5016071343846,0,0,0,0
"2391",9.80008317321615,0,0,0,0,0,0
"2392",0,0,0,0,0,0,0
"2393",10.3404905253662,0,0,0,0,0,0
"2394",163.53941591217,0,190.310282073322,0,0,199.035839341734,0
"2395",132.865384007144,0,140.039796084486,0,0,0,0
"2396",178.675700423569,0,201.761382494652,0,0,0,0
"2397",0,0,0,0,0,0,0
"2398",0,0,3.25475141335409,0,0,0,0
"2399",0,0,0,0,0,0,0
"2400",15.8197445866577,0,8.78771044894336,0,0,0,0
"2401",0,0,0,0,0,0,0
"2402",0,0,12.4681480574899,0,0,0,0
"2403",0,0,23.0010453469394,0,0,0,0
"2404",0,0,0,0,0,0,0
"2405",0,0,0,0,0,0,0
"2406",27.2624495962938,0,0,0,0,0,0
"2407",0,0,0,0,0,0,0
"2408",0,0,0,0,0,0,0
"2409",95.8242872753286,0,94.7503446763584,0,0,0,0
"2410",0,0,0,0,0,0,0
"2411",109.938077951683,0,92.8288741596353,0,0,0,0
"2412",102.880832343215,0,132.62160165288,0,0,0,0
"2413",96.9757079751701,0,89.9374734347793,0,0,0,0
"2414",0,0,0,0,0,0,0
"2415",28.9453457249834,0,11.1667973560584,0,0,0,0
"2416",121.427673792196,0,123.852763294523,0,0,0,0
"2417",9.03875968078034,0,0,0,0,0,0
"2418",163.411129717369,0,160.231711107024,0,0,0,68.8814500320823
"2419",0,0,0,0,0,0,0
"2420",0,0,0,0,0,0,0
"2421",26.5292062568509,0,14.4996175011783,0,0,0,0
"2422",0,0,10.0625936607043,0,0,0,0
"2423",20.9008589774131,0,17.7422298809003,0,0,0,0
"2424",114.439760018197,0,116.847273577884,0,0,0,0
"2425",0,0,0,0,0,0,0
"2426",0,0,20.5637783439469,0,0,0,0
"2427",124.376593650354,0,117.277722198728,0,0,0,0
"2428",69.407237814306,0,82.5852678220091,0,0,0,0
"2429",101.857747944005,0,98.5862930229452,0,0,0,0
"2430",110.083425879251,0,87.0867424598887,0,0,0,0
"2431",123.165079801716,0,120.790788599349,0,0,0,0
"2432",0,0,0,0,0,0,0
"2433",85.7022320866101,0,113.636260419968,0,0,0,0
"2434",0,0,0,0,0,0,0
"2435",0,0,22.3386353039038,0,0,0,0
"2436",0,0,3.26802755725142,0,0,0,0
"2437",152.2532579563,0,157.725620037391,0,0,0,0
"2438",150.64184620123,0,141.423719036602,0,0,0,0
"2439",98.0078081455438,0,111.122995809262,0,0,0,0
"2440",0,0,0,0,0,0,0
"2441",0,0,0,0,0,0,0
"2442",0,0,0,0,0,0,0
"2443",184.633207989229,0,216.068477636889,0,0,0,0
"2444",0,0,0,0,0,0,0
"2445",118.377554382219,0,118.878689423723,0,0,0,0
"2446",26.2776394331672,0,0,0,0,0,0
"2447",0,0,0,0,0,0,0
"2448",130.089451493031,0,117.779901692654,0,0,0,0
"2449",0,0,0,0,0,0,0
"2450",87.1617412205228,0,111.487756546041,0,0,0,0
"2451",0,0,0,0,0,0,0
"2452",0,0,0,0,0,0,0
"2453",0,0,10.6385129536882,0,0,0,0
"2454",103.890306901583,0,104.776167798771,0,0,0,0
"2455",0,0,3.48886504911723,0,0,0,0
"2456",0,0,15.399729835341,0,0,0,0
"2457",0,0,0,0,0,0,0
"2458",110.709592858693,0,97.3921465068626,0,0,0,0
"2459",76.8115059343027,0,109.610983378051,0,0,0,0
"2460",72.3150076885175,0,84.9513644789907,0,0,0,0
"2461",0,0,0,0,0,0,0
"2462",115.603271385088,0,110.936539814033,0,0,0,0
"2463",0,0,0,0,0,0,0
"2464",145.997017818141,0,107.112610070195,0,0,0,0
"2465",0,0,0,0,0,0,0
"2466",0,0,0,0,0,0,0
"2467",0,0,0,0,0,0,0
"2468",75.972824884024,0,91.5020994428781,0,0,0,0
"2469",0,0,24.5171561038548,0,0,0,0
"2470",71.6668459236101,0,86.0492663429159,0,0,0,0
"2471",0,0,4.12581448252516,0,0,0,0
"2472",83.8673918851807,0,76.7100023339992,0,0,0,0
"2473",0,0,9.93941307125182,0,0,0,0
"2474",86.5755992574176,0,83.5617595286655,0,0,0,0
"2475",0,0,0,0,0,0,0
"2476",0,0,0,0,0,0,0
"2477",0,0,0,0,0,0,0
"2478",0,0,0,0,0,0,0
"2479",0,0,0,0,0,0,0
"2480",94.7280438181613,0,97.1912126438156,0,0,0,0
"2481",5.12886808725309,0,4.883029529356,0,0,0,0
"2482",0,0,0,0,0,0,0
"2483",0,0,0,0,0,0,0
"2484",124.997496336437,0,136.985247228476,0,0,0,0
"2485",0,0,0,0,0,0,0
"2486",31.846887256525,0,25.1025998325286,0,0,0,0
"2487",106.682315772561,0,114.121684812166,0,0,0,0
"2488",57.1438378578651,0,87.3391916188753,0,0,0,0
"2489",65.4063609880202,0,60.2293854814013,0,0,0,0
"2490",181.291058122264,0,186.102811833922,0,0,0,0
"2491",0,0,0,0,0,0,0
"2492",98.6283639782532,0,96.486248636893,0,0,0,0
"2493",77.4888017056318,0,82.4695613309785,0,0,0,0
"2494",0,0,0,0,0,0,0
"2495",16.5114818423288,0,0,0,0,0,0
"2496",154.817492166505,0,165.959885113551,0,0,0,0
"2497",112.134431010634,0,145.639705485007,0,0,0,0
"2498",128.048854461417,0,128.042233582424,0,0,0,0
"2499",0,0,0,0,0,0,0
"2500",4.19473563512647,0,0,0,0,0,0
