"","age1_orange.P","age1_green.P","age2_no_comorbid_orange.P","age2_no_comorbid_green.P","age2_comorbid_green.P","age3_no_comorbid_green.P","age3_comorbid_green.P"
"1",85.0241381723405,0,79.1686769501313,0,0,0,0
"2",8.92201988509715,0,3.77109094593334,0,0,0,0
"3",90.9944374242745,0,118.46277333841,0,0,0,0
"4",39.3743803036591,210.10607783976,91.3487680795844,212.970628858973,136.564253965851,120.229215187887,110.107040896748
"5",0,0,11.8143976292419,0,0,0,0
"6",168.54778059543,0,142.530686236965,0,0,0,0
"7",78.1445038949706,0,73.779114135363,155.976230566597,0,0,0
"8",0,0,0.865298990312756,0,0,0,0
"9",0,0,0.462206981552371,0,0,0,0
"10",0,0,0.65652504901123,0,0,0,0
"11",0,0,4.93887332097351,0,0,0,0
"12",139.138166906121,0,141.152692436255,0,0,0,0
"13",0,0,0.484628190229923,0,0,0,0
"14",0,0,2.30950642622404,0,0,0,0
"15",0,0,1.96777499603366,0,0,0,0
"16",100.262689623079,0,96.653197414292,0,0,0,0
"17",109.786091786268,147.896763563471,107.247746624792,167.742147028244,138.564170912377,143.440459968322,139.263258629098
"18",0,0,1.04188918435628,0,0,0,0
"19",10.7979650722375,0,1.20573972160891,0,0,0,0
"20",107.471221258747,0,112.784452598195,0,0,0,0
"21",0,0,1.61688724404558,0,0,0,0
"22",0,0,1.24172565459564,0,0,0,0
"23",0,0,4.15584161325199,0,0,0,0
"24",96.9131804252137,0,89.0144918510472,0,0,0,0
"25",93.9526229004169,0,110.423808177501,0,0,0,90.9854242868526
"26",94.1405877264808,0,85.4686380445105,87.8864110632287,98.6634134987648,95.5843860014057,0
"27",109.957790699181,0,113.930415883189,0,0,0,0
"28",12.0915935953356,0,0.706955633720237,0,0,0,0
"29",125.201404808039,0,104.320550877828,0,92.8785197992514,0,87.6993702370967
"30",13.4112955817098,0,4.04654504626712,0,0,0,0
"31",112.026955124792,0,114.645845541311,0,0,0,0
"32",2.50366449112544,0,1.41149605865567,0,0,0,0
"33",0,0,3.83154198723534,0,0,0,0
"34",146.89295408195,0,134.442709338997,0,0,0,0
"35",2.82583796970296,0,2.14858758064608,0,0,0,0
"36",0,0,0.357480046092409,0,0,0,0
"37",0,0,4.81482569986032,0,0,0,0
"38",67.2293529369771,120.087896296539,72.2515020671613,132.886075851785,159.704303632773,145.418646550396,173.423936712796
"39",0,0,6.93031183466915,0,0,0,0
"40",140.037709325292,125.059943691617,101.203845467246,141.853965102533,132.279996630309,131.017480234332,134.50558036783
"41",15.4167191967451,0,7.03295308432632,0,0,0,0
"42",0,0,5.83070937002224,0,0,0,0
"43",0,0,10.4899591098535,0,0,0,0
"44",0,0,1.26281855988559,0,0,0,0
"45",101.979573111738,0,85.1341492938491,0,0,0,0
"46",64.1636130763342,0,85.1585872555492,0,0,0,0
"47",71.6391506709377,0,91.1679650313419,0,0,0,0
"48",147.523769775571,0,130.999038267414,0,0,0,0
"49",138.159538589214,0,136.848757649056,0,0,0,0
"50",0,0,0.01211899324447,0,0,0,0
"51",0,0,1.30964717222149,0,0,0,0
"52",0,0,3.80963476730122,0,0,0,0
"53",7.71254310941492,0,1.45941202087288,0,0,0,0
"54",0,0,1.36553807667671,0,0,0,0
"55",0,0,5.61399261797639,0,0,0,0
"56",0,0,1.45636208971644,0,0,0,0
"57",8.53892258410451,0,0.377222985595297,0,0,0,0
"58",110.769327892418,195.160964409951,118.444391706803,205.863198773282,198.597195062166,0,0
"59",0,0,2.64932904383217,0,0,0,0
"60",19.4870935948733,0,2.03780358893524,0,0,0,0
"61",7.23564721455001,0,30.1777323007337,0,0,0,0
"62",113.868953301821,0,103.050007141332,0,0,0,0
"63",95.1196080233698,163.79310449585,101.956733866577,0,157.00902952913,0,0
"64",60.9517801182519,0,77.3907595388683,0,0,0,0
"65",103.579175172909,0,114.698177870628,0,0,0,0
"66",1.96260961305675,0,1.07553544885609,0,0,0,0
"67",0,0,1.77419616828484,0,0,0,0
"68",140.480149890092,169.99569045609,136.065431281599,162.189652618101,0,0,0
"69",0,0,3.78699903720424,0,0,0,0
"70",7.26834611127576,0,2.89107624061393,0,0,0,0
"71",0,0,14.1753428354195,0,0,0,0
"72",79.1741658864075,0,79.0901361020576,0,0,0,0
"73",0,0,4.69539182789769,0,0,0,0
"74",119.783866410992,0,124.515275824975,0,0,0,0
"75",106.04651177834,0,102.958796601882,0,0,0,0
"76",15.2605153048848,0,12.7394199471022,0,0,0,0
"77",95.738384674221,0,84.620655972032,0,0,0,0
"78",129.069350893682,0,124.536356284474,0,0,0,0
"79",12.2592927152359,0,0.689069824917036,0,0,0,0
"80",122.477831236802,0,132.965070495592,0,0,0,0
"81",127.623745018824,60.3901036485977,87.8769827946367,45.0742374084671,0,0,38.022086563252
"82",10.7317734989245,0,3.21894312074645,0,0,0,0
"83",0,0,0.1490549529848,0,0,0,0
"84",0,0,11.5178137250063,0,0,0,0
"85",0,0,0.108984158198549,0,0,0,0
"86",0,0,2.34872360828451,0,0,0,0
"87",168.121880411763,0,144.635672237607,0,0,0,0
"88",97.7435030186763,0,93.7371024351475,0,0,0,0
"89",0,0,3.22850142998236,0,0,0,0
"90",132.556353497642,0,120.77808836426,0,135.819790094616,0,132.700001132687
"91",111.571214112359,0,122.158073882732,0,0,0,0
"92",94.771306892066,0,101.016522803354,218.211801624326,0,0,0
"93",151.480794594327,11.1276280533648,159.139966594943,0,9.41741562922837,0,0
"94",130.317820326969,0,135.830516865877,0,0,0,0
"95",114.332412505166,126.783495986333,107.415620999119,107.636819171792,145.76944457172,133.194953343453,166.358925550844
"96",11.9231349423186,0,1.45353495159803,0,0,0,0
"97",0,0,3.38845798702669,0,0,0,0
"98",76.8630443025079,0,88.597825932403,0,0,0,0
"99",130.320848006205,0,137.038553544622,0,0,0,0
"100",0,0,4.53727663672328,0,0,0,0
"101",0,0,0.208446640124123,0,0,0,0
"102",75.1384426440082,0,84.1025336338019,0,0,0,0
"103",83.2935704975331,0,67.7222027461594,0,0,0,0
"104",0,0,0.234714067062523,0,0,0,0
"105",69.6429688155403,0,67.9672372247096,0,119.73906883502,0,115.924038430913
"106",3.50162447556179,0,5.2116418443606,0,0,0,0
"107",91.9816585950877,0,52.9298651828343,0,51.662586973362,0,0
"108",15.186734340769,0,3.31557837337937,0,0,0,0
"109",0,0,16.3382289328161,0,0,0,0
"110",99.405316936334,0,56.694928683789,0,0,0,0
"111",0,0,0.588264916601776,0,0,0,0
"112",24.043738114856,0,19.1492591115273,0,0,0,0
"113",0,0,1.58174430511229,0,0,0,0
"114",0,0,9.67785272261696,0,0,0,0
"115",160.606760834327,0,164.084427917155,0,0,0,0
"116",94.0813049847068,0,103.215434728229,0,0,0,0
"117",200.942806711078,0,185.238111876549,0,0,0,0
"118",0,0,0.856288311158871,0,0,0,0
"119",97.2392897461679,0,86.5393409862304,0,0,0,0
"120",98.5416603594941,0,103.778392846699,111.38462531276,0,0,0
"121",105.047660770652,0,125.439448683339,0,0,0,0
"122",145.291523839333,0,105.850678948707,0,0,0,0
"123",6.10878648186618,0,3.92296213681778,0,0,0,0
"124",0,0,1.01139723695574,0,0,0,0
"125",106.735772870287,13.81863774868,98.1340133616661,7.87486429229913,136.303381463592,0,129.46637733644
"126",139.137446399706,0,121.423836998716,0,0,0,0
"127",101.170694072909,117.795213187645,99.0826201277227,0,124.826527016308,0,0
"128",0,0,0.733454715668612,0,0,0,0
"129",0,0,1.36768336302923,0,0,0,0
"130",117.697388949107,0,111.587260894375,0,95.9082208958422,0,0
"131",11.5376115764075,0,0.170936433877719,0,0,0,0
"132",0,0,2.84607984690745,0,0,0,0
"133",0,0,0.0560362848477733,0,0,0,0
"134",0,0,0.640818695229015,0,0,0,0
"135",81.4648056548861,0,75.8167886961442,132.900961329104,116.120754565976,0,0
"136",115.536098452867,104.008233934588,112.788217082534,104.780798879561,114.594215824765,103.054321161028,0
"137",144.432989145163,185.635568072048,144.372122473957,186.528828326471,194.126796215657,243.42700990328,200.574946106583
"138",0,0,6.21871969168142,0,0,0,0
"139",3.07467430946374,0,0.117094426198411,0,0,0,0
"140",143.33914658628,0,129.651701119012,0,0,0,0
"141",145.985144619039,147.77926398193,132.382648155026,134.274986149703,146.68686627553,0,0
"142",130.765982636991,0,110.342989089302,0,0,0,0
"143",0,0,0.165041280136044,0,0,0,0
"144",116.190130509153,0,104.842077628572,0,115.837380215848,0,0
"145",0,0,1.460755290776,0,0,0,0
"146",0,0,5.34795171538009,0,0,0,0
"147",0,0,1.54798478869941,0,0,0,0
"148",0,0,0.42084844196689,0,0,0,0
"149",132.865954888608,0,146.385169306145,0,0,0,181.838307365337
"150",96.0983702044208,0,109.9676633803,0,0,0,0
"151",76.1579391926469,0,81.8010126238003,0,0,0,0
"152",131.997150890133,0,141.923342719842,0,0,0,0
"153",56.1078071593209,0,70.1385818080338,0,0,0,0
"154",90.0280054424626,0,81.3231940598052,0,0,0,0
"155",119.296954126642,0,124.952013623285,0,0,0,0
"156",0,0,3.6282669989953,0,0,0,0
"157",98.5014405638068,98.2840919437953,71.1359259694184,0,0,0,0
"158",11.3747780431268,0,0.828194719652383,0,0,0,0
"159",14.2905665464042,0,10.352604310384,0,0,0,0
"160",7.17912427105332,0,21.1302030533033,0,0,0,0
"161",30.600704210873,0,1.3449740694533,0,0,0,0
"162",67.5261203930826,0,84.2151630619318,0,0,0,0
"163",132.982263651879,0,130.130207138686,0,0,0,0
"164",129.058168640027,0,108.957257028375,0,0,0,0
"165",0,0,8.01408906138582,0,0,0,0
"166",88.8375008427498,0,88.2660567465401,0,0,0,0
"167",133.909205220016,52.2221212463137,152.900640295513,39.3672755125701,41.18602944778,41.9269862178705,29.2809908658172
"168",8.52900148774696,0,1.48156121411356,0,0,0,0
"169",112.07268927806,0,102.339774247214,0,0,0,0
"170",3.55467303815236,0,2.40224262116194,0,0,0,0
"171",92.4020177501271,0,99.4566783617312,0,0,0,0
"172",107.81978556461,77.0246095555873,92.7161807276967,170.404990471362,189.072276150831,180.802068227073,74.245187228628
"173",111.612986643621,0,109.84376098192,0,0,0,0
"174",68.8051915057399,0,84.2793295658792,0,0,0,0
"175",119.795293548301,0,142.836843555841,0,0,0,0
"176",0,0,0.881502485441364,0,0,0,0
"177",0,0,0.497133355984019,0,0,0,0
"178",0,0,9.05215167343059,0,0,0,0
"179",91.3193498520465,0,100.189805808993,0,0,0,0
"180",90.3607938220808,0,95.2583378440439,0,0,0,0
"181",93.0696427112136,0,111.9772922731,0,0,0,88.8420977414882
"182",108.476192450006,0,113.003589635573,0,0,0,0
"183",142.226446583434,0,128.992158590844,0,0,0,0
"184",101.999740254935,0,94.4924027176536,73.4271303768796,0,0,0
"185",97.882124944251,0,100.710532661696,0,0,0,0
"186",85.5492176523029,0,87.9938760353276,0,0,0,0
"187",122.821103582359,0,160.812123480918,0,0,0,0
"188",102.863742534566,0,103.395997043929,126.396533969869,0,0,0
"189",114.751723043849,157.67215290134,111.611851901812,0,148.804739421864,0,149.183592145148
"190",160.185129018447,0,191.607062840012,0,0,0,223.189387330324
"191",10.7127345536504,0,1.29131103343612,0,0,0,0
"192",104.737223416944,0,71.6476925491862,0,0,0,0
"193",0,0,1.12042958550752,0,0,0,0
"194",75.6789996195671,0,92.8425522420191,0,0,0,0
"195",0,0,2.25660056315603,0,0,0,0
"196",172.93871093672,185.603994545344,166.857799952181,213.753735626964,205.774468505863,150.662212966367,175.511229554444
"197",0,0,0.862322821950042,0,0,0,0
"198",0,0,2.45810253395507,0,0,0,0
"199",109.143776200876,128.571821913652,103.882358252295,134.074653035604,142.586508297317,0,0
"200",69.8649780977962,111.840115973555,101.013228925257,96.4926158720572,105.157557900179,0,107.18600110429
"201",137.061556863519,0,135.501149700377,0,0,0,0
"202",102.705565917318,0,114.5230531527,0,0,0,0
"203",90.8291539842819,0,81.69529740416,0,0,0,0
"204",107.914431591788,0,81.0385378945837,84.9004863625993,0,0,0
"205",72.0350106089821,0,91.5484573778483,0,0,0,0
"206",80.9536391158078,0,73.3070496431737,0,0,0,0
"207",111.834222772904,0,82.7691346395927,0,0,0,0
"208",0,0,6.21630490972701,0,0,0,0
"209",0,0,7.32147010629143,0,0,0,0
"210",6.56940445318197,0,0.665968996556852,0,0,0,0
"211",144.104365606333,0,137.952995678922,176.549480110425,0,0,0
"212",0,0,0.954855893031661,0,0,0,0
"213",86.8726154248378,0,95.1499410482038,0,0,0,0
"214",86.1749281888799,0,61.3928765039657,0,0,0,0
"215",125.672905327417,0,120.766529830692,82.1281521963591,0,0,0
"216",118.255023153887,0,125.013922523075,0,0,0,0
"217",124.072754183137,0,138.865838179713,0,0,0,0
"218",91.0376849899527,0,108.899374935162,0,0,0,0
"219",0,0,1.18343311470836,0,0,0,0
"220",0,0,0.383575556906477,0,0,0,0
"221",136.34591617048,0,125.355653971777,0,0,0,0
"222",0,0,1.70511889052913,0,0,0,0
"223",12.7029522960487,0,1.69556111799341,0,0,0,0
"224",101.618498825719,96.4544136930962,99.6599913340636,97.1037280677781,0,0,0
"225",85.093029758581,0,95.8938815222372,0,0,0,0
"226",9.79196747072287,0,2.27383626990087,0,0,0,0
"227",102.960643655019,0,97.6808487090258,0,0,0,0
"228",122.29253839735,0,167.127543851083,0,127.120567388836,0,0
"229",0,0,0.804453837959474,0,0,0,0
"230",113.050241110372,212.641554009527,112.695775429938,212.834985893987,210.098253695761,207.220878399656,0
"231",6.42012343792147,0,2.24682546068768,0,0,0,0
"232",90.2488365373465,0,82.7640621400877,0,0,0,0
"233",0,0,1.34001002501321,0,0,0,0
"234",110.573455392447,0,126.244144054044,0,0,0,0
"235",120.567022408899,0,129.561543237727,0,0,0,0
"236",77.4157245124317,92.3926123440879,85.7168801687174,0,0,0,0
"237",0,0,1.29296851906981,0,0,0,0
"238",0,0,8.98332312850315,0,0,0,0
"239",1.31611852745537,0,0.295821987607013,0,0,0,0
"240",68.003003232773,0,78.6053995995225,0,0,0,0
"241",97.5208469841981,0,114.656051287335,0,0,0,0
"242",120.756017302384,0,112.875244335683,117.654325120162,0,0,0
"243",8.39781874001247,0,4.56814182680862,0,0,0,0
"244",0,0,4.59493223085041,0,0,0,0
"245",92.9556068507469,0,97.7306106529056,0,0,0,0
"246",85.3958079481786,0,114.837172519935,0,0,0,100.900140548653
"247",0,0,1.83923145536285,0,0,0,0
"248",0,0,4.7992824439551,0,0,0,0
"249",0,0,0.240613381377702,0,0,0,0
"250",0,0,3.95323746012171,0,0,0,0
"251",101.993990770717,0,59.5044180704669,0,111.100854934187,0,0
"252",0,0,0.863838971829347,0,0,0,0
"253",100.185669364985,0,115.213219390331,0,0,0,0
"254",0,0,2.66672977920326,0,0,0,0
"255",64.4160183650014,0,84.9947117296908,0,0,0,0
"256",94.1787346162104,0,86.7907246977933,0,0,0,0
"257",0,0,1.4752887403133,0,0,0,0
"258",114.160710923625,0,110.327576183623,0,0,0,0
"259",0,0,2.67198258520766,0,0,0,0
"260",0,0,2.23109593040428,0,0,0,0
"261",64.7715590385624,0,74.0784159567676,0,0,0,0
"262",12.5984601833983,0,1.91011427943113,0,0,0,0
"263",0,0,2.6171481724601,0,0,0,0
"264",0,0,3.89940274570043,0,0,0,0
"265",92.1065334006473,0,93.1919556814798,0,0,0,0
"266",104.757434724015,0,106.841652951507,0,0,0,0
"267",100.877279719755,175.115831464907,100.433144795892,154.446691823499,157.78058597997,136.879958993617,0
"268",65.9446497238638,0,107.250579213992,92.6411798951057,0,0,0
"269",0,0,2.85343323175045,0,0,0,0
"270",57.2020307221149,0,78.1554512357342,0,79.6306157171497,0,0
"271",83.9438662744871,0,92.6986426818028,0,0,0,0
"272",0,0,1.58332829054347,0,0,0,0
"273",86.9939199172467,0,127.401044470615,0,0,0,0
"274",0,0,3.69563694153519,0,0,0,0
"275",46.4732032970177,94.5666867448281,70.4073001976399,57.4231214184964,74.7520381013572,92.0966786081098,95.0154675452648
"276",83.4005612292836,0,70.1235981402115,0,0,0,0
"277",0,0,0.993366720879995,0,0,0,0
"278",75.5459091581657,0,74.7400526795271,0,0,0,0
"279",82.7653989893396,175.439631340972,87.138718343886,171.556572886212,179.829729511973,0,176.618684866057
"280",1.14158392291206,0,0.490692394147492,0,0,0,0
"281",123.19332145313,0,133.697586335248,0,0,0,0
"282",0,0,0.291035584192659,0,0,0,0
"283",21.8344987730718,0,2.96159339217296,0,0,0,0
"284",54.7510507702321,0,62.7696125304544,83.979995039477,0,0,0
"285",88.9862048742464,0,128.919935044852,0,0,0,0
"286",0,0,2.04200210489329,0,0,0,0
"287",0,0,0.637995946100817,0,0,0,0
"288",13.8670443190499,0,1.86856707416582,0,0,0,0
"289",112.902068885554,0,113.066924969962,0,0,0,0
"290",178.939923883445,0,176.533164855896,0,0,0,0
"291",21.7205480467782,0,7.63177489153789,0,0,0,0
"292",69.2212816738354,0,93.1571519950806,21.766711292083,0,0,0
"293",0,0,0.713372635058475,0,0,0,0
"294",126.321471842647,0,102.503748567804,0,0,189.724949506564,0
"295",2.05812501809734,0,0.904286290188368,0,0,0,0
"296",0,0,5.75855951622837,0,0,0,0
"297",60.7406898368215,0,68.7753344827627,0,0,0,0
"298",133.042654302125,0,131.095747704176,0,0,0,0
"299",0,0,0.236331743641551,0,0,0,0
"300",0,0,1.61293436276965,0,0,0,0
"301",179.775629785636,0,136.272493115136,0,0,0,0
"302",0,0,0.429380671512651,0,0,0,0
"303",80.9944413108032,0,106.067792207321,0,0,0,0
"304",109.429798675314,0,108.380488673887,0,0,0,0
"305",98.9532572989579,0,99.9899699228779,156.073393904761,0,0,0
"306",0,0,6.62425579086617,0,0,0,0
"307",118.623432489695,0,110.426014834994,0,99.8109005824916,0,98.0088493075625
"308",0,0,0.790604504306556,0,0,0,0
"309",2.1970452689513,0,1.18063266467534,0,0,0,0
"310",75.8358057861029,0,98.0979891838252,99.0677447430079,0,0,0
"311",163.143853216046,0,144.098048495995,0,0,0,0
"312",9.68737797288447,0,21.5692596239199,0,0,0,0
"313",0,0,0.438302025891838,0,0,0,0
"314",0,0,3.53479962703734,0,0,0,0
"315",77.8451433361378,0,73.4196794337464,0,0,0,0
"316",0,0,6.18397761218912,0,0,0,0
"317",0,0,1.25016115833595,0,0,0,0
"318",135.128462462629,0,136.405635091632,0,0,0,0
"319",67.2607263376125,0,72.4356698545559,0,0,0,0
"320",144.445747178665,0,159.361385465738,0,0,0,0
"321",87.3087152668798,0,90.6477054447576,0,0,0,0
"322",26.2298164980939,0,5.50913956004799,0,0,0,0
"323",101.520989345417,138.273346502287,76.0834920651215,0,166.049498758913,0,138.086748337158
"324",78.5240977763258,0,65.0243335604458,0,0,0,0
"325",91.1598191338654,0,103.841556355526,0,0,0,0
"326",0,0,1.42785090235766,0,0,0,0
"327",124.838279368285,0,101.629944833452,0,0,0,0
"328",7.20195229487368,0,3.42055782742987,0,0,0,0
"329",76.3486431200344,0,88.7084170744071,0,0,0,0
"330",0,0,1.04027688774452,0,0,0,0
"331",110.079235075657,0,105.15429648706,0,0,0,0
"332",75.4855283382792,70.0891893233635,77.4558300274948,42.1935504680394,56.2178170226277,48.1194340561462,0
"333",0,0,8.37353944008331,0,0,0,0
"334",35.2450375334952,0,2.82484680182887,0,0,0,0
"335",6.41677456912478,0,1.0496140181187,0,0,0,0
"336",124.005440468888,0,131.446080719012,0,134.906966100168,0,0
"337",0,0,0.251074106208319,0,0,0,0
"338",0,0,2.56074118643053,0,0,0,0
"339",0,0,5.83310491820103,0,0,0,0
"340",86.6234836224526,0,85.5256121694312,0,0,0,0
"341",10.0356950076991,0,6.98201831683563,0,0,0,0
"342",0,0,0.335092665650666,0,0,0,0
"343",101.301588039347,0,111.486138220603,0,0,0,0
"344",94.6838955413412,0,91.5329755327502,0,0,0,0
"345",107.64304624396,0,101.120367679714,0,0,0,0
"346",81.8295952991134,0,102.802356135975,0,0,0,0
"347",16.0297334168498,0,2.29118375973314,0,0,0,0
"348",0,0,3.36197637437913,0,0,0,0
"349",0,0,0.228650103035309,0,0,0,0
"350",84.6186613024383,0,79.3417795461473,0,0,0,0
"351",0,0,15.0199887483538,0,0,0,0
"352",102.988304163856,0,98.4342167416395,0,0,0,0
"353",67.1885474531879,0,111.505030382248,0,0,0,0
"354",0,0,0.751393759326752,0,0,0,0
"355",131.059168370804,150.205726963111,144.354798332938,166.349785002645,166.194822776254,0,155.189836051308
"356",101.485485712487,0,113.119667204598,0,0,0,0
"357",0,0,6.77904849734417,0,0,0,0
"358",0,0,4.59230868172527,0,0,0,0
"359",0,0,0.818725686501051,0,0,0,0
"360",156.989821753453,236.306498116615,173.588099169575,245.744590113273,233.846739921726,101.589465339671,211.209368866134
"361",5.80948503228764,0,0.281720431349219,0,0,0,0
"362",4.98958088631068,0,1.3169880829404,0,0,0,0
"363",96.4695328912411,0,75.6366760722303,0,0,0,0
"364",0,0,1.00214206033127,0,0,0,0
"365",14.8086299879928,0,7.55631717126852,0,0,0,0
"366",0,0,4.08152112438788,0,0,0,0
"367",0,0,4.17986059665307,0,0,0,0
"368",0,0,1.18990392713719,0,0,0,0
"369",99.1428634695293,0,75.9327408110494,0,0,0,0
"370",6.06105214176219,0,2.10447003944405,0,0,0,0
"371",0,0,0.620412797875736,0,0,0,0
"372",78.609755024259,0,109.976006855375,0,0,0,0
"373",86.9922597528176,0,65.4729691813268,0,0,0,0
"374",3.96242727170755,0,0.504479164489335,0,0,0,0
"375",110.008997030416,0,107.480677561084,0,114.099471357935,0,0
"376",0,0,0.474643415725432,0,0,0,0
"377",109.895991166195,0,123.339387789751,0,0,0,0
"378",85.9095448663009,111.320596762446,129.924614862868,108.9542287102,0,0,0
"379",82.1968582288986,0,132.15486928307,0,0,0,0
"380",169.394203340035,0,141.587399323399,0,0,0,0
"381",57.8596857385542,0,77.2779947348296,0,0,0,0
"382",6.88288701096711,0,0.544356754752679,0,0,0,0
"383",0,0,0.0152465693375149,0,0,0,0
"384",9.54841036483991,0,0.165510493940094,0,0,0,0
"385",12.9989362727451,0,4.02595269935604,0,0,0,0
"386",60.5149479525424,0,68.1774849441342,0,0,0,0
"387",94.335054133718,0,93.0861993699807,0,0,0,0
"388",0,0,3.51127330076303,0,0,0,0
"389",111.464703390666,178.586104610996,112.138133733516,158.751837745591,155.377340915237,147.23682422218,163.749900358687
"390",17.2638502677151,0,66.5107061050371,0,0,0,0
"391",78.4850049089276,0,78.1853749975881,0,0,0,0
"392",92.8254612422151,0,103.760429689793,0,0,0,0
"393",104.713230042475,116.324524921433,97.9611870277061,0,0,0,0
"394",0,0,0.990929187204448,0,0,0,0
"395",119.770578394206,0,110.972409406919,134.385041986144,0,0,133.222161134974
"396",84.3377667425271,0,92.7800993572111,0,0,0,0
"397",0,0,0.756331900066511,0,0,0,0
"398",138.24236796007,0,164.005944466608,0,0,0,0
"399",0,0,5.26465623831101,0,0,0,0
"400",112.377457359887,0,110.498999486926,0,0,0,0
"401",67.8104060788681,0,79.2976052213834,0,0,0,0
"402",61.1668572251203,0,65.7075558769085,0,0,65.4860821483855,145.91716909724
"403",101.02755201422,0,110.092813152075,0,0,0,0
"404",12.0454459520174,0,1.67663010544984,0,0,0,0
"405",0,0,2.21125273576322,0,0,0,0
"406",0,0,11.922284970381,0,0,0,0
"407",98.7958176473886,0,117.720486697966,0,0,0,0
"408",10.3020720843632,0,3.20808041617067,0,0,0,0
"409",0,0,1.75631784356887,0,0,0,0
"410",97.2949844783534,0,98.7355516570178,0,0,0,0
"411",78.1358641266245,0,96.0887710680795,0,0,0,0
"412",10.7079505081459,0,8.24745877697784,0,0,0,0
"413",149.507220788774,0,127.191553612961,0,0,0,0
"414",72.1909900946936,0,80.2392340687715,0,0,0,0
"415",0,0,6.60419457949168,0,0,0,0
"416",88.5580139064626,0,113.549900174078,0,0,0,0
"417",17.7200045537777,0,8.55452131029443,0,0,0,0
"418",0,0,1.57388080828771,0,0,0,0
"419",106.399383273112,0,123.091803877743,0,0,0,0
"420",158.717177245703,215.797369375167,157.223146723476,190.450072551358,214.482633823564,238.522427436606,220.722273891117
"421",99.001141288346,0,69.218237061502,0,0,0,0
"422",103.599716949222,0,88.1393873724185,0,0,0,0
"423",90.0531482550915,198.194077823654,68.1078774811711,171.250814920747,205.689828442105,193.782907003151,0
"424",66.6625579348964,0,91.9870276035672,0,0,0,0
"425",0,0,6.98311774138403,0,0,0,0
"426",0,0,0.247869014273816,0,0,0,0
"427",86.067248948092,0,70.6583374535276,0,0,0,0
"428",119.625518044697,0,114.151226355671,0,0,0,0
"429",126.643631008543,0,124.111819917217,0,0,0,0
"430",69.7494536354511,0,69.067555758867,0,0,0,0
"431",10.146237736522,0,3.44887077367563,0,0,0,0
"432",98.8807183769247,0,119.897055085655,0,0,0,0
"433",109.666123935046,0,130.380638194252,0,0,0,0
"434",0,0,7.46934107452583,0,0,0,0
"435",94.6741200560302,124.315531283212,107.935488136423,141.870277218354,144.93587208389,0,0
"436",129.87482704745,0,124.881419743559,0,0,0,0
"437",211.168516963215,0,167.236542954433,0,0,0,0
"438",0,0,3.3019636895921,0,0,0,0
"439",68.0756865650388,0,95.9528556460577,0,0,0,0
"440",0,0,0.0643352256198618,0,0,0,0
"441",146.685408290775,0,161.284130921299,0,0,0,0
"442",0,0,3.18928939897449,0,0,0,0
"443",0,0,2.14263607541246,0,0,0,0
"444",4.60161820895676,0,0.744966009041254,0,0,0,0
"445",0,0,3.02707383865358,0,0,0,0
"446",0,0,1.47067409566582,0,0,0,0
"447",0,0,1.19899241204343,0,0,0,0
"448",51.7789104241853,0,48.2785056818834,0,0,0,0
"449",0,0,1.29381886807167,0,0,0,0
"450",0,0,3.88768561519275,0,0,0,0
"451",138.061504865882,0,133.186626529243,0,0,0,0
"452",0,0,3.31119681852133,0,0,0,0
"453",0,0,1.21479106868078,0,0,0,0
"454",0,0,8.00102495662466,0,0,0,0
"455",105.856684727523,105.256154461315,96.9933197026905,0,0,0,0
"456",0,0,3.45682200750738,0,0,0,0
"457",96.5239188382618,0,110.65003769269,0,0,0,0
"458",121.296736489131,0,116.771469488921,0,0,0,0
"459",83.1725531726589,0,75.3563314160812,0,0,0,0
"460",65.2033605291241,0,83.8365929725543,0,0,0,0
"461",78.8401753010594,0,89.6223660890907,89.6726984181934,0,0,0
"462",0,0,1.21532383019379,0,0,0,0
"463",0,0,6.62899773908956,0,0,0,0
"464",0,0,1.77869949823118,0,0,0,0
"465",0,0,6.15776328336164,0,0,0,0
"466",80.7784269284792,0,72.7011534703956,0,0,0,0
"467",0,0,2.93037600292226,0,0,0,0
"468",17.467166661933,0,0.943249370307389,0,0,0,0
"469",0,0,0.119898754571734,0,0,0,0
"470",83.1558014103875,0,86.3425920837943,0,0,0,0
"471",144.057003582416,214.123622740594,150.630794353259,242.552533456674,217.478476291337,246.851092168054,204.856881489938
"472",98.8522459405542,0,117.97488319024,0,0,0,0
"473",98.6823116886255,114.444906036837,104.420239863932,119.116841696445,124.585314039977,0,104.868846368871
"474",0,0,1.39042189760677,0,0,0,0
"475",8.95439138599808,0,0.63927216506253,0,0,0,0
"476",100.083190153425,0,100.808729978501,0,0,0,0
"477",85.1826268865179,0,99.592334094004,0,0,0,0
"478",72.127128454397,0,57.0171745105315,0,0,0,0
"479",8.23072073493157,0,5.68692167357983,0,0,0,0
"480",76.7052067425436,0,75.6846601876056,0,0,0,131.832146963059
"481",58.0463626867478,0,83.6155223385681,0,0,0,0
"482",0,0,0.391011249897561,0,0,0,0
"483",120.914108814235,0,124.409719194292,0,0,0,0
"484",0,0,0.760506929300941,0,0,0,0
"485",81.6587079385921,0,72.0124400351108,133.580601483249,0,0,0
"486",12.2664064598274,0,3.69400679349008,0,0,0,0
"487",80.8215838830766,0,85.0643768928251,0,0,0,0
"488",116.031422630479,0,104.590408848321,0,0,0,148.727012901607
"489",0,0,1.59210120251962,0,0,0,0
"490",0,0,5.51709500416361,0,0,0,0
"491",96.0274051371038,0,102.433843283886,0,0,0,0
"492",0,0,1.95649500677748,0,0,0,0
"493",166.989694465975,0,167.654514940369,0,0,0,0
"494",0,0,1.39628068532927,0,0,0,0
"495",0,0,1.6512831641983,0,0,0,0
"496",114.130406999589,0,95.2472042028001,0,0,0,0
"497",0,0,16.7105011118271,0,0,0,0
"498",5.22839118103909,0,2.07544815158059,0,0,0,0
"499",113.87460198465,0,143.552671130693,0,0,0,0
"500",136.270750056454,0,136.050795415264,0,99.9797646106282,106.367872414295,0
