"","age1.S","age2_no_comorbid.S","age2_comorbid.S","age3_no_comorbid.S","age3_comorbid.S"
"1",0.491400491400491,8.06794055201699,12.779552715655,27.2727272727273,16.0857908847185
"2",0.491400491400491,3.39702760084926,12.779552715655,18.1818181818182,10.7238605898123
"3",0.491400491400491,6.79405520169851,0,27.2727272727273,26.8096514745308
"4",1.96560196560197,9.34182590233546,3.19488817891374,18.1818181818182,26.8096514745308
"5",0.491400491400491,6.36942675159236,3.19488817891374,9.09090909090909,5.36193029490617
"6",1.96560196560197,12.7388535031847,12.779552715655,36.3636363636364,37.5335120643432
"7",3.43980343980344,6.79405520169851,3.19488817891374,18.1818181818182,21.4477211796247
"8",1.47420147420147,8.9171974522293,0,9.09090909090909,21.4477211796247
"9",1.47420147420147,8.49256900212314,3.19488817891374,18.1818181818182,16.0857908847185
"10",0,3.82165605095541,0,36.3636363636364,21.4477211796247
"11",0.982800982800983,8.49256900212314,6.38977635782748,18.1818181818182,5.36193029490617
"12",1.47420147420147,4.24628450106157,3.19488817891374,18.1818181818182,16.0857908847185
"13",0.491400491400491,5.52016985138004,0,9.09090909090909,16.0857908847185
"14",0.982800982800983,6.79405520169851,6.38977635782748,9.09090909090909,21.4477211796247
"15",3.93120393120393,9.34182590233546,9.58466453674121,9.09090909090909,32.171581769437
"16",2.45700245700246,7.64331210191083,3.19488817891374,18.1818181818182,32.171581769437
"17",0.982800982800983,6.36942675159236,0,9.09090909090909,16.0857908847185
"18",0.982800982800983,7.21868365180467,9.58466453674121,9.09090909090909,32.171581769437
"19",1.47420147420147,6.36942675159236,3.19488817891374,18.1818181818182,5.36193029490617
"20",1.96560196560197,6.36942675159236,6.38977635782748,27.2727272727273,16.0857908847185
"21",0,8.06794055201699,9.58466453674121,27.2727272727273,10.7238605898123
"22",0.982800982800983,7.64331210191083,3.19488817891374,0,16.0857908847185
"23",0.982800982800983,7.21868365180467,19.1693290734824,18.1818181818182,26.8096514745308
"24",1.47420147420147,5.52016985138004,3.19488817891374,9.09090909090909,21.4477211796247
"25",1.47420147420147,6.79405520169851,3.19488817891374,36.3636363636364,16.0857908847185
"26",3.43980343980344,10.6157112526539,9.58466453674121,27.2727272727273,21.4477211796247
"27",100.2457002457,99.3630573248408,99.0415335463259,100,101.876675603217
"28",100.2457002457,99.3630573248408,95.8466453674121,100,96.514745308311
"29",2.45700245700246,5.52016985138004,3.19488817891374,9.09090909090909,16.0857908847185
"30",1.96560196560197,10.1910828025478,9.58466453674121,9.09090909090909,16.0857908847185
"31",0.982800982800983,7.21868365180467,3.19488817891374,18.1818181818182,5.36193029490617
"32",100.2457002457,99.3630573248408,99.0415335463259,100,101.876675603217
"33",0.982800982800983,6.36942675159236,6.38977635782748,0,10.7238605898123
"34",100.2457002457,99.3630573248408,99.0415335463259,100,101.876675603217
"35",100.2457002457,99.3630573248408,99.0415335463259,100,101.876675603217
"36",1.47420147420147,6.36942675159236,6.38977635782748,18.1818181818182,26.8096514745308
"37",100.2457002457,99.3630573248408,99.0415335463259,100,101.876675603217
"38",1.47420147420147,8.06794055201699,6.38977635782748,27.2727272727273,21.4477211796247
"39",2.45700245700246,10.1910828025478,9.58466453674121,0,10.7238605898123
"40",100.2457002457,99.3630573248408,99.0415335463259,100,101.876675603217
"41",0.982800982800983,5.09554140127389,6.38977635782748,9.09090909090909,5.36193029490617
"42",100.2457002457,98.9384288747346,99.0415335463259,100,101.876675603217
"43",100.2457002457,99.3630573248408,99.0415335463259,100,101.876675603217
"44",0.491400491400491,5.09554140127389,0,18.1818181818182,0
"45",0.982800982800983,5.9447983014862,9.58466453674121,9.09090909090909,21.4477211796247
"46",0.982800982800983,6.79405520169851,9.58466453674121,0,5.36193029490617
"47",100.2457002457,99.3630573248408,99.0415335463259,100,101.876675603217
"48",1.96560196560197,9.34182590233546,9.58466453674121,36.3636363636364,26.8096514745308
"49",100.2457002457,99.3630573248408,99.0415335463259,100,101.876675603217
"50",2.45700245700246,5.09554140127389,6.38977635782748,27.2727272727273,21.4477211796247
"51",2.94840294840295,6.36942675159236,9.58466453674121,0,5.36193029490617
"52",1.96560196560197,7.64331210191083,15.9744408945687,54.5454545454545,26.8096514745308
"53",2.45700245700246,5.52016985138004,0,27.2727272727273,5.36193029490617
"54",100.2457002457,99.3630573248408,99.0415335463259,100,101.876675603217
"55",0.491400491400491,5.9447983014862,6.38977635782748,27.2727272727273,10.7238605898123
"56",100.2457002457,99.3630573248408,99.0415335463259,100,101.876675603217
"57",0,7.64331210191083,6.38977635782748,0,26.8096514745308
"58",100.2457002457,99.3630573248408,99.0415335463259,100,101.876675603217
"59",0.982800982800983,7.21868365180467,9.58466453674121,9.09090909090909,16.0857908847185
"60",100.2457002457,99.3630573248408,99.0415335463259,100,101.876675603217
"61",0.491400491400491,2.54777070063694,0,45.4545454545455,10.7238605898123
"62",0.491400491400491,4.24628450106157,0,27.2727272727273,16.0857908847185
"63",1.96560196560197,6.36942675159236,6.38977635782748,18.1818181818182,21.4477211796247
"64",99.7542997542998,98.5138004246285,99.0415335463259,100,101.876675603217
"65",1.96560196560197,5.09554140127389,6.38977635782748,0,16.0857908847185
"66",0.491400491400491,9.34182590233546,6.38977635782748,18.1818181818182,37.5335120643432
"67",100.2457002457,99.3630573248408,99.0415335463259,100,101.876675603217
"68",100.2457002457,99.3630573248408,99.0415335463259,100,101.876675603217
"69",1.47420147420147,5.9447983014862,3.19488817891374,27.2727272727273,32.171581769437
"70",0,10.1910828025478,9.58466453674121,18.1818181818182,26.8096514745308
"71",100.2457002457,99.3630573248408,99.0415335463259,100,101.876675603217
"72",0.982800982800983,4.67091295116773,6.38977635782748,18.1818181818182,10.7238605898123
"73",3.43980343980344,7.21868365180467,12.779552715655,45.4545454545455,10.7238605898123
"74",0.982800982800983,5.9447983014862,6.38977635782748,9.09090909090909,10.7238605898123
"75",1.47420147420147,6.36942675159236,3.19488817891374,27.2727272727273,10.7238605898123
"76",1.47420147420147,5.09554140127389,6.38977635782748,18.1818181818182,0
"77",100.2457002457,99.3630573248408,99.0415335463259,100,101.876675603217
"78",0.982800982800983,6.79405520169851,0,9.09090909090909,32.171581769437
"79",100.2457002457,99.3630573248408,99.0415335463259,100,101.876675603217
"80",1.47420147420147,6.36942675159236,6.38977635782748,45.4545454545455,16.0857908847185
"81",1.47420147420147,4.67091295116773,3.19488817891374,18.1818181818182,10.7238605898123
"82",1.96560196560197,6.79405520169851,0,18.1818181818182,42.8954423592493
"83",1.47420147420147,8.9171974522293,6.38977635782748,36.3636363636364,26.8096514745308
"84",0.982800982800983,4.67091295116773,6.38977635782748,27.2727272727273,16.0857908847185
"85",100.2457002457,99.3630573248408,99.0415335463259,100,96.514745308311
"86",0.982800982800983,2.9723991507431,3.19488817891374,18.1818181818182,16.0857908847185
"87",1.47420147420147,10.6157112526539,6.38977635782748,18.1818181818182,16.0857908847185
"88",2.45700245700246,7.64331210191083,6.38977635782748,18.1818181818182,16.0857908847185
"89",2.94840294840295,5.9447983014862,12.779552715655,27.2727272727273,10.7238605898123
"90",100.2457002457,99.3630573248408,99.0415335463259,100,101.876675603217
"91",1.96560196560197,10.1910828025478,0,18.1818181818182,16.0857908847185
"92",1.96560196560197,11.8895966029724,6.38977635782748,9.09090909090909,16.0857908847185
"93",1.96560196560197,9.34182590233546,6.38977635782748,9.09090909090909,10.7238605898123
"94",2.45700245700246,7.64331210191083,9.58466453674121,27.2727272727273,21.4477211796247
"95",0.491400491400491,10.6157112526539,3.19488817891374,0,16.0857908847185
"96",1.47420147420147,4.67091295116773,3.19488817891374,9.09090909090909,10.7238605898123
"97",0.491400491400491,11.4649681528662,6.38977635782748,18.1818181818182,32.171581769437
"98",1.47420147420147,3.82165605095541,12.779552715655,27.2727272727273,16.0857908847185
"99",1.96560196560197,5.09554140127389,3.19488817891374,27.2727272727273,0
"100",1.47420147420147,8.06794055201699,3.19488817891374,0,26.8096514745308
"101",0.491400491400491,5.52016985138004,9.58466453674121,18.1818181818182,21.4477211796247
"102",1.96560196560197,8.49256900212314,9.58466453674121,18.1818181818182,10.7238605898123
"103",2.45700245700246,6.79405520169851,9.58466453674121,18.1818181818182,21.4477211796247
"104",100.2457002457,99.3630573248408,99.0415335463259,100,101.876675603217
"105",0,5.9447983014862,3.19488817891374,0,21.4477211796247
"106",0.982800982800983,6.36942675159236,3.19488817891374,18.1818181818182,16.0857908847185
"107",0.491400491400491,8.9171974522293,6.38977635782748,9.09090909090909,0
"108",2.94840294840295,8.49256900212314,3.19488817891374,18.1818181818182,21.4477211796247
"109",2.45700245700246,4.67091295116773,9.58466453674121,18.1818181818182,5.36193029490617
"110",100.2457002457,99.3630573248408,99.0415335463259,100,101.876675603217
"111",0.982800982800983,8.49256900212314,15.9744408945687,27.2727272727273,16.0857908847185
"112",0.982800982800983,11.0403397027601,12.779552715655,45.4545454545455,21.4477211796247
"113",0.982800982800983,5.52016985138004,6.38977635782748,27.2727272727273,32.171581769437
"114",1.47420147420147,5.09554140127389,6.38977635782748,27.2727272727273,5.36193029490617
"115",0.982800982800983,6.79405520169851,9.58466453674121,0,32.171581769437
"116",2.94840294840295,7.64331210191083,6.38977635782748,0,5.36193029490617
"117",1.47420147420147,6.79405520169851,9.58466453674121,27.2727272727273,26.8096514745308
"118",0.982800982800983,5.9447983014862,9.58466453674121,18.1818181818182,5.36193029490617
"119",0.491400491400491,6.36942675159236,9.58466453674121,9.09090909090909,26.8096514745308
"120",0.491400491400491,7.64331210191083,6.38977635782748,18.1818181818182,16.0857908847185
"121",1.47420147420147,6.79405520169851,6.38977635782748,18.1818181818182,10.7238605898123
"122",0.491400491400491,4.24628450106157,6.38977635782748,9.09090909090909,21.4477211796247
"123",0.982800982800983,10.6157112526539,3.19488817891374,27.2727272727273,21.4477211796247
"124",0.982800982800983,9.34182590233546,12.779552715655,9.09090909090909,5.36193029490617
"125",0,9.34182590233546,0,18.1818181818182,16.0857908847185
"126",100.2457002457,99.3630573248408,99.0415335463259,100,101.876675603217
"127",100.2457002457,98.9384288747346,99.0415335463259,100,101.876675603217
"128",100.2457002457,99.3630573248408,99.0415335463259,100,101.876675603217
"129",1.47420147420147,11.4649681528662,12.779552715655,0,21.4477211796247
"130",1.47420147420147,8.9171974522293,15.9744408945687,9.09090909090909,32.171581769437
"131",100.2457002457,99.3630573248408,99.0415335463259,100,101.876675603217
"132",0.982800982800983,7.21868365180467,6.38977635782748,27.2727272727273,5.36193029490617
"133",0.491400491400491,3.82165605095541,3.19488817891374,18.1818181818182,0
"134",3.43980343980344,10.1910828025478,3.19488817891374,36.3636363636364,10.7238605898123
"135",0.491400491400491,4.24628450106157,3.19488817891374,27.2727272727273,26.8096514745308
"136",1.47420147420147,7.21868365180467,3.19488817891374,18.1818181818182,10.7238605898123
"137",99.2628992628993,99.3630573248408,99.0415335463259,100,101.876675603217
"138",0,5.09554140127389,3.19488817891374,0,21.4477211796247
"139",1.96560196560197,4.24628450106157,6.38977635782748,18.1818181818182,5.36193029490617
"140",0.982800982800983,7.21868365180467,0,18.1818181818182,10.7238605898123
"141",0.491400491400491,7.21868365180467,12.779552715655,27.2727272727273,37.5335120643432
"142",1.96560196560197,7.64331210191083,6.38977635782748,9.09090909090909,32.171581769437
"143",1.47420147420147,2.9723991507431,9.58466453674121,9.09090909090909,21.4477211796247
"144",1.47420147420147,7.64331210191083,6.38977635782748,9.09090909090909,16.0857908847185
"145",0,6.36942675159236,0,27.2727272727273,42.8954423592493
"146",100.2457002457,98.9384288747346,99.0415335463259,100,101.876675603217
"147",1.47420147420147,11.0403397027601,6.38977635782748,18.1818181818182,16.0857908847185
"148",0.491400491400491,6.79405520169851,6.38977635782748,18.1818181818182,21.4477211796247
"149",0.982800982800983,8.06794055201699,12.779552715655,36.3636363636364,10.7238605898123
"150",1.47420147420147,12.7388535031847,3.19488817891374,9.09090909090909,32.171581769437
"151",100.2457002457,99.3630573248408,99.0415335463259,100,101.876675603217
"152",1.47420147420147,5.52016985138004,6.38977635782748,0,21.4477211796247
"153",1.96560196560197,11.4649681528662,0,45.4545454545455,32.171581769437
"154",1.47420147420147,6.36942675159236,6.38977635782748,27.2727272727273,21.4477211796247
"155",0.982800982800983,8.49256900212314,6.38977635782748,18.1818181818182,16.0857908847185
"156",0.491400491400491,7.21868365180467,0,27.2727272727273,10.7238605898123
"157",100.2457002457,99.3630573248408,99.0415335463259,100,101.876675603217
"158",1.47420147420147,9.34182590233546,3.19488817891374,18.1818181818182,21.4477211796247
"159",1.96560196560197,8.9171974522293,3.19488817891374,18.1818181818182,16.0857908847185
"160",1.96560196560197,6.36942675159236,9.58466453674121,9.09090909090909,37.5335120643432
"161",0.491400491400491,5.09554140127389,6.38977635782748,9.09090909090909,10.7238605898123
"162",1.96560196560197,7.64331210191083,0,0,26.8096514745308
"163",1.47420147420147,8.9171974522293,6.38977635782748,0,26.8096514745308
"164",3.93120393120393,12.7388535031847,9.58466453674121,18.1818181818182,32.171581769437
"165",1.96560196560197,6.36942675159236,0,9.09090909090909,10.7238605898123
"166",100.2457002457,99.3630573248408,99.0415335463259,100,101.876675603217
"167",0.982800982800983,5.9447983014862,3.19488817891374,36.3636363636364,16.0857908847185
"168",100.2457002457,99.3630573248408,99.0415335463259,100,101.876675603217
"169",2.45700245700246,5.52016985138004,3.19488817891374,9.09090909090909,21.4477211796247
"170",0.491400491400491,8.49256900212314,6.38977635782748,9.09090909090909,26.8096514745308
"171",0.982800982800983,5.09554140127389,6.38977635782748,27.2727272727273,21.4477211796247
"172",0,6.36942675159236,3.19488817891374,0,26.8096514745308
"173",1.47420147420147,7.21868365180467,12.779552715655,36.3636363636364,16.0857908847185
"174",2.45700245700246,6.79405520169851,12.779552715655,27.2727272727273,16.0857908847185
"175",1.47420147420147,6.36942675159236,3.19488817891374,18.1818181818182,16.0857908847185
"176",1.47420147420147,11.0403397027601,9.58466453674121,27.2727272727273,16.0857908847185
"177",0.982800982800983,11.8895966029724,3.19488817891374,0,21.4477211796247
"178",0.982800982800983,7.64331210191083,6.38977635782748,18.1818181818182,21.4477211796247
"179",0.982800982800983,9.34182590233546,3.19488817891374,0,10.7238605898123
"180",0,5.9447983014862,6.38977635782748,9.09090909090909,16.0857908847185
"181",0.982800982800983,6.36942675159236,3.19488817891374,27.2727272727273,26.8096514745308
"182",1.96560196560197,8.9171974522293,12.779552715655,18.1818181818182,21.4477211796247
"183",100.2457002457,99.3630573248408,99.0415335463259,100,101.876675603217
"184",0,9.76645435244161,9.58466453674121,27.2727272727273,10.7238605898123
"185",0.491400491400491,3.82165605095541,3.19488817891374,27.2727272727273,5.36193029490617
"186",1.47420147420147,8.49256900212314,6.38977635782748,18.1818181818182,16.0857908847185
"187",0.982800982800983,6.36942675159236,12.779552715655,9.09090909090909,21.4477211796247
"188",2.45700245700246,7.21868365180467,6.38977635782748,27.2727272727273,26.8096514745308
"189",2.94840294840295,8.9171974522293,3.19488817891374,0,5.36193029490617
"190",0,8.06794055201699,9.58466453674121,27.2727272727273,21.4477211796247
"191",100.2457002457,99.3630573248408,99.0415335463259,100,101.876675603217
"192",1.96560196560197,4.67091295116773,3.19488817891374,36.3636363636364,16.0857908847185
"193",0.491400491400491,4.67091295116773,15.9744408945687,9.09090909090909,16.0857908847185
"194",0.491400491400491,7.21868365180467,0,18.1818181818182,16.0857908847185
"195",1.47420147420147,13.1634819532909,9.58466453674121,18.1818181818182,26.8096514745308
"196",100.2457002457,99.3630573248408,99.0415335463259,100,101.876675603217
"197",1.47420147420147,9.34182590233546,0,9.09090909090909,16.0857908847185
"198",1.47420147420147,7.21868365180467,6.38977635782748,9.09090909090909,21.4477211796247
"199",1.96560196560197,11.8895966029724,6.38977635782748,27.2727272727273,42.8954423592493
"200",100.2457002457,99.3630573248408,99.0415335463259,100,101.876675603217
"201",2.45700245700246,7.64331210191083,3.19488817891374,27.2727272727273,16.0857908847185
"202",2.45700245700246,11.4649681528662,6.38977635782748,18.1818181818182,16.0857908847185
"203",99.7542997542998,99.3630573248408,99.0415335463259,100,101.876675603217
"204",0.982800982800983,6.79405520169851,12.779552715655,18.1818181818182,37.5335120643432
"205",0.491400491400491,7.64331210191083,6.38977635782748,27.2727272727273,10.7238605898123
"206",1.96560196560197,6.79405520169851,9.58466453674121,9.09090909090909,21.4477211796247
"207",1.47420147420147,8.06794055201699,12.779552715655,9.09090909090909,37.5335120643432
"208",0.491400491400491,7.21868365180467,12.779552715655,9.09090909090909,16.0857908847185
"209",1.96560196560197,6.36942675159236,0,9.09090909090909,16.0857908847185
"210",0.982800982800983,8.06794055201699,6.38977635782748,27.2727272727273,10.7238605898123
"211",1.47420147420147,6.36942675159236,9.58466453674121,18.1818181818182,16.0857908847185
"212",2.45700245700246,8.06794055201699,3.19488817891374,27.2727272727273,16.0857908847185
"213",1.96560196560197,8.06794055201699,9.58466453674121,18.1818181818182,5.36193029490617
"214",0.491400491400491,4.24628450106157,0,36.3636363636364,16.0857908847185
"215",0.982800982800983,7.64331210191083,3.19488817891374,18.1818181818182,16.0857908847185
"216",0.982800982800983,3.82165605095541,6.38977635782748,18.1818181818182,16.0857908847185
"217",0.982800982800983,5.9447983014862,0,18.1818181818182,32.171581769437
"218",2.94840294840295,8.06794055201699,9.58466453674121,18.1818181818182,5.36193029490617
"219",2.45700245700246,10.1910828025478,3.19488817891374,36.3636363636364,21.4477211796247
"220",1.96560196560197,8.06794055201699,6.38977635782748,27.2727272727273,10.7238605898123
"221",100.2457002457,99.3630573248408,99.0415335463259,100,101.876675603217
"222",0.491400491400491,7.21868365180467,9.58466453674121,9.09090909090909,16.0857908847185
"223",0.982800982800983,11.8895966029724,9.58466453674121,27.2727272727273,21.4477211796247
"224",0.491400491400491,9.34182590233546,12.779552715655,9.09090909090909,21.4477211796247
"225",0,6.79405520169851,6.38977635782748,9.09090909090909,10.7238605898123
"226",1.96560196560197,8.9171974522293,6.38977635782748,9.09090909090909,32.171581769437
"227",1.47420147420147,8.49256900212314,6.38977635782748,36.3636363636364,5.36193029490617
"228",0.491400491400491,6.79405520169851,6.38977635782748,36.3636363636364,21.4477211796247
"229",0.491400491400491,6.36942675159236,12.779552715655,27.2727272727273,10.7238605898123
"230",0.982800982800983,7.64331210191083,3.19488817891374,18.1818181818182,21.4477211796247
"231",2.45700245700246,7.21868365180467,15.9744408945687,36.3636363636364,26.8096514745308
"232",0.982800982800983,5.52016985138004,9.58466453674121,0,0
"233",100.2457002457,99.3630573248408,99.0415335463259,100,101.876675603217
"234",99.2628992628993,99.3630573248408,99.0415335463259,100,101.876675603217
"235",0.982800982800983,8.49256900212314,9.58466453674121,9.09090909090909,16.0857908847185
"236",100.2457002457,99.3630573248408,99.0415335463259,100,101.876675603217
"237",0,6.36942675159236,3.19488817891374,9.09090909090909,21.4477211796247
"238",100.2457002457,99.3630573248408,99.0415335463259,100,101.876675603217
"239",1.96560196560197,4.67091295116773,9.58466453674121,27.2727272727273,21.4477211796247
"240",0.982800982800983,6.79405520169851,12.779552715655,9.09090909090909,21.4477211796247
"241",100.2457002457,99.3630573248408,99.0415335463259,100,101.876675603217
"242",0.982800982800983,9.76645435244161,6.38977635782748,18.1818181818182,26.8096514745308
"243",100.2457002457,99.3630573248408,99.0415335463259,100,101.876675603217
"244",1.47420147420147,9.76645435244161,3.19488817891374,45.4545454545455,21.4477211796247
"245",1.47420147420147,7.64331210191083,6.38977635782748,36.3636363636364,16.0857908847185
"246",99.7542997542998,99.3630573248408,99.0415335463259,100,101.876675603217
"247",2.45700245700246,6.36942675159236,6.38977635782748,36.3636363636364,16.0857908847185
"248",2.45700245700246,7.21868365180467,6.38977635782748,9.09090909090909,26.8096514745308
"249",0.491400491400491,6.36942675159236,6.38977635782748,27.2727272727273,32.171581769437
"250",0.982800982800983,8.06794055201699,9.58466453674121,9.09090909090909,21.4477211796247
"251",0.491400491400491,5.52016985138004,6.38977635782748,18.1818181818182,21.4477211796247
"252",1.96560196560197,8.49256900212314,12.779552715655,36.3636363636364,5.36193029490617
"253",0.982800982800983,7.21868365180467,0,18.1818181818182,21.4477211796247
"254",1.96560196560197,7.21868365180467,3.19488817891374,18.1818181818182,16.0857908847185
"255",0,8.9171974522293,3.19488817891374,9.09090909090909,0
"256",2.94840294840295,5.09554140127389,0,9.09090909090909,10.7238605898123
"257",0,8.06794055201699,6.38977635782748,9.09090909090909,10.7238605898123
"258",100.2457002457,99.3630573248408,99.0415335463259,100,101.876675603217
"259",0.982800982800983,5.52016985138004,6.38977635782748,9.09090909090909,16.0857908847185
"260",0,10.1910828025478,12.779552715655,9.09090909090909,5.36193029490617
"261",0.491400491400491,6.79405520169851,9.58466453674121,18.1818181818182,10.7238605898123
"262",1.47420147420147,7.21868365180467,3.19488817891374,18.1818181818182,16.0857908847185
"263",100.2457002457,99.3630573248408,99.0415335463259,100,101.876675603217
"264",100.2457002457,99.3630573248408,99.0415335463259,100,101.876675603217
"265",0.491400491400491,7.64331210191083,9.58466453674121,18.1818181818182,21.4477211796247
"266",0.982800982800983,9.76645435244161,9.58466453674121,9.09090909090909,5.36193029490617
"267",1.47420147420147,7.64331210191083,9.58466453674121,36.3636363636364,37.5335120643432
"268",1.96560196560197,7.64331210191083,12.779552715655,36.3636363636364,10.7238605898123
"269",0.982800982800983,8.06794055201699,9.58466453674121,27.2727272727273,32.171581769437
"270",1.96560196560197,8.9171974522293,9.58466453674121,0,10.7238605898123
"271",1.96560196560197,7.21868365180467,6.38977635782748,18.1818181818182,32.171581769437
"272",2.45700245700246,10.1910828025478,9.58466453674121,9.09090909090909,21.4477211796247
"273",1.47420147420147,6.79405520169851,6.38977635782748,36.3636363636364,32.171581769437
"274",0.982800982800983,7.21868365180467,9.58466453674121,9.09090909090909,32.171581769437
"275",1.96560196560197,5.9447983014862,6.38977635782748,18.1818181818182,16.0857908847185
"276",1.47420147420147,8.49256900212314,9.58466453674121,18.1818181818182,21.4477211796247
"277",1.96560196560197,8.9171974522293,3.19488817891374,54.5454545454545,21.4477211796247
"278",2.94840294840295,12.3142250530786,9.58466453674121,18.1818181818182,32.171581769437
"279",0.491400491400491,5.9447983014862,6.38977635782748,9.09090909090909,32.171581769437
"280",100.2457002457,99.3630573248408,99.0415335463259,100,101.876675603217
"281",0.491400491400491,8.06794055201699,6.38977635782748,45.4545454545455,32.171581769437
"282",100.2457002457,98.9384288747346,99.0415335463259,100,96.514745308311
"283",0.491400491400491,8.49256900212314,0,0,5.36193029490617
"284",100.2457002457,98.9384288747346,99.0415335463259,100,101.876675603217
"285",100.2457002457,99.3630573248408,99.0415335463259,100,101.876675603217
"286",100.2457002457,99.3630573248408,99.0415335463259,100,101.876675603217
"287",0,10.1910828025478,3.19488817891374,9.09090909090909,16.0857908847185
"288",0.982800982800983,7.64331210191083,12.779552715655,18.1818181818182,5.36193029490617
"289",1.47420147420147,4.24628450106157,9.58466453674121,18.1818181818182,16.0857908847185
"290",2.45700245700246,9.76645435244161,6.38977635782748,27.2727272727273,16.0857908847185
"291",2.45700245700246,8.06794055201699,6.38977635782748,18.1818181818182,37.5335120643432
"292",1.47420147420147,8.9171974522293,9.58466453674121,9.09090909090909,10.7238605898123
"293",0.491400491400491,4.24628450106157,9.58466453674121,9.09090909090909,21.4477211796247
"294",0.491400491400491,5.52016985138004,0,18.1818181818182,5.36193029490617
"295",0,8.06794055201699,6.38977635782748,9.09090909090909,5.36193029490617
"296",100.2457002457,99.3630573248408,99.0415335463259,100,101.876675603217
"297",2.45700245700246,6.36942675159236,12.779552715655,18.1818181818182,26.8096514745308
"298",1.96560196560197,3.82165605095541,0,9.09090909090909,26.8096514745308
"299",0.982800982800983,7.21868365180467,15.9744408945687,27.2727272727273,26.8096514745308
"300",0.982800982800983,4.67091295116773,3.19488817891374,45.4545454545455,16.0857908847185
"301",0.491400491400491,7.64331210191083,9.58466453674121,18.1818181818182,16.0857908847185
"302",1.47420147420147,6.79405520169851,3.19488817891374,0,21.4477211796247
"303",0.491400491400491,6.79405520169851,15.9744408945687,18.1818181818182,26.8096514745308
"304",0.491400491400491,5.9447983014862,6.38977635782748,9.09090909090909,10.7238605898123
"305",2.94840294840295,10.1910828025478,9.58466453674121,27.2727272727273,26.8096514745308
"306",0.491400491400491,4.67091295116773,3.19488817891374,0,16.0857908847185
"307",0.982800982800983,6.79405520169851,3.19488817891374,45.4545454545455,32.171581769437
"308",100.2457002457,99.3630573248408,99.0415335463259,100,101.876675603217
"309",0.491400491400491,5.52016985138004,9.58466453674121,18.1818181818182,21.4477211796247
"310",100.2457002457,99.3630573248408,99.0415335463259,100,101.876675603217
"311",0.491400491400491,7.64331210191083,9.58466453674121,0,16.0857908847185
"312",1.47420147420147,6.36942675159236,6.38977635782748,9.09090909090909,10.7238605898123
"313",0.982800982800983,5.09554140127389,3.19488817891374,45.4545454545455,21.4477211796247
"314",1.47420147420147,5.52016985138004,15.9744408945687,18.1818181818182,32.171581769437
"315",1.47420147420147,9.76645435244161,12.779552715655,0,21.4477211796247
"316",0.982800982800983,3.39702760084926,6.38977635782748,0,21.4477211796247
"317",99.7542997542998,99.3630573248408,99.0415335463259,100,101.876675603217
"318",0,4.67091295116773,12.779552715655,18.1818181818182,26.8096514745308
"319",2.94840294840295,8.06794055201699,12.779552715655,9.09090909090909,16.0857908847185
"320",0,5.9447983014862,12.779552715655,18.1818181818182,5.36193029490617
"321",2.45700245700246,4.67091295116773,3.19488817891374,27.2727272727273,32.171581769437
"322",1.96560196560197,9.76645435244161,9.58466453674121,27.2727272727273,21.4477211796247
"323",0.491400491400491,2.12314225053079,6.38977635782748,0,10.7238605898123
"324",2.45700245700246,5.52016985138004,6.38977635782748,18.1818181818182,16.0857908847185
"325",2.94840294840295,8.06794055201699,15.9744408945687,27.2727272727273,21.4477211796247
"326",1.47420147420147,5.9447983014862,3.19488817891374,9.09090909090909,16.0857908847185
"327",0.491400491400491,3.39702760084926,3.19488817891374,18.1818181818182,16.0857908847185
"328",0.982800982800983,4.67091295116773,6.38977635782748,18.1818181818182,10.7238605898123
"329",0,7.21868365180467,9.58466453674121,27.2727272727273,21.4477211796247
"330",0,4.24628450106157,6.38977635782748,9.09090909090909,21.4477211796247
"331",0.982800982800983,9.34182590233546,3.19488817891374,9.09090909090909,48.2573726541555
"332",0.982800982800983,5.52016985138004,3.19488817891374,9.09090909090909,16.0857908847185
"333",1.47420147420147,6.36942675159236,3.19488817891374,36.3636363636364,16.0857908847185
"334",1.96560196560197,7.64331210191083,6.38977635782748,18.1818181818182,10.7238605898123
"335",1.47420147420147,6.79405520169851,15.9744408945687,18.1818181818182,26.8096514745308
"336",0.491400491400491,6.79405520169851,6.38977635782748,18.1818181818182,5.36193029490617
"337",0,4.67091295116773,3.19488817891374,9.09090909090909,16.0857908847185
"338",99.2628992628993,99.3630573248408,99.0415335463259,100,101.876675603217
"339",0,5.09554140127389,9.58466453674121,9.09090909090909,10.7238605898123
"340",0.491400491400491,7.21868365180467,15.9744408945687,9.09090909090909,0
"341",1.47420147420147,7.21868365180467,9.58466453674121,9.09090909090909,21.4477211796247
"342",0.982800982800983,8.49256900212314,9.58466453674121,0,10.7238605898123
"343",0.982800982800983,7.64331210191083,3.19488817891374,27.2727272727273,5.36193029490617
"344",0.982800982800983,8.9171974522293,6.38977635782748,9.09090909090909,26.8096514745308
"345",2.45700245700246,7.64331210191083,3.19488817891374,0,21.4477211796247
"346",0.491400491400491,3.39702760084926,6.38977635782748,9.09090909090909,16.0857908847185
"347",0.982800982800983,4.24628450106157,6.38977635782748,27.2727272727273,5.36193029490617
"348",0.491400491400491,10.1910828025478,9.58466453674121,18.1818181818182,10.7238605898123
"349",0.491400491400491,6.79405520169851,12.779552715655,9.09090909090909,26.8096514745308
"350",1.47420147420147,5.52016985138004,6.38977635782748,9.09090909090909,21.4477211796247
"351",2.94840294840295,9.34182590233546,12.779552715655,0,16.0857908847185
"352",0.491400491400491,8.06794055201699,3.19488817891374,9.09090909090909,26.8096514745308
"353",1.47420147420147,7.21868365180467,12.779552715655,18.1818181818182,16.0857908847185
"354",1.47420147420147,10.6157112526539,0,36.3636363636364,16.0857908847185
"355",1.47420147420147,5.9447983014862,6.38977635782748,27.2727272727273,10.7238605898123
"356",100.2457002457,99.3630573248408,99.0415335463259,100,101.876675603217
"357",1.96560196560197,5.9447983014862,12.779552715655,18.1818181818182,26.8096514745308
"358",0.982800982800983,8.06794055201699,0,9.09090909090909,10.7238605898123
"359",100.2457002457,99.3630573248408,99.0415335463259,100,101.876675603217
"360",0,5.9447983014862,6.38977635782748,0,10.7238605898123
"361",1.47420147420147,8.49256900212314,3.19488817891374,18.1818181818182,16.0857908847185
"362",2.45700245700246,11.4649681528662,19.1693290734824,18.1818181818182,16.0857908847185
"363",100.2457002457,99.3630573248408,99.0415335463259,100,101.876675603217
"364",2.45700245700246,9.34182590233546,3.19488817891374,27.2727272727273,16.0857908847185
"365",0.491400491400491,5.9447983014862,6.38977635782748,18.1818181818182,16.0857908847185
"366",1.96560196560197,5.9447983014862,9.58466453674121,9.09090909090909,5.36193029490617
"367",1.47420147420147,6.79405520169851,15.9744408945687,0,10.7238605898123
"368",0.982800982800983,6.79405520169851,9.58466453674121,27.2727272727273,5.36193029490617
"369",100.2457002457,99.3630573248408,99.0415335463259,100,101.876675603217
"370",2.45700245700246,10.1910828025478,3.19488817891374,36.3636363636364,10.7238605898123
"371",0.491400491400491,5.09554140127389,0,27.2727272727273,16.0857908847185
"372",0.982800982800983,8.49256900212314,3.19488817891374,9.09090909090909,26.8096514745308
"373",0.491400491400491,7.21868365180467,6.38977635782748,9.09090909090909,10.7238605898123
"374",100.2457002457,99.3630573248408,99.0415335463259,100,101.876675603217
"375",0.982800982800983,6.36942675159236,3.19488817891374,9.09090909090909,16.0857908847185
"376",1.47420147420147,7.64331210191083,15.9744408945687,9.09090909090909,37.5335120643432
"377",0,8.49256900212314,3.19488817891374,18.1818181818182,16.0857908847185
"378",0.491400491400491,8.49256900212314,6.38977635782748,0,10.7238605898123
"379",2.94840294840295,7.64331210191083,0,9.09090909090909,16.0857908847185
"380",0.491400491400491,11.0403397027601,9.58466453674121,18.1818181818182,21.4477211796247
"381",1.47420147420147,6.79405520169851,12.779552715655,36.3636363636364,26.8096514745308
"382",100.2457002457,99.3630573248408,99.0415335463259,100,101.876675603217
"383",100.2457002457,99.3630573248408,99.0415335463259,100,101.876675603217
"384",0.491400491400491,6.79405520169851,9.58466453674121,18.1818181818182,10.7238605898123
"385",0.491400491400491,3.39702760084926,3.19488817891374,0,32.171581769437
"386",1.47420147420147,8.9171974522293,9.58466453674121,45.4545454545455,16.0857908847185
"387",1.47420147420147,6.36942675159236,6.38977635782748,27.2727272727273,10.7238605898123
"388",100.2457002457,99.3630573248408,99.0415335463259,100,101.876675603217
"389",0.982800982800983,8.49256900212314,12.779552715655,27.2727272727273,16.0857908847185
"390",99.7542997542998,99.3630573248408,99.0415335463259,100,101.876675603217
"391",2.94840294840295,7.21868365180467,6.38977635782748,27.2727272727273,48.2573726541555
"392",100.2457002457,99.3630573248408,99.0415335463259,100,101.876675603217
"393",1.96560196560197,8.06794055201699,6.38977635782748,9.09090909090909,16.0857908847185
"394",2.45700245700246,8.49256900212314,9.58466453674121,18.1818181818182,26.8096514745308
"395",0,5.52016985138004,9.58466453674121,18.1818181818182,26.8096514745308
"396",100.2457002457,99.3630573248408,99.0415335463259,100,101.876675603217
"397",0,6.36942675159236,6.38977635782748,45.4545454545455,21.4477211796247
"398",0.982800982800983,7.64331210191083,6.38977635782748,18.1818181818182,21.4477211796247
"399",0,5.09554140127389,6.38977635782748,0,26.8096514745308
"400",0.982800982800983,3.82165605095541,3.19488817891374,27.2727272727273,10.7238605898123
"401",4.42260442260442,10.1910828025478,12.779552715655,9.09090909090909,37.5335120643432
"402",0.491400491400491,5.52016985138004,9.58466453674121,18.1818181818182,5.36193029490617
"403",99.2628992628993,99.3630573248408,99.0415335463259,100,101.876675603217
"404",1.96560196560197,5.9447983014862,3.19488817891374,9.09090909090909,26.8096514745308
"405",100.2457002457,99.3630573248408,99.0415335463259,100,101.876675603217
"406",2.45700245700246,8.06794055201699,6.38977635782748,9.09090909090909,37.5335120643432
"407",100.2457002457,99.3630573248408,99.0415335463259,100,101.876675603217
"408",1.47420147420147,8.06794055201699,6.38977635782748,9.09090909090909,10.7238605898123
"409",1.96560196560197,6.79405520169851,6.38977635782748,36.3636363636364,16.0857908847185
"410",100.2457002457,99.3630573248408,99.0415335463259,100,101.876675603217
"411",1.47420147420147,6.79405520169851,0,9.09090909090909,16.0857908847185
"412",0.491400491400491,8.9171974522293,3.19488817891374,18.1818181818182,21.4477211796247
"413",100.2457002457,99.3630573248408,99.0415335463259,100,101.876675603217
"414",100.2457002457,99.3630573248408,99.0415335463259,100,101.876675603217
"415",0.982800982800983,5.9447983014862,9.58466453674121,18.1818181818182,5.36193029490617
"416",0.982800982800983,4.67091295116773,12.779552715655,9.09090909090909,10.7238605898123
"417",1.96560196560197,7.64331210191083,15.9744408945687,27.2727272727273,16.0857908847185
"418",0.491400491400491,7.21868365180467,6.38977635782748,18.1818181818182,32.171581769437
"419",0,12.3142250530786,12.779552715655,9.09090909090909,10.7238605898123
"420",1.47420147420147,4.24628450106157,15.9744408945687,0,16.0857908847185
"421",99.7542997542998,99.3630573248408,99.0415335463259,100,101.876675603217
"422",1.47420147420147,9.76645435244161,12.779552715655,45.4545454545455,32.171581769437
"423",100.2457002457,99.3630573248408,99.0415335463259,100,101.876675603217
"424",0.982800982800983,5.52016985138004,6.38977635782748,0,10.7238605898123
"425",1.47420147420147,7.64331210191083,3.19488817891374,9.09090909090909,5.36193029490617
"426",0.491400491400491,6.79405520169851,9.58466453674121,18.1818181818182,5.36193029490617
"427",1.96560196560197,5.9447983014862,3.19488817891374,0,16.0857908847185
"428",2.45700245700246,9.34182590233546,9.58466453674121,36.3636363636364,10.7238605898123
"429",0,5.9447983014862,3.19488817891374,36.3636363636364,10.7238605898123
"430",1.96560196560197,7.21868365180467,15.9744408945687,27.2727272727273,16.0857908847185
"431",0.491400491400491,3.82165605095541,6.38977635782748,9.09090909090909,21.4477211796247
"432",0.982800982800983,5.9447983014862,3.19488817891374,0,16.0857908847185
"433",2.45700245700246,7.64331210191083,6.38977635782748,9.09090909090909,5.36193029490617
"434",2.45700245700246,8.06794055201699,3.19488817891374,27.2727272727273,16.0857908847185
"435",2.45700245700246,11.8895966029724,6.38977635782748,36.3636363636364,16.0857908847185
"436",1.47420147420147,8.9171974522293,3.19488817891374,36.3636363636364,10.7238605898123
"437",0.982800982800983,6.79405520169851,3.19488817891374,27.2727272727273,10.7238605898123
"438",1.47420147420147,8.06794055201699,9.58466453674121,9.09090909090909,26.8096514745308
"439",1.47420147420147,8.49256900212314,12.779552715655,18.1818181818182,16.0857908847185
"440",0.982800982800983,6.36942675159236,3.19488817891374,45.4545454545455,10.7238605898123
"441",100.2457002457,99.3630573248408,99.0415335463259,100,101.876675603217
"442",2.94840294840295,9.76645435244161,6.38977635782748,0,10.7238605898123
"443",1.47420147420147,7.21868365180467,6.38977635782748,27.2727272727273,16.0857908847185
"444",100.2457002457,99.3630573248408,99.0415335463259,100,101.876675603217
"445",0.491400491400491,7.21868365180467,9.58466453674121,18.1818181818182,5.36193029490617
"446",1.47420147420147,2.54777070063694,6.38977635782748,9.09090909090909,32.171581769437
"447",0.491400491400491,4.67091295116773,3.19488817891374,27.2727272727273,26.8096514745308
"448",0.982800982800983,4.67091295116773,3.19488817891374,18.1818181818182,32.171581769437
"449",1.47420147420147,5.9447983014862,15.9744408945687,9.09090909090909,21.4477211796247
"450",0.491400491400491,3.82165605095541,6.38977635782748,9.09090909090909,26.8096514745308
"451",2.94840294840295,8.06794055201699,9.58466453674121,36.3636363636364,32.171581769437
"452",0,4.67091295116773,6.38977635782748,9.09090909090909,10.7238605898123
"453",100.2457002457,99.3630573248408,99.0415335463259,100,101.876675603217
"454",3.93120393120393,11.4649681528662,3.19488817891374,36.3636363636364,16.0857908847185
"455",0.982800982800983,5.09554140127389,9.58466453674121,27.2727272727273,32.171581769437
"456",4.91400491400491,12.3142250530786,19.1693290734824,18.1818181818182,26.8096514745308
"457",0.982800982800983,6.79405520169851,9.58466453674121,18.1818181818182,10.7238605898123
"458",0.491400491400491,6.79405520169851,9.58466453674121,9.09090909090909,32.171581769437
"459",1.47420147420147,9.76645435244161,6.38977635782748,9.09090909090909,26.8096514745308
"460",100.2457002457,99.3630573248408,99.0415335463259,100,101.876675603217
"461",1.47420147420147,8.49256900212314,25.5591054313099,18.1818181818182,21.4477211796247
"462",0.982800982800983,9.34182590233546,9.58466453674121,27.2727272727273,26.8096514745308
"463",0.491400491400491,7.64331210191083,15.9744408945687,9.09090909090909,10.7238605898123
"464",2.45700245700246,8.49256900212314,9.58466453674121,9.09090909090909,10.7238605898123
"465",0.982800982800983,6.79405520169851,9.58466453674121,9.09090909090909,21.4477211796247
"466",1.47420147420147,8.06794055201699,3.19488817891374,27.2727272727273,21.4477211796247
"467",100.2457002457,98.9384288747346,99.0415335463259,100,101.876675603217
"468",0.982800982800983,4.67091295116773,3.19488817891374,18.1818181818182,10.7238605898123
"469",99.2628992628993,99.3630573248408,99.0415335463259,100,101.876675603217
"470",1.96560196560197,8.06794055201699,25.5591054313099,18.1818181818182,26.8096514745308
"471",0.491400491400491,8.06794055201699,12.779552715655,9.09090909090909,16.0857908847185
"472",0.491400491400491,5.9447983014862,0,0,10.7238605898123
"473",0.982800982800983,8.9171974522293,0,27.2727272727273,21.4477211796247
"474",100.2457002457,99.3630573248408,99.0415335463259,100,101.876675603217
"475",1.47420147420147,6.79405520169851,6.38977635782748,9.09090909090909,5.36193029490617
"476",1.47420147420147,5.9447983014862,3.19488817891374,18.1818181818182,32.171581769437
"477",1.96560196560197,8.06794055201699,9.58466453674121,9.09090909090909,10.7238605898123
"478",0.982800982800983,7.21868365180467,3.19488817891374,18.1818181818182,37.5335120643432
"479",0.491400491400491,4.24628450106157,6.38977635782748,0,16.0857908847185
"480",0.982800982800983,6.36942675159236,3.19488817891374,18.1818181818182,10.7238605898123
"481",0.491400491400491,2.9723991507431,9.58466453674121,18.1818181818182,5.36193029490617
"482",1.47420147420147,4.24628450106157,3.19488817891374,0,10.7238605898123
"483",2.45700245700246,6.36942675159236,19.1693290734824,27.2727272727273,10.7238605898123
"484",1.47420147420147,7.21868365180467,6.38977635782748,18.1818181818182,16.0857908847185
"485",0.491400491400491,8.49256900212314,22.3642172523962,18.1818181818182,26.8096514745308
"486",0.982800982800983,5.9447983014862,15.9744408945687,9.09090909090909,16.0857908847185
"487",1.96560196560197,6.79405520169851,6.38977635782748,18.1818181818182,5.36193029490617
"488",1.47420147420147,7.64331210191083,6.38977635782748,0,21.4477211796247
"489",1.47420147420147,8.49256900212314,6.38977635782748,27.2727272727273,21.4477211796247
"490",2.94840294840295,6.79405520169851,15.9744408945687,27.2727272727273,16.0857908847185
"491",1.96560196560197,7.64331210191083,3.19488817891374,9.09090909090909,5.36193029490617
"492",2.94840294840295,9.34182590233546,12.779552715655,36.3636363636364,10.7238605898123
"493",0.982800982800983,11.8895966029724,12.779552715655,0,5.36193029490617
"494",100.2457002457,99.3630573248408,99.0415335463259,100,101.876675603217
"495",0.491400491400491,4.24628450106157,12.779552715655,18.1818181818182,10.7238605898123
"496",1.47420147420147,6.36942675159236,6.38977635782748,9.09090909090909,26.8096514745308
"497",0.491400491400491,10.6157112526539,3.19488817891374,27.2727272727273,16.0857908847185
"498",1.47420147420147,5.52016985138004,6.38977635782748,27.2727272727273,0
"499",2.45700245700246,6.36942675159236,6.38977635782748,18.1818181818182,21.4477211796247
"500",100.2457002457,98.9384288747346,99.0415335463259,100,101.876675603217
