"","age1_orange.D","age1_green.D","age2_no_comorbid_orange.D","age2_no_comorbid_green.D","age2_comorbid_green.D","age3_no_comorbid_green.D","age3_comorbid_green.D"
"1",51,3,80,5,35,10,39
"2",50,6,65,7,40,4,38
"3",0,0,0,0,0,0,0
"4",52,4,78,2,34,7,29
"5",55,7,56,7,25,5,38
"6",58,8,69,5,30,13,31
"7",42,6,83,6,32,8,33
"8",0,0,0,0,0,0,0
"9",54,4,60,13,24,6,33
"10",0,0,0,0,0,0,0
"11",0,0,0,0,0,0,0
"12",50,4,67,6,34,7,34
"13",42,0,70,0,0,0,0
"14",45,5,68,5,26,6,39
"15",56,2,64,7,32,4,48
"16",51,0,65,0,0,0,0
"17",58,5,66,7,38,8,40
"18",63,3,60,8,31,9,35
"19",51,7,88,6,32,6,34
"20",67,3,58,10,34,6,35
"21",57,7,70,5,30,9,34
"22",47,5,59,11,27,9,25
"23",1,0,0,0,0,0,0
"24",49,5,77,4,28,9,38
"25",43,4,74,5,31,9,40
"26",57,6,78,6,41,13,40
"27",0,0,0,0,0,0,0
"28",57,4,64,8,30,12,40
"29",67,2,77,5,40,12,43
"30",0,0,0,0,0,0,0
"31",0,0,0,0,0,0,0
"32",50,4,70,6,29,7,30
"33",64,4,63,7,27,9,33
"34",0,0,1,0,0,0,0
"35",0,0,0,0,0,0,0
"36",54,3,89,0,33,8,37
"37",55,5,66,7,19,10,32
"38",57,0,68,0,0,0,0
"39",64,3,79,8,37,12,35
"40",54,3,70,3,29,11,32
"41",51,0,66,0,0,0,0
"42",55,0,63,0,0,0,0
"43",0,0,0,0,0,0,0
"44",57,0,63,0,0,0,0
"45",0,0,0,0,0,0,0
"46",46,8,79,11,38,12,41
"47",61,4,63,7,28,11,40
"48",57,4,71,13,28,12,42
"49",49,2,71,2,39,7,32
"50",0,0,0,0,0,0,0
"51",42,9,75,8,30,7,34
"52",59,1,83,9,36,7,35
"53",53,0,75,0,0,0,0
"54",47,5,74,6,30,7,37
"55",1,0,0,0,0,0,0
"56",43,4,77,6,33,13,40
"57",0,0,0,0,0,0,0
"58",49,1,75,8,33,13,35
"59",0,0,0,0,0,0,0
"60",0,0,0,0,0,0,0
"61",0,0,0,0,0,0,0
"62",0,0,0,0,0,0,0
"63",60,5,71,3,35,11,42
"64",0,0,0,0,0,0,0
"65",57,4,75,9,28,10,32
"66",54,5,63,4,27,9,34
"67",58,2,67,8,27,12,46
"68",53,6,61,7,30,7,30
"69",0,0,0,0,0,0,0
"70",55,3,70,8,40,8,35
"71",54,4,74,4,34,5,32
"72",42,3,62,7,36,3,36
"73",51,5,67,5,32,2,35
"74",0,0,0,0,0,0,0
"75",57,5,69,9,38,9,30
"76",52,0,61,0,0,0,0
"77",56,6,72,9,33,3,42
"78",46,4,65,6,30,5,33
"79",47,4,65,11,33,7,38
"80",53,5,87,6,35,7,40
"81",48,1,78,0,0,0,0
"82",0,0,1,0,0,0,0
"83",55,5,78,6,30,8,32
"84",0,0,0,0,0,0,0
"85",0,0,0,0,0,0,0
"86",0,0,0,0,0,0,0
"87",0,0,0,0,0,0,0
"88",0,0,0,0,0,0,0
"89",0,0,0,0,0,0,0
"90",0,0,0,0,0,0,0
"91",56,3,75,4,36,11,31
"92",59,1,63,3,27,10,35
"93",0,0,0,0,0,0,0
"94",0,0,0,0,0,0,0
"95",52,6,60,8,35,9,37
"96",0,0,0,0,0,0,0
"97",0,0,0,0,0,0,0
"98",52,0,82,0,0,0,0
"99",0,0,0,0,0,0,0
"100",0,0,0,0,0,0,0
"101",51,5,65,11,32,10,30
"102",43,3,75,5,32,7,36
"103",0,0,1,0,0,0,0
"104",0,0,0,0,0,0,0
"105",0,0,0,0,0,0,0
"106",54,0,73,0,0,0,0
"107",70,0,70,0,0,0,0
"108",0,0,0,0,0,0,0
"109",0,0,1,0,0,0,0
"110",65,4,80,6,27,8,37
"111",50,3,75,18,32,14,33
"112",51,7,68,7,38,6,41
"113",54,2,68,12,29,9,32
"114",0,0,0,0,0,0,0
"115",49,7,73,8,27,5,30
"116",55,6,65,8,35,11,39
"117",56,2,76,5,27,9,26
"118",0,0,0,0,0,0,0
"119",0,0,0,0,0,0,0
"120",0,0,1,0,0,0,0
"121",64,7,66,9,35,13,38
"122",0,0,0,0,0,0,0
"123",56,3,88,6,37,12,44
"124",57,5,70,7,33,7,32
"125",41,7,76,10,35,10,31
"126",60,4,81,6,29,6,42
"127",64,4,65,7,34,8,45
"128",0,0,0,0,0,0,0
"129",1,0,1,0,0,0,0
"130",0,0,0,0,0,0,0
"131",55,3,67,8,37,6,36
"132",0,0,0,0,0,0,0
"133",59,3,75,8,34,13,42
"134",0,0,0,0,0,0,0
"135",55,1,64,2,34,7,35
"136",0,0,0,0,0,0,0
"137",47,4,53,10,39,11,36
"138",58,0,74,0,0,0,0
"139",52,2,71,7,40,5,38
"140",0,0,0,0,0,0,0
"141",0,0,0,0,0,0,0
"142",61,1,78,0,1,0,1
"143",53,0,71,0,0,0,0
"144",53,0,69,0,0,0,0
"145",44,0,67,0,2,0,0
"146",0,0,0,0,0,0,0
"147",60,6,72,11,29,9,31
"148",0,0,0,0,0,0,0
"149",62,6,75,1,26,5,36
"150",56,7,74,9,32,10,28
"151",51,6,80,7,35,9,31
"152",52,7,81,5,37,6,37
"153",0,0,0,0,0,0,0
"154",47,2,70,4,34,9,30
"155",56,1,72,9,43,11,36
"156",59,4,72,7,20,10,36
"157",42,5,59,5,27,10,32
"158",53,6,85,8,32,8,36
"159",49,3,56,12,41,10,27
"160",49,3,82,6,22,9,25
"161",51,4,81,8,30,10,35
"162",0,0,0,0,0,0,0
"163",59,9,82,9,28,11,33
"164",0,0,0,0,0,0,0
"165",52,7,78,8,37,10,33
"166",60,7,62,6,39,10,40
"167",0,0,1,0,0,0,0
"168",64,4,75,6,40,11,48
"169",59,5,72,7,37,10,33
"170",0,0,0,0,0,0,0
"171",62,4,60,6,33,9,29
"172",0,0,0,0,0,0,0
"173",50,8,67,8,31,12,39
"174",46,4,63,3,29,8,40
"175",0,0,0,0,0,0,0
"176",45,1,60,6,23,7,36
"177",65,2,83,5,30,10,35
"178",60,7,81,9,40,11,30
"179",49,4,64,3,36,9,43
"180",43,0,85,0,0,0,0
"181",67,4,78,12,40,9,44
"182",51,5,85,3,38,7,40
"183",0,0,0,0,0,0,0
"184",52,2,79,10,32,4,46
"185",58,5,56,5,26,7,23
"186",55,4,77,7,27,6,27
"187",0,0,0,0,0,0,0
"188",60,0,65,0,0,0,0
"189",0,0,0,0,0,0,0
"190",44,7,71,7,31,13,39
"191",51,3,69,4,36,10,38
"192",0,0,0,0,0,0,0
"193",0,0,0,0,0,0,0
"194",60,6,78,5,31,7,45
"195",57,4,81,9,36,4,35
"196",45,9,77,6,37,8,36
"197",54,9,67,2,38,10,33
"198",53,4,82,8,34,9,37
"199",53,0,80,0,0,0,0
"200",0,0,0,0,0,0,0
"201",1,0,0,0,0,0,0
"202",50,6,81,7,32,9,31
"203",50,0,79,0,0,0,0
"204",60,2,65,7,34,9,40
"205",0,0,0,0,0,0,0
"206",0,0,0,0,0,0,0
"207",0,0,0,0,0,0,0
"208",74,6,61,6,35,11,37
"209",60,4,71,8,30,8,40
"210",0,0,0,0,0,0,0
"211",56,5,73,6,26,4,35
"212",0,0,0,0,0,0,0
"213",62,4,74,7,34,8,38
"214",58,3,64,5,34,11,37
"215",56,0,58,0,0,0,1
"216",58,9,70,6,30,12,33
"217",0,0,0,0,0,0,0
"218",62,2,76,5,34,5,35
"219",50,6,66,7,24,7,42
"220",52,3,71,8,38,5,37
"221",63,2,64,5,24,6,30
"222",0,0,0,0,0,0,0
"223",47,4,83,2,24,7,26
"224",54,6,79,6,32,6,36
"225",54,3,76,13,32,13,40
"226",37,0,69,8,38,13,42
"227",57,5,69,6,30,11,39
"228",55,3,70,13,29,10,31
"229",0,0,0,0,0,0,0
"230",0,0,0,0,0,0,0
"231",47,0,67,0,0,0,0
"232",69,1,79,4,35,4,32
"233",0,0,0,0,0,0,0
"234",0,0,0,0,0,0,0
"235",0,0,0,0,0,0,0
"236",47,5,76,2,20,4,33
"237",0,0,0,0,0,0,0
"238",0,0,0,0,0,0,0
"239",58,2,65,9,41,6,43
"240",52,5,68,7,39,5,33
"241",0,0,0,0,0,0,0
"242",55,5,76,10,30,7,35
"243",54,4,63,14,37,8,33
"244",62,6,70,3,37,8,28
"245",0,0,0,0,0,0,0
"246",0,0,0,0,0,0,0
"247",0,0,0,0,0,0,0
"248",55,8,62,2,37,9,32
"249",0,0,0,0,0,0,0
"250",48,9,70,8,31,10,32
"251",0,0,0,0,0,0,0
"252",60,3,66,6,30,4,26
"253",48,8,80,5,31,10,33
"254",60,7,67,5,23,7,27
"255",0,0,0,0,0,0,0
"256",0,0,0,0,0,0,0
"257",56,2,76,6,34,11,37
"258",61,4,64,4,45,17,39
"259",55,5,60,9,31,4,38
"260",51,3,80,7,31,12,41
"261",0,0,0,0,0,0,0
"262",49,7,88,7,31,14,37
"263",0,0,0,0,0,0,0
"264",53,10,68,8,31,10,36
"265",0,0,0,0,0,0,0
"266",53,0,75,0,0,0,0
"267",0,0,0,0,0,0,0
"268",48,3,79,4,27,8,37
"269",47,0,77,0,0,0,0
"270",55,2,73,8,38,9,38
"271",0,0,0,0,0,0,0
"272",0,0,0,0,0,0,0
"273",62,0,69,0,0,0,0
"274",0,0,0,0,0,0,0
"275",1,0,0,0,0,0,0
"276",52,2,78,10,36,9,33
"277",52,0,80,0,0,0,0
"278",48,2,75,7,29,10,34
"279",53,6,56,13,41,7,33
"280",53,5,62,7,35,11,46
"281",51,6,78,9,33,5,39
"282",53,3,70,11,38,8,37
"283",47,7,60,5,34,4,33
"284",61,11,67,6,41,11,31
"285",67,3,69,4,36,6,38
"286",47,7,60,10,29,6,31
"287",0,0,0,0,0,0,0
"288",63,4,78,6,37,12,29
"289",56,6,57,7,32,8,23
"290",55,4,71,5,26,9,35
"291",0,0,0,0,0,0,0
"292",47,8,79,8,26,10,29
"293",0,0,0,0,0,0,0
"294",42,4,81,7,35,6,32
"295",55,5,81,6,33,6,38
"296",0,0,0,0,0,0,0
"297",0,0,0,0,0,0,0
"298",57,4,58,6,40,9,34
"299",0,0,1,0,0,0,0
"300",60,0,63,7,28,11,42
"301",51,0,64,0,0,0,0
"302",0,0,0,0,0,0,0
"303",0,0,0,0,0,0,0
"304",72,4,65,11,30,9,34
"305",59,0,69,0,0,0,0
"306",45,3,72,5,25,7,35
"307",0,0,0,0,0,0,0
"308",0,0,0,0,0,0,0
"309",0,0,0,0,0,0,0
"310",0,0,0,0,0,0,0
"311",52,5,76,9,39,9,30
"312",0,0,0,0,0,0,0
"313",0,0,0,0,0,0,0
"314",0,0,0,0,0,0,0
"315",51,5,68,9,30,7,40
"316",0,0,1,0,0,0,0
"317",0,0,0,0,0,0,0
"318",0,0,2,0,0,0,0
"319",0,0,0,0,0,0,0
"320",0,0,0,0,0,0,0
"321",0,0,0,0,0,0,0
"322",51,4,54,8,34,10,31
"323",50,3,79,6,30,7,23
"324",56,7,80,6,28,7,33
"325",50,11,83,9,36,9,38
"326",63,4,72,5,29,7,38
"327",66,6,76,8,25,13,34
"328",49,10,75,6,38,8,36
"329",0,0,0,0,0,0,0
"330",0,0,0,0,0,0,0
"331",49,4,81,7,28,7,33
"332",56,7,66,7,33,7,30
"333",0,0,0,0,0,0,0
"334",52,5,70,7,32,4,35
"335",52,4,61,4,32,10,30
"336",49,2,69,6,34,7,40
"337",0,0,0,0,0,0,0
"338",0,0,0,0,0,0,0
"339",50,2,71,12,37,12,39
"340",63,6,65,4,33,8,38
"341",66,4,76,7,40,5,30
"342",0,0,0,0,0,0,0
"343",63,3,86,8,26,12,38
"344",65,4,75,10,34,5,35
"345",64,2,74,7,39,13,34
"346",44,4,74,8,29,6,24
"347",0,0,0,0,0,0,0
"348",63,6,75,6,35,5,34
"349",0,0,0,0,0,0,0
"350",0,0,0,0,0,0,0
"351",54,5,70,7,38,10,38
"352",41,3,65,8,40,7,37
"353",0,0,0,0,0,0,0
"354",52,5,75,6,34,8,35
"355",0,0,0,0,0,0,0
"356",46,2,61,10,23,6,34
"357",55,5,78,11,30,8,28
"358",60,7,62,12,36,15,31
"359",0,0,1,0,0,0,0
"360",0,0,0,0,0,0,0
"361",58,3,65,10,31,12,37
"362",40,5,73,5,31,14,46
"363",0,0,0,0,0,0,0
"364",0,0,0,0,0,0,0
"365",44,3,75,8,32,4,36
"366",0,0,0,0,0,0,0
"367",48,2,64,7,24,10,27
"368",0,0,0,0,0,0,0
"369",0,0,0,0,0,0,0
"370",0,0,0,0,0,0,0
"371",54,3,63,8,30,9,41
"372",42,0,61,0,0,1,0
"373",34,3,79,7,25,12,27
"374",62,6,71,8,32,13,35
"375",0,0,0,0,0,0,0
"376",0,0,0,0,0,0,0
"377",0,0,0,0,0,0,0
"378",55,8,65,7,40,8,34
"379",0,0,0,0,0,0,0
"380",52,6,62,3,35,6,33
"381",0,0,0,0,0,0,0
"382",0,0,0,0,0,0,0
"383",0,0,1,0,0,0,0
"384",59,5,76,8,34,7,43
"385",50,2,82,11,21,6,35
"386",61,6,55,6,34,14,41
"387",59,6,59,9,35,9,32
"388",69,4,73,4,29,9,37
"389",0,0,0,0,0,0,0
"390",42,8,74,9,36,6,31
"391",46,2,62,12,30,11,39
"392",0,0,0,0,0,0,0
"393",0,0,0,0,0,0,0
"394",0,0,0,0,0,0,0
"395",0,0,0,0,0,0,0
"396",44,3,64,10,36,9,34
"397",62,2,65,7,36,5,43
"398",0,0,0,0,0,0,0
"399",46,7,63,7,37,3,35
"400",40,2,84,9,40,8,37
"401",0,0,0,0,0,0,0
"402",64,0,67,0,0,0,0
"403",49,6,80,9,37,5,34
"404",0,0,0,0,0,0,0
"405",0,0,0,0,0,0,0
"406",56,5,72,7,34,11,44
"407",63,3,81,9,36,6,41
"408",0,0,0,0,0,0,0
"409",48,3,73,6,32,8,31
"410",0,0,0,0,0,0,0
"411",58,5,70,6,33,8,41
"412",0,0,0,0,0,0,0
"413",0,0,0,0,0,0,0
"414",54,3,80,7,35,6,39
"415",70,2,84,9,22,12,30
"416",48,6,76,6,35,5,37
"417",52,0,59,0,0,0,0
"418",42,3,69,9,26,3,36
"419",57,0,78,0,1,0,0
"420",46,3,44,6,36,5,35
"421",57,8,72,5,39,9,37
"422",72,0,78,0,0,0,0
"423",53,7,78,6,37,6,40
"424",49,5,76,8,30,7,42
"425",64,3,69,6,29,4,41
"426",60,3,74,9,38,11,28
"427",0,0,0,0,0,0,0
"428",44,9,77,6,44,6,37
"429",58,2,71,9,34,12,43
"430",49,3,81,11,32,4,33
"431",44,4,85,9,31,6,29
"432",50,2,58,5,39,7,34
"433",52,2,74,8,18,10,38
"434",48,3,55,4,24,4,39
"435",58,2,71,4,34,8,35
"436",42,3,72,11,26,8,31
"437",66,0,77,6,34,7,32
"438",0,0,0,0,0,0,0
"439",0,0,0,0,0,0,0
"440",44,4,70,5,33,10,31
"441",0,0,0,0,0,0,0
"442",0,0,1,0,0,0,0
"443",59,7,69,9,34,6,30
"444",54,1,70,7,28,11,37
"445",0,0,0,0,0,0,0
"446",56,7,74,7,27,5,33
"447",56,4,72,8,30,5,37
"448",55,0,82,0,0,0,0
"449",45,2,73,9,32,15,33
"450",54,5,81,7,36,14,38
"451",0,0,0,0,0,0,0
"452",50,1,83,11,37,4,33
"453",47,6,75,8,34,10,29
"454",53,3,76,10,30,8,36
"455",0,0,0,0,0,0,0
"456",0,0,0,0,0,0,0
"457",44,2,71,8,38,11,33
"458",58,7,79,10,26,9,33
"459",54,3,73,7,33,2,30
"460",54,4,83,7,28,6,38
"461",0,0,0,0,0,0,0
"462",43,4,77,10,29,11,41
"463",53,2,70,11,29,5,41
"464",54,5,84,10,30,13,38
"465",46,6,62,5,34,8,38
"466",64,4,67,8,24,11,32
"467",56,1,70,10,36,14,37
"468",0,0,0,0,0,0,0
"469",0,0,0,0,0,0,0
"470",51,4,80,11,31,7,35
"471",0,0,0,0,0,0,0
"472",56,2,63,8,24,7,24
"473",0,0,0,0,0,0,0
"474",49,2,82,4,43,9,46
"475",58,4,89,5,40,6,32
"476",41,6,84,7,35,9,35
"477",0,0,0,0,0,0,0
"478",49,3,70,6,27,6,37
"479",0,0,0,0,0,0,0
"480",64,5,67,4,32,11,38
"481",0,0,0,0,0,0,0
"482",70,7,84,6,34,9,26
"483",62,0,64,0,0,0,0
"484",0,0,0,0,0,0,0
"485",52,2,77,8,35,10,44
"486",0,0,0,0,0,0,0
"487",0,0,0,0,0,0,0
"488",0,0,0,0,0,0,0
"489",0,0,0,0,0,0,0
"490",0,0,0,0,0,0,0
"491",0,0,0,0,0,0,0
"492",54,6,73,4,33,10,43
"493",0,0,0,0,0,0,0
"494",57,0,76,0,0,0,0
"495",59,3,83,9,32,12,47
"496",50,3,75,7,32,15,30
"497",46,0,71,0,0,0,0
"498",0,0,0,0,0,0,0
"499",51,6,81,11,26,6,40
"500",54,0,72,0,0,0,0
"501",74,5,65,9,29,8,39
"502",55,3,79,6,39,12,40
"503",0,0,0,0,0,0,0
"504",53,0,72,0,0,0,0
"505",38,8,75,3,37,10,38
"506",63,5,57,7,37,10,27
"507",50,2,77,3,23,6,29
"508",58,6,79,7,32,11,38
"509",65,5,65,11,31,9,29
"510",47,1,92,7,28,7,30
"511",65,6,82,7,29,9,32
"512",54,3,78,14,26,8,37
"513",50,4,76,8,34,9,36
"514",64,2,67,7,34,12,36
"515",63,6,63,3,40,12,39
"516",0,0,0,0,0,0,0
"517",0,0,0,0,0,0,0
"518",63,2,70,10,30,7,34
"519",51,3,54,10,28,15,34
"520",0,0,0,0,0,0,0
"521",0,0,0,0,0,0,0
"522",63,0,59,0,0,0,0
"523",0,0,0,0,0,0,0
"524",48,0,54,0,0,0,0
"525",0,0,0,0,0,0,0
"526",55,2,82,10,22,9,40
"527",55,5,65,8,32,6,39
"528",66,5,77,13,34,11,37
"529",61,3,56,11,29,6,39
"530",0,0,0,0,0,0,0
"531",0,0,0,0,0,0,0
"532",0,0,0,0,0,0,0
"533",45,5,84,8,41,5,44
"534",0,0,0,0,0,0,0
"535",51,0,65,0,0,0,0
"536",0,0,0,0,0,0,0
"537",0,0,0,0,0,0,0
"538",0,0,0,0,0,0,0
"539",0,0,0,0,0,0,0
"540",41,2,71,8,31,7,36
"541",62,3,87,5,34,11,44
"542",55,6,62,7,36,9,36
"543",53,1,77,5,31,10,40
"544",0,0,0,0,0,0,0
"545",0,0,0,0,0,0,0
"546",53,3,71,9,39,4,37
"547",53,6,76,9,33,11,30
"548",0,0,0,0,0,0,0
"549",61,1,53,3,29,8,34
"550",0,0,0,0,0,0,0
"551",53,4,75,6,31,11,34
"552",51,0,78,0,0,0,0
"553",50,7,64,4,35,6,32
"554",0,0,0,0,0,0,0
"555",51,3,70,7,36,11,32
"556",0,0,0,0,0,0,0
"557",50,5,64,2,39,11,38
"558",0,0,0,0,0,0,0
"559",0,0,0,0,0,0,0
"560",0,0,0,0,0,0,0
"561",53,4,66,6,32,12,26
"562",0,0,0,0,0,0,0
"563",57,5,59,11,27,9,39
"564",54,2,66,12,29,9,34
"565",58,3,66,6,32,9,33
"566",0,0,0,0,0,0,0
"567",51,2,72,9,31,8,31
"568",0,0,0,0,0,0,0
"569",65,4,74,15,31,7,37
"570",64,6,69,12,30,7,35
"571",47,10,92,7,23,4,45
"572",61,2,58,6,26,7,38
"573",58,0,78,0,0,0,0
"574",0,0,0,0,0,0,0
"575",59,3,74,9,40,11,39
"576",0,0,0,0,0,0,0
"577",48,8,67,5,34,6,33
"578",0,0,0,0,0,0,0
"579",0,0,0,0,0,0,0
"580",0,0,0,0,0,0,0
"581",0,0,0,0,0,0,0
"582",47,3,59,9,35,9,39
"583",64,9,70,8,35,8,33
"584",52,6,57,4,43,13,41
"585",0,0,0,0,0,0,0
"586",69,2,63,8,29,5,40
"587",45,8,66,4,37,9,39
"588",0,0,0,0,0,0,0
"589",53,4,78,9,26,9,33
"590",53,6,73,10,28,13,36
"591",51,5,70,7,37,5,36
"592",64,5,66,9,33,7,29
"593",59,4,65,6,29,9,37
"594",0,0,0,0,0,0,0
"595",54,11,61,8,35,5,37
"596",57,0,80,0,0,0,2
"597",53,6,69,11,35,7,42
"598",56,6,82,9,30,10,34
"599",0,0,0,0,0,0,0
"600",51,10,81,5,31,10,34
"601",54,6,69,10,40,14,43
"602",61,5,72,6,33,7,25
"603",53,7,67,9,28,9,31
"604",53,1,69,6,32,12,47
"605",45,3,73,4,26,10,35
"606",41,3,79,8,34,9,35
"607",0,0,0,0,0,0,0
"608",51,1,89,4,22,8,37
"609",56,1,60,6,45,8,34
"610",47,3,71,7,35,8,33
"611",0,0,0,0,0,0,0
"612",58,8,81,9,27,6,40
"613",60,5,66,13,35,13,37
"614",60,2,78,9,30,9,36
"615",55,6,58,9,21,8,35
"616",58,7,66,3,38,12,32
"617",0,0,0,0,0,0,0
"618",55,4,75,6,32,7,45
"619",0,0,0,0,0,0,0
"620",54,4,86,8,34,8,31
"621",49,0,74,0,0,0,0
"622",0,0,0,0,0,0,0
"623",55,0,87,0,0,0,0
"624",56,3,58,11,33,10,37
"625",0,0,0,0,0,0,0
"626",49,0,69,0,0,0,0
"627",0,0,0,0,0,0,0
"628",0,0,1,0,0,0,0
"629",46,4,76,7,29,11,29
"630",0,0,0,0,0,0,0
"631",64,2,61,2,35,9,37
"632",51,5,81,3,31,3,44
"633",49,0,74,0,0,1,0
"634",64,0,88,0,0,0,0
"635",61,2,70,8,39,8,38
"636",0,0,0,0,0,0,0
"637",0,0,0,0,0,0,0
"638",62,3,64,9,33,6,28
"639",57,4,63,12,28,8,38
"640",0,0,1,0,0,0,0
"641",46,3,85,12,27,8,37
"642",57,3,66,6,32,9,29
"643",58,0,63,0,0,0,0
"644",0,0,0,0,0,0,0
"645",0,0,1,0,0,0,0
"646",0,0,0,0,0,0,0
"647",0,0,0,0,0,0,0
"648",0,0,0,0,0,0,0
"649",0,0,0,0,0,0,0
"650",50,2,70,9,33,8,30
"651",63,2,84,8,38,8,38
"652",44,2,73,9,32,4,50
"653",43,2,71,6,40,8,34
"654",57,1,70,9,29,12,42
"655",59,4,66,4,29,5,34
"656",0,0,0,0,0,0,0
"657",54,0,68,0,0,0,0
"658",53,7,67,7,34,13,37
"659",48,6,67,13,29,5,30
"660",0,0,0,0,0,0,0
"661",52,7,70,3,25,10,38
"662",0,0,0,0,0,0,0
"663",51,5,72,10,35,13,32
"664",0,0,0,0,0,0,0
"665",53,3,73,6,35,6,40
"666",0,0,0,0,0,0,0
"667",0,0,0,0,0,0,0
"668",0,0,0,0,0,0,0
"669",0,0,0,0,0,0,0
"670",53,6,78,4,29,7,30
"671",50,4,74,6,40,8,35
"672",0,0,0,0,0,0,0
"673",49,3,68,8,23,11,32
"674",57,6,65,10,27,14,34
"675",54,4,80,7,31,8,34
"676",0,0,0,0,0,0,0
"677",63,6,57,9,36,5,25
"678",43,7,65,6,31,10,32
"679",38,0,78,0,0,1,0
"680",55,7,58,5,41,7,41
"681",52,2,68,5,29,10,39
"682",0,0,0,0,0,0,0
"683",50,6,73,8,28,11,37
"684",56,0,78,0,2,0,1
"685",0,0,0,0,0,0,0
"686",52,1,69,5,29,6,32
"687",55,8,77,7,29,9,34
"688",0,0,0,0,0,0,0
"689",53,5,68,10,30,8,39
"690",53,7,64,10,35,10,35
"691",0,0,0,0,0,0,0
"692",0,0,0,0,0,0,0
"693",63,3,67,6,30,6,43
"694",51,0,66,0,0,0,0
"695",49,6,73,3,41,8,46
"696",0,0,0,0,0,0,0
"697",64,3,72,4,31,11,30
"698",0,0,0,0,0,0,0
"699",53,0,83,0,0,0,0
"700",51,5,61,8,36,9,33
"701",0,0,0,0,0,0,0
"702",55,2,62,8,41,10,39
"703",55,1,75,9,27,8,46
"704",0,0,0,0,0,0,0
"705",41,6,71,6,31,7,27
"706",52,6,66,7,36,10,36
"707",67,0,70,0,0,0,0
"708",0,0,0,0,0,0,0
"709",48,6,58,4,36,6,31
"710",0,0,0,0,0,0,0
"711",0,0,0,0,0,0,0
"712",0,0,0,0,0,0,0
"713",0,0,0,0,0,0,0
"714",0,0,0,0,0,0,0
"715",46,6,78,8,26,13,34
"716",0,0,0,0,0,0,0
"717",0,0,2,0,0,0,0
"718",0,0,0,0,0,0,0
"719",50,5,62,5,34,10,35
"720",58,7,75,8,39,5,24
"721",58,0,92,6,35,6,35
"722",50,5,72,5,29,9,30
"723",57,8,65,5,34,8,42
"724",51,0,73,0,0,0,0
"725",0,0,0,0,0,0,0
"726",0,0,0,0,0,0,0
"727",0,0,0,0,0,0,0
"728",70,0,70,0,0,0,0
"729",43,7,77,3,33,9,40
"730",45,0,67,0,0,0,0
"731",0,0,0,0,0,0,0
"732",0,0,0,0,1,0,0
"733",0,0,0,0,0,0,0
"734",0,0,1,0,0,0,0
"735",56,3,74,5,27,6,45
"736",0,0,0,0,0,0,0
"737",71,0,66,0,0,0,1
"738",0,0,0,0,0,0,0
"739",0,0,0,0,0,0,0
"740",0,0,1,0,0,0,0
"741",50,7,62,5,38,8,32
"742",0,0,0,0,0,0,0
"743",0,0,0,0,0,0,0
"744",0,0,1,0,0,0,0
"745",0,0,0,0,0,0,0
"746",63,2,64,8,37,11,43
"747",0,0,0,0,0,0,0
"748",48,5,69,3,41,8,38
"749",0,0,0,0,0,0,0
"750",55,8,95,10,29,8,34
"751",58,4,68,6,34,8,34
"752",0,0,0,0,0,0,0
"753",0,0,0,0,0,0,0
"754",0,0,0,0,0,0,0
"755",59,3,66,5,31,11,36
"756",0,0,0,0,0,0,0
"757",52,0,63,0,0,0,0
"758",0,0,0,0,0,0,0
"759",51,5,61,11,33,12,37
"760",59,6,75,9,38,11,36
"761",55,3,70,4,23,5,28
"762",0,0,0,0,0,0,0
"763",52,1,70,4,33,6,29
"764",0,0,0,0,0,0,0
"765",56,7,65,3,45,9,35
"766",62,4,83,9,41,16,33
"767",0,0,0,0,0,0,0
"768",66,4,76,11,26,6,34
"769",50,4,75,15,37,6,32
"770",58,6,54,7,28,9,32
"771",46,4,67,5,25,12,32
"772",0,0,0,0,0,0,0
"773",47,0,74,0,0,0,0
"774",69,4,75,11,24,8,47
"775",54,6,70,5,29,7,39
"776",57,4,62,10,33,10,37
"777",0,0,0,0,0,0,0
"778",0,0,1,0,0,0,0
"779",47,2,60,7,35,5,35
"780",57,7,71,7,40,6,35
"781",52,6,74,12,34,9,33
"782",0,0,0,0,0,0,0
"783",0,0,0,0,0,0,0
"784",54,8,77,6,47,10,36
"785",50,5,71,12,35,8,34
"786",67,4,80,6,33,10,32
"787",57,1,81,5,35,10,35
"788",0,0,0,0,0,0,0
"789",48,0,64,4,29,7,41
"790",0,0,0,0,0,0,0
"791",57,0,80,0,0,0,0
"792",57,1,57,11,27,5,40
"793",53,6,67,9,27,11,32
"794",0,0,0,0,0,0,0
"795",53,6,65,10,33,5,43
"796",0,0,0,0,0,0,0
"797",0,0,0,0,0,0,0
"798",59,3,79,2,36,8,27
"799",0,0,0,0,0,0,0
"800",46,3,67,2,27,11,36
"801",48,6,72,6,32,10,29
"802",57,3,82,5,28,7,41
"803",54,3,64,11,33,10,28
"804",63,0,66,0,0,0,0
"805",0,0,0,0,0,0,0
"806",56,0,78,0,0,0,0
"807",0,0,0,0,0,0,0
"808",47,2,65,8,36,6,32
"809",52,4,78,8,37,8,28
"810",0,0,1,0,0,0,0
"811",52,3,75,5,28,5,17
"812",55,0,84,0,0,0,0
"813",0,0,0,0,0,0,0
"814",0,0,0,0,0,0,0
"815",79,5,91,4,26,6,33
"816",70,4,63,8,24,6,34
"817",48,3,92,7,37,10,33
"818",57,4,88,10,19,6,40
"819",50,7,69,6,26,3,41
"820",65,5,81,8,43,11,41
"821",0,0,0,0,0,0,0
"822",58,0,65,0,0,0,0
"823",53,5,75,9,35,8,40
"824",0,0,0,0,0,0,0
"825",0,0,0,0,0,0,0
"826",54,4,62,9,25,8,47
"827",0,0,0,0,0,0,0
"828",51,4,76,15,23,14,39
"829",53,8,79,7,39,8,38
"830",62,6,61,9,26,6,37
"831",0,0,0,0,0,0,0
"832",57,5,70,7,30,8,39
"833",61,6,70,5,35,8,35
"834",55,6,64,5,25,8,34
"835",51,0,67,0,0,0,0
"836",57,6,74,5,29,8,27
"837",0,0,1,0,0,0,0
"838",42,6,67,8,32,11,39
"839",0,0,1,0,0,0,0
"840",62,5,86,8,36,11,42
"841",60,5,71,6,27,6,37
"842",58,5,57,12,28,8,38
"843",0,0,0,0,0,0,0
"844",0,0,0,0,0,0,0
"845",0,0,0,0,0,0,0
"846",54,2,70,5,35,8,42
"847",0,0,0,0,0,0,0
"848",58,4,73,5,39,7,35
"849",49,0,77,0,0,0,0
"850",51,3,81,12,30,11,28
"851",0,0,0,0,0,0,0
"852",0,0,0,0,0,0,0
"853",49,0,61,0,2,1,1
"854",0,0,0,0,0,0,0
"855",0,0,0,0,0,0,0
"856",0,0,0,0,0,0,0
"857",51,0,84,0,0,0,0
"858",0,0,0,0,0,0,0
"859",42,7,70,10,35,10,39
"860",0,0,0,0,0,0,0
"861",0,0,0,0,0,0,0
"862",0,0,0,0,0,0,0
"863",60,4,88,7,29,8,27
"864",53,3,70,12,32,9,37
"865",0,0,0,0,0,0,0
"866",75,3,76,6,27,11,30
"867",73,6,84,7,32,12,29
"868",0,0,0,0,0,0,0
"869",48,2,98,6,35,7,29
"870",0,0,0,0,0,0,0
"871",0,0,0,0,0,0,0
"872",46,4,81,6,28,8,30
"873",58,3,79,4,31,7,32
"874",0,0,1,0,0,0,0
"875",73,3,62,8,26,5,30
"876",53,5,66,11,30,7,42
"877",55,3,71,8,36,5,39
"878",59,6,63,7,23,5,38
"879",49,0,83,0,0,0,0
"880",52,7,66,5,30,9,32
"881",0,0,0,0,0,0,0
"882",0,0,0,0,0,0,0
"883",49,0,76,6,28,8,29
"884",50,3,90,7,29,6,41
"885",60,6,75,1,32,9,40
"886",52,6,66,6,28,6,38
"887",0,0,0,0,0,0,0
"888",47,2,84,6,25,8,26
"889",53,3,93,9,31,8,28
"890",58,8,91,8,34,12,35
"891",55,5,65,11,31,12,42
"892",51,5,71,6,35,10,44
"893",71,5,85,5,28,9,25
"894",0,0,1,0,0,0,0
"895",0,0,0,0,0,0,0
"896",66,3,71,8,36,11,36
"897",53,1,53,9,29,5,36
"898",49,0,56,0,1,0,3
"899",0,0,0,0,0,0,0
"900",0,0,0,0,0,0,0
"901",56,7,70,4,39,11,34
"902",48,5,62,9,29,6,34
"903",0,0,0,0,0,0,0
"904",55,2,64,8,32,2,32
"905",50,4,77,8,26,5,32
"906",65,5,72,8,30,6,40
"907",0,0,0,0,0,0,0
"908",47,4,84,13,33,8,38
"909",41,5,77,8,33,9,32
"910",46,5,68,14,27,8,28
"911",0,0,0,0,0,0,0
"912",51,2,67,4,34,9,37
"913",1,0,0,0,0,0,0
"914",0,0,1,0,0,0,0
"915",62,6,75,9,30,6,34
"916",61,2,65,12,21,10,32
"917",55,2,71,10,34,7,32
"918",57,4,76,8,41,12,42
"919",51,7,70,8,31,11,33
"920",55,8,68,6,31,5,36
"921",54,2,55,10,30,9,42
"922",66,3,73,7,34,11,34
"923",54,6,71,4,29,9,47
"924",43,2,64,8,23,8,31
"925",0,0,0,0,0,0,0
"926",58,2,55,8,32,6,34
"927",0,0,0,0,0,0,0
"928",67,6,78,7,20,9,26
"929",40,8,72,8,41,11,34
"930",58,1,67,6,27,9,37
"931",0,0,0,0,0,0,0
"932",57,7,81,4,34,7,38
"933",51,0,77,0,0,0,0
"934",1,0,1,0,0,0,0
"935",58,5,66,8,46,8,43
"936",0,0,0,0,0,0,0
"937",64,0,76,0,0,0,0
"938",45,0,66,0,0,0,0
"939",0,0,0,0,0,0,0
"940",0,0,0,0,0,0,0
"941",52,3,62,6,25,6,39
"942",50,4,66,6,33,8,29
"943",0,0,0,0,0,0,0
"944",0,0,0,0,0,0,0
"945",72,6,73,11,30,4,36
"946",50,3,61,6,37,9,28
"947",0,0,0,0,0,0,0
"948",53,4,76,6,36,8,35
"949",53,5,82,6,30,8,39
"950",55,4,67,9,31,8,37
"951",55,4,86,8,27,8,34
"952",48,4,68,3,40,13,33
"953",0,0,0,0,0,0,0
"954",52,3,78,11,33,7,34
"955",0,0,0,0,0,0,0
"956",64,6,62,5,33,9,37
"957",0,0,0,0,0,0,0
"958",0,0,0,0,0,0,0
"959",57,6,71,7,31,8,43
"960",56,8,71,8,50,7,36
"961",47,5,66,6,31,6,42
"962",0,0,0,0,0,0,0
"963",54,2,81,5,33,4,32
"964",54,1,75,12,28,12,33
"965",0,0,0,0,0,0,0
"966",50,6,78,9,29,7,38
"967",57,9,72,11,36,10,43
"968",57,5,65,10,29,11,37
"969",41,4,64,9,33,15,38
"970",46,3,54,10,35,8,34
"971",65,5,75,7,34,5,33
"972",0,0,0,0,0,0,0
"973",50,4,70,9,33,11,29
"974",46,5,65,2,33,13,36
"975",54,5,66,16,43,8,42
"976",45,9,58,9,37,6,39
"977",50,8,85,9,33,7,39
"978",0,0,0,0,0,0,0
"979",54,8,73,9,32,12,41
"980",55,4,67,3,43,5,37
"981",58,5,62,4,35,8,31
"982",0,0,0,0,0,0,0
"983",0,0,0,0,0,0,0
"984",58,4,72,5,43,9,45
"985",61,7,83,5,26,9,25
"986",0,0,0,0,0,0,0
"987",59,6,70,14,33,7,34
"988",51,4,76,4,29,8,34
"989",56,0,80,0,0,0,0
"990",0,0,0,0,0,0,0
"991",47,3,69,7,23,11,35
"992",0,0,0,0,0,0,0
"993",53,3,80,6,30,8,29
"994",53,3,70,8,32,8,33
"995",0,0,0,0,0,0,0
"996",0,0,0,0,0,0,0
"997",0,0,0,0,0,0,0
"998",58,2,74,9,35,9,40
"999",56,0,65,0,0,0,0
"1000",0,0,0,0,0,0,0
"1001",0,0,0,0,0,0,0
"1002",0,0,0,0,0,0,0
"1003",58,4,83,10,38,10,44
"1004",1,0,0,0,0,0,0
"1005",0,0,0,0,0,0,0
"1006",61,3,79,1,43,5,40
"1007",54,0,79,0,0,0,0
"1008",76,4,69,6,29,10,36
"1009",65,5,59,7,28,12,41
"1010",67,5,63,6,48,6,40
"1011",44,6,66,6,23,9,36
"1012",60,4,79,7,30,8,35
"1013",58,9,76,16,37,8,43
"1014",0,0,0,0,0,0,0
"1015",0,0,0,0,0,0,0
"1016",0,0,0,0,0,0,0
"1017",0,0,1,0,0,0,0
"1018",55,9,69,9,39,8,37
"1019",51,2,67,9,20,11,28
"1020",56,0,73,0,0,0,0
"1021",65,2,76,11,31,7,28
"1022",82,4,74,9,33,5,38
"1023",49,4,70,11,38,11,25
"1024",56,3,67,7,31,9,27
"1025",48,6,57,12,32,8,29
"1026",54,3,70,7,28,4,32
"1027",0,0,0,0,0,0,0
"1028",56,6,77,11,29,8,35
"1029",0,0,0,0,0,0,0
"1030",64,5,72,9,28,8,34
"1031",0,0,0,0,0,0,0
"1032",54,3,79,6,31,10,37
"1033",61,5,67,7,35,7,31
"1034",49,4,75,10,24,9,39
"1035",57,6,73,7,28,7,36
"1036",0,0,0,0,0,0,0
"1037",54,2,71,6,31,5,36
"1038",66,3,68,11,23,11,38
"1039",0,0,0,0,0,0,0
"1040",53,10,58,9,34,8,41
"1041",59,5,77,8,37,12,39
"1042",67,5,62,4,26,12,35
"1043",55,7,67,10,32,5,34
"1044",59,9,78,10,25,13,35
"1045",61,1,71,5,24,4,38
"1046",59,4,62,9,30,7,29
"1047",0,0,0,0,0,0,0
"1048",0,0,0,0,0,0,0
"1049",0,0,0,0,0,0,0
"1050",0,0,0,0,0,0,0
"1051",58,3,82,6,27,5,31
"1052",67,3,79,11,34,8,39
"1053",51,5,66,9,43,10,36
"1054",58,8,78,6,35,9,34
"1055",72,0,72,0,0,0,0
"1056",0,0,0,0,0,0,0
"1057",0,0,0,0,0,0,0
"1058",57,0,71,0,0,0,0
"1059",64,7,79,8,36,8,37
"1060",62,5,86,7,34,7,37
"1061",60,6,77,8,39,6,30
"1062",0,0,0,0,0,0,0
"1063",0,0,0,0,0,0,0
"1064",51,7,67,10,32,11,33
"1065",0,0,0,0,0,0,0
"1066",0,0,0,0,0,0,0
"1067",56,5,65,9,37,6,38
"1068",0,0,0,0,0,0,0
"1069",58,4,84,9,34,9,41
"1070",0,0,0,0,0,0,0
"1071",51,0,65,0,0,0,0
"1072",60,3,78,7,28,7,43
"1073",53,7,70,10,36,8,32
"1074",55,5,76,7,42,9,46
"1075",68,3,66,10,36,11,34
"1076",0,0,0,0,0,0,0
"1077",46,6,66,10,25,7,35
"1078",0,0,1,0,0,0,0
"1079",0,0,0,0,0,0,0
"1080",0,0,0,0,0,0,0
"1081",0,0,0,0,0,0,0
"1082",0,0,0,0,0,0,0
"1083",0,0,0,0,0,0,0
"1084",0,0,0,0,0,0,0
"1085",71,5,71,12,38,11,35
"1086",53,4,54,9,25,9,32
"1087",0,0,0,0,0,0,0
"1088",53,8,80,10,25,8,35
"1089",50,4,71,10,43,5,44
"1090",57,3,61,11,33,10,39
"1091",68,5,82,8,29,6,37
"1092",54,0,83,0,0,0,0
"1093",64,4,77,6,48,8,42
"1094",53,4,76,4,35,6,38
"1095",0,0,0,0,0,0,0
"1096",55,3,83,10,30,10,43
"1097",53,6,73,6,37,8,40
"1098",69,1,76,6,37,14,37
"1099",44,4,78,6,39,11,44
"1100",0,0,0,0,0,0,0
"1101",59,5,74,10,31,11,32
"1102",0,0,0,0,0,0,0
"1103",0,0,0,0,0,0,0
"1104",1,0,0,0,0,0,0
"1105",52,3,50,7,32,10,41
"1106",60,6,75,7,27,9,35
"1107",59,0,63,0,0,0,1
"1108",0,0,1,0,0,0,0
"1109",48,0,76,0,0,0,0
"1110",0,0,0,0,0,0,0
"1111",52,7,73,8,39,6,38
"1112",0,0,0,0,0,0,0
"1113",55,5,77,3,36,10,41
"1114",0,0,0,0,0,0,0
"1115",50,3,66,7,27,5,35
"1116",1,0,0,0,0,0,0
"1117",0,0,0,0,0,0,0
"1118",0,0,0,0,0,0,0
"1119",0,0,0,0,0,0,0
"1120",62,0,79,0,0,0,1
"1121",57,6,68,3,26,8,30
"1122",63,4,97,12,39,7,35
"1123",49,3,63,9,20,7,27
"1124",0,0,0,0,0,0,0
"1125",0,0,1,0,0,0,0
"1126",60,3,70,7,32,9,38
"1127",0,0,0,0,0,0,0
"1128",0,0,0,0,0,0,0
"1129",51,2,74,11,36,6,35
"1130",0,0,0,0,0,0,0
"1131",64,1,82,5,41,6,36
"1132",53,0,85,0,0,0,0
"1133",59,5,75,9,28,12,36
"1134",56,3,84,6,34,5,38
"1135",0,0,0,0,0,0,0
"1136",58,0,71,0,0,0,0
"1137",64,5,66,7,31,15,40
"1138",0,0,0,0,0,0,0
"1139",0,0,0,0,0,0,0
"1140",70,3,62,3,35,8,32
"1141",56,8,64,9,33,7,30
"1142",0,0,0,0,0,0,0
"1143",44,4,62,7,29,7,44
"1144",53,2,74,2,35,11,39
"1145",54,8,68,8,25,9,45
"1146",0,0,0,0,0,0,0
"1147",0,0,0,0,0,0,0
"1148",59,3,74,11,51,5,33
"1149",61,3,78,6,34,7,32
"1150",63,6,72,11,28,9,34
"1151",47,6,73,6,31,9,35
"1152",0,0,0,0,0,0,0
"1153",53,0,76,0,0,0,1
"1154",55,0,79,0,0,0,0
"1155",0,0,0,0,0,0,0
"1156",0,0,0,0,0,0,0
"1157",0,0,0,0,0,0,0
"1158",53,3,65,5,31,6,35
"1159",61,5,63,9,39,10,34
"1160",0,0,0,0,0,0,0
"1161",0,0,0,0,0,0,0
"1162",0,0,0,0,0,0,0
"1163",54,2,88,11,35,7,39
"1164",0,0,1,0,0,0,0
"1165",59,1,70,5,29,11,36
"1166",49,4,78,5,32,5,29
"1167",63,5,65,13,26,11,32
"1168",56,5,52,8,30,6,35
"1169",47,3,75,6,39,13,32
"1170",60,0,68,0,0,0,0
"1171",0,0,0,0,0,0,0
"1172",1,0,1,0,0,0,0
"1173",0,0,0,0,0,0,0
"1174",48,3,68,5,41,9,36
"1175",50,4,75,10,36,10,26
"1176",48,5,81,7,35,5,28
"1177",0,0,0,0,0,0,0
"1178",0,0,0,0,0,0,0
"1179",0,0,1,0,0,0,0
"1180",60,2,80,12,34,10,43
"1181",0,0,0,0,0,0,0
"1182",0,0,0,0,0,0,0
"1183",55,3,71,9,24,3,35
"1184",58,6,77,9,33,12,38
"1185",0,0,0,0,0,0,0
"1186",0,0,0,0,0,0,0
"1187",53,5,67,5,37,8,41
"1188",0,0,0,0,0,0,0
"1189",0,0,0,0,0,0,0
"1190",0,0,0,0,0,0,0
"1191",0,0,0,0,0,0,0
"1192",48,1,80,8,32,8,31
"1193",0,0,0,0,0,0,0
"1194",0,0,0,0,0,0,0
"1195",65,0,60,0,0,0,0
"1196",46,3,84,12,42,12,30
"1197",68,7,75,5,29,8,26
"1198",56,4,78,12,32,2,37
"1199",0,0,0,0,0,0,0
"1200",54,2,68,7,39,8,32
"1201",0,0,0,0,0,0,0
"1202",0,0,0,0,0,0,0
"1203",0,0,0,0,0,0,0
"1204",0,0,0,0,0,0,0
"1205",0,0,0,0,0,0,0
"1206",62,5,65,16,37,8,39
"1207",0,0,0,0,0,0,0
"1208",46,3,58,8,34,5,36
"1209",54,5,71,5,31,10,34
"1210",46,6,71,8,35,10,39
"1211",59,4,70,10,34,10,34
"1212",0,0,0,0,0,0,0
"1213",0,0,0,0,0,0,0
"1214",54,4,83,6,22,11,32
"1215",51,3,68,7,34,5,32
"1216",53,1,65,5,29,11,28
"1217",49,6,77,13,34,11,41
"1218",0,0,0,0,0,0,0
"1219",0,0,1,0,0,0,0
"1220",0,0,0,0,0,0,0
"1221",0,0,0,0,0,0,0
"1222",0,0,0,0,0,0,0
"1223",63,4,58,5,34,3,36
"1224",0,0,0,0,0,0,0
"1225",60,5,79,2,25,8,40
"1226",0,0,0,0,0,0,0
"1227",54,4,66,6,33,4,35
"1228",52,0,64,0,0,0,0
"1229",60,1,55,8,47,11,40
"1230",46,2,53,7,31,12,31
"1231",59,0,71,0,0,0,0
"1232",56,6,83,7,35,11,32
"1233",0,0,0,0,0,0,0
"1234",60,0,63,0,0,0,0
"1235",51,8,78,6,32,10,31
"1236",48,3,69,10,36,11,27
"1237",44,3,65,8,29,7,40
"1238",47,2,57,13,32,5,32
"1239",56,4,81,5,25,9,31
"1240",0,0,0,0,0,0,0
"1241",50,9,54,10,31,7,36
"1242",53,6,66,10,32,7,32
"1243",59,5,75,6,34,11,27
"1244",0,0,0,0,0,0,0
"1245",55,2,74,7,35,5,42
"1246",0,0,0,0,0,0,0
"1247",59,0,67,0,0,0,0
"1248",0,0,0,0,0,0,0
"1249",51,6,72,8,22,12,40
"1250",51,1,61,9,24,7,37
"1251",0,0,0,0,0,0,0
"1252",52,5,79,13,27,10,31
"1253",52,6,59,6,34,8,34
"1254",58,4,71,8,26,4,25
"1255",51,1,68,6,27,3,29
"1256",0,0,0,0,0,0,0
"1257",0,0,0,0,0,0,0
"1258",72,9,69,12,27,9,44
"1259",0,0,0,0,0,0,0
"1260",0,0,0,0,0,0,0
"1261",63,5,65,5,36,8,38
"1262",66,5,72,8,30,4,37
"1263",51,5,76,7,33,5,37
"1264",0,0,0,0,0,0,0
"1265",55,4,75,8,24,11,39
"1266",46,10,74,11,31,11,32
"1267",49,3,67,12,34,10,29
"1268",53,4,87,9,31,10,33
"1269",49,7,77,6,28,9,33
"1270",0,0,0,0,0,0,0
"1271",54,4,67,5,27,8,29
"1272",57,4,67,8,35,4,36
"1273",55,0,62,0,0,0,0
"1274",0,0,0,0,0,0,0
"1275",0,0,0,0,0,0,0
"1276",64,3,61,4,30,6,34
"1277",0,0,0,0,0,0,0
"1278",56,7,68,11,24,10,31
"1279",43,6,65,6,18,3,29
"1280",60,9,73,6,41,15,42
"1281",0,0,0,0,0,0,0
"1282",60,0,70,0,0,0,0
"1283",0,0,0,0,0,0,0
"1284",59,2,83,3,30,7,37
"1285",52,7,72,9,34,8,43
"1286",0,0,0,0,0,0,0
"1287",0,0,0,0,0,0,0
"1288",0,0,0,0,0,0,0
"1289",58,0,70,0,0,0,0
"1290",55,5,71,7,30,7,35
"1291",0,0,0,0,0,0,0
"1292",0,0,0,0,0,0,0
"1293",0,0,0,0,0,0,0
"1294",0,0,0,0,0,0,0
"1295",0,0,0,0,0,0,0
"1296",57,4,78,9,29,11,35
"1297",61,5,66,3,32,15,46
"1298",0,0,0,0,0,0,0
"1299",0,0,0,0,0,0,0
"1300",45,5,73,10,31,9,35
"1301",55,5,85,8,37,12,39
"1302",0,0,0,0,0,0,0
"1303",49,4,77,4,35,4,36
"1304",0,0,0,0,0,0,0
"1305",64,2,84,13,24,14,43
"1306",0,0,0,0,0,0,0
"1307",43,4,76,4,36,7,35
"1308",38,4,66,6,39,12,40
"1309",0,0,0,0,0,0,0
"1310",44,0,75,0,0,0,1
"1311",48,6,75,9,41,9,37
"1312",0,0,0,0,0,0,0
"1313",63,2,71,3,29,6,39
"1314",0,0,0,0,0,0,0
"1315",48,5,80,8,31,8,40
"1316",0,0,0,0,0,0,0
"1317",0,0,1,0,0,0,0
"1318",51,0,92,0,0,0,0
"1319",62,6,73,9,27,10,42
"1320",0,0,0,0,0,0,0
"1321",0,0,0,0,0,0,0
"1322",41,7,74,10,33,5,40
"1323",58,5,62,8,32,6,27
"1324",59,7,67,6,31,6,31
"1325",55,4,60,8,33,2,30
"1326",41,5,61,6,33,5,33
"1327",64,5,67,7,28,9,44
"1328",49,0,65,0,0,0,0
"1329",41,4,77,6,36,7,36
"1330",0,0,0,0,0,0,0
"1331",60,1,77,4,29,6,34
"1332",59,2,58,7,38,9,38
"1333",69,1,72,11,37,12,42
"1334",0,0,0,0,0,0,0
"1335",0,0,0,0,0,0,0
"1336",55,3,62,9,33,7,37
"1337",49,0,65,9,33,6,40
"1338",53,7,68,10,35,11,29
"1339",0,0,0,0,0,0,0
"1340",59,0,66,0,0,0,0
"1341",0,0,0,0,0,0,0
"1342",54,4,68,3,35,5,39
"1343",0,0,0,0,0,0,0
"1344",54,5,67,6,24,8,26
"1345",0,0,0,0,0,0,0
"1346",48,3,74,9,32,7,40
"1347",53,3,85,6,47,16,30
"1348",0,0,1,0,0,0,0
"1349",47,7,79,6,37,7,38
"1350",50,4,72,7,24,8,32
"1351",49,5,69,8,28,10,36
"1352",44,3,77,9,41,9,33
"1353",62,0,72,0,0,0,0
"1354",61,0,68,0,0,0,1
"1355",0,0,0,0,0,0,0
"1356",0,0,0,0,0,0,0
"1357",0,0,0,0,0,0,0
"1358",52,5,65,10,43,6,31
"1359",0,0,0,0,0,0,0
"1360",56,4,80,4,26,7,31
"1361",61,3,65,8,33,8,38
"1362",49,4,65,8,35,9,37
"1363",61,6,73,5,34,14,40
"1364",57,4,81,10,28,5,36
"1365",61,3,60,5,31,10,32
"1366",51,0,80,0,0,0,0
"1367",54,0,64,0,0,0,0
"1368",0,0,0,0,0,0,0
"1369",0,0,0,0,0,0,0
"1370",67,4,69,8,35,14,46
"1371",65,6,79,9,32,7,38
"1372",0,0,0,0,0,0,0
"1373",56,0,67,0,0,0,0
"1374",0,0,0,0,0,0,0
"1375",53,4,79,9,35,8,27
"1376",57,3,89,3,29,11,23
"1377",0,0,1,0,0,0,0
"1378",0,0,0,0,0,0,0
"1379",57,7,77,10,30,10,36
"1380",66,4,66,5,33,14,40
"1381",0,0,0,0,0,0,0
"1382",0,0,1,0,0,0,0
"1383",0,0,0,0,0,0,0
"1384",0,0,1,0,0,0,0
"1385",0,0,0,0,0,0,0
"1386",56,1,63,7,28,12,39
"1387",67,4,86,8,35,10,33
"1388",52,2,75,8,30,10,42
"1389",45,1,68,11,38,7,36
"1390",0,0,0,0,0,0,0
"1391",0,0,0,0,0,0,0
"1392",0,0,0,0,0,0,0
"1393",67,4,57,7,30,4,34
"1394",0,0,0,0,0,0,0
"1395",51,7,74,8,30,8,33
"1396",62,3,55,4,29,4,30
"1397",49,2,69,10,30,7,42
"1398",0,0,1,0,0,0,0
"1399",0,0,0,0,0,0,0
"1400",52,0,99,0,0,0,0
"1401",45,2,67,2,37,8,28
"1402",64,1,74,3,30,5,28
"1403",0,0,0,0,0,0,0
"1404",43,4,80,4,31,9,28
"1405",0,0,0,0,0,0,0
"1406",60,7,70,5,25,4,28
"1407",0,0,0,0,0,0,0
"1408",52,9,70,8,32,10,39
"1409",0,0,0,0,0,0,0
"1410",52,2,66,2,33,9,39
"1411",40,4,79,6,33,15,36
"1412",56,2,63,6,24,8,33
"1413",0,0,0,0,0,0,0
"1414",52,0,75,0,0,0,0
"1415",0,0,0,0,0,0,0
"1416",0,0,0,0,0,0,0
"1417",59,6,81,5,30,11,39
"1418",53,6,65,8,33,8,28
"1419",57,5,57,7,37,13,32
"1420",49,2,64,8,34,12,44
"1421",50,2,76,4,29,6,39
"1422",0,0,0,0,0,0,0
"1423",0,0,0,0,0,0,0
"1424",0,0,0,0,0,0,0
"1425",54,5,60,7,31,8,32
"1426",56,1,62,8,32,11,33
"1427",60,4,64,5,24,7,30
"1428",52,6,58,8,29,9,36
"1429",0,0,0,0,0,0,0
"1430",43,4,74,9,35,8,31
"1431",46,4,73,7,43,13,41
"1432",58,7,78,8,37,12,42
"1433",42,4,59,9,33,7,32
"1434",59,4,70,8,33,10,37
"1435",55,3,72,8,33,15,33
"1436",0,0,0,0,0,0,0
"1437",1,0,1,0,0,0,0
"1438",0,0,0,0,0,0,0
"1439",67,5,80,9,35,12,34
"1440",0,0,0,0,0,0,0
"1441",0,0,0,0,0,0,0
"1442",43,3,67,3,33,7,42
"1443",52,4,79,9,33,7,34
"1444",0,0,0,0,0,0,0
"1445",56,3,79,4,27,7,31
"1446",42,2,71,8,33,9,28
"1447",1,0,0,0,0,0,0
"1448",0,0,0,0,0,0,0
"1449",57,3,59,8,34,16,39
"1450",56,4,69,6,42,12,42
"1451",62,3,77,5,34,9,37
"1452",71,4,70,6,32,10,41
"1453",0,0,0,0,0,0,0
"1454",0,0,0,0,0,0,0
"1455",43,4,74,5,38,6,34
"1456",0,0,0,0,0,0,0
"1457",55,6,81,5,37,8,33
"1458",0,0,1,0,0,0,0
"1459",0,0,1,0,0,0,0
"1460",0,0,0,0,0,0,0
"1461",58,4,83,11,41,9,30
"1462",0,0,1,0,0,0,0
"1463",0,0,0,0,0,0,0
"1464",50,4,86,6,29,9,32
"1465",54,2,81,2,23,3,18
"1466",50,6,70,7,27,7,42
"1467",47,3,68,7,23,13,31
"1468",66,0,71,0,0,0,0
"1469",52,6,63,5,35,6,40
"1470",0,0,0,0,0,0,0
"1471",57,1,66,6,31,9,36
"1472",49,3,84,5,31,10,43
"1473",65,8,73,6,35,12,39
"1474",57,3,57,5,43,10,41
"1475",39,7,75,14,53,7,42
"1476",0,0,0,0,0,0,0
"1477",54,8,70,7,25,6,23
"1478",46,3,67,6,39,5,44
"1479",59,7,73,12,33,12,33
"1480",0,0,0,0,0,0,0
"1481",0,0,0,0,0,0,0
"1482",0,0,0,0,0,0,0
"1483",63,5,67,12,26,11,36
"1484",0,0,1,0,0,0,0
"1485",58,3,75,5,25,3,39
"1486",0,0,0,0,0,0,0
"1487",0,0,0,0,0,0,0
"1488",52,5,73,6,36,8,36
"1489",0,0,0,0,0,0,0
"1490",61,3,74,8,35,10,37
"1491",54,9,59,7,33,11,46
"1492",0,0,0,0,0,0,0
"1493",47,4,73,4,40,10,41
"1494",0,0,0,0,0,0,0
"1495",0,0,0,0,0,0,0
"1496",65,4,69,4,24,8,34
"1497",0,0,0,0,0,0,0
"1498",60,3,74,11,33,12,32
"1499",0,0,0,0,0,0,0
"1500",54,4,70,9,29,4,32
"1501",54,5,75,10,32,9,37
"1502",47,4,69,9,35,7,36
"1503",57,4,69,10,44,9,37
"1504",0,0,0,0,0,0,0
"1505",0,0,0,0,0,0,0
"1506",55,3,62,9,37,6,39
"1507",63,6,80,6,39,9,36
"1508",1,0,0,0,0,0,0
"1509",0,0,0,0,0,0,0
"1510",62,0,77,0,0,0,0
"1511",57,8,79,10,35,6,33
"1512",0,0,0,0,0,0,0
"1513",0,0,0,0,0,0,0
"1514",0,0,0,0,0,0,0
"1515",0,0,0,0,0,0,0
"1516",0,0,0,0,0,0,0
"1517",50,4,45,9,46,9,39
"1518",0,0,0,0,0,0,0
"1519",45,5,66,6,24,4,29
"1520",51,4,57,4,28,11,36
"1521",63,2,76,5,30,8,45
"1522",52,7,61,8,34,6,32
"1523",59,4,69,10,29,5,26
"1524",60,5,71,8,42,5,32
"1525",56,5,85,6,34,13,37
"1526",59,3,70,6,28,11,38
"1527",0,0,0,0,0,0,0
"1528",0,0,0,0,0,0,0
"1529",55,5,62,6,30,9,30
"1530",48,5,79,6,29,6,39
"1531",49,1,84,8,28,8,29
"1532",0,0,0,0,0,0,0
"1533",58,5,75,7,29,11,38
"1534",59,4,62,3,28,5,31
"1535",54,1,59,10,32,5,36
"1536",0,0,0,0,0,0,0
"1537",51,5,81,5,35,9,44
"1538",43,6,59,13,26,10,41
"1539",62,6,67,4,43,6,35
"1540",0,0,0,0,0,0,0
"1541",57,5,80,9,34,11,29
"1542",45,3,74,10,39,10,32
"1543",46,4,88,5,22,2,42
"1544",0,0,0,0,0,0,0
"1545",48,6,62,11,29,7,34
"1546",1,0,0,0,0,0,0
"1547",49,5,86,12,21,10,37
"1548",0,0,0,0,0,0,0
"1549",59,2,60,10,40,13,32
"1550",0,0,0,0,0,0,0
"1551",56,2,69,3,38,8,36
"1552",48,1,70,8,32,11,33
"1553",65,4,73,10,29,13,37
"1554",45,6,71,11,30,10,36
"1555",58,7,82,5,35,7,34
"1556",0,0,0,0,0,0,0
"1557",0,0,0,0,0,0,0
"1558",61,3,70,3,24,4,37
"1559",49,4,77,7,30,9,42
"1560",0,0,0,0,0,0,0
"1561",48,0,74,0,0,0,0
"1562",60,6,66,4,30,7,32
"1563",0,0,0,0,0,0,0
"1564",59,2,78,7,38,11,41
"1565",63,5,85,8,39,9,40
"1566",0,0,0,0,0,0,0
"1567",49,7,78,7,33,12,40
"1568",66,4,66,14,34,9,31
"1569",0,0,0,0,0,0,0
"1570",0,0,1,0,0,0,0
"1571",0,0,0,0,0,0,0
"1572",51,8,79,10,39,9,45
"1573",53,6,60,10,22,10,34
"1574",49,5,80,12,27,8,37
"1575",58,8,80,10,36,12,39
"1576",50,4,63,11,35,12,43
"1577",50,5,74,9,43,7,34
"1578",0,0,0,0,0,0,0
"1579",0,0,1,0,0,0,0
"1580",0,0,0,0,0,0,0
"1581",52,2,67,10,35,10,29
"1582",65,6,72,8,33,13,34
"1583",0,0,0,0,0,0,0
"1584",57,3,74,8,28,8,33
"1585",51,3,74,7,33,3,32
"1586",42,6,72,6,26,4,32
"1587",64,0,78,0,0,0,0
"1588",58,2,63,10,33,9,31
"1589",0,0,0,0,0,0,0
"1590",46,3,80,12,34,5,36
"1591",0,0,0,0,0,0,0
"1592",0,0,1,0,0,0,0
"1593",59,0,75,0,0,0,0
"1594",50,3,96,12,39,5,39
"1595",0,0,0,0,0,0,0
"1596",61,5,81,11,35,11,34
"1597",44,4,73,7,30,9,32
"1598",0,0,0,0,0,0,0
"1599",0,0,0,0,0,0,0
"1600",0,0,0,0,0,0,0
"1601",59,1,72,8,30,9,40
"1602",56,1,81,6,28,7,30
"1603",52,2,75,14,33,9,33
"1604",53,0,70,0,0,0,0
"1605",0,0,0,0,0,0,0
"1606",0,0,0,0,0,0,0
"1607",50,3,61,9,29,6,28
"1608",52,3,66,6,32,11,31
"1609",0,0,0,0,0,0,0
"1610",0,0,0,0,0,0,0
"1611",46,6,64,4,24,9,33
"1612",60,7,59,8,32,7,38
"1613",66,4,64,5,37,10,39
"1614",51,5,89,9,30,4,40
"1615",60,2,84,8,37,8,37
"1616",0,0,0,0,0,0,0
"1617",0,0,0,0,0,0,0
"1618",47,5,76,7,34,6,34
"1619",49,3,71,3,29,9,26
"1620",53,5,78,6,33,10,43
"1621",0,0,0,0,0,0,0
"1622",0,0,0,0,0,0,0
"1623",1,0,0,0,0,0,0
"1624",48,0,87,0,0,0,0
"1625",54,5,69,13,27,8,42
"1626",56,4,64,8,32,5,31
"1627",0,0,1,0,0,0,0
"1628",0,0,0,0,0,0,0
"1629",0,0,0,0,0,0,0
"1630",0,0,0,0,0,0,0
"1631",60,2,57,12,29,5,36
"1632",0,0,0,0,0,0,0
"1633",44,4,85,8,31,7,35
"1634",43,3,74,9,40,11,36
"1635",53,0,65,0,0,0,0
"1636",0,0,1,0,0,0,0
"1637",51,0,58,0,0,0,0
"1638",52,2,66,7,35,4,34
"1639",53,5,71,10,29,13,30
"1640",64,4,77,5,30,8,41
"1641",49,8,77,5,30,10,33
"1642",52,2,64,12,42,8,38
"1643",0,0,1,0,0,0,0
"1644",50,2,66,9,28,11,39
"1645",47,5,59,7,28,7,44
"1646",0,0,0,0,0,0,0
"1647",60,6,69,9,32,8,38
"1648",0,0,0,0,0,0,0
"1649",0,0,0,0,0,0,0
"1650",61,8,76,10,38,13,41
"1651",53,4,60,5,33,9,27
"1652",58,2,78,4,39,7,32
"1653",56,6,58,6,35,7,38
"1654",0,0,0,0,0,0,0
"1655",59,6,64,5,28,6,38
"1656",46,1,70,9,44,5,41
"1657",57,5,70,8,37,12,43
"1658",49,5,49,7,32,10,27
"1659",47,5,70,10,35,8,31
"1660",47,3,61,9,23,4,37
"1661",0,0,0,0,0,0,0
"1662",54,4,75,3,24,8,33
"1663",0,0,0,0,0,0,0
"1664",0,0,0,0,0,0,0
"1665",0,0,0,0,0,0,0
"1666",57,3,67,5,35,13,31
"1667",0,0,0,0,0,0,0
"1668",0,0,0,0,0,0,0
"1669",0,0,0,0,0,0,0
"1670",65,3,66,10,38,9,31
"1671",0,0,0,0,0,0,0
"1672",60,4,78,9,38,6,34
"1673",0,0,0,0,0,0,0
"1674",59,3,69,3,18,11,34
"1675",53,14,65,8,39,5,44
"1676",62,9,69,8,33,5,38
"1677",58,0,85,0,1,1,0
"1678",58,4,74,11,31,10,31
"1679",0,0,0,0,0,0,0
"1680",0,0,0,0,0,0,0
"1681",71,4,48,4,23,12,40
"1682",0,0,0,0,0,0,0
"1683",58,6,71,2,31,12,28
"1684",0,0,0,0,0,0,0
"1685",57,0,74,0,0,0,0
"1686",54,0,81,0,0,0,0
"1687",47,2,78,10,34,9,33
"1688",0,0,0,0,0,0,0
"1689",0,0,0,0,0,0,0
"1690",62,7,75,8,35,8,34
"1691",53,2,68,8,32,5,40
"1692",1,0,0,0,0,0,0
"1693",0,0,0,0,0,0,0
"1694",57,0,75,0,0,0,0
"1695",0,0,0,0,0,0,0
"1696",0,0,2,0,0,0,0
"1697",45,2,79,5,27,4,21
"1698",53,3,60,7,34,7,34
"1699",57,6,78,5,25,1,33
"1700",47,6,76,9,29,12,35
"1701",0,0,1,0,0,0,0
"1702",41,0,75,0,0,0,0
"1703",43,2,69,7,34,7,37
"1704",48,4,67,7,39,6,28
"1705",60,0,72,0,0,0,0
"1706",61,4,74,8,36,4,39
"1707",0,0,0,0,0,0,0
"1708",0,0,0,0,0,0,0
"1709",46,3,65,6,29,8,32
"1710",52,4,67,7,33,10,37
"1711",0,0,0,0,0,0,0
"1712",0,0,0,0,0,0,0
"1713",0,0,1,0,0,0,0
"1714",0,0,1,0,0,0,0
"1715",0,0,0,0,0,0,0
"1716",0,0,0,0,0,0,0
"1717",0,0,0,0,0,0,0
"1718",0,0,0,0,0,0,0
"1719",56,7,63,5,34,7,32
"1720",59,6,73,9,32,8,36
"1721",0,0,0,0,0,0,0
"1722",0,0,0,0,0,0,0
"1723",0,0,0,0,0,0,0
"1724",0,0,0,0,0,0,0
"1725",45,4,77,11,33,4,42
"1726",52,6,82,12,24,11,44
"1727",0,0,0,0,0,0,0
"1728",58,4,57,6,19,7,36
"1729",41,6,76,5,27,14,38
"1730",0,0,0,0,0,0,0
"1731",50,0,61,0,0,0,0
"1732",0,0,0,0,0,0,0
"1733",54,0,71,0,0,0,1
"1734",0,0,0,0,0,0,0
"1735",0,0,0,0,0,0,0
"1736",49,3,72,7,40,10,34
"1737",45,3,61,6,36,9,30
"1738",0,0,0,0,0,0,0
"1739",0,0,0,0,0,0,0
"1740",53,5,74,12,38,4,31
"1741",0,0,0,0,0,0,0
"1742",49,2,73,9,31,12,37
"1743",65,0,70,0,0,0,0
"1744",0,0,1,0,0,0,0
"1745",0,0,0,0,0,0,0
"1746",0,0,0,0,0,0,0
"1747",0,0,0,0,0,0,0
"1748",0,0,0,0,0,0,0
"1749",0,0,0,0,0,0,0
"1750",51,4,70,5,24,8,33
"1751",0,0,0,0,0,0,0
"1752",68,4,81,8,30,5,35
"1753",0,0,0,0,0,0,0
"1754",0,0,1,0,0,0,0
"1755",0,0,0,0,0,0,0
"1756",0,0,0,0,0,0,0
"1757",51,5,77,12,37,8,38
"1758",48,4,63,12,30,8,37
"1759",0,0,0,0,0,0,0
"1760",52,3,67,10,35,10,36
"1761",0,0,0,0,0,0,0
"1762",46,2,54,9,36,4,32
"1763",50,8,76,9,34,8,29
"1764",0,0,0,0,0,0,0
"1765",0,0,0,0,0,0,0
"1766",65,4,83,7,29,5,32
"1767",0,0,0,0,0,0,0
"1768",39,4,72,7,32,7,37
"1769",0,0,0,0,0,0,0
"1770",60,6,75,8,39,4,32
"1771",0,0,0,0,0,0,0
"1772",0,0,0,0,0,0,0
"1773",48,4,75,7,24,7,37
"1774",0,0,0,0,0,0,0
"1775",51,3,72,6,39,5,35
"1776",45,2,53,7,34,11,37
"1777",58,0,68,0,0,0,0
"1778",45,3,78,3,32,13,23
"1779",0,0,0,0,0,0,0
"1780",64,8,60,11,36,14,36
"1781",0,0,0,0,0,0,0
"1782",54,1,77,7,29,7,42
"1783",56,5,62,7,31,9,28
"1784",53,7,85,8,26,11,35
"1785",0,0,0,0,0,0,0
"1786",0,0,0,0,0,0,0
"1787",53,0,67,0,0,0,0
"1788",57,5,63,7,43,3,36
"1789",50,3,88,8,24,5,32
"1790",0,0,0,0,0,0,0
"1791",0,0,0,0,0,0,0
"1792",0,0,0,0,0,0,0
"1793",50,0,53,0,0,0,0
"1794",0,0,0,0,0,0,0
"1795",0,0,0,0,0,0,0
"1796",1,0,0,0,0,0,0
"1797",42,3,72,8,29,10,32
"1798",51,6,60,7,28,11,31
"1799",0,0,0,0,0,0,0
"1800",0,0,1,0,0,0,0
"1801",48,6,66,7,29,9,38
"1802",0,0,0,0,0,0,0
"1803",0,0,0,0,0,0,0
"1804",0,0,0,0,0,0,0
"1805",51,2,67,6,33,10,26
"1806",0,0,0,0,0,0,0
"1807",0,0,0,0,0,0,0
"1808",0,0,0,0,0,0,0
"1809",0,0,0,0,0,0,0
"1810",48,5,62,5,35,8,39
"1811",0,0,0,0,0,0,0
"1812",54,4,64,5,38,8,38
"1813",38,2,70,4,29,5,34
"1814",61,4,69,17,33,10,35
"1815",0,0,0,0,0,0,0
"1816",55,4,72,5,40,12,39
"1817",65,2,76,3,32,8,27
"1818",0,0,0,0,0,0,0
"1819",66,2,75,5,31,3,37
"1820",50,3,66,7,27,5,41
"1821",0,0,0,0,0,0,0
"1822",53,8,71,6,33,9,39
"1823",60,7,77,8,33,8,44
"1824",60,5,64,5,26,11,22
"1825",62,6,86,7,30,2,47
"1826",55,2,78,8,30,7,30
"1827",0,0,0,0,0,0,0
"1828",62,3,75,10,36,8,34
"1829",58,3,73,5,41,7,32
"1830",0,0,0,0,0,0,0
"1831",0,0,2,0,0,0,0
"1832",52,0,67,0,0,0,1
"1833",53,0,79,0,0,0,0
"1834",64,4,67,14,23,1,36
"1835",0,0,0,0,0,0,0
"1836",64,4,84,10,33,3,25
"1837",0,0,0,0,0,0,0
"1838",44,8,67,9,32,8,37
"1839",0,0,0,0,0,0,0
"1840",57,0,57,0,0,0,0
"1841",1,0,1,0,0,0,0
"1842",0,0,0,0,0,0,0
"1843",0,0,0,0,0,0,0
"1844",53,6,63,10,36,7,28
"1845",58,5,77,5,27,8,36
"1846",0,0,0,0,0,0,0
"1847",51,0,73,0,0,0,0
"1848",0,0,0,0,0,0,0
"1849",53,0,88,0,0,0,0
"1850",49,3,74,5,39,11,35
"1851",53,1,72,5,31,11,42
"1852",0,0,0,0,0,0,0
"1853",59,4,71,8,33,10,33
"1854",48,3,77,14,31,8,44
"1855",61,0,67,0,0,0,0
"1856",0,0,0,0,0,0,0
"1857",61,4,63,9,28,11,28
"1858",48,5,80,9,37,10,30
"1859",52,4,82,5,31,11,35
"1860",56,4,68,7,29,8,29
"1861",41,4,80,1,32,9,32
"1862",0,0,0,0,0,0,0
"1863",0,0,0,0,0,0,0
"1864",70,6,75,8,42,9,38
"1865",0,0,0,0,0,0,0
"1866",0,0,0,0,0,0,0
"1867",60,7,70,12,33,10,29
"1868",58,5,67,9,27,10,44
"1869",46,5,70,7,32,10,36
"1870",59,0,79,0,0,0,0
"1871",45,0,85,0,0,0,0
"1872",0,0,0,0,0,0,0
"1873",0,0,0,0,0,0,0
"1874",56,0,61,0,0,0,0
"1875",68,7,68,4,27,9,30
"1876",0,0,0,0,0,0,0
"1877",41,4,76,7,43,14,31
"1878",49,3,87,8,30,9,35
"1879",54,2,64,5,38,12,28
"1880",0,0,0,0,0,0,0
"1881",61,4,76,11,40,14,37
"1882",0,0,0,0,0,0,0
"1883",51,8,75,10,38,9,28
"1884",57,1,67,5,31,7,38
"1885",53,4,67,10,33,6,36
"1886",0,0,0,0,0,0,0
"1887",57,0,60,0,0,0,0
"1888",57,0,81,0,0,0,0
"1889",0,0,0,0,0,0,0
"1890",68,0,85,0,0,0,0
"1891",62,7,78,7,32,8,43
"1892",54,0,74,0,0,0,1
"1893",0,0,0,0,0,0,0
"1894",50,5,70,11,30,8,30
"1895",57,7,72,9,41,8,42
"1896",38,3,59,6,39,15,37
"1897",43,5,67,4,24,9,39
"1898",0,0,1,0,0,0,0
"1899",53,0,75,0,0,0,0
"1900",0,0,0,0,0,0,0
"1901",53,3,60,12,34,7,31
"1902",0,0,0,0,0,0,0
"1903",0,0,1,0,0,0,0
"1904",69,3,62,4,31,7,36
"1905",56,0,71,0,0,0,1
"1906",0,0,0,0,0,0,0
"1907",55,4,67,13,32,7,38
"1908",59,6,62,8,23,6,27
"1909",60,3,69,6,29,5,33
"1910",0,0,0,0,0,0,0
"1911",55,0,67,0,0,0,0
"1912",72,3,65,8,38,10,35
"1913",0,0,0,0,0,0,0
"1914",52,3,74,2,34,8,35
"1915",0,0,0,0,0,0,0
"1916",55,4,74,10,42,7,44
"1917",45,11,79,5,30,7,35
"1918",0,0,0,0,0,0,0
"1919",59,5,66,9,28,6,35
"1920",0,0,0,0,0,0,0
"1921",56,5,70,8,26,6,34
"1922",0,0,0,0,0,0,0
"1923",56,2,65,4,30,7,40
"1924",0,0,0,0,0,0,0
"1925",56,5,72,4,37,7,36
"1926",60,3,71,5,33,7,31
"1927",0,0,0,0,0,0,0
"1928",59,2,77,13,35,9,36
"1929",0,0,0,0,0,0,0
"1930",43,2,73,5,31,11,43
"1931",0,0,0,0,0,0,0
"1932",57,4,65,9,27,10,32
"1933",55,4,81,13,36,9,33
"1934",0,0,0,0,0,0,0
"1935",38,6,72,9,40,5,36
"1936",54,2,70,10,23,6,32
"1937",0,0,0,0,0,0,0
"1938",45,4,66,5,38,7,41
"1939",61,8,75,9,26,12,37
"1940",56,4,74,7,41,4,30
"1941",0,0,0,0,0,0,0
"1942",54,6,65,11,41,9,37
"1943",0,0,0,0,0,0,0
"1944",49,1,70,7,27,7,40
"1945",56,6,70,12,32,9,40
"1946",53,3,62,2,31,12,36
"1947",0,0,0,0,0,0,0
"1948",63,5,65,8,28,8,31
"1949",0,0,0,0,0,0,0
"1950",0,0,0,0,0,0,0
"1951",0,0,0,0,0,0,0
"1952",0,0,0,0,0,0,0
"1953",0,0,0,0,0,0,0
"1954",0,0,0,0,0,0,0
"1955",55,3,62,4,33,7,31
"1956",0,0,0,0,0,0,0
"1957",0,0,1,0,0,0,0
"1958",0,0,0,0,0,0,0
"1959",53,3,73,8,30,7,38
"1960",55,9,76,5,37,10,37
"1961",0,0,0,0,0,0,0
"1962",74,6,78,7,31,8,30
"1963",0,0,0,0,0,0,0
"1964",48,5,78,8,28,10,32
"1965",63,6,70,11,19,4,30
"1966",54,9,61,5,31,6,34
"1967",56,8,85,7,31,10,31
"1968",0,0,0,0,0,0,0
"1969",0,0,2,0,0,0,0
"1970",0,0,0,0,0,0,0
"1971",44,0,65,0,0,0,0
"1972",44,2,70,13,27,8,31
"1973",58,6,74,7,32,6,30
"1974",0,0,0,0,0,0,0
"1975",59,2,70,9,23,6,42
"1976",58,4,70,6,33,10,39
"1977",42,2,75,4,35,9,27
"1978",47,8,78,9,33,5,31
"1979",56,3,78,10,30,10,31
"1980",53,0,75,0,0,0,1
"1981",0,0,0,0,0,0,0
"1982",0,0,0,0,0,0,0
"1983",0,0,0,0,0,0,0
"1984",61,5,69,8,33,6,35
"1985",0,0,0,0,0,0,0
"1986",51,0,58,0,0,0,0
"1987",48,4,64,7,33,10,36
"1988",58,6,65,8,33,4,34
"1989",0,0,0,0,0,0,0
"1990",56,2,52,11,35,8,31
"1991",0,0,0,0,0,0,0
"1992",65,2,71,8,32,11,36
"1993",55,2,73,5,27,8,29
"1994",0,0,0,0,0,0,0
"1995",0,0,0,0,0,0,0
"1996",0,0,0,0,0,0,0
"1997",46,4,69,7,32,5,43
"1998",49,6,62,12,27,17,31
"1999",60,0,70,0,0,0,0
"2000",0,0,0,0,0,0,0
"2001",54,9,86,7,28,9,39
"2002",58,3,73,5,34,6,24
"2003",54,2,71,7,28,9,38
"2004",0,0,0,0,0,0,0
"2005",37,4,67,2,36,8,36
"2006",52,2,72,11,40,4,43
"2007",0,0,0,0,0,0,0
"2008",57,11,80,9,39,11,36
"2009",0,0,0,0,0,0,0
"2010",57,4,72,11,32,10,39
"2011",0,0,0,0,0,0,0
"2012",59,4,62,10,38,9,33
"2013",56,5,72,6,22,6,34
"2014",60,0,63,0,0,0,0
"2015",56,0,54,0,0,0,0
"2016",0,0,0,0,0,0,0
"2017",0,0,0,0,0,0,0
"2018",52,4,57,12,36,12,35
"2019",0,0,0,0,0,0,0
"2020",0,0,0,0,0,0,0
"2021",0,0,0,0,0,0,0
"2022",52,4,68,11,34,9,38
"2023",0,0,0,0,0,0,0
"2024",60,5,73,10,35,9,34
"2025",46,7,83,8,36,16,33
"2026",54,5,75,7,30,6,28
"2027",61,7,79,8,30,5,33
"2028",60,8,67,7,33,11,38
"2029",53,4,61,7,34,11,31
"2030",54,4,58,3,24,9,33
"2031",57,1,66,9,34,7,36
"2032",46,6,69,5,27,6,29
"2033",64,3,69,6,34,5,33
"2034",56,6,65,13,29,5,35
"2035",0,0,0,0,0,0,0
"2036",0,0,0,0,0,0,0
"2037",61,3,67,9,45,13,42
"2038",0,0,0,0,0,0,0
"2039",0,0,2,0,0,0,0
"2040",59,1,77,8,31,6,36
"2041",0,0,0,0,0,0,0
"2042",54,0,66,7,35,9,34
"2043",56,7,93,9,32,6,38
"2044",48,3,78,9,35,6,31
"2045",44,7,46,7,32,10,35
"2046",0,0,0,0,0,0,0
"2047",0,0,0,0,0,0,0
"2048",49,2,61,4,28,5,34
"2049",68,4,69,3,43,9,24
"2050",0,0,0,0,0,0,0
"2051",48,3,66,11,39,9,43
"2052",0,0,0,0,0,0,0
"2053",49,7,85,8,36,6,30
"2054",0,0,0,0,0,0,0
"2055",57,6,79,6,36,4,39
"2056",54,9,77,7,34,8,24
"2057",62,2,75,3,37,7,39
"2058",0,0,0,0,0,0,0
"2059",0,0,0,0,0,0,0
"2060",0,0,1,0,0,0,0
"2061",0,0,0,0,0,0,0
"2062",0,0,0,0,0,0,0
"2063",0,0,0,0,0,0,0
"2064",55,9,86,4,27,8,38
"2065",0,0,0,0,0,0,0
"2066",57,7,68,4,32,7,38
"2067",0,0,0,0,0,0,0
"2068",50,2,56,6,30,3,27
"2069",52,5,67,10,31,9,31
"2070",56,4,80,11,39,9,38
"2071",54,5,73,4,21,2,34
"2072",47,6,65,6,41,9,35
"2073",58,5,68,5,31,11,37
"2074",62,5,71,5,31,8,33
"2075",0,0,0,0,0,0,0
"2076",60,2,70,4,33,8,29
"2077",0,0,0,0,0,0,0
"2078",47,8,79,6,31,9,36
"2079",0,0,0,0,0,0,0
"2080",62,3,64,13,32,9,33
"2081",53,6,76,13,29,9,25
"2082",0,0,0,0,0,0,0
"2083",57,6,71,4,33,10,36
"2084",0,0,0,0,0,0,0
"2085",0,0,0,0,0,0,0
"2086",51,3,65,9,29,7,38
"2087",55,3,66,5,34,12,40
"2088",65,6,64,7,31,8,43
"2089",46,0,92,0,0,0,0
"2090",1,0,0,0,0,0,0
"2091",58,0,88,0,1,0,0
"2092",56,3,61,3,38,11,46
"2093",44,7,73,7,34,7,26
"2094",0,0,0,0,0,0,0
"2095",0,0,0,0,0,0,0
"2096",48,1,53,7,35,9,33
"2097",0,0,0,0,0,0,0
"2098",56,0,85,0,0,0,0
"2099",58,4,86,8,32,7,35
"2100",49,4,80,6,28,10,39
"2101",0,0,0,0,0,0,0
"2102",56,6,73,5,34,8,38
"2103",46,4,69,5,26,14,38
"2104",74,0,76,0,0,0,0
"2105",0,0,0,0,0,0,0
"2106",55,5,77,10,28,13,32
"2107",53,8,67,11,34,8,25
"2108",57,4,78,4,30,10,30
"2109",79,0,68,0,0,0,1
"2110",59,9,70,5,33,13,35
"2111",0,0,0,0,0,0,0
"2112",62,5,74,11,34,9,33
"2113",0,0,1,0,0,0,0
"2114",61,10,85,9,31,10,44
"2115",55,0,70,0,0,0,0
"2116",54,0,71,0,0,0,0
"2117",0,0,0,0,0,0,0
"2118",51,5,67,7,39,10,40
"2119",64,6,73,11,31,9,33
"2120",56,4,70,10,34,6,42
"2121",57,3,74,3,36,6,31
"2122",0,0,1,0,0,0,0
"2123",66,3,82,4,25,8,36
"2124",0,0,0,0,0,0,0
"2125",0,0,0,0,0,0,0
"2126",0,0,0,0,0,0,0
"2127",0,0,0,0,0,0,0
"2128",55,5,73,6,28,5,32
"2129",0,0,0,0,0,0,0
"2130",49,3,73,6,25,9,39
"2131",65,5,82,5,36,13,39
"2132",55,3,60,9,26,8,34
"2133",0,0,0,0,0,0,0
"2134",53,3,67,9,37,8,37
"2135",49,5,75,9,30,9,32
"2136",0,0,0,0,0,0,0
"2137",42,5,75,14,41,8,39
"2138",0,0,1,0,0,0,0
"2139",0,0,0,0,0,0,0
"2140",45,4,59,10,31,11,45
"2141",0,0,0,0,0,0,0
"2142",55,3,78,7,31,11,36
"2143",59,3,64,5,30,8,36
"2144",0,0,0,0,0,0,0
"2145",61,5,83,7,26,10,30
"2146",59,5,63,7,34,8,32
"2147",60,4,64,13,34,7,38
"2148",50,2,74,9,22,7,40
"2149",0,0,0,0,0,0,0
"2150",60,2,71,8,36,10,38
"2151",0,0,0,0,0,0,0
"2152",61,7,82,5,40,13,36
"2153",0,0,0,0,0,0,0
"2154",0,0,0,0,0,0,0
"2155",52,3,66,9,30,7,31
"2156",0,0,0,0,0,0,0
"2157",61,5,56,8,34,9,38
"2158",0,0,0,0,0,0,0
"2159",0,0,0,0,0,0,0
"2160",52,2,71,13,27,13,36
"2161",0,0,0,0,0,0,0
"2162",0,0,0,0,0,0,0
"2163",36,6,78,6,27,3,35
"2164",0,0,2,0,0,0,0
"2165",75,5,83,4,30,14,40
"2166",56,5,66,8,41,3,28
"2167",0,0,0,0,0,0,0
"2168",45,5,74,6,29,9,36
"2169",0,0,0,0,0,0,0
"2170",0,0,0,0,0,0,0
"2171",0,0,1,0,0,0,0
"2172",59,4,69,5,36,12,31
"2173",49,3,67,9,33,9,36
"2174",58,0,83,0,0,0,0
"2175",45,0,77,0,0,0,0
"2176",0,0,1,0,0,0,0
"2177",59,4,72,3,23,10,34
"2178",55,2,76,11,32,9,27
"2179",44,5,70,2,31,12,41
"2180",0,0,1,0,0,0,0
"2181",49,3,70,13,38,7,29
"2182",0,0,0,0,0,0,0
"2183",61,3,64,6,26,14,25
"2184",57,3,78,7,31,9,42
"2185",0,0,0,0,0,0,0
"2186",53,6,71,7,36,7,40
"2187",55,3,75,9,38,11,34
"2188",71,6,63,9,35,10,33
"2189",51,4,68,9,30,13,34
"2190",58,8,67,7,18,8,25
"2191",71,2,74,7,34,9,36
"2192",53,0,81,4,38,7,46
"2193",0,0,0,0,0,0,0
"2194",0,0,0,0,0,0,0
"2195",45,5,59,5,31,6,32
"2196",0,0,0,0,0,0,0
"2197",43,0,70,0,0,0,0
"2198",61,6,73,6,30,4,33
"2199",0,0,0,0,0,0,0
"2200",51,4,61,12,37,9,37
"2201",0,0,0,0,0,0,0
"2202",57,5,77,5,31,3,43
"2203",57,4,82,3,33,3,30
"2204",62,7,84,9,31,7,38
"2205",0,0,0,0,0,0,0
"2206",0,0,0,0,0,0,0
"2207",0,0,0,0,0,0,0
"2208",0,0,0,0,0,0,0
"2209",56,5,65,5,36,13,31
"2210",0,0,1,0,0,0,0
"2211",43,0,75,0,0,0,0
"2212",0,0,0,0,0,0,0
"2213",0,0,1,0,0,0,0
"2214",0,0,0,0,0,0,0
"2215",48,3,70,11,25,5,32
"2216",47,0,72,0,0,0,0
"2217",0,0,0,0,0,0,0
"2218",59,4,59,5,38,7,40
"2219",0,0,0,0,0,0,0
"2220",61,6,68,5,37,8,37
"2221",0,0,0,0,0,0,0
"2222",0,0,0,0,0,0,0
"2223",45,0,70,0,0,0,0
"2224",44,5,72,8,31,11,39
"2225",50,4,69,9,37,7,35
"2226",52,2,78,6,30,9,34
"2227",0,0,0,0,0,0,0
"2228",0,0,0,0,0,0,0
"2229",48,8,62,11,33,9,32
"2230",0,0,0,0,0,0,0
"2231",0,0,0,0,0,0,0
"2232",0,0,0,0,0,0,0
"2233",47,3,67,9,34,8,37
"2234",57,7,80,6,37,8,49
"2235",46,6,82,9,34,6,24
"2236",50,0,86,0,0,0,0
"2237",54,4,73,8,40,11,36
"2238",52,0,70,0,0,0,0
"2239",50,2,81,4,28,13,33
"2240",61,8,56,3,32,10,43
"2241",0,0,0,0,0,0,0
"2242",60,5,78,6,27,9,34
"2243",0,0,0,0,0,0,0
"2244",0,0,1,0,0,0,0
"2245",48,5,74,8,36,9,35
"2246",59,0,75,0,0,0,0
"2247",53,1,66,6,27,8,41
"2248",0,0,0,0,0,0,0
"2249",0,0,0,0,0,0,0
"2250",46,7,73,10,39,10,41
"2251",58,4,72,10,27,13,37
"2252",59,5,73,10,37,6,42
"2253",0,0,0,0,0,0,0
"2254",0,0,0,0,0,0,0
"2255",52,4,74,3,33,6,36
"2256",50,3,79,17,36,11,35
"2257",0,0,0,0,0,0,0
"2258",50,7,61,5,38,12,34
"2259",38,6,72,10,36,5,43
"2260",0,0,0,0,0,0,0
"2261",54,4,77,7,31,9,26
"2262",0,0,0,0,0,0,0
"2263",58,4,72,5,28,5,31
"2264",46,4,63,9,38,4,29
"2265",44,5,71,7,30,7,34
"2266",0,0,0,0,0,0,0
"2267",52,5,73,15,36,6,32
"2268",0,0,0,0,0,0,0
"2269",50,2,66,5,30,1,33
"2270",53,5,71,7,33,11,25
"2271",48,5,68,6,43,7,32
"2272",58,6,78,11,35,6,31
"2273",46,4,79,6,33,8,31
"2274",64,6,70,6,30,7,36
"2275",0,0,0,0,0,0,0
"2276",52,2,53,10,29,10,29
"2277",0,0,0,0,0,0,0
"2278",0,0,0,0,0,0,0
"2279",52,2,82,10,34,8,32
"2280",0,0,0,0,0,0,0
"2281",44,2,74,11,37,15,44
"2282",0,0,0,0,0,0,0
"2283",54,3,74,7,29,4,36
"2284",52,0,81,0,0,1,0
"2285",0,0,0,0,0,0,0
"2286",46,11,68,8,32,9,44
"2287",0,0,0,0,0,0,0
"2288",0,0,0,0,0,0,0
"2289",55,5,80,7,36,11,39
"2290",0,0,0,0,0,0,0
"2291",52,3,73,7,33,10,37
"2292",68,0,79,0,0,0,0
"2293",51,5,65,11,31,10,38
"2294",0,0,0,0,0,0,0
"2295",50,0,68,0,0,0,0
"2296",55,0,68,0,0,0,0
"2297",58,3,74,6,36,7,36
"2298",0,0,0,0,0,0,0
"2299",57,7,65,8,29,7,31
"2300",0,0,0,0,0,0,0
"2301",66,0,79,0,1,0,0
"2302",53,4,71,8,35,7,31
"2303",0,0,0,0,0,0,0
"2304",49,6,65,5,31,3,23
"2305",49,3,83,7,28,8,43
"2306",52,5,76,5,24,6,42
"2307",53,2,71,6,41,4,34
"2308",0,0,0,0,0,0,0
"2309",0,0,1,0,0,0,0
"2310",51,3,68,11,35,6,30
"2311",0,0,0,0,0,0,0
"2312",0,0,0,0,0,0,0
"2313",49,6,81,7,36,10,37
"2314",0,0,1,0,0,0,0
"2315",48,1,72,12,28,13,39
"2316",73,2,60,6,30,7,27
"2317",0,0,0,0,0,0,0
"2318",0,0,0,0,0,0,0
"2319",0,0,0,0,0,0,0
"2320",0,0,0,0,0,0,0
"2321",0,0,0,0,0,0,0
"2322",56,5,84,6,42,12,43
"2323",0,0,0,0,0,0,0
"2324",65,4,85,3,25,9,34
"2325",68,2,72,10,42,10,36
"2326",54,3,56,8,31,10,43
"2327",0,0,0,0,0,0,0
"2328",0,0,0,0,0,0,0
"2329",44,8,60,11,31,5,32
"2330",0,0,0,0,0,0,0
"2331",0,0,0,0,0,0,0
"2332",0,0,0,0,0,0,0
"2333",53,6,79,6,21,8,33
"2334",0,0,0,0,0,0,0
"2335",0,0,0,0,0,0,0
"2336",0,0,0,0,0,0,0
"2337",0,0,0,0,0,0,0
"2338",47,6,82,8,26,6,37
"2339",50,4,77,5,26,11,29
"2340",0,0,0,0,0,0,0
"2341",52,2,66,4,38,11,33
"2342",56,4,78,9,28,8,31
"2343",0,0,0,0,0,0,0
"2344",0,0,0,0,0,0,0
"2345",0,0,0,0,0,0,0
"2346",60,9,76,4,34,10,32
"2347",48,3,62,6,33,7,36
"2348",53,1,77,7,31,7,42
"2349",55,4,71,7,39,9,29
"2350",43,0,68,0,0,0,1
"2351",44,2,62,7,25,11,29
"2352",57,4,77,7,37,10,36
"2353",0,0,0,0,0,0,0
"2354",0,0,1,0,0,0,0
"2355",0,0,0,0,0,0,0
"2356",0,0,1,0,0,0,0
"2357",59,3,64,11,32,5,39
"2358",54,3,76,7,35,8,37
"2359",42,8,57,6,27,4,32
"2360",61,4,76,9,29,6,33
"2361",69,5,72,10,29,8,40
"2362",63,2,73,11,30,6,33
"2363",42,4,69,8,29,12,37
"2364",55,1,57,4,44,7,38
"2365",0,0,0,0,0,0,0
"2366",0,0,1,0,0,0,0
"2367",0,0,0,0,0,0,0
"2368",53,3,69,13,27,15,39
"2369",56,6,74,7,28,5,37
"2370",57,3,64,5,37,11,44
"2371",62,4,72,9,37,6,38
"2372",58,7,77,13,35,8,29
"2373",1,0,0,0,0,0,0
"2374",45,3,65,8,35,5,33
"2375",53,1,77,10,32,9,36
"2376",48,3,85,10,37,7,43
"2377",55,5,69,8,30,7,39
"2378",0,0,0,0,0,0,0
"2379",0,0,0,0,0,0,0
"2380",58,7,76,7,31,9,32
"2381",52,7,66,9,26,7,36
"2382",58,3,65,10,42,6,43
"2383",59,4,72,12,22,9,36
"2384",0,0,0,0,0,0,0
"2385",49,5,71,6,34,9,43
"2386",0,0,0,0,0,0,0
"2387",0,0,0,0,0,0,0
"2388",45,3,67,5,34,8,30
"2389",49,2,77,7,38,5,40
"2390",54,5,72,11,33,6,41
"2391",0,0,1,0,0,0,0
"2392",0,0,0,0,0,0,0
"2393",0,0,0,0,0,0,0
"2394",65,2,71,2,33,8,32
"2395",0,0,0,0,0,0,0
"2396",0,0,0,0,0,0,0
"2397",50,1,63,0,0,0,0
"2398",0,0,1,0,0,0,0
"2399",0,0,0,0,0,0,0
"2400",77,3,75,8,26,10,38
"2401",61,5,70,6,30,13,35
"2402",0,0,0,0,0,0,0
"2403",0,0,0,0,0,0,0
"2404",63,3,62,11,31,4,36
"2405",0,0,0,0,0,0,0
"2406",46,6,71,2,28,6,33
"2407",52,6,75,11,40,7,32
"2408",56,7,84,8,33,12,28
"2409",0,0,0,0,0,0,0
"2410",0,0,0,0,0,0,0
"2411",1,0,0,0,0,0,0
"2412",0,0,0,0,0,0,0
"2413",51,0,64,0,0,0,0
"2414",52,4,74,12,30,9,31
"2415",56,6,69,11,28,7,37
"2416",50,0,88,0,0,0,0
"2417",44,4,70,5,34,7,31
"2418",47,3,65,10,38,7,32
"2419",0,0,0,0,0,0,0
"2420",47,4,58,6,35,8,39
"2421",67,7,66,14,32,9,44
"2422",0,0,1,0,0,0,0
"2423",0,0,0,0,0,0,0
"2424",51,7,78,13,41,13,29
"2425",55,7,71,6,33,8,43
"2426",55,3,84,7,33,15,34
"2427",58,4,82,7,29,2,35
"2428",0,0,0,0,0,0,0
"2429",0,0,0,0,0,0,0
"2430",0,0,0,0,0,0,0
"2431",0,0,0,0,0,0,0
"2432",59,0,68,0,0,0,0
"2433",0,0,0,0,0,0,0
"2434",0,0,0,0,0,0,0
"2435",62,0,72,0,0,0,0
"2436",62,6,69,4,31,4,29
"2437",54,9,65,9,39,12,38
"2438",56,2,60,3,35,7,33
"2439",39,6,76,7,35,10,36
"2440",0,0,0,0,0,0,0
"2441",44,4,53,10,22,12,38
"2442",0,0,0,0,0,0,0
"2443",54,3,86,10,26,7,30
"2444",0,0,0,0,0,0,0
"2445",53,0,61,0,2,0,1
"2446",38,5,75,7,36,5,39
"2447",37,4,65,8,38,11,37
"2448",64,4,61,10,29,10,40
"2449",0,0,0,0,0,0,0
"2450",49,5,72,5,30,11,29
"2451",61,4,79,9,29,8,34
"2452",47,5,75,7,42,11,41
"2453",0,0,0,0,0,0,0
"2454",55,5,92,8,31,8,35
"2455",56,6,73,7,38,5,36
"2456",0,0,0,0,0,0,0
"2457",37,2,65,7,26,8,31
"2458",0,0,0,0,0,0,0
"2459",40,4,72,6,34,8,29
"2460",51,0,60,1,0,1,0
"2461",55,0,79,0,0,0,0
"2462",49,5,58,5,34,8,36
"2463",58,4,85,7,39,5,36
"2464",68,5,72,8,28,9,38
"2465",53,4,73,7,30,10,35
"2466",0,0,0,0,0,0,0
"2467",0,0,0,0,0,0,0
"2468",51,6,78,4,28,8,33
"2469",0,0,0,0,0,0,0
"2470",57,6,80,13,37,7,31
"2471",50,2,83,9,36,6,36
"2472",67,4,64,6,40,5,33
"2473",0,0,0,0,0,0,0
"2474",0,0,1,0,0,0,0
"2475",0,0,0,0,0,0,0
"2476",52,3,58,12,39,10,39
"2477",55,0,61,0,0,1,0
"2478",61,3,82,12,35,12,32
"2479",48,4,77,10,38,5,36
"2480",54,5,66,10,29,10,33
"2481",0,0,0,0,0,0,0
"2482",56,3,76,9,33,11,35
"2483",0,0,0,0,0,0,0
"2484",0,0,1,0,0,0,0
"2485",0,0,0,0,0,0,0
"2486",0,0,0,0,0,0,0
"2487",51,6,77,10,33,11,48
"2488",49,4,69,9,26,8,42
"2489",44,0,71,0,0,0,0
"2490",55,5,79,10,36,14,32
"2491",0,0,0,0,0,0,0
"2492",60,9,72,8,36,11,35
"2493",51,3,67,9,32,10,30
"2494",0,0,0,0,0,0,0
"2495",78,2,68,5,25,10,30
"2496",52,5,68,5,38,8,34
"2497",59,2,70,13,27,10,45
"2498",69,7,65,8,32,9,41
"2499",0,0,0,0,0,0,0
"2500",57,4,65,5,35,8,31
