"","age1.D","age2_no_comorbid.D","age2_comorbid.D","age3_no_comorbid.D","age3_comorbid.D"
"1",29.5113937621961,41.4068552306531,20.7287857536156,5.22782450718129,29.8012757663422
"2",0.876001422881619,0.913369299858717,0.408613841834485,0.0772766492431475,0.374770184539531
"3",65.742807221589,83.9681327917417,34.2426962156316,8.7646554939682,33.8544192143149
"4",70.2158598291737,75.8407078546955,29.0754118080023,7.43559399975835,28.2849652247636
"5",39.5798757678439,52.640813197064,24.1381046026272,6.66608095212052,33.9259020532499
"6",14.7649108621011,13.4875124324278,5.90701409035276,1.20501831687926,5.3665560970914
"7",22.308646249936,32.1542660805806,16.9543752258986,4.07770438418329,25.2819197420762
"8",19.3250083109168,16.6465905998682,6.7826217272544,1.42604954911391,5.821550383168
"9",0.233869662092681,0.251565655015961,0.0930855999862069,0.0181977916651243,0.095601696069241
"10",79.8290166953622,96.2300180204954,36.703293365076,10.1383307981414,37.7072399598971
"11",14.4489432467802,13.1272031833114,5.54855750503972,1.13030519660337,4.69279660617906
"12",30.108255020534,43.3103388036015,21.4424235126404,5.51905585534037,30.2771097272578
"13",2.20253211825443,1.85826359088442,0.782500502041338,0.1579817815159,0.73295121253786
"14",0.0442058716991431,0.0964223975725958,0.0154888997988102,0.00312402931251628,0.01539098092487
"15",12.6494490359707,11.4804189289683,5.23166264695899,1.06378885716678,5.2148818731241
"16",40.6111854541925,48.4713173464027,21.5593032952454,5.51739721813677,26.950011114052
"17",14.2871034623052,12.8192937094399,5.25878168920467,1.076749417279,4.26796384960165
"18",13.779820793602,12.6270545345224,5.67254370385117,1.15532290319432,5.43832827361445
"19",57.9759056997393,72.6505589882769,30.6350287828985,8.11015704500195,34.6454344936175
"20",34.164017526768,57.1482828694682,28.871012527629,7.21067094838663,36.2981261180481
"21",80.7620176207657,93.9850778566756,35.9624264851334,9.78193649880159,37.0702996668006
"22",1.90931782689347,1.64027908045582,0.712185844201151,0.142182325019396,0.693678754683292
"23",4.78504853562952,4.23961301922209,1.92250975138197,0.380694972089488,1.86756931781759
"24",0.717236487336963,0.798666718474954,0.365824537860542,0.0679704531987587,0.338245993780794
"25",0.74700685933795,0.676364431499385,0.249513635735484,0.0507808387430915,0.217899456476367
"26",0.106668623257034,0.179894307571783,0.0369839579893339,0.00743574659655082,0.030590632734423
"27",27.5421169213816,37.576527081808,18.4572543405782,4.8113328320969,27.5394758648517
"28",1.40055982180326,1.25482566330165,0.542342483461088,0.107006754818519,0.519409376659725
"29",19.8937511084699,18.7508240124974,8.08485853241717,1.66849184072186,7.11510162972907
"30",2.09406572699732,1.75149740106369,0.746505587370815,0.1507943358674,0.728733758887245
"31",64.9250359711616,78.9913690724946,31.8510597173177,8.92948842417318,37.0347264655564
"32",0.0789187244452492,0.128224961341761,0.0277441624995468,0.00558332116688553,0.0264960697275504
"33",36.0002597466146,53.4149882688234,25.8543727305681,6.70004895590623,33.8919341043593
"34",61.6565446611567,82.6435437599791,34.7967473949166,9.34087227871827,38.3076351070611
"35",0.59357724764287,0.553566957771915,0.184197230820279,0.0380739647920924,0.152977836459176
"36",0.0809268846224682,0.112243549317091,0.0338272369097216,0.00653620001838588,0.0377387386742572
"37",0.0503546065605788,0.112878616536426,0.0184520600116195,0.00367098769966633,0.0170534889227098
"38",13.4350601267011,11.9413230157846,4.87173168490095,0.997493679108835,3.93650000004661
"39",0.0418941535120664,0.081807222132351,0.0163799082008789,0.00321623846612849,0.017389823767549
"40",99.0317194130412,118.922956768293,42.3619500564131,11.9932616294849,40.4946278338268
"41",49.763587088915,61.2244954446021,26.3384969289903,6.81831105506474,30.3006139500032
"42",0.457709190072776,0.442508463080258,0.158463998509005,0.0319925840501674,0.144152783231345
"43",45.0307093638309,68.3967833220654,32.3577245136977,8.1656481914386,37.911389216525
"44",2.12410604531419,2.08809419904758,0.983810857975529,0.187024055273795,0.939304685453455
"45",50.2466233134508,63.7104969096141,27.5406673553429,7.3682333811806,33.1906469804257
"46",41.5286359402503,57.6647437854281,26.6112831139519,6.98379668676781,33.4989935511359
"47",9.8357909942252,10.2361821446223,4.48473358290996,0.876363915336299,3.54177267107322
"48",7.25401231558471,5.62740610533641,1.35078724626932,0.301314322928169,0.714373245035159
"49",2.55649988368414,2.23922642548253,0.923605817834466,0.185177697463006,0.800229415920241
"50",0.0257785299659486,0.0767891995267353,0.0125315387786209,0.00233919910511584,0.0125288488755804
"51",51.7597027477343,66.4108124404798,28.9185648281193,7.60323563430229,34.0300637319635
"52",64.5692523368729,78.4139836468898,31.8647084742007,8.4367659119387,34.1731251841476
"53",82.6001841545563,101.79778769265,38.647840566251,10.6379216286826,38.6399660580613
"54",0.219103201205376,0.266293135897126,0.0810271142967316,0.0160760179590526,0.0712050595007079
"55",9.68345715767132,9.4221462849075,4.67649642917312,0.921696765917058,5.18777485012067
"56",3.47902512755255,2.8648917778245,1.26344263281658,0.255903465838207,1.29925410858419
"57",12.9948855940732,10.8089816503956,4.4273964384782,0.925725247885038,3.90276746848263
"58",28.7870327681634,40.3477737990222,20.047345705063,5.12901776073878,29.0128806590482
"59",11.1603980250709,10.1937984382159,4.86889507709419,0.994329865883315,5.5532195882101
"60",0.167850087661375,0.207283835159502,0.0553359915414099,0.0112945840948848,0.0494782518564351
"61",0.16751436868895,0.202838265928222,0.0585979115396698,0.0118012014056219,0.0547055108206719
"62",41.5855998762703,53.2223646188951,24.1304883832973,6.2501264320309,30.4520141399802
"63",22.0044225046323,20.4907739791304,8.05709994863418,1.67383087134353,6.08131924702385
"64",80.6589634046067,92.3691996390177,34.3665310319238,8.99546442679265,31.9230376350329
"65",0.145347976690459,0.182715853165812,0.054434974711971,0.0107817968566161,0.0515120331559632
"66",17.7117473361992,15.5533496419311,6.08424829204241,1.26856626209602,4.71847048190404
"67",51.5090778677513,66.5927140962962,28.9621266451801,7.80985290993269,35.3029419148795
"68",83.6592519947537,104.904977817578,40.410644193739,11.3763038268925,42.4274399208091
"69",57.363933875787,77.5925019482756,33.2962016408045,9.17690331174273,39.4167608659948
"70",7.89125646575123,6.44435654549954,2.7817034100942,0.57589666946533,2.76378672180231
"71",12.5519602331563,11.3791430394742,5.22558034495833,1.0653412595879,5.34850556748582
"72",1.55152036909722,1.34732833389189,0.525699043859768,0.106693865277172,0.447092363784735
"73",5.49742311470075,5.15972206505457,2.04726446004887,0.409123559891998,1.51470415757229
"74",31.9220811211713,41.5627687451683,19.5750763128864,5.29406738278357,29.2079038735571
"75",0.0456957114450422,0.104292711286844,0.0190758237977404,0.00368231554153424,0.0181871334202884
"76",30.0421619211484,38.4287873239477,18.4899196901207,4.71374816088144,26.6115653261291
"77",46.358180174658,59.0479600245324,25.9143493936053,7.10588008416171,33.6566295001964
"78",54.6101327332186,65.1119176507842,27.4811944812962,7.07443992663704,30.7181682816393
"79",0.0509398066492589,0.0926390451298375,0.0273788061579902,0.00499522693196831,0.0298850802529342
"80",50.8234585364442,70.5267583926197,31.1340716281462,8.06815828534978,34.8261202434368
"81",84.9007054065865,102.133369487541,38.0134881396058,10.7320747839741,38.7984144015192
"82",41.6534053220822,52.0553571837254,23.2492911022947,6.22003470244057,30.7127645524812
"83",24.3725672233367,26.2083042040168,10.3262304093526,2.10752064748129,7.19657378896699
"84",38.3649411067915,49.3758613253088,22.519819298462,6.0231407016606,30.491751950991
"85",40.6225740990404,53.2450051496102,24.3657164583065,6.39775383710595,31.6021089057822
"86",0.0431275659708944,0.115509402794291,0.0134995585775184,0.00279105061454238,0.0119908115125502
"87",14.8885383220704,12.9740736370761,5.30801433944494,1.10122629431853,4.45542295682974
"88",0.183870940651228,0.215399503798416,0.0627272442896223,0.0127214578557395,0.0593117161038947
"89",0.0190075976188697,0.0686298939796842,0.00783771269171867,0.00151789365112823,0.00816557411280226
"90",0.0715744725950778,0.127964611213755,0.0292625962633696,0.00567579991007978,0.0275117269455963
"91",104.042739578683,135.355742509863,48.6707615072333,13.7603892874544,45.1983585278511
"92",60.1897679500034,77.8446789431483,32.8665928323108,8.67916636876006,36.283556656883
"93",53.8452961389845,77.3950933202978,34.2597954263353,9.31261448462684,40.5280643456258
"94",0.14017007681481,0.251391242524981,0.0378710167703848,0.00799943272877405,0.0264517934707075
"95",3.43072595092063,2.83801230787896,0.988643532736288,0.207078487894069,0.71693339531772
"96",50.1023416693636,69.1113929441489,30.5584116203991,7.98904482380007,34.9266682185912
"97",42.4451555647037,57.9313903051115,26.897264160934,6.73762427813559,32.0955995904734
"98",0.542459795942907,0.518865171202491,0.199489993979762,0.0397165729848833,0.185130550436694
"99",0.228769556610281,0.329057008510636,0.0901505718439406,0.0176706425227828,0.0669157061994005
"100",2.95389298434051,2.44249988289639,1.04050623689438,0.211298971911757,1.00033141274058
"101",48.1809945476825,63.8905793334749,28.2705330978717,7.58803639929145,34.8142023917247
"102",0.665325638077129,0.664296164186217,0.22504821913448,0.0454924528405527,0.177511977613199
"103",0.165154839850152,0.201086654205028,0.0744070365524664,0.0141211557885252,0.0777602087720966
"104",0.0911819950737892,0.214791186999483,0.0239622958292044,0.00508947054486227,0.0165653732351341
"105",61.6101101000931,76.2553332761896,30.877890916467,8.82890538538422,36.8766553674294
"106",26.2142814130207,32.5033989597794,15.9781036796118,3.88285738340038,22.8461983577905
"107",0.149676327676829,0.213245720481431,0.0521107694870133,0.0104713380507516,0.0436473202852867
"108",18.1094957648393,17.7285211221907,7.79218315281688,1.58384882160674,6.78295046899512
"109",50.6248142462592,70.9553111347317,31.5713068054594,8.37852286654326,37.0417257337874
"110",0.116641773473777,0.271907513111664,0.0302122710625054,0.00639598300658843,0.0188778777955939
"111",25.5626258375591,38.2644966753922,19.892779250587,4.61488167406338,25.6133386422327
"112",51.4950966625993,63.1989508522856,26.8639736115863,7.3364130419533,33.2397089774703
"113",79.2336404850215,99.9475893374756,38.4355718412784,10.8576830391502,40.2901598322335
"114",58.1618533464786,76.3654476717239,32.6898025503656,8.41057850835575,35.1717522012513
"115",55.646034647692,74.4017715651458,31.7665676137905,8.9967669846888,39.1287976686584
"116",0.152061749757566,0.187965351651617,0.0522377579957212,0.0105783416874061,0.0499039686021157
"117",51.9921349611363,62.4455476461759,26.8099546225353,6.92803788199809,31.1868400116657
"118",54.7199631861605,69.0011607287021,29.4907927860602,7.85649493430078,34.5472860104083
"119",14.5847241388382,11.7005459874371,3.90535517567412,0.838816338079632,2.62016593510468
"120",50.5274191921065,65.1887244950745,28.2217656341562,7.85890708566675,36.0065429063892
"121",0.274637865587558,0.353378881493726,0.0700864524561279,0.0149712011909772,0.0476873291488247
"122",44.737195701566,53.4259601804236,23.4971716739948,6.02686123104762,28.667387635393
"123",65.6115997156366,85.9969780449999,35.4691597046173,9.55428485688384,38.2864357420265
"124",37.1053082545318,48.2576807914836,22.450559343421,5.71553415035377,28.8536075041746
"125",0.0733724454507802,0.205211309360956,0.0187875551468458,0.00401709778519288,0.0130974135406758
"126",0.0382748780337089,0.110008007186044,0.012315391753969,0.0025262915079811,0.0108052446642239
"127",27.5758463493342,36.5024218948407,17.7677900409382,4.73065427762827,27.8457819352953
"128",0.0417486313217002,0.0786376484134815,0.0168652303818877,0.00328690516910373,0.0188451848334692
"129",8.63426102880083,7.14347129947337,2.99079762536173,0.617100035621887,2.72413413802849
"130",10.3597457607993,8.64773643315173,3.31678740724085,0.690647919058015,2.57322931992626
"131",7.40660634907216,9.74715647903214,5.05185895958021,0.928492446096457,4.53342791830672
"132",0.139758438332418,0.214828649438248,0.0419278013805276,0.00872106775208931,0.0340938978080821
"133",38.2554700324608,50.1749913196383,23.3327981013058,6.09171267266639,31.1898168813942
"134",0.0580517112990634,0.110797467519933,0.0220137137947835,0.00434930245918296,0.0217066742969575
"135",57.3978846063942,67.3018760693881,27.7711211769309,7.45957979776794,32.415921114601
"136",0.037699457539961,0.131912145305586,0.0116087579023354,0.00239639806860256,0.00927173532260808
"137",0.203808636434427,0.245553238072414,0.0654997177567446,0.0134408018616206,0.0570678803349054
"138",42.3888870841299,34.9729909333126,11.6702863252554,2.59449219835554,8.08495006751733
"139",2.15655844383505,1.78277180664849,0.664589620436586,0.137889159336211,0.538627229184331
"140",0.294718253511298,0.345311242214555,0.120949941287795,0.0234611672351726,0.104345347550103
"141",64.8012053540668,94.4068445909032,39.7157589512983,10.8775340656952,42.7494765114945
"142",0.0973445025126983,0.164604253421711,0.0479108156888994,0.0089536009302588,0.043082626695878
"143",0.25767666326517,0.288238236036696,0.0936093791980747,0.0186586591012281,0.0835808875842599
"144",32.569568297701,45.0344659998264,21.9274121461543,5.56540498896592,29.9160783328379
"145",57.9345891203023,71.4482525732457,30.2349988910162,7.66063721440141,32.2300108714135
"146",44.2525763366699,56.609619979276,25.1282067304574,6.89828813486971,33.4868383748898
"147",64.5788752622966,76.8849311632977,30.6315093445329,8.36490556018348,33.7998880040088
"148",2.92822183542571,2.38775461644752,0.990777080329053,0.202973340508944,0.926565601961248
"149",31.9196566831245,47.295548970924,23.6598820213798,6.02772457287535,32.8482619896604
"150",0.220216469547799,0.260339332110405,0.0838873422793743,0.0165364494307592,0.0751907777365846
"151",82.2169692334022,97.5399012624346,37.3565231089166,9.73416881396075,35.4721205948021
"152",0.0541917790631387,0.0947300344643956,0.0228326755727825,0.00439992634536788,0.0240351312402452
"153",27.2140869591355,43.3243851678194,22.3819926938762,5.47889306141151,29.7990232764794
"154",37.7223689637225,52.6089159563896,24.6764578566407,6.41031753452661,31.6326140139233
"155",173.162491473174,207.628818396316,60.5283968573914,18.3564477811369,49.295904884483
"156",0.23820548167919,0.286861927103936,0.107025874139122,0.0203520987593251,0.0994076107892147
"157",21.3487527386354,18.5845806790264,7.79462893995819,1.65984667314598,7.24558638539365
"158",5.07543421990903,4.88347058793758,2.480486771102,0.476600271203871,2.82975426709978
"159",69.3178868295441,90.3020416665057,36.8045039604181,10.1858287152327,40.6788123781484
"160",0.0434316444763409,0.0980175367915548,0.0165287892340233,0.00326063634914152,0.0158237798911976
"161",73.1492236919274,89.7238173080417,35.0940840283192,9.86116402301734,38.3398623345458
"162",0.0551851269653525,0.0904746134396696,0.021577789789582,0.004238954987009,0.0233750609880812
"163",0.230278672905568,0.252587114226129,0.089492896965202,0.0175898093482843,0.0895073733804209
"164",0.236740848191094,0.26467475718231,0.0813409267540188,0.0164347301031577,0.0728960065548852
"165",0.188217760591907,0.22938600888301,0.0700413549815266,0.0138871851128075,0.0644319756949508
"166",35.2450661488648,53.0723464211187,26.0279736467096,6.09850232711489,29.3803606213611
"167",6.89477832265209,6.35349107125156,2.75554813104385,0.54681003693642,2.35238035590247
"168",0.096422104019145,0.124670395729356,0.0403258429323717,0.00779106450168919,0.0447560207797759
"169",41.7522750891759,55.2256289675321,24.9506315688126,6.61040490108324,31.6116271802533
"170",33.6684761265409,46.8759028708236,22.6644397744314,5.72772638517241,29.9157533928784
"171",4.18680197224766,3.7983592162431,1.81428797785526,0.353961264464024,1.91253136268045
"172",36.1238171492956,51.9305976252392,25.1288822650553,6.2510977505496,31.4714492654121
"173",26.1573051148992,36.884299698908,18.698775570813,4.73402273829804,27.980005193707
"174",59.7236473350583,73.0616145649521,30.2136775696623,8.14903946840892,34.5007072110623
"175",22.2193381527623,33.9578180787169,17.8423579145363,4.54905746857729,27.7213224702485
"176",31.4772539826737,50.3547373783798,25.7597406256675,6.59233381039133,35.8166538258322
"177",11.2819515700377,9.94157886579456,4.50028129580817,0.919802159358769,4.57090318414787
"178",0.270288321472639,0.303835499713217,0.100812289607469,0.0199753407157555,0.0913024783503816
"179",18.2431412452087,15.4838443292074,6.30556713610194,1.33117242259289,5.50371815748168
"180",0.872888970403665,0.778191027111073,0.279577310311519,0.0574385613196809,0.238024257332794
"181",0.0154795896644572,0.0620712657856442,0.00689960808752811,0.00131166244699154,0.00744653419968507
"182",30.0356212672426,39.2587894001096,19.0573287288774,4.81618419735403,27.018125971038
"183",28.3048111403453,44.0962645880255,22.6019104144333,5.62940639327672,30.8707804880693
"184",113.918116398487,135.655324203574,45.6232163570332,13.1118094918901,41.1905561669533
"185",33.8184486989481,46.1538236799293,21.8240730153985,5.97520022177707,31.9110139333796
"186",31.9978839588708,54.4022975665761,27.7824901554493,6.75658158281882,34.038602323375
"187",0.0441837677928681,0.0938123880544274,0.0193590413806533,0.00369580130973089,0.0197230743511643
"188",0.190812459390231,0.281341985233165,0.0538092745898575,0.0112841299844564,0.0390724700893902
"189",18.2527949848634,15.5626298228724,6.03840904778195,1.26996099545565,4.76149060924439
"190",27.1967339038007,24.0481258680029,9.50281227601106,2.03378084668664,7.81755839346449
"191",1.71324901501907,1.49549113425964,0.674290486260593,0.13301205119226,0.695587467608035
"192",28.8773562956529,41.5220598616372,20.7967974737619,5.3312432893992,30.1304088370186
"193",89.1847461166235,103.772601461953,38.1638734991711,10.4963202924994,37.3772523385056
"194",23.0983949618655,33.593546852363,17.5526130110887,4.34826951218441,26.7498991618538
"195",0.0999166204686644,0.173586326480203,0.0343486699822738,0.0069219051037369,0.0288247826894415
"196",8.1722303371038,7.68491820764263,3.80914569012802,0.755005375442254,4.40296976423497
"197",111.187868971507,128.623979080258,44.6407898918385,12.2945723300757,40.1416518795067
"198",23.1755684239083,20.1781520911213,8.15600983919772,1.72957141203254,6.952304194581
"199",67.7462401879719,86.6075679847932,34.6631740805983,9.85632599598169,39.0909419556827
"200",32.6218172773412,44.7518586778741,21.851645853571,5.34598195339112,28.197594091611
"201",98.0154419590527,120.602739434753,42.9382849140958,12.022849796723,39.83596459154
"202",0.260696127213387,0.273158016841201,0.0955559440743142,0.019053820805254,0.0938368615846092
"203",6.30125688971891,5.19789891997586,2.14814042875332,0.442104335432299,1.91133578882725
"204",0.236683864945476,0.286059699518271,0.0813493825590019,0.016392725472995,0.0672159822611477
"205",55.5336971001931,67.6410595194312,28.6153276454174,7.60060025330948,33.5132304283123
"206",53.1118137033565,67.8625273796037,28.9195200434579,7.89737093198396,34.7586891735363
"207",0.244051896611067,0.302026773847626,0.0716846777290632,0.0149554045730539,0.0559826015011861
"208",62.2208348381151,81.0127971666483,33.5961685836534,9.36092592052476,38.8277598188283
"209",51.3828742350244,73.0090576657517,32.4889188843889,8.74039073740697,38.5684036357
"210",66.0317351330146,103.778605902962,43.2708903170558,10.8650374300724,39.3468045808411
"211",44.9477514354602,63.2675194095312,28.8817593650838,7.74942389395902,36.3607339583568
"212",0.108669760717678,0.144224187944083,0.0417129440786093,0.00822596354625292,0.0429883104801738
"213",7.08585625474097,6.92560932074009,3.52334323695958,0.682698702472302,4.03958028476159
"214",63.981984514275,83.9200582264318,34.7980871754265,9.37575833849636,37.945122520402
"215",0.28187737234897,0.302357245496092,0.106560165812342,0.0210670167491163,0.100913748844027
"216",0.362477227139255,0.422002190708494,0.0990098679816248,0.0209039881055383,0.07098297966664
"217",0.873702804967987,0.823204865356448,0.261559042872973,0.0542136234122119,0.193772909181964
"218",1.60145892953477,1.59725956281759,0.631942275713706,0.124065333099904,0.48425315109014
"219",9.04139879140602,7.84430846422913,3.39493004073132,0.689020490828153,3.10529682517753
"220",13.5440691268025,13.6145573399726,5.83420859712979,1.16076684803567,4.61013984046239
"221",32.2794202370588,51.2227928310732,26.0071182069243,6.48813949513157,34.260557214509
"222",108.690042977829,126.742339572558,44.3802070023917,12.319687622127,40.7620865003158
"223",22.6156182364931,18.8224135762812,7.38611417056648,1.58745623628288,6.26793108316092
"224",37.0332909604738,46.2865674240243,21.181150021767,5.53759560371931,28.5143489476426
"225",0.373128797807654,0.376206780200354,0.117749078120435,0.0242644513808157,0.100887208324313
"226",59.9450708102265,75.0720009754865,31.2733955834585,8.32615915907614,34.8378534368024
"227",47.5590027468625,61.2632929086048,27.1984236173533,7.22787014856837,33.9969881993651
"228",82.5256633209669,104.982756978644,39.9344949162967,11.8990673420233,44.0833386514371
"229",0.0445936107144635,0.0782327333550459,0.0196073704782124,0.00374108279936818,0.0224954009340383
"230",25.1472384417601,39.9991561261919,20.9817228319412,5.25340710798721,30.2700523626024
"231",1.74989237419684,1.43987343807422,0.566510331181185,0.116694357142633,0.509551634429961
"232",30.1254268639435,44.0806425386703,22.1857260638652,5.52962735089173,30.4500623577608
"233",34.8415625677478,48.9084064486298,23.2670913599254,6.08591032976788,31.0923826577929
"234",0.423483966240082,0.415454696346215,0.15280623054925,0.0305561669022535,0.142263385485223
"235",0.553410394657216,0.530210243254552,0.173284439184577,0.0357090720951283,0.142027548348711
"236",0.815803755314801,0.733404961800183,0.319878301326605,0.0629444920642531,0.334864418266313
"237",0.178093484772638,0.253528943692342,0.0527771652947544,0.0109630623489986,0.0396754122159164
"238",102.451490350631,126.017665269426,44.2891485271074,12.8945468653356,42.6354571428666
"239",11.0800740934542,10.1598330834774,4.75832950001472,0.959230452645483,4.96104854081029
"240",0.344683010404509,0.345547116133404,0.14002809234759,0.0272546272503185,0.145363234255673
"241",0.389631271925465,0.423908759376332,0.141505581586335,0.0281772236702708,0.117971806174283
"242",33.0349802891259,27.1412038649967,9.51546968885072,2.09620383420169,6.99068297147136
"243",51.6381180489378,65.5919160346581,28.2907802410275,7.62079234924424,34.281998429708
"244",46.7887271011814,59.8009203387211,26.2869398233153,7.13059090874449,33.5181199126677
"245",45.3679411415557,63.122395172111,28.5915562863431,7.41080398761346,33.7311109856499
"246",0.125420396379033,0.193610855068473,0.0409575393723491,0.00835183008033209,0.0339818306232919
"247",94.8112746229419,112.415146999686,40.7143780242446,11.3801627112128,39.4589026330516
"248",0.116301536864754,0.165775984043778,0.042359059163242,0.0084438987437859,0.0396043206262892
"249",12.6073834289571,10.0423751134308,3.7101012688127,0.789508765865425,2.86723602928669
"250",39.0604764340279,48.4385409062329,21.9723574564331,5.8146995758115,29.835516579719
"251",22.3506460085513,18.5749216198314,6.97235678443195,1.4988506257694,5.45925713800384
"252",51.7858710447171,70.5781855995881,31.1983701344093,7.744359023578,32.9622051039042
"253",74.818441452049,98.8188595935091,39.3843053217933,10.2220956076336,37.5881117747214
"254",1.47813921483638,1.33223761736728,0.6117262894772,0.119064999800065,0.634911975725534
"255",40.7833726584818,54.0893564599459,24.8894324648219,6.46883167949937,31.7901852279973
"256",13.7196422089143,12.2839601483388,5.5478011322278,1.14185294251451,5.60815339933868
"257",47.9606788854985,62.3743015134165,27.5345266826007,7.17042533070153,32.5073466434551
"258",16.3720245178872,13.5397804221599,5.34996037644595,1.13070460455022,4.48473693086389
"259",1.89967518713587,1.57647027182254,0.550656135094112,0.115456653379331,0.421677921939405
"260",42.1618254079732,56.8162106757908,25.826512839024,6.66571238184412,31.2248030636832
"261",30.3870806033319,44.5089390987077,22.2778833001297,5.43634440954081,28.9562193569294
"262",0.424499915044226,0.409009582455444,0.142094981797787,0.0289560579125838,0.131936908122135
"263",29.7455912852288,44.007976983683,22.1946823980666,5.42144078461215,29.2515765281663
"264",0.106395508731263,0.174737767852262,0.033975040218575,0.00697205251727582,0.0287799684677974
"265",43.2090750729103,54.1742854179843,24.2187548096885,6.27504622840747,30.0718297996501
"266",1.01051334789771,0.957843399456675,0.302862426953582,0.0626413112772887,0.212348549291786
"267",69.483254594424,84.4162685982097,33.9536022277578,9.20220111827169,37.1328067822886
"268",0.168945876878812,0.230022329377744,0.0527063084014834,0.0108575703027683,0.0427975915258266
"269",33.9307287672868,48.4247567987981,23.3435894420777,6.14887593499061,32.179632831461
"270",0.0903088180803577,0.160031183004004,0.0290446733061272,0.0059466121411641,0.0243342684342365
"271",0.0704688896898673,0.218234015460311,0.0174448909559281,0.00374785113966361,0.0117333415874739
"272",0.082145826259125,0.150184089623083,0.0291354290325671,0.00583310721249135,0.0252162459474906
"273",73.6231585939876,98.1512128253149,38.9716379940148,10.4930193980009,38.8828398522968
"274",127.516175629963,162.055084781813,52.8733969932817,15.3504499846631,45.2314062891449
"275",72.6970722656785,87.4086317876256,34.3878499770889,9.66623790371629,38.5804179625474
"276",51.6173524170554,66.9370585041624,29.3906777801901,7.82877134913975,35.7492886915248
"277",0.0885127146400519,0.161189203574995,0.0318198329069128,0.0063465812768243,0.0265998819808241
"278",0.150238546351143,0.170612665383569,0.0589754535090792,0.0115810373679059,0.0644328635818813
"279",140.801018076058,164.428053229732,51.6687176163789,14.8807864029933,43.239801658472
"280",45.984181480384,58.4257939935389,25.743586664773,6.78825157348541,31.5363956033209
"281",0.608368941697657,0.61431814232393,0.28848315073533,0.0542247726092671,0.308341729374611
"282",0.198764509621094,0.318752757220808,0.0521494803214643,0.0110526289844396,0.034723549863534
"283",34.5264447160215,45.2540787184576,21.331680977082,5.46253861683336,28.5046885293649
"284",61.7567110431771,75.9965237891667,30.9693591849564,8.3639717164805,34.2380637054778
"285",48.2106799865717,60.4294289991057,26.2920665770696,7.01802435396936,32.3431274938202
"286",0.833308529517861,0.763078447705797,0.316510182503689,0.0626274637690663,0.301717423382457
"287",9.56270251939726,9.01311893833278,4.06350429669584,0.806508823555787,3.67432511089567
"288",80.2499538588347,100.050097555435,38.7538300016945,10.8524308081259,40.9091335418327
"289",7.81130904239391,7.04889481738148,3.3082731041319,0.659862495264428,3.44683163571982
"290",22.4469652696664,20.265606190044,8.43427090088514,1.77326149099334,7.33552146013301
"291",6.39705649269313,5.49905428167059,2.49220036380299,0.502092521044547,2.53543392409317
"292",52.5564967612309,66.0028016533175,28.0579855819879,8.00357596788882,36.6416535735484
"293",83.4910706525295,104.339597319255,39.9339559033027,11.4755025608225,42.8500079530386
"294",0.133182310757417,0.188688480873235,0.0503533254186195,0.00993966335571377,0.0448363446388307
"295",25.8653988110313,21.2339459763073,8.14580374825701,1.76882248293655,6.80631957820945
"296",0.0289948554247586,0.0876880337167118,0.0107242625125535,0.00213137808867323,0.0104605376647956
"297",117.036118308541,133.982509679773,45.2929120959486,12.4084513521936,39.1079336184056
"298",0.24100552457434,0.298209508419184,0.0849215116593824,0.0170097553072676,0.0686670120410577
"299",53.5136735845632,69.2331400538463,29.6584195482317,7.68828327068086,32.682531883471
"300",37.6896002592284,53.0216628630889,25.1787548108763,6.55664604240079,33.1742477732967
"301",50.9501249759719,65.0479880568873,28.0434263405676,7.65979405942955,34.6243530821359
"302",77.3842099101959,91.3085342837702,35.5423684035353,9.58385455841731,36.920728115843
"303",49.7391604648682,65.2766005136553,28.7342923973816,7.6163982396674,34.5199227080813
"304",70.3625153685012,84.2954470358249,33.136727471371,8.89325668662925,34.4334268533303
"305",5.31072757273263,4.53936538471496,1.63555613983149,0.3384979799417,1.16132373416032
"306",11.7822970075038,10.8018631032603,4.99543961607272,1.01308201408395,5.10078858947444
"307",0.0460062266086569,0.128609444382002,0.0195098089460079,0.00375962417325224,0.0161742697066439
"308",0.868122731987299,0.809023039656577,0.305327357236797,0.0613374316128345,0.259791317226384
"309",26.4804226884188,21.9905511922908,7.98959847812548,1.72428108581024,5.96606566245063
"310",72.7319761780298,86.7550196473966,34.1166662237985,8.9108233954837,33.9714977881063
"311",11.4863880299916,9.04212562245475,3.0101933821835,0.648005646330962,2.04708482639692
"312",2.90595389800419,2.42858677975814,0.798788091076053,0.168484872735567,0.547820126335545
"313",16.9622514262471,15.7222043982106,7.03185039155276,1.45007569939048,6.78194486156226
"314",6.61536520146908,6.18214134616021,2.83779523993012,0.557409467453416,2.65455046021334
"315",0.523083696297684,0.52575488433243,0.143470830991395,0.0303008771392962,0.104379929791534
"316",0.209624191945806,0.226643261534263,0.0816052377423598,0.0160471865480925,0.0853871909122461
"317",25.8361976602948,36.8124320092443,18.634948414895,4.62503184127015,26.4297587215909
"318",33.7287685394135,50.6908486112852,25.0119537547113,6.21924480067772,31.7672960221654
"319",5.99105116988096,5.56828643325477,2.43719765982865,0.481171661872704,2.09569626509015
"320",6.72907199573436,6.17651210295069,2.677657490349,0.53193887231405,2.29303992195601
"321",56.1337233572475,68.1600212360615,28.7275785367751,7.65257741271295,33.6288537035873
"322",27.7148258842441,45.6490017636735,23.852823656936,5.76237799832613,31.2089243910791
"323",15.9558226644329,14.7551373471785,6.65079031174633,1.36623504557924,6.49603638145094
"324",11.3649265085221,9.81625939563847,4.29270578070901,0.880860676026866,4.10390614586602
"325",0.198798615104933,0.252189220409229,0.0612120834700684,0.0126562624406057,0.0501027288472258
"326",97.8653871297291,125.625608217118,45.7613176614545,12.7849143484579,42.8649647590133
"327",67.6171442023155,83.6718360324867,33.9736172077067,9.17644169809625,37.1489877498201
"328",0.0530099879250642,0.148182948036268,0.0155665823145638,0.00324343373403617,0.0119448423695775
"329",0.333328338707478,0.328494510183912,0.138416946812143,0.0268147698503748,0.150299922787315
"330",0.053617097621676,0.0878707490350963,0.0200805792715563,0.00399227772722386,0.0221050658215826
"331",0.447290223846205,0.444466145557097,0.143721944834008,0.0294557172319685,0.120480331138283
"332",2.46294188461584,2.10592034847984,0.830998921653541,0.169026943705836,0.692991954392711
"333",4.37953823834374,3.74950165011256,1.66388623466277,0.333617097124414,1.62085729548839
"334",0.147088451024761,0.177294783543781,0.0558597719258783,0.011044511323344,0.0569090994235452
"335",0.199363209692503,0.227293424007573,0.0691418811764473,0.013963292976257,0.065390289377202
"336",44.760660348349,56.191326172082,24.9496239606389,6.62479959092607,31.8757307922715
"337",59.3558901015869,76.416964313194,32.0652664249518,8.56757337569883,35.7620329285054
"338",0.221545353343094,0.315512112210005,0.0607777235893677,0.0127992175489466,0.0426575861922257
"339",3.19114946265693,3.37891436364657,1.71218930840196,0.318084054071678,1.71175888516173
"340",49.0342970456091,63.5260453418463,27.6303953476918,7.79870322144002,36.2875959581068
"341",43.8197377322279,60.4715120985219,27.650324905646,7.25636366378933,34.2311269924153
"342",1.57138407438188,1.40123790326428,0.592028194689989,0.117504371497477,0.544438568513569
"343",0.233753514164525,0.285374816745267,0.0670484486377399,0.0140943067719968,0.0536828312477393
"344",0.0804369628054509,0.150183303685832,0.028345533143771,0.00568423714043416,0.0246505030638532
"345",0.57937399628875,0.551679466043563,0.215446971899958,0.0427871407601157,0.200694328131398
"346",29.3806877462386,38.9750450234257,18.5245399426891,5.13014935268288,28.9876600655036
"347",89.6730060265751,106.088608951819,39.1548789970434,10.7867761932193,38.3015866979777
"348",15.3339360340321,12.6734498348067,5.08075063220073,1.07359898910621,4.38301831169179
"349",30.1691221060873,38.9855527325398,18.8241968738198,4.68396693801387,25.7328085481674
"350",0.187892331668419,0.361657020461141,0.0427485257053237,0.0092464149095002,0.0252061136871836
"351",0.794838547590698,0.759325916573975,0.26949927353303,0.0544838073997054,0.214537851098955
"352",29.3311883030179,41.5128700625538,20.5094472448263,5.29950518101039,29.4551814063571
"353",32.4701343583341,42.636096842457,20.0935623235188,5.30420778195617,28.4088528245473
"354",65.6637348307411,81.9709254380066,33.3180121894221,9.21868438263095,37.7558900264198
"355",42.1781781206954,64.1202111000445,30.3486238545015,7.48699314702346,34.3113476002943
"356",46.0778130488283,68.049203029154,31.2344956245445,8.203696376996,37.161985259907
"357",38.4580009812669,50.016998247434,22.7394334003164,6.1056321713944,30.4377019038112
"358",65.2708097311387,82.0904670972387,33.0924562151612,9.42408969843011,38.4080006521349
"359",46.4237588825248,63.3346600999904,28.8875517641106,7.18906799181614,32.7302787968294
"360",0.176379585759199,0.206447804750425,0.0744945464223706,0.0143509200084115,0.0733944880572366
"361",0.260248116657581,0.273730228297989,0.0945447346371476,0.0188836795783113,0.0910038481854522
"362",62.0571964201403,75.7162722053551,30.6406161817509,8.45670177147342,34.8770852150641
"363",0.0800554839996642,0.131196876112609,0.032692660035516,0.0063437357639392,0.0316405583523881
"364",3.38497676528903,2.88460173726603,1.14615006207298,0.233289631603289,0.946224556015943
"365",57.1938128629541,69.8819957349627,29.3198649089853,7.82107277756692,33.8952698176742
"366",5.03622299698518,4.91219138304125,2.54592176914851,0.486631332866599,3.01517038310803
"367",57.2444353451125,67.1657262647727,27.9026084200449,7.16616810735401,30.3671852427072
"368",25.4693021012482,20.0680018762067,6.39097224003409,1.40248234849152,4.16834967406171
"369",39.3473296663909,53.6018971762125,25.0950202587432,6.52701772819521,32.7385187667081
"370",4.47864247333617,4.54031992031826,2.15139614353378,0.409804593768129,1.96271302281552
"371",61.2135986394294,74.9930593464492,30.9013901082691,8.36682756112925,35.2190011723151
"372",50.273831318361,63.7420198399799,27.6580740751958,7.52199335987378,34.6089948927718
"373",26.7029091028128,35.171128531976,17.2734363718767,4.3639347350721,25.1390402685417
"374",4.78644200950479,3.90483385735603,1.43067417885052,0.299058270010939,1.08379077371467
"375",63.4456748671412,83.1728514253849,34.3927737052594,9.05707269200057,35.9825634651505
"376",0.310316710111317,0.394976851121843,0.138207458386964,0.0264162099828078,0.112978366254335
"377",41.4145911599489,61.7112846781228,29.0973059008266,7.60024593790045,36.1902735259943
"378",5.49361253220905,4.96987875072468,1.89304747967684,0.383910401758422,1.36883588994727
"379",0.0824445895906265,0.153336696721228,0.0286610887780154,0.00576679501839453,0.0250227395503906
"380",41.2978364403874,51.5007952978303,22.8320093297037,6.13562802888677,29.9109743029228
"381",26.0994412496522,32.96223882298,16.0200909038158,4.06055040806585,23.8287424244224
"382",35.0771708909287,51.3062894097194,24.9169995998174,6.53432209977654,33.9935836026498
"383",0.195848896039634,0.245509148226403,0.0691155516721347,0.0138608662858836,0.0603928136441216
"384",35.5643637276944,47.1935243337233,22.5794036045151,5.60913007141073,29.2554262363644
"385",59.3588467132152,70.0782659975526,28.9607521267418,7.64809205764082,32.6789657226916
"386",0.353570117209265,0.344631904608184,0.117539902804018,0.024006969286973,0.110422783009912
"387",44.2282042223162,55.175512473923,24.5831821510508,6.45992870237711,31.2384706785952
"388",43.0454115215348,71.2895059804219,33.5663571223886,8.02649615862754,34.2812184743743
"389",11.9068052159542,10.2579567353663,4.52051283899445,0.930534570432,4.43915691030804
"390",29.1485624284474,42.2409678634156,21.324287563004,5.05805336394846,27.118420932715
"391",2.81657921774335,2.51094948532021,1.13909802442681,0.223811950990549,1.11300075620384
"392",0.0207611074337968,0.105274536364343,0.00669378155251563,0.00137141248706131,0.00579105973609549
"393",0.324751141233271,0.407721833766515,0.166861421769298,0.030969564675521,0.149426809178713
"394",0.0983737059423196,0.153203714900464,0.0432434564516503,0.0082542755614376,0.0413815692926728
"395",0.870954944784918,0.792682103923663,0.314724064981552,0.0629621234596624,0.288828053813234
"396",42.1167739394716,59.8246050709495,27.9085304771592,6.97759059780372,32.6190300668581
"397",0.433418100006221,0.48001938709656,0.127513946597489,0.0264742060164208,0.0910130799622439
"398",13.2920661324716,11.3702923871738,4.84099764571116,1.00473995854862,4.47776695120097
"399",0.0275440424986701,0.0885860205987236,0.0114157949161308,0.00220709355002252,0.0108138695608555
"400",0.102756941315907,0.173237270026438,0.0352611612446187,0.00711456350789731,0.0304057780218324
"401",0.0567542330701278,0.131379148732971,0.0200410400323816,0.0040161410682031,0.0173302657726906
"402",0.0845296791372061,0.166553303274121,0.0318889213307979,0.00629353746155812,0.0252664234693666
"403",38.7057884029317,45.735083867522,20.483133095446,5.30929458326555,27.0434117267036
"404",0.0176977303176075,0.0797949263721807,0.00753820853988538,0.00144838367768035,0.00730379997684483
"405",59.3703337957339,81.1320716807741,34.4740617734714,9.52680741286567,39.8693650641462
"406",0.587145321728265,0.628547624755094,0.133567801500938,0.0290447469919716,0.0831499917136599
"407",6.67418131118794,5.70334790971497,2.53013180611648,0.511704638791842,2.47309669376873
"408",3.9556155061045,3.57630198922138,1.45029707146286,0.290223377882216,1.15315850891498
"409",30.1370944346076,38.1740274385242,18.0952008866887,4.70718743893225,26.2750566551901
"410",0.612318177185045,0.591023961351495,0.170118301717389,0.0358521981985393,0.125094326715902
"411",66.2016299555364,79.1173393774766,31.2884665654714,8.37649179754778,32.7982811255869
"412",33.0791036269659,43.7295844100977,21.2263571848747,5.1783823095081,27.6763279435624
"413",18.6389209364786,17.5077516553351,7.56623423156736,1.55577251195449,6.65617318495342
"414",1.53908880190382,1.28291256289565,0.488705898100923,0.10089716103652,0.424154888649565
"415",0.49599209411262,0.593001904020006,0.165245091946879,0.0334589963112148,0.109509583713747
"416",36.3777900637672,53.6207459536279,26.051408497659,6.7165471865623,34.3617810699564
"417",0.0387847177400554,0.114467179225654,0.012789416553873,0.00260584465944094,0.0110841656594614
"418",91.5180853380135,117.142042041919,42.7518691810913,12.4670787650418,42.6902274931607
"419",38.0758115396438,53.7644402393375,25.4048518383927,6.81890040547113,34.6680836322862
"420",1.7846302647038,1.56053977944665,0.657118738216138,0.131226281987713,0.606366973500538
"421",10.8224794507429,9.69628751376551,4.33551324964634,0.875634765575932,4.11757567051135
"422",57.474136979948,73.2485507753429,30.9571712643857,8.4662736858305,36.7123825661018
"423",17.2367115134706,15.7441537186183,6.94589158023696,1.43926491130123,6.62127028482487
"424",21.8427899998945,39.3343147699812,21.7431892262429,5.19220894425564,30.4285372121683
"425",42.0383220456911,60.4833822491255,27.9764022466057,7.26460583873813,33.8593676598257
"426",0.151070627671167,0.229208150746647,0.0448310739121419,0.00932586255483362,0.0348530114232263
"427",58.0481279945064,74.7515631617347,31.6238172917847,8.79736096435068,38.3282618498062
"428",40.1567726445075,60.0068796800888,28.6332604105524,7.48865164994503,36.6031449017173
"429",35.1617414013546,48.7442408305919,23.3575336253831,6.15677194374027,32.6203157021405
"430",60.4623414543088,81.4147856007163,34.5096413445141,8.70709215977137,34.7633950796235
"431",1.42054632430441,1.31794129052474,0.463489464201408,0.0943879008664432,0.340950825188795
"432",71.1919367378943,83.1454392496201,32.3824243185274,8.83461216019614,34.6010672440484
"433",0.0237030544485747,0.097400252161557,0.00858508851340949,0.00171142306196957,0.00769421945227916
"434",0.43033023339353,0.415556351775895,0.147109721994571,0.0297920025424031,0.133700324393094
"435",45.3768593697021,63.0156176868285,28.9932936361305,7.3063075036017,33.8163414022012
"436",0.08437204390524,0.125142327848362,0.0316375565915815,0.00627520160591852,0.0324043031676715
"437",54.5969381024867,72.2841420892735,30.6106538166527,8.49046629238747,36.1932423846129
"438",16.9892006815617,14.2211037921262,5.66172358044829,1.19747760734402,4.78163202397039
"439",44.2832042537264,56.4710330143776,24.944096473245,6.93726878457466,33.7016536801588
"440",0.37363066054247,0.350215618774619,0.14462295968159,0.0285416516269424,0.158748929905656
"441",36.3507473900012,50.2056889889958,23.8470192875183,6.25192545138818,32.3411410530128
"442",5.41078035689618,4.55311895148375,2.05327006177735,0.414876144715359,2.12711227592715
"443",48.945158726458,67.1419425229255,29.9203643024535,8.33530749755461,38.6247266751456
"444",0.244706469553159,0.313795178284806,0.0811367865368399,0.0164541820673574,0.0628465449935806
"445",2.32773660249934,2.21356885860166,1.09731407949984,0.208405412323554,1.19330698513584
"446",58.7051455687074,73.1790956439141,30.5250725570518,8.3047953567097,35.5124506459949
"447",68.5355771577112,84.9485700704789,33.8596606417561,9.80466917378734,39.9019718812124
"448",0.0457622683187002,0.110830060098519,0.0175048811651971,0.00344652853495934,0.0160393582423115
"449",2.06336744753318,1.87255598120999,0.857328223385129,0.166972304913972,0.851564350434821
"450",0.0281102894946398,0.135595884626456,0.0102664370573711,0.00203937575198299,0.00786720135258221
"451",34.8002277625354,51.6776925386777,25.3669958203683,6.22896269543752,31.4043926469484
"452",35.8334053513919,45.5425162410156,21.236113414206,5.42617244706226,28.25735172359
"453",87.0091164009556,101.445290829583,37.6580835254184,10.1301629739361,36.0952502562917
"454",6.80595156398863,5.84812642320789,2.57558094760816,0.520346416481074,2.45878890802612
"455",76.7826040411509,99.7196245829191,38.91244709405,10.984048680469,41.0251689200236
"456",0.126402115429152,0.156923284425136,0.0526455955715879,0.0101770127596333,0.0554938916568213
"457",43.9775333663852,59.6457921326939,27.0365056263629,7.21917630552517,34.2492713307259
"458",20.9317749612239,19.52913797829,8.00976902214662,1.653216123535,6.43089111425544
"459",51.1918075592699,65.685662630569,28.3931798980058,7.56823977115095,33.6679773722773
"460",60.3916366401789,79.6208513812952,33.2302559883389,9.35575071400281,39.150447008352
"461",52.7728126014117,64.2773307741882,27.4336177858226,7.37461479673472,33.5157666179928
"462",0.124080192940824,0.162139882203493,0.0463006841844779,0.00919129189913276,0.0464711037259755
"463",95.93160002395,105.507031488699,36.7224843996519,9.61599587899772,31.3872239013701
"464",1.93094478087755,1.93292147506169,0.690352976645981,0.138316115149703,0.468812776937347
"465",0.0670315846228168,0.144505719961049,0.0310991088967107,0.00588894252021939,0.0263319487901497
"466",5.11494484252847,5.07347126529631,2.63811114353364,0.503407772404259,3.09087826768598
"467",17.6293523953267,25.6558536907465,13.6334184623034,3.516756584531,23.7929301658534
"468",80.0134576058165,97.7636272143568,36.9717452867562,10.436777331067,38.3884734477562
"469",56.0665082181478,71.7411703989584,30.5449936389787,7.9993564791809,34.078929202339
"470",75.6404258362612,103.138522136913,41.0020648465141,11.4399674716485,42.6315422202504
"471",81.1068546833411,107.500130348326,41.8466521701935,11.3572478197553,41.0075322027754
"472",1.54307771512565,1.57080555570853,0.754826235937573,0.141642172574484,0.73736596950318
"473",127.820061522051,160.157366631768,51.5772023798262,15.4016052789247,45.2919981055254
"474",2.96853624137901,2.78395104524777,1.32509218885377,0.255014814384745,1.3348205106515
"475",52.7073602410463,67.2908939075962,29.3736303069919,7.47405005958676,32.9060333449023
"476",45.5434239060137,57.4806988571416,25.1691240952143,6.83563744117184,32.2363465101948
"477",31.7295976247553,43.9277571837826,21.4659929113096,5.60522086872701,31.1584996237653
"478",86.2633891078974,104.073285431628,38.1183157003763,10.749142209876,37.7456049968174
"479",45.0224926091564,57.9413956610266,25.8908432055909,6.70640752741231,31.3957191149335
"480",37.4756529091246,46.4871762525184,21.4725585495568,5.31590873260333,26.709935870969
"481",36.6232835539469,49.9365839508665,23.6761559197798,6.18756946430026,32.1615729279601
"482",60.7327805023641,77.9955562826053,32.5943607651115,8.89180914408497,37.3743465763127
"483",2.00140115340969,2.39777022596374,1.10144824814936,0.204793622092825,0.876040050084215
"484",45.5971249155214,57.6909013507049,25.5672579469589,6.78811743487831,32.2770164773301
"485",36.4939760882585,50.4957687565917,24.243559019485,6.18553056966413,32.1450642369877
"486",0.300273496822969,0.368143316423859,0.126404174631991,0.0244129747224445,0.104154948922742
"487",49.0195100492049,65.6780396622204,29.4129060580278,7.51786403667919,33.9472431011982
"488",41.5192990743807,55.1607871644676,25.1307083103188,6.83964619605136,33.9249146983925
"489",31.0295035551594,38.8544855588663,18.3614767183628,4.771983021415,26.7135160798173
"490",39.6596614509838,49.3327207066033,22.228755430345,5.85574725364659,29.2926896661139
"491",50.7039457211145,64.7024428838009,27.9682818693071,7.76387157981846,35.7294670573788
"492",56.7313440057144,73.3444389661788,31.0153523397317,8.13674172694738,33.9824890441802
"493",56.064232656183,69.7137691535495,29.1764732572555,7.96178472253322,34.4318971947501
"494",39.1497189895424,55.2884061890987,25.9663409262351,6.56857480681568,31.5786935080367
"495",33.7536421638378,42.0887484126272,19.7473149452795,4.99973275508047,26.7287763085702
"496",8.56104062833242,7.58006226091809,3.63472632515718,0.737404554147548,4.26182865632897
"497",67.6354877071043,85.99028524639,35.1265904369778,9.91524334149691,40.9351957576089
"498",0.617349304160733,0.588770761325276,0.258500766116921,0.0499983916239078,0.266750529648389
"499",0.240774186464518,0.27186153865836,0.078917335583961,0.0161260615208608,0.0697917576305429
"500",65.4156670260088,80.8049194440603,32.5470475167883,9.26207048352757,38.2208612298396
