"","age1_orange.S","age1_green.S","age2_no_comorbid_orange.S","age2_no_comorbid_green.S","age2_comorbid_green.S","age3_no_comorbid_green.S","age3_comorbid_green.S"
"1",190,318,191,320,328,278,300
"2",360,1,357,1,1,1,1
"3",299,320,297,316,328,220,277
"4",306,290,303,284,302,132,227
"5",111,136,119,143,146,133,139
"6",348,1,344,1,144,1,1
"7",278,270,275,263,284,105,203
"8",341,1,337,1,147,1,1
"9",261,1,229,1,1,1,1
"10",178,297,179,301,310,261,282
"11",359,1,358,1,1,1,1
"12",147,223,152,230,238,204,218
"13",362,1,361,1,1,1,1
"14",2,1,1,1,1,1,1
"15",339,97,335,1,161,1,1
"16",267,301,265,296,312,187,249
"17",361,1,360,1,1,1,1
"18",345,138,342,108,182,1,1
"19",202,318,202,317,327,256,289
"20",173,293,175,296,306,257,277
"21",294,172,289,162,191,1,1
"22",363,1,362,1,1,1,1
"23",359,1,357,1,1,1,1
"24",358,1,355,1,1,1,1
"25",351,1,344,1,1,1,1
"26",21,1,9,1,1,1,1
"27",119,163,125,170,175,153,163
"28",362,1,361,1,1,1,1
"29",351,222,349,210,244,1,1
"30",361,1,360,1,1,1,1
"31",204,329,205,330,337,292,313
"32",29,1,13,1,1,1,1
"33",86,106,93,113,116,104,110
"34",268,311,266,307,320,209,265
"35",323,1,306,1,1,1,1
"36",79,1,55,1,1,1,1
"37",3,1,1,1,1,1,1
"38",357,1,354,1,1,1,1
"39",13,1,1,1,1,1,1
"40",186,299,189,304,313,271,289
"41",283,336,282,334,342,273,310
"42",306,1,284,1,1,1,1
"43",258,211,255,203,227,1,134
"44",362,1,361,1,1,1,1
"45",190,317,191,319,327,276,299
"46",111,151,117,158,163,143,152
"47",355,1,353,1,1,1,1
"48",362,1,360,1,1,1,1
"49",362,1,361,1,1,1,1
"50",1,1,1,1,1,1,1
"51",311,251,308,242,266,1,167
"52",277,351,279,352,355,326,341
"53",200,321,202,324,331,289,308
"54",131,1,102,1,1,1,1
"55",322,147,318,131,176,1,1
"56",362,1,361,1,1,1,1
"57",356,1,354,1,1,1,1
"58",111,139,116,144,148,130,138
"59",349,227,347,216,247,1,1
"60",79,1,56,1,1,1,1
"61",114,1,85,1,1,1,1
"62",234,335,234,334,341,283,312
"63",356,1,354,1,176,1,1
"64",281,310,279,306,320,202,263
"65",112,1,83,1,1,1,1
"66",355,1,353,1,1,1,1
"67",179,302,180,305,314,264,285
"68",190,318,190,318,327,268,295
"69",202,326,202,326,334,277,304
"70",361,1,360,1,1,1,1
"71",347,159,344,139,195,1,1
"72",361,1,359,1,1,1,1
"73",363,1,362,1,1,1,1
"74",261,295,259,290,306,176,240
"75",7,1,1,1,1,1,1
"76",317,317,315,313,326,206,271
"77",157,251,160,256,265,223,240
"78",288,268,285,260,282,1,197
"79",38,1,23,1,1,1,1
"80",184,306,186,309,318,270,291
"81",190,313,192,316,324,278,298
"82",144,232,146,235,244,200,218
"83",354,159,352,132,202,1,1
"84",197,321,199,324,331,286,307
"85",218,337,220,339,344,305,324
"86",1,1,1,1,1,1,1
"87",357,1,355,1,1,1,1
"88",112,1,84,1,1,1,1
"89",1,1,1,1,1,1,1
"90",23,1,10,1,1,1,1
"91",230,307,229,304,317,216,265
"92",245,343,245,343,348,306,328
"93",98,119,104,126,129,118,124
"94",14,1,1,1,1,1,1
"95",362,1,361,1,1,1,1
"96",273,304,270,300,315,192,254
"97",309,224,305,214,241,1,118
"98",344,1,335,1,1,1,1
"99",88,1,65,1,1,1,1
"100",362,1,361,1,1,1,1
"101",113,150,119,157,161,142,151
"102",325,1,308,1,1,1,1
"103",162,1,132,1,1,1,1
"104",1,1,1,1,1,1,1
"105",111,146,119,154,158,142,150
"106",302,209,298,200,227,1,73
"107",48,1,31,1,1,1,1
"108",353,205,351,191,231,1,1
"109",197,323,197,324,332,279,304
"110",1,1,1,1,1,1,1
"111",284,203,279,194,220,1,103
"112",198,322,200,324,332,287,307
"113",78,94,85,101,104,94,99
"114",301,254,297,246,269,1,175
"115",72,85,79,94,96,89,94
"116",86,1,62,1,1,1,1
"117",315,217,312,207,235,1,43
"118",257,254,254,247,269,90,186
"119",362,1,361,1,1,1,1
"120",87,100,93,107,110,101,105
"121",65,1,42,1,1,1,1
"122",261,243,258,235,258,1,171
"123",244,343,244,343,348,305,327
"124",247,307,245,303,317,207,261
"125",1,1,1,1,1,1,1
"126",1,1,1,1,1,1,1
"127",112,137,118,143,146,131,138
"128",14,1,1,1,1,1,1
"129",358,1,356,1,1,1,1
"130",359,1,358,1,1,1,1
"131",359,1,357,1,1,1,1
"132",27,1,12,1,1,1,1
"133",261,210,257,202,226,1,132
"134",16,1,1,1,1,1,1
"135",274,212,270,203,228,1,127
"136",1,1,1,1,1,1,1
"137",71,1,52,1,1,1,1
"138",301,163,297,152,184,1,1
"139",362,1,360,1,1,1,1
"140",255,1,222,1,1,1,1
"141",110,136,117,144,147,134,140
"142",62,1,41,1,1,1,1
"143",155,1,126,1,1,1,1
"144",180,309,180,309,319,258,285
"145",277,214,273,205,230,1,128
"146",186,307,187,310,319,272,292
"147",234,344,237,346,350,320,335
"148",363,1,362,1,1,1,1
"149",237,345,239,346,351,318,334
"150",182,1,147,1,1,1,1
"151",325,250,322,242,266,1,157
"152",26,1,12,1,1,1,1
"153",179,298,180,301,310,262,283
"154",150,227,155,236,243,212,226
"155",102,108,107,114,117,109,113
"156",268,1,236,1,1,1,1
"157",339,229,336,219,248,1,1
"158",355,1,352,1,1,1,1
"159",193,321,193,322,330,276,301
"160",5,1,1,1,1,1,1
"161",243,344,244,344,349,308,329
"162",29,1,14,1,1,1,1
"163",208,1,175,1,1,1,1
"164",164,1,131,1,1,1,1
"165",127,1,98,1,1,1,1
"166",276,273,274,266,286,116,206
"167",360,1,358,1,1,1,1
"168",90,1,66,1,1,1,1
"169",237,344,238,344,349,311,330
"170",219,337,220,337,343,299,320
"171",360,1,359,1,1,1,1
"172",244,337,243,336,343,285,314
"173",241,301,239,297,311,197,253
"174",322,226,318,216,244,1,96
"175",127,167,133,173,178,157,167
"176",197,313,200,318,326,286,303
"177",342,1,338,1,137,1,1
"178",224,1,188,1,1,1,1
"179",355,77,353,1,179,1,1
"180",348,1,340,1,1,1,1
"181",1,1,1,1,1,1,1
"182",264,296,262,291,307,177,242
"183",210,330,212,333,339,300,318
"184",233,339,233,338,345,296,320
"185",97,122,105,131,135,123,129
"186",145,230,149,234,243,203,219
"187",11,1,1,1,1,1,1
"188",24,1,13,1,1,1,1
"189",337,1,332,1,1,1,1
"190",354,240,353,230,261,1,1
"191",360,1,358,1,1,1,1
"192",139,201,142,205,212,179,192
"193",333,204,329,193,224,1,1
"194",174,302,174,303,313,255,280
"195",18,1,7,1,1,1,1
"196",348,139,345,105,185,1,1
"197",342,256,339,247,273,1,149
"198",335,171,331,157,197,1,1
"199",199,312,202,318,326,286,304
"200",275,284,272,278,297,147,222
"201",263,252,260,244,266,1,181
"202",230,1,198,1,1,1,1
"203",363,1,362,1,1,1,1
"204",110,1,84,1,1,1,1
"205",266,337,265,336,343,281,313
"206",123,162,128,168,173,152,161
"207",75,1,52,1,1,1,1
"208",192,304,197,310,318,278,296
"209",101,125,108,131,135,121,127
"210",296,265,293,258,280,1,193
"211",130,170,136,176,181,160,169
"212",77,1,53,1,1,1,1
"213",354,1,352,1,151,1,1
"214",148,261,148,262,274,213,238
"215",267,1,236,1,1,1,1
"216",82,1,60,1,1,1,1
"217",329,1,314,1,1,1,1
"218",358,1,355,1,1,1,1
"219",362,1,361,1,1,1,1
"220",360,1,359,1,1,1,1
"221",280,330,279,328,337,256,299
"222",264,303,261,299,314,193,253
"223",347,145,344,117,187,1,1
"224",242,336,242,335,342,283,313
"225",235,1,201,1,1,1,1
"226",251,286,249,280,298,164,228
"227",257,255,254,247,269,91,186
"228",76,85,85,93,95,91,94
"229",22,1,10,1,1,1,1
"230",128,182,135,190,196,172,183
"231",361,1,359,1,1,1,1
"232",184,313,184,313,323,262,289
"233",185,288,189,296,304,266,283
"234",316,1,297,1,1,1,1
"235",298,1,274,1,1,1,1
"236",359,1,356,1,1,1,1
"237",42,1,25,1,1,1,1
"238",124,167,131,175,180,161,170
"239",345,106,341,1,169,1,1
"240",329,1,313,1,1,1,1
"241",249,1,217,1,1,1,1
"242",348,180,346,164,210,1,1
"243",285,336,284,334,342,273,309
"244",228,338,228,338,344,297,320
"245",115,159,121,165,170,147,157
"246",28,1,14,1,1,1,1
"247",232,326,231,325,334,261,297
"248",59,1,37,1,1,1,1
"249",358,1,356,1,1,1,1
"250",291,288,288,282,300,144,226
"251",352,1,350,1,153,1,1
"252",281,240,277,232,256,1,163
"253",280,231,277,222,246,1,151
"254",363,1,361,1,1,1,1
"255",223,325,223,324,333,261,296
"256",350,184,348,168,214,1,1
"257",187,316,188,316,325,268,294
"258",346,1,342,1,1,1,1
"259",359,1,356,1,1,1,1
"260",193,307,196,312,320,279,297
"261",256,315,254,312,324,223,273
"262",297,1,272,1,1,1,1
"263",274,318,273,315,327,225,277
"264",27,1,10,1,1,1,1
"265",198,302,196,299,312,221,263
"266",339,1,327,1,1,1,1
"267",299,283,296,277,296,117,218
"268",44,1,28,1,1,1,1
"269",88,109,96,116,119,108,113
"270",19,1,2,1,1,1,1
"271",1,1,1,1,1,1,1
"272",17,1,4,1,1,1,1
"273",234,334,234,333,340,280,310
"274",110,144,117,151,156,139,146
"275",185,313,185,314,323,262,289
"276",187,310,187,309,320,248,281
"277",19,1,6,1,1,1,1
"278",169,1,136,1,1,1,1
"279",276,317,274,313,325,220,274
"280",194,315,196,318,326,282,301
"281",356,1,352,1,1,1,1
"282",18,1,7,1,1,1,1
"283",296,330,294,327,336,250,296
"284",333,258,331,249,273,1,164
"285",239,326,237,324,334,258,296
"286",357,1,353,1,1,1,1
"287",347,1,343,1,1,1,1
"288",225,339,226,339,345,300,322
"289",358,1,357,1,1,1,1
"290",343,213,340,202,234,1,1
"291",361,1,360,1,1,1,1
"292",125,172,133,182,187,167,177
"293",288,327,287,325,335,246,293
"294",47,1,31,1,1,1,1
"295",325,145,321,128,176,1,1
"296",1,1,1,1,1,1,1
"297",270,293,267,287,304,168,236
"298",133,1,102,1,1,1,1
"299",202,327,202,328,335,283,308
"300",232,341,232,342,347,306,327
"301",193,318,195,320,328,282,302
"302",272,200,268,191,216,1,108
"303",143,213,147,219,226,192,206
"304",297,323,295,320,331,229,283
"305",363,1,362,1,1,1,1
"306",313,122,308,99,156,1,1
"307",1,1,1,1,1,1,1
"308",351,1,344,1,1,1,1
"309",348,1,345,1,124,1,1
"310",239,194,236,186,209,1,120
"311",363,1,362,1,1,1,1
"312",360,1,357,1,1,1,1
"313",329,210,325,200,230,1,1
"314",360,1,358,1,1,1,1
"315",243,1,207,1,1,1,1
"316",229,1,195,1,1,1,1
"317",196,309,199,315,322,282,300
"318",212,334,213,335,342,298,319
"319",361,1,360,1,1,1,1
"320",361,1,359,1,1,1,1
"321",230,221,227,214,237,1,153
"322",255,331,254,329,337,265,302
"323",345,213,342,201,234,1,1
"324",353,1,351,1,1,1,1
"325",69,1,47,1,1,1,1
"326",119,151,124,155,160,139,148
"327",180,304,182,307,316,267,288
"328",1,1,1,1,1,1,1
"329",343,1,333,1,1,1,1
"330",25,1,10,1,1,1,1
"331",273,1,243,1,1,1,1
"332",361,1,360,1,1,1,1
"333",363,1,362,1,1,1,1
"334",135,1,103,1,1,1,1
"335",125,1,97,1,1,1,1
"336",271,317,269,314,326,224,276
"337",309,308,307,303,318,183,255
"338",47,1,27,1,1,1,1
"339",363,1,362,1,1,1,1
"340",83,97,90,106,109,101,105
"341",125,168,129,173,179,155,165
"342",360,1,357,1,1,1,1
"343",67,1,46,1,1,1,1
"344",13,1,1,1,1,1,1
"345",345,1,336,1,1,1,1
"346",103,128,111,138,141,129,135
"347",277,280,275,273,293,135,216
"348",358,1,357,1,1,1,1
"349",330,250,327,241,266,1,152
"350",6,1,1,1,1,1,1
"351",342,1,332,1,1,1,1
"352",162,269,164,273,283,237,256
"353",159,259,162,265,273,231,249
"354",236,343,237,344,349,310,329
"355",288,279,286,273,292,120,213
"356",95,115,101,122,125,113,118
"357",185,288,189,296,304,265,282
"358",203,325,205,328,335,292,311
"359",265,201,261,193,217,1,116
"360",228,1,193,1,1,1,1
"361",241,1,208,1,1,1,1
"362",229,342,230,343,348,312,330
"363",31,1,17,1,1,1,1
"364",361,1,360,1,1,1,1
"365",310,333,309,331,339,257,301
"366",353,1,350,1,1,1,1
"367",256,177,252,168,193,1,67
"368",359,1,357,1,1,1,1
"369",229,332,229,331,338,277,307
"370",363,1,363,1,1,1,1
"371",309,260,306,252,275,1,182
"372",110,127,115,131,135,120,127
"373",164,283,165,286,296,242,264
"374",362,1,361,1,1,1,1
"375",292,282,290,276,295,125,217
"376",271,1,238,1,1,1,1
"377",167,263,172,270,279,240,256
"378",363,1,362,1,1,1,1
"379",13,1,1,1,1,1,1
"380",220,338,221,339,345,306,325
"381",304,281,302,275,294,79,213
"382",141,197,146,203,209,180,192
"383",98,1,72,1,1,1,1
"384",229,188,226,180,203,1,117
"385",229,183,225,175,198,1,111
"386",275,1,246,1,1,1,1
"387",292,314,290,310,323,207,268
"388",295,287,292,281,300,137,224
"389",355,1,352,1,101,1,1
"390",304,228,300,219,245,1,135
"391",363,1,362,1,1,1,1
"392",1,1,1,1,1,1,1
"393",304,1,282,1,1,1,1
"394",49,1,32,1,1,1,1
"395",355,1,350,1,1,1,1
"396",234,288,232,283,300,176,235
"397",166,1,133,1,1,1,1
"398",357,1,355,1,81,1,1
"399",1,1,1,1,1,1,1
"400",18,1,7,1,1,1,1
"401",1,1,1,1,1,1,1
"402",22,1,4,1,1,1,1
"403",349,318,348,313,326,168,265
"404",1,1,1,1,1,1,1
"405",89,98,94,105,107,99,103
"406",159,1,123,1,1,1,1
"407",359,1,357,1,1,1,1
"408",362,1,361,1,1,1,1
"409",249,344,250,344,349,307,328
"410",280,1,250,1,1,1,1
"411",223,339,224,340,346,306,325
"412",314,260,310,252,274,1,179
"413",318,164,313,152,188,1,1
"414",359,1,356,1,1,1,1
"415",242,1,205,1,1,1,1
"416",218,337,220,339,344,304,324
"417",1,1,1,1,1,1,1
"418",100,112,106,120,123,114,119
"419",138,184,145,192,197,174,184
"420",361,1,359,1,1,1,1
"421",356,1,354,1,1,1,1
"422",195,313,198,317,325,283,301
"423",357,238,355,226,260,1,1
"424",236,344,237,344,349,312,330
"425",163,266,166,272,281,238,256
"426",30,1,15,1,1,1,1
"427",95,114,101,121,124,112,117
"428",148,214,154,222,228,199,211
"429",270,334,269,332,340,270,306
"430",296,225,292,216,242,1,135
"431",354,1,349,1,1,1,1
"432",319,320,318,316,328,213,276
"433",1,1,1,1,1,1,1
"434",324,1,306,1,1,1,1
"435",192,321,193,322,330,277,301
"436",46,1,27,1,1,1,1
"437",183,299,185,303,312,266,285
"438",352,1,350,1,74,1,1
"439",105,135,112,143,147,133,140
"440",349,1,341,1,1,1,1
"441",155,264,157,267,277,226,247
"442",362,1,362,1,1,1,1
"443",97,115,103,123,126,117,122
"444",83,1,60,1,1,1,1
"445",362,1,360,1,1,1,1
"446",260,246,257,239,261,1,175
"447",103,111,108,118,121,113,117
"448",1,1,1,1,1,1,1
"449",362,1,361,1,1,1,1
"450",1,1,1,1,1,1,1
"451",287,308,284,304,318,195,259
"452",312,260,308,252,275,1,180
"453",326,239,322,229,255,1,131
"454",361,1,360,1,1,1,1
"455",110,151,118,160,165,147,156
"456",144,1,111,1,1,1,1
"457",109,141,115,147,151,134,142
"458",345,114,342,15,172,1,1
"459",131,196,135,201,208,176,189
"460",83,102,90,110,113,103,109
"461",242,344,243,345,349,311,330
"462",63,1,44,1,1,1,1
"463",289,269,286,262,283,1,198
"464",359,1,357,1,1,1,1
"465",20,1,5,1,1,1,1
"466",355,1,352,1,1,1,1
"467",110,140,117,148,152,137,144
"468",209,331,209,332,339,292,314
"469",264,308,262,304,318,204,261
"470",86,101,92,108,110,101,106
"471",257,229,254,221,244,1,155
"472",362,1,360,1,1,1,1
"473",113,132,119,140,143,132,137
"474",363,1,362,1,1,1,1
"475",320,269,317,261,283,1,190
"476",176,280,180,287,296,255,273
"477",190,318,190,319,328,276,299
"478",157,258,160,263,272,229,247
"479",218,331,217,331,338,281,309
"480",282,211,278,203,228,1,121
"481",264,346,264,346,350,310,331
"482",213,332,215,335,341,303,321
"483",363,1,361,1,1,1,1
"484",138,220,140,223,232,189,206
"485",267,265,264,258,279,108,198
"486",242,1,208,1,1,1,1
"487",326,291,324,285,303,1,223
"488",136,177,140,182,188,163,173
"489",238,291,235,286,303,180,238
"490",276,328,275,325,335,250,294
"491",114,139,120,145,148,133,140
"492",196,320,198,323,331,285,305
"493",285,221,281,213,238,1,136
"494",268,325,267,323,333,246,290
"495",303,221,299,212,238,1,119
"496",340,126,336,88,172,1,1
"497",185,313,185,313,323,260,288
"498",357,1,353,1,1,1,1
"499",109,1,84,1,1,1,1
"500",119,159,126,167,172,153,162
