"","age1.E","age2_no_comorbid.E","age2_comorbid.E","age3_no_comorbid.E","age3_comorbid.E"
"1",15.3562653562654,14.2250530785563,17.5718849840256,11.3636363636364,13.4048257372654
"2",0,0.106157112526539,0,0,0
"3",18.3046683046683,15.4989384288747,13.5782747603834,22.7272727272727,25.4691689008043
"4",16.7076167076167,14.3312101910828,18.370607028754,18.1818181818182,20.1072386058981
"5",20.2702702702703,14.5435244161359,22.3642172523962,18.1818181818182,18.7667560321716
"6",15.3562653562654,13.3757961783439,17.5718849840256,25,14.745308310992
"7",16.4619164619165,13.588110403397,18.370607028754,15.9090909090909,17.426273458445
"8",0,0.106157112526539,0,0,0
"9",19.041769041769,14.6496815286624,15.9744408945687,25,16.0857908847185
"10",18.0589680589681,13.4819532908705,16.7731629392971,15.9090909090909,14.745308310992
"11",0,0.106157112526539,0,0,0
"12",18.3046683046683,15.3927813163482,19.9680511182109,18.1818181818182,13.4048257372654
"13",18.3046683046683,15.6050955414013,20.7667731629393,15.9090909090909,22.7882037533512
"14",17.5675675675676,16.6666666666667,22.3642172523962,22.7272727272727,20.1072386058981
"15",17.9361179361179,13.6942675159236,14.3769968051118,13.6363636363636,18.7667560321716
"16",21.2530712530713,15.8174097664544,19.9680511182109,22.7272727272727,20.1072386058981
"17",19.4103194103194,15.8174097664544,19.9680511182109,18.1818181818182,18.7667560321716
"18",20.2702702702703,16.8789808917197,15.9744408945687,13.6363636363636,20.1072386058981
"19",17.9361179361179,15.3927813163482,15.9744408945687,22.7272727272727,16.0857908847185
"20",0.122850122850123,0.106157112526539,0,0,0
"21",16.0933660933661,14.755838641189,21.5654952076677,18.1818181818182,16.0857908847185
"22",16.8304668304668,16.0297239915074,21.5654952076677,22.7272727272727,14.745308310992
"23",19.041769041769,16.4543524416136,19.1693290734824,15.9090909090909,14.745308310992
"24",19.9017199017199,16.5605095541401,17.5718849840256,22.7272727272727,21.4477211796247
"25",0,0.106157112526539,0,0,0
"26",0,0.106157112526539,0,0,0
"27",19.1646191646192,16.9851380042463,19.9680511182109,18.1818181818182,17.426273458445
"28",17.6904176904177,11.8895966029724,14.3769968051118,20.4545454545455,9.38337801608579
"29",17.5675675675676,14.4373673036093,16.7731629392971,18.1818181818182,16.0857908847185
"30",15.3562653562654,15.1804670912951,21.5654952076677,25,16.0857908847185
"31",18.5503685503685,14.968152866242,15.1757188498403,20.4545454545455,18.7667560321716
"32",18.4275184275184,14.1188959660297,17.5718849840256,18.1818181818182,16.0857908847185
"33",21.6216216216216,17.7282377919321,18.370607028754,22.7272727272727,16.0857908847185
"34",18.5503685503685,15.3927813163482,15.9744408945687,25,20.1072386058981
"35",17.3218673218673,14.8619957537155,19.1693290734824,18.1818181818182,20.1072386058981
"36",18.5503685503685,14.0127388535032,15.9744408945687,18.1818181818182,20.1072386058981
"37",17.8132678132678,15.0743099787686,18.370607028754,11.3636363636364,16.0857908847185
"38",16.5847665847666,15.3927813163482,19.9680511182109,20.4545454545455,13.4048257372654
"39",15.4791154791155,14.755838641189,20.7667731629393,22.7272727272727,20.1072386058981
"40",15.7248157248157,12.8450106157113,21.5654952076677,25,20.1072386058981
"41",17.6904176904177,15.2866242038217,12.779552715655,15.9090909090909,10.7238605898123
"42",17.9361179361179,17.0912951167728,22.3642172523962,22.7272727272727,14.745308310992
"43",20.2702702702703,16.135881104034,20.7667731629393,25,24.1286863270778
"44",0,0.106157112526539,0,0,0
"45",19.2874692874693,16.8789808917197,19.1693290734824,20.4545454545455,18.7667560321716
"46",17.3218673218673,14.755838641189,19.9680511182109,27.2727272727273,20.1072386058981
"47",21.2530712530713,16.135881104034,21.5654952076677,15.9090909090909,20.1072386058981
"48",0,0.106157112526539,0,0,0
"49",18.3046683046683,14.1188959660297,18.370607028754,18.1818181818182,17.426273458445
"50",17.1990171990172,15.0743099787686,15.9744408945687,20.4545454545455,20.1072386058981
"51",0,0.106157112526539,0,0,0
"52",18.9189189189189,16.2420382165605,18.370607028754,20.4545454545455,20.1072386058981
"53",19.7788697788698,16.5605095541401,16.7731629392971,13.6363636363636,24.1286863270778
"54",0,0.106157112526539,0,0,0
"55",18.7960687960688,16.4543524416136,15.1757188498403,15.9090909090909,14.745308310992
"56",17.9361179361179,15.6050955414013,19.9680511182109,18.1818181818182,10.7238605898123
"57",16.8304668304668,13.4819532908705,19.1693290734824,22.7272727272727,17.426273458445
"58",17.1990171990172,16.0297239915074,15.1757188498403,20.4545454545455,21.4477211796247
"59",19.7788697788698,18.0467091295117,23.1629392971246,13.6363636363636,17.426273458445
"60",16.4619164619165,14.0127388535032,18.370607028754,25,13.4048257372654
"61",16.3390663390663,15.2866242038217,15.9744408945687,20.4545454545455,17.426273458445
"62",21.1302211302211,15.4989384288747,16.7731629392971,18.1818181818182,14.745308310992
"63",18.3046683046683,15.1804670912951,19.1693290734824,27.2727272727273,14.745308310992
"64",16.2162162162162,13.1634819532909,19.9680511182109,18.1818181818182,16.0857908847185
"65",0,0.106157112526539,0,0,0
"66",17.8132678132678,14.1188959660297,15.1757188498403,13.6363636363636,14.745308310992
"67",19.5331695331695,14.4373673036093,15.9744408945687,18.1818181818182,22.7882037533512
"68",18.5503685503685,15.2866242038217,18.370607028754,18.1818181818182,14.745308310992
"69",18.3046683046683,16.7728237791932,17.5718849840256,18.1818181818182,14.745308310992
"70",19.4103194103194,16.5605095541401,20.7667731629393,22.7272727272727,16.0857908847185
"71",16.5847665847666,15.8174097664544,18.370607028754,27.2727272727273,14.745308310992
"72",17.5675675675676,14.0127388535032,18.370607028754,18.1818181818182,14.745308310992
"73",18.0589680589681,15.3927813163482,16.7731629392971,18.1818181818182,17.426273458445
"74",20.2702702702703,16.5605095541401,21.5654952076677,20.4545454545455,24.1286863270778
"75",18.3046683046683,16.4543524416136,15.9744408945687,18.1818181818182,16.0857908847185
"76",16.7076167076167,12.9511677282378,16.7731629392971,18.1818181818182,14.745308310992
"77",0,0.106157112526539,0,0,0
"78",0,0.106157112526539,0,0,0
"79",17.4447174447174,16.348195329087,16.7731629392971,20.4545454545455,18.7667560321716
"80",18.5503685503685,15.6050955414013,18.370607028754,22.7272727272727,13.4048257372654
"81",18.4275184275184,14.6496815286624,15.9744408945687,13.6363636363636,16.0857908847185
"82",17.0761670761671,14.4373673036093,26.3578274760383,20.4545454545455,16.0857908847185
"83",0,0.106157112526539,0,0,0
"84",18.3046683046683,14.3312101910828,17.5718849840256,15.9090909090909,14.745308310992
"85",0,0.106157112526539,0,0,0
"86",19.9017199017199,15.0743099787686,19.1693290734824,15.9090909090909,16.0857908847185
"87",17.4447174447174,14.3312101910828,16.7731629392971,27.2727272727273,21.4477211796247
"88",16.8304668304668,13.9065817409766,18.370607028754,9.09090909090909,18.7667560321716
"89",21.2530712530713,15.8174097664544,17.5718849840256,18.1818181818182,22.7882037533512
"90",19.7788697788698,16.348195329087,18.370607028754,15.9090909090909,18.7667560321716
"91",17.3218673218673,15.1804670912951,15.9744408945687,22.7272727272727,20.1072386058981
"92",0,0.106157112526539,0,0,0
"93",17.6904176904177,14.0127388535032,15.9744408945687,15.9090909090909,17.426273458445
"94",21.2530712530713,14.4373673036093,13.5782747603834,18.1818181818182,12.0643431635389
"95",18.7960687960688,13.3757961783439,15.9744408945687,22.7272727272727,14.745308310992
"96",18.5503685503685,15.8174097664544,24.7603833865815,18.1818181818182,18.7667560321716
"97",19.1646191646192,14.755838641189,19.9680511182109,25,20.1072386058981
"98",19.4103194103194,15.2866242038217,19.9680511182109,20.4545454545455,12.0643431635389
"99",0,0.106157112526539,0,0,0
"100",0,0.106157112526539,0,0,0
"101",20.6388206388206,14.2250530785563,19.1693290734824,15.9090909090909,12.0643431635389
"102",19.2874692874693,17.4097664543524,22.3642172523962,25,21.4477211796247
"103",18.6732186732187,14.1188959660297,22.3642172523962,15.9090909090909,13.4048257372654
"104",17.5675675675676,15.3927813163482,17.5718849840256,22.7272727272727,17.426273458445
"105",18.7960687960688,15.8174097664544,19.1693290734824,15.9090909090909,13.4048257372654
"106",20.3931203931204,16.6666666666667,23.1629392971246,20.4545454545455,18.7667560321716
"107",18.7960687960688,15.0743099787686,15.1757188498403,25,16.0857908847185
"108",16.2162162162162,13.4819532908705,15.1757188498403,18.1818181818182,17.426273458445
"109",0,0.106157112526539,0,0,0
"110",19.1646191646192,15.8174097664544,19.1693290734824,20.4545454545455,16.0857908847185
"111",20.7616707616708,16.4543524416136,20.7667731629393,20.4545454545455,13.4048257372654
"112",16.4619164619165,14.6496815286624,15.9744408945687,20.4545454545455,14.745308310992
"113",0,0.106157112526539,0,0,0
"114",16.2162162162162,14.6496815286624,20.7667731629393,15.9090909090909,13.4048257372654
"115",17.9361179361179,15.4989384288747,13.5782747603834,20.4545454545455,16.0857908847185
"116",20.02457002457,14.755838641189,15.1757188498403,13.6363636363636,13.4048257372654
"117",16.5847665847666,14.1188959660297,16.7731629392971,22.7272727272727,13.4048257372654
"118",18.1818181818182,14.755838641189,18.370607028754,15.9090909090909,20.1072386058981
"119",16.953316953317,15.3927813163482,23.961661341853,25,14.745308310992
"120",19.4103194103194,14.2250530785563,15.1757188498403,13.6363636363636,21.4477211796247
"121",19.4103194103194,15.0743099787686,21.5654952076677,15.9090909090909,16.0857908847185
"122",20.5159705159705,18.895966029724,21.5654952076677,20.4545454545455,14.745308310992
"123",0,0.106157112526539,0,0,0
"124",18.7960687960688,16.4543524416136,11.9808306709265,25,20.1072386058981
"125",19.041769041769,13.8004246284501,18.370607028754,18.1818181818182,17.426273458445
"126",17.6904176904177,16.348195329087,18.370607028754,25,16.0857908847185
"127",21.1302211302211,14.6496815286624,18.370607028754,22.7272727272727,17.426273458445
"128",17.4447174447174,14.4373673036093,20.7667731629393,15.9090909090909,14.745308310992
"129",19.2874692874693,14.5435244161359,17.5718849840256,20.4545454545455,17.426273458445
"130",21.007371007371,18.1528662420382,19.1693290734824,25,26.8096514745308
"131",18.4275184275184,16.135881104034,18.370607028754,20.4545454545455,18.7667560321716
"132",20.2702702702703,15.8174097664544,18.370607028754,11.3636363636364,21.4477211796247
"133",19.2874692874693,14.2250530785563,15.9744408945687,20.4545454545455,12.0643431635389
"134",19.4103194103194,15.9235668789809,21.5654952076677,20.4545454545455,18.7667560321716
"135",16.953316953317,16.8789808917197,20.7667731629393,25,18.7667560321716
"136",16.3390663390663,13.3757961783439,15.1757188498403,25,14.745308310992
"137",16.953316953317,13.2696390658174,17.5718849840256,11.3636363636364,16.0857908847185
"138",17.6904176904177,15.0743099787686,19.9680511182109,15.9090909090909,14.745308310992
"139",17.6904176904177,14.2250530785563,15.9744408945687,20.4545454545455,18.7667560321716
"140",19.2874692874693,16.348195329087,18.370607028754,20.4545454545455,16.0857908847185
"141",18.3046683046683,15.0743099787686,15.1757188498403,15.9090909090909,16.0857908847185
"142",21.4987714987715,16.135881104034,21.5654952076677,18.1818181818182,17.426273458445
"143",16.2162162162162,17.0912951167728,19.1693290734824,13.6363636363636,14.745308310992
"144",18.5503685503685,16.8789808917197,23.1629392971246,13.6363636363636,20.1072386058981
"145",17.5675675675676,13.8004246284501,18.370607028754,18.1818181818182,12.0643431635389
"146",17.4447174447174,14.755838641189,15.1757188498403,13.6363636363636,16.0857908847185
"147",0,0.106157112526539,0,0,0
"148",18.1818181818182,15.1804670912951,15.1757188498403,15.9090909090909,22.7882037533512
"149",16.4619164619165,16.4543524416136,20.7667731629393,18.1818181818182,17.426273458445
"150",16.7076167076167,13.8004246284501,12.779552715655,15.9090909090909,24.1286863270778
"151",16.3390663390663,15.9235668789809,21.5654952076677,15.9090909090909,16.0857908847185
"152",18.1818181818182,15.4989384288747,19.1693290734824,20.4545454545455,17.426273458445
"153",19.5331695331695,14.0127388535032,17.5718849840256,27.2727272727273,18.7667560321716
"154",17.9361179361179,15.6050955414013,21.5654952076677,11.3636363636364,26.8096514745308
"155",16.953316953317,14.5435244161359,16.7731629392971,25,18.7667560321716
"156",19.6560196560197,13.0573248407643,11.9808306709265,18.1818181818182,21.4477211796247
"157",20.3931203931204,15.0743099787686,15.1757188498403,22.7272727272727,17.426273458445
"158",19.2874692874693,15.8174097664544,17.5718849840256,15.9090909090909,14.745308310992
"159",17.1990171990172,14.5435244161359,21.5654952076677,20.4545454545455,20.1072386058981
"160",17.8132678132678,16.0297239915074,19.9680511182109,18.1818181818182,18.7667560321716
"161",15.970515970516,16.4543524416136,15.1757188498403,15.9090909090909,14.745308310992
"162",19.5331695331695,16.6666666666667,18.370607028754,22.7272727272727,17.426273458445
"163",19.5331695331695,16.348195329087,17.5718849840256,15.9090909090909,20.1072386058981
"164",17.5675675675676,16.135881104034,19.1693290734824,15.9090909090909,14.745308310992
"165",17.0761670761671,14.8619957537155,21.5654952076677,15.9090909090909,18.7667560321716
"166",19.1646191646192,12.8450106157113,17.5718849840256,18.1818181818182,12.0643431635389
"167",17.6904176904177,14.4373673036093,16.7731629392971,13.6363636363636,13.4048257372654
"168",18.6732186732187,14.6496815286624,18.370607028754,15.9090909090909,16.0857908847185
"169",18.6732186732187,14.2250530785563,17.5718849840256,11.3636363636364,17.426273458445
"170",19.2874692874693,14.1188959660297,13.5782747603834,20.4545454545455,14.745308310992
"171",18.9189189189189,16.6666666666667,14.3769968051118,15.9090909090909,18.7667560321716
"172",19.1646191646192,15.3927813163482,15.1757188498403,22.7272727272727,18.7667560321716
"173",16.953316953317,15.7112526539278,18.370607028754,20.4545454545455,16.0857908847185
"174",21.1302211302211,16.2420382165605,19.1693290734824,18.1818181818182,17.426273458445
"175",0,0.106157112526539,0,0,0
"176",0,0.106157112526539,0,0,0
"177",16.8304668304668,16.135881104034,17.5718849840256,22.7272727272727,16.0857908847185
"178",19.6560196560197,16.4543524416136,15.9744408945687,13.6363636363636,21.4477211796247
"179",19.6560196560197,16.9851380042463,15.1757188498403,13.6363636363636,14.745308310992
"180",18.6732186732187,16.348195329087,20.7667731629393,22.7272727272727,20.1072386058981
"181",19.7788697788698,15.6050955414013,15.9744408945687,15.9090909090909,20.1072386058981
"182",19.1646191646192,16.4543524416136,19.9680511182109,15.9090909090909,13.4048257372654
"183",17.9361179361179,14.968152866242,16.7731629392971,18.1818181818182,18.7667560321716
"184",16.3390663390663,12.9511677282378,19.9680511182109,18.1818181818182,18.7667560321716
"185",16.8304668304668,13.1634819532909,19.9680511182109,15.9090909090909,18.7667560321716
"186",19.9017199017199,15.3927813163482,17.5718849840256,20.4545454545455,18.7667560321716
"187",15.6019656019656,14.5435244161359,18.370607028754,22.7272727272727,16.0857908847185
"188",19.6560196560197,16.0297239915074,14.3769968051118,15.9090909090909,17.426273458445
"189",20.1474201474201,17.1974522292994,17.5718849840256,20.4545454545455,10.7238605898123
"190",16.5847665847666,15.8174097664544,18.370607028754,20.4545454545455,18.7667560321716
"191",18.6732186732187,16.4543524416136,15.9744408945687,22.7272727272727,13.4048257372654
"192",18.9189189189189,14.3312101910828,15.1757188498403,18.1818181818182,18.7667560321716
"193",17.4447174447174,14.4373673036093,18.370607028754,13.6363636363636,18.7667560321716
"194",19.9017199017199,16.6666666666667,17.5718849840256,22.7272727272727,17.426273458445
"195",18.9189189189189,13.588110403397,15.9744408945687,18.1818181818182,14.745308310992
"196",17.6904176904177,14.2250530785563,14.3769968051118,15.9090909090909,14.745308310992
"197",18.3046683046683,14.968152866242,17.5718849840256,18.1818181818182,16.0857908847185
"198",0.122850122850123,0.106157112526539,0,0,0
"199",17.8132678132678,16.2420382165605,19.1693290734824,11.3636363636364,14.745308310992
"200",18.4275184275184,15.7112526539278,17.5718849840256,18.1818181818182,13.4048257372654
"201",21.1302211302211,16.9851380042463,20.7667731629393,18.1818181818182,14.745308310992
"202",17.9361179361179,15.0743099787686,17.5718849840256,15.9090909090909,13.4048257372654
"203",19.041769041769,16.4543524416136,14.3769968051118,20.4545454545455,20.1072386058981
"204",17.0761670761671,14.6496815286624,18.370607028754,18.1818181818182,18.7667560321716
"205",17.6904176904177,15.7112526539278,19.1693290734824,18.1818181818182,18.7667560321716
"206",16.2162162162162,14.968152866242,15.9744408945687,11.3636363636364,16.0857908847185
"207",18.7960687960688,18.0467091295117,19.1693290734824,15.9090909090909,18.7667560321716
"208",20.2702702702703,14.5435244161359,19.9680511182109,18.1818181818182,21.4477211796247
"209",16.0933660933661,14.3312101910828,18.370607028754,18.1818181818182,16.0857908847185
"210",17.0761670761671,15.9235668789809,18.370607028754,22.7272727272727,14.745308310992
"211",0,0.106157112526539,0.798722044728434,0,0
"212",15.6019656019656,12.5265392781316,19.1693290734824,22.7272727272727,20.1072386058981
"213",17.1990171990172,13.0573248407643,21.5654952076677,15.9090909090909,14.745308310992
"214",20.3931203931204,14.2250530785563,19.1693290734824,20.4545454545455,21.4477211796247
"215",16.8304668304668,14.755838641189,13.5782747603834,13.6363636363636,17.426273458445
"216",16.7076167076167,14.5435244161359,17.5718849840256,20.4545454545455,20.1072386058981
"217",18.3046683046683,16.135881104034,20.7667731629393,29.5454545454545,17.426273458445
"218",18.4275184275184,13.8004246284501,15.1757188498403,20.4545454545455,16.0857908847185
"219",20.6388206388206,14.8619957537155,15.1757188498403,25,28.1501340482574
"220",20.2702702702703,18.0467091295117,20.7667731629393,22.7272727272727,13.4048257372654
"221",18.6732186732187,17.3036093418259,19.9680511182109,25,20.1072386058981
"222",19.5331695331695,13.2696390658174,17.5718849840256,20.4545454545455,18.7667560321716
"223",18.5503685503685,17.515923566879,21.5654952076677,27.2727272727273,18.7667560321716
"224",18.6732186732187,16.2420382165605,15.1757188498403,18.1818181818182,28.1501340482574
"225",17.6904176904177,16.6666666666667,18.370607028754,15.9090909090909,17.426273458445
"226",16.7076167076167,14.4373673036093,15.9744408945687,15.9090909090909,17.426273458445
"227",18.9189189189189,17.3036093418259,15.9744408945687,15.9090909090909,13.4048257372654
"228",0,0.106157112526539,0,0,0
"229",18.4275184275184,16.2420382165605,18.370607028754,18.1818181818182,20.1072386058981
"230",16.2162162162162,13.4819532908705,19.9680511182109,15.9090909090909,17.426273458445
"231",0,0.106157112526539,0,0,0
"232",17.4447174447174,15.6050955414013,15.9744408945687,15.9090909090909,10.7238605898123
"233",17.4447174447174,15.7112526539278,18.370607028754,20.4545454545455,16.0857908847185
"234",18.1818181818182,14.6496815286624,16.7731629392971,18.1818181818182,18.7667560321716
"235",18.5503685503685,15.8174097664544,16.7731629392971,18.1818181818182,17.426273458445
"236",16.7076167076167,16.5605095541401,20.7667731629393,22.7272727272727,17.426273458445
"237",17.0761670761671,15.4989384288747,23.1629392971246,18.1818181818182,13.4048257372654
"238",16.0933660933661,14.2250530785563,19.1693290734824,15.9090909090909,17.426273458445
"239",17.6904176904177,16.5605095541401,15.1757188498403,15.9090909090909,17.426273458445
"240",18.1818181818182,13.8004246284501,19.9680511182109,22.7272727272727,14.745308310992
"241",17.0761670761671,15.2866242038217,16.7731629392971,18.1818181818182,18.7667560321716
"242",17.8132678132678,15.8174097664544,13.5782747603834,20.4545454545455,20.1072386058981
"243",20.6388206388206,16.135881104034,19.9680511182109,13.6363636363636,18.7667560321716
"244",0,0.106157112526539,0,0,0
"245",21.4987714987715,15.4989384288747,19.1693290734824,22.7272727272727,14.745308310992
"246",17.1990171990172,13.2696390658174,17.5718849840256,15.9090909090909,17.426273458445
"247",22.8501228501229,16.135881104034,18.370607028754,25,18.7667560321716
"248",17.6904176904177,14.2250530785563,19.9680511182109,15.9090909090909,16.0857908847185
"249",17.3218673218673,15.0743099787686,14.3769968051118,15.9090909090909,13.4048257372654
"250",18.6732186732187,15.9235668789809,18.370607028754,22.7272727272727,14.745308310992
"251",18.7960687960688,14.1188959660297,15.9744408945687,13.6363636363636,18.7667560321716
"252",17.3218673218673,14.3312101910828,18.370607028754,20.4545454545455,13.4048257372654
"253",20.8845208845209,17.515923566879,22.3642172523962,15.9090909090909,18.7667560321716
"254",18.5503685503685,16.348195329087,17.5718849840256,20.4545454545455,14.745308310992
"255",19.1646191646192,15.3927813163482,20.7667731629393,15.9090909090909,16.0857908847185
"256",18.7960687960688,13.1634819532909,14.3769968051118,31.8181818181818,16.0857908847185
"257",17.4447174447174,15.6050955414013,18.370607028754,15.9090909090909,17.426273458445
"258",17.6904176904177,14.8619957537155,19.1693290734824,22.7272727272727,16.0857908847185
"259",16.0933660933661,14.968152866242,15.9744408945687,18.1818181818182,17.426273458445
"260",17.5675675675676,14.3312101910828,16.7731629392971,18.1818181818182,22.7882037533512
"261",16.7076167076167,14.3312101910828,19.9680511182109,13.6363636363636,18.7667560321716
"262",18.3046683046683,15.7112526539278,15.9744408945687,15.9090909090909,17.426273458445
"263",18.0589680589681,14.1188959660297,15.1757188498403,27.2727272727273,22.7882037533512
"264",0,0.106157112526539,0,0,0
"265",20.3931203931204,19.4267515923567,19.1693290734824,20.4545454545455,24.1286863270778
"266",0,0.106157112526539,0,0,0
"267",0,0.106157112526539,0,0,0
"268",0,0.106157112526539,0,0,0
"269",20.1474201474201,16.7728237791932,17.5718849840256,13.6363636363636,18.7667560321716
"270",18.6732186732187,12.8450106157113,19.1693290734824,18.1818181818182,13.4048257372654
"271",18.6732186732187,16.6666666666667,16.7731629392971,15.9090909090909,17.426273458445
"272",18.6732186732187,15.3927813163482,17.5718849840256,15.9090909090909,18.7667560321716
"273",18.1818181818182,15.3927813163482,17.5718849840256,18.1818181818182,12.0643431635389
"274",18.4275184275184,14.5435244161359,19.1693290734824,18.1818181818182,20.1072386058981
"275",17.0761670761671,14.3312101910828,17.5718849840256,13.6363636363636,21.4477211796247
"276",18.5503685503685,14.6496815286624,20.7667731629393,15.9090909090909,12.0643431635389
"277",15.7248157248157,12.4203821656051,17.5718849840256,18.1818181818182,14.745308310992
"278",15.970515970516,16.0297239915074,15.1757188498403,27.2727272727273,14.745308310992
"279",0,0.106157112526539,0,0,0
"280",19.1646191646192,16.5605095541401,18.370607028754,15.9090909090909,18.7667560321716
"281",18.5503685503685,17.3036093418259,21.5654952076677,25,13.4048257372654
"282",17.6904176904177,16.6666666666667,13.5782747603834,15.9090909090909,18.7667560321716
"283",17.8132678132678,17.1974522292994,19.9680511182109,25,16.0857908847185
"284",18.4275184275184,13.1634819532909,14.3769968051118,15.9090909090909,14.745308310992
"285",0,0.106157112526539,0,0,0
"286",17.8132678132678,14.8619957537155,17.5718849840256,18.1818181818182,18.7667560321716
"287",17.5675675675676,15.2866242038217,17.5718849840256,15.9090909090909,12.0643431635389
"288",0,0.106157112526539,0,0,0
"289",18.0589680589681,14.8619957537155,17.5718849840256,20.4545454545455,16.0857908847185
"290",18.7960687960688,17.7282377919321,17.5718849840256,13.6363636363636,16.0857908847185
"291",17.5675675675676,13.588110403397,19.1693290734824,15.9090909090909,16.0857908847185
"292",0,0.106157112526539,0,0,0
"293",0,0.106157112526539,0,0,0
"294",18.9189189189189,19.1082802547771,23.1629392971246,22.7272727272727,24.1286863270778
"295",18.3046683046683,16.135881104034,22.3642172523962,25,18.7667560321716
"296",18.7960687960688,17.0912951167728,19.1693290734824,18.1818181818182,13.4048257372654
"297",18.5503685503685,17.1974522292994,19.9680511182109,20.4545454545455,12.0643431635389
"298",19.041769041769,16.4543524416136,15.1757188498403,15.9090909090909,22.7882037533512
"299",0,0.106157112526539,0,0,0
"300",18.6732186732187,14.3312101910828,27.1565495207668,13.6363636363636,17.426273458445
"301",0,0.106157112526539,0,0,0
"302",16.8304668304668,17.3036093418259,22.3642172523962,15.9090909090909,21.4477211796247
"303",16.953316953317,13.9065817409766,19.1693290734824,13.6363636363636,18.7667560321716
"304",17.4447174447174,13.588110403397,15.9744408945687,15.9090909090909,16.0857908847185
"305",18.0589680589681,15.2866242038217,17.5718849840256,27.2727272727273,21.4477211796247
"306",20.8845208845209,14.4373673036093,16.7731629392971,18.1818181818182,13.4048257372654
"307",19.9017199017199,17.8343949044586,22.3642172523962,20.4545454545455,12.0643431635389
"308",20.6388206388206,14.755838641189,18.370607028754,27.2727272727273,17.426273458445
"309",18.7960687960688,15.7112526539278,19.1693290734824,22.7272727272727,16.0857908847185
"310",17.5675675675676,15.9235668789809,19.9680511182109,18.1818181818182,14.745308310992
"311",17.1990171990172,13.6942675159236,20.7667731629393,20.4545454545455,14.745308310992
"312",19.6560196560197,14.755838641189,19.9680511182109,22.7272727272727,18.7667560321716
"313",18.7960687960688,14.3312101910828,20.7667731629393,18.1818181818182,12.0643431635389
"314",15.7248157248157,12.9511677282378,12.779552715655,15.9090909090909,10.7238605898123
"315",17.9361179361179,15.7112526539278,16.7731629392971,18.1818181818182,17.426273458445
"316",19.2874692874693,17.1974522292994,23.1629392971246,13.6363636363636,17.426273458445
"317",0,0.106157112526539,0,0,0
"318",16.2162162162162,14.4373673036093,15.1757188498403,15.9090909090909,13.4048257372654
"319",0.122850122850123,0.106157112526539,0,0,0
"320",19.1646191646192,17.4097664543524,24.7603833865815,15.9090909090909,14.745308310992
"321",0,0.106157112526539,0,0,0
"322",0,0.106157112526539,0,0,0
"323",17.4447174447174,15.6050955414013,15.1757188498403,22.7272727272727,13.4048257372654
"324",0,0.106157112526539,0,0,0
"325",0.122850122850123,0.106157112526539,0,0,0
"326",16.953316953317,13.588110403397,18.370607028754,27.2727272727273,14.745308310992
"327",18.3046683046683,16.348195329087,16.7731629392971,18.1818181818182,24.1286863270778
"328",19.7788697788698,16.0297239915074,17.5718849840256,20.4545454545455,17.426273458445
"329",19.2874692874693,14.755838641189,23.961661341853,22.7272727272727,16.0857908847185
"330",18.7960687960688,15.1804670912951,13.5782747603834,15.9090909090909,16.0857908847185
"331",17.1990171990172,14.5435244161359,15.1757188498403,20.4545454545455,17.426273458445
"332",16.8304668304668,14.5435244161359,15.9744408945687,20.4545454545455,16.0857908847185
"333",18.3046683046683,15.3927813163482,16.7731629392971,18.1818181818182,13.4048257372654
"334",18.1818181818182,15.1804670912951,23.1629392971246,15.9090909090909,21.4477211796247
"335",18.6732186732187,13.8004246284501,23.1629392971246,18.1818181818182,16.0857908847185
"336",16.8304668304668,16.0297239915074,19.1693290734824,20.4545454545455,14.745308310992
"337",0,0.106157112526539,0,0,0
"338",0,0.106157112526539,0,0,0
"339",19.041769041769,15.7112526539278,18.370607028754,20.4545454545455,17.426273458445
"340",0.122850122850123,0.106157112526539,0,0,0
"341",20.8845208845209,17.6220806794055,17.5718849840256,20.4545454545455,18.7667560321716
"342",18.7960687960688,15.4989384288747,14.3769968051118,18.1818181818182,12.0643431635389
"343",16.8304668304668,16.348195329087,19.9680511182109,18.1818181818182,18.7667560321716
"344",16.2162162162162,14.8619957537155,19.1693290734824,18.1818181818182,20.1072386058981
"345",0,0.106157112526539,0,0,0
"346",21.2530712530713,14.6496815286624,19.9680511182109,18.1818181818182,14.745308310992
"347",17.4447174447174,14.8619957537155,18.370607028754,15.9090909090909,13.4048257372654
"348",17.5675675675676,14.755838641189,22.3642172523962,22.7272727272727,21.4477211796247
"349",20.5159705159705,16.6666666666667,15.9744408945687,13.6363636363636,17.426273458445
"350",18.6732186732187,14.1188959660297,18.370607028754,29.5454545454545,18.7667560321716
"351",19.2874692874693,16.2420382165605,21.5654952076677,22.7272727272727,13.4048257372654
"352",18.1818181818182,15.4989384288747,19.9680511182109,20.4545454545455,20.1072386058981
"353",17.4447174447174,14.4373673036093,17.5718849840256,13.6363636363636,14.745308310992
"354",0,0.106157112526539,0,0,0
"355",18.6732186732187,16.135881104034,20.7667731629393,15.9090909090909,16.0857908847185
"356",0,0.106157112526539,0,0,0
"357",18.3046683046683,14.4373673036093,16.7731629392971,31.8181818181818,21.4477211796247
"358",19.5331695331695,14.5435244161359,18.370607028754,22.7272727272727,16.0857908847185
"359",18.3046683046683,14.755838641189,14.3769968051118,18.1818181818182,16.0857908847185
"360",0,0.106157112526539,0,0,0
"361",16.3390663390663,14.8619957537155,15.9744408945687,18.1818181818182,18.7667560321716
"362",18.0589680589681,13.9065817409766,12.779552715655,18.1818181818182,14.745308310992
"363",18.3046683046683,16.8789808917197,16.7731629392971,20.4545454545455,16.0857908847185
"364",0,0.106157112526539,0,0,0
"365",18.5503685503685,16.5605095541401,16.7731629392971,22.7272727272727,14.745308310992
"366",0,0.106157112526539,0,0,0
"367",18.4275184275184,15.6050955414013,17.5718849840256,18.1818181818182,13.4048257372654
"368",18.4275184275184,13.588110403397,19.9680511182109,20.4545454545455,16.0857908847185
"369",19.7788697788698,15.6050955414013,23.1629392971246,22.7272727272727,18.7667560321716
"370",19.7788697788698,15.1804670912951,15.9744408945687,18.1818181818182,20.1072386058981
"371",19.1646191646192,15.3927813163482,18.370607028754,15.9090909090909,18.7667560321716
"372",17.5675675675676,16.135881104034,19.9680511182109,18.1818181818182,14.745308310992
"373",0,0.106157112526539,0,0,0
"374",18.7960687960688,14.0127388535032,15.1757188498403,15.9090909090909,16.0857908847185
"375",18.7960687960688,15.4989384288747,13.5782747603834,25,20.1072386058981
"376",18.1818181818182,15.8174097664544,15.9744408945687,20.4545454545455,13.4048257372654
"377",15.8476658476658,15.0743099787686,15.1757188498403,15.9090909090909,14.745308310992
"378",18.6732186732187,14.6496815286624,19.1693290734824,20.4545454545455,12.0643431635389
"379",19.2874692874693,15.7112526539278,17.5718849840256,15.9090909090909,14.745308310992
"380",17.9361179361179,15.8174097664544,20.7667731629393,20.4545454545455,14.745308310992
"381",15.970515970516,14.1188959660297,21.5654952076677,18.1818181818182,16.0857908847185
"382",15.7248157248157,14.968152866242,16.7731629392971,20.4545454545455,13.4048257372654
"383",20.8845208845209,16.348195329087,19.1693290734824,18.1818181818182,21.4477211796247
"384",18.1818181818182,17.0912951167728,19.9680511182109,20.4545454545455,24.1286863270778
"385",20.2702702702703,16.8789808917197,15.9744408945687,20.4545454545455,13.4048257372654
"386",19.7788697788698,16.135881104034,18.370607028754,15.9090909090909,16.0857908847185
"387",18.5503685503685,15.3927813163482,17.5718849840256,22.7272727272727,18.7667560321716
"388",19.6560196560197,14.3312101910828,15.9744408945687,15.9090909090909,22.7882037533512
"389",0,0.106157112526539,0,0,0
"390",16.4619164619165,15.6050955414013,15.1757188498403,13.6363636363636,17.426273458445
"391",17.5675675675676,14.3312101910828,25.5591054313099,20.4545454545455,17.426273458445
"392",0,0.106157112526539,0,0,0
"393",21.8673218673219,14.3312101910828,18.370607028754,15.9090909090909,18.7667560321716
"394",16.2162162162162,14.755838641189,22.3642172523962,20.4545454545455,16.0857908847185
"395",17.9361179361179,14.968152866242,17.5718849840256,20.4545454545455,14.745308310992
"396",17.6904176904177,15.1804670912951,16.7731629392971,18.1818181818182,17.426273458445
"397",17.8132678132678,17.0912951167728,24.7603833865815,22.7272727272727,21.4477211796247
"398",17.6904176904177,14.5435244161359,16.7731629392971,18.1818181818182,10.7238605898123
"399",16.8304668304668,16.2420382165605,17.5718849840256,18.1818181818182,14.745308310992
"400",0,0.106157112526539,0,0,0
"401",16.0933660933661,16.7728237791932,16.7731629392971,22.7272727272727,13.4048257372654
"402",18.7960687960688,15.3927813163482,18.370607028754,11.3636363636364,16.0857908847185
"403",19.6560196560197,17.0912951167728,18.370607028754,18.1818181818182,13.4048257372654
"404",17.8132678132678,15.8174097664544,15.9744408945687,13.6363636363636,20.1072386058981
"405",20.1474201474201,15.0743099787686,16.7731629392971,13.6363636363636,20.1072386058981
"406",19.2874692874693,14.5435244161359,14.3769968051118,20.4545454545455,21.4477211796247
"407",18.4275184275184,13.9065817409766,15.1757188498403,20.4545454545455,16.0857908847185
"408",0,0.106157112526539,0,0,0
"409",16.953316953317,15.3927813163482,18.370607028754,15.9090909090909,13.4048257372654
"410",16.4619164619165,15.9235668789809,16.7731629392971,22.7272727272727,13.4048257372654
"411",18.5503685503685,14.755838641189,19.1693290734824,22.7272727272727,14.745308310992
"412",18.1818181818182,15.0743099787686,19.9680511182109,11.3636363636364,14.745308310992
"413",18.4275184275184,16.348195329087,15.9744408945687,18.1818181818182,13.4048257372654
"414",18.1818181818182,14.4373673036093,21.5654952076677,25,17.426273458445
"415",0,0.106157112526539,0,0,0
"416",17.1990171990172,14.3312101910828,15.9744408945687,11.3636363636364,17.426273458445
"417",0,0.106157112526539,0,0,0
"418",19.041769041769,13.1634819532909,15.1757188498403,18.1818181818182,16.0857908847185
"419",17.8132678132678,13.3757961783439,12.779552715655,18.1818181818182,10.7238605898123
"420",19.2874692874693,16.5605095541401,16.7731629392971,25,18.7667560321716
"421",16.2162162162162,12.5265392781316,14.3769968051118,20.4545454545455,17.426273458445
"422",18.7960687960688,14.8619957537155,17.5718849840256,18.1818181818182,13.4048257372654
"423",19.041769041769,17.1974522292994,17.5718849840256,18.1818181818182,24.1286863270778
"424",19.2874692874693,15.9235668789809,25.5591054313099,15.9090909090909,17.426273458445
"425",19.041769041769,14.6496815286624,16.7731629392971,13.6363636363636,13.4048257372654
"426",18.1818181818182,17.4097664543524,18.370607028754,22.7272727272727,12.0643431635389
"427",17.6904176904177,14.2250530785563,18.370607028754,18.1818181818182,22.7882037533512
"428",18.3046683046683,16.6666666666667,20.7667731629393,18.1818181818182,18.7667560321716
"429",19.9017199017199,16.9851380042463,22.3642172523962,22.7272727272727,14.745308310992
"430",20.02457002457,15.8174097664544,19.9680511182109,29.5454545454545,17.426273458445
"431",18.1818181818182,12.6326963906582,11.1821086261981,20.4545454545455,18.7667560321716
"432",21.6216216216216,15.2866242038217,16.7731629392971,25,17.426273458445
"433",16.3390663390663,16.4543524416136,13.5782747603834,18.1818181818182,21.4477211796247
"434",19.7788697788698,15.2866242038217,15.1757188498403,18.1818181818182,17.426273458445
"435",17.9361179361179,14.0127388535032,16.7731629392971,18.1818181818182,17.426273458445
"436",18.4275184275184,13.588110403397,16.7731629392971,13.6363636363636,18.7667560321716
"437",18.1818181818182,13.588110403397,17.5718849840256,13.6363636363636,12.0643431635389
"438",17.3218673218673,14.755838641189,21.5654952076677,15.9090909090909,18.7667560321716
"439",17.4447174447174,12.6326963906582,18.370607028754,18.1818181818182,18.7667560321716
"440",16.5847665847666,14.2250530785563,18.370607028754,20.4545454545455,18.7667560321716
"441",0,0.106157112526539,0,0,0
"442",19.7788697788698,14.0127388535032,21.5654952076677,25,18.7667560321716
"443",0,0.106157112526539,0,0,0
"444",0,0.106157112526539,0,0,0
"445",18.1818181818182,17.0912951167728,23.1629392971246,13.6363636363636,13.4048257372654
"446",16.3390663390663,15.3927813163482,16.7731629392971,25,14.745308310992
"447",16.953316953317,14.968152866242,20.7667731629393,22.7272727272727,16.0857908847185
"448",19.2874692874693,14.4373673036093,19.9680511182109,27.2727272727273,18.7667560321716
"449",18.1818181818182,13.6942675159236,17.5718849840256,11.3636363636364,12.0643431635389
"450",17.0761670761671,17.4097664543524,15.9744408945687,18.1818181818182,18.7667560321716
"451",21.3759213759214,14.4373673036093,20.7667731629393,20.4545454545455,16.0857908847185
"452",0,0.106157112526539,0,0,0
"453",17.8132678132678,16.8789808917197,19.9680511182109,22.7272727272727,14.745308310992
"454",17.9361179361179,15.9235668789809,18.370607028754,18.1818181818182,13.4048257372654
"455",0,0.106157112526539,0,0,0
"456",18.4275184275184,16.0297239915074,19.1693290734824,15.9090909090909,17.426273458445
"457",17.5675675675676,14.755838641189,18.370607028754,20.4545454545455,13.4048257372654
"458",21.007371007371,16.135881104034,18.370607028754,11.3636363636364,14.745308310992
"459",17.1990171990172,13.9065817409766,20.7667731629393,18.1818181818182,16.0857908847185
"460",0,0.106157112526539,0,0,0
"461",20.2702702702703,15.1804670912951,20.7667731629393,18.1818181818182,14.745308310992
"462",20.02457002457,16.0297239915074,18.370607028754,20.4545454545455,20.1072386058981
"463",17.4447174447174,16.135881104034,17.5718849840256,15.9090909090909,13.4048257372654
"464",16.8304668304668,15.7112526539278,17.5718849840256,13.6363636363636,17.426273458445
"465",20.5159705159705,15.2866242038217,19.9680511182109,20.4545454545455,17.426273458445
"466",0,0.106157112526539,0,0,0
"467",19.9017199017199,14.2250530785563,17.5718849840256,18.1818181818182,21.4477211796247
"468",20.7616707616708,13.4819532908705,18.370607028754,15.9090909090909,13.4048257372654
"469",17.5675675675676,13.588110403397,16.7731629392971,15.9090909090909,18.7667560321716
"470",0,0.106157112526539,0,0,0
"471",15.970515970516,15.6050955414013,14.3769968051118,13.6363636363636,18.7667560321716
"472",17.9361179361179,13.9065817409766,15.1757188498403,15.9090909090909,16.0857908847185
"473",18.6732186732187,17.1974522292994,19.9680511182109,18.1818181818182,17.426273458445
"474",20.8845208845209,17.8343949044586,16.7731629392971,20.4545454545455,18.7667560321716
"475",16.8304668304668,15.8174097664544,16.7731629392971,20.4545454545455,13.4048257372654
"476",17.8132678132678,16.135881104034,18.370607028754,29.5454545454545,14.745308310992
"477",22.1130221130221,14.755838641189,22.3642172523962,22.7272727272727,14.745308310992
"478",18.0589680589681,19.2144373673036,20.7667731629393,15.9090909090909,21.4477211796247
"479",15.6019656019656,14.1188959660297,16.7731629392971,18.1818181818182,17.426273458445
"480",20.7616707616708,16.7728237791932,14.3769968051118,18.1818181818182,16.0857908847185
"481",0,0.106157112526539,0,0,0
"482",17.9361179361179,14.6496815286624,19.1693290734824,15.9090909090909,20.1072386058981
"483",17.4447174447174,15.9235668789809,21.5654952076677,20.4545454545455,14.745308310992
"484",16.953316953317,16.135881104034,19.1693290734824,20.4545454545455,16.0857908847185
"485",18.0589680589681,16.4543524416136,14.3769968051118,15.9090909090909,16.0857908847185
"486",19.1646191646192,13.9065817409766,16.7731629392971,22.7272727272727,18.7667560321716
"487",18.5503685503685,14.5435244161359,18.370607028754,25,14.745308310992
"488",0,0.106157112526539,0,0,0
"489",18.1818181818182,16.135881104034,15.1757188498403,15.9090909090909,14.745308310992
"490",19.5331695331695,15.6050955414013,17.5718849840256,18.1818181818182,16.0857908847185
"491",0.122850122850123,0.106157112526539,0,0,0
"492",17.1990171990172,16.7728237791932,17.5718849840256,22.7272727272727,14.745308310992
"493",16.7076167076167,14.8619957537155,18.370607028754,25,17.426273458445
"494",15.7248157248157,15.2866242038217,14.3769968051118,20.4545454545455,17.426273458445
"495",0,0.106157112526539,0,0,0
"496",18.5503685503685,17.4097664543524,19.9680511182109,18.1818181818182,18.7667560321716
"497",18.1818181818182,15.6050955414013,19.9680511182109,15.9090909090909,20.1072386058981
"498",17.5675675675676,15.6050955414013,18.370607028754,15.9090909090909,14.745308310992
"499",19.5331695331695,14.755838641189,16.7731629392971,18.1818181818182,18.7667560321716
"500",17.9361179361179,15.4989384288747,17.5718849840256,18.1818181818182,18.7667560321716
