"","age1.E","age2_no_comorbid.E","age2_comorbid.E","age3_no_comorbid.E","age3_comorbid.E"
"1",37.686683793123,39.9211528633745,36.754384505953,40.1185624393808,44.4109280773644
"2",41.5880567118116,45.987607041981,42.7511241099879,60.351381484229,56.3058102344959
"3",41.8486142023419,43.6676699331734,48.0226825874343,43.5349501587049,50.9460879851419
"4",47.7011884253667,47.8545684778646,45.7958388123351,54.5961902366462,45.6115647875869
"5",48.059573176342,52.4557812182623,51.8228384692589,42.7540310821746,49.0873034240787
"6",0,0,0,0,0
"7",40.824832283596,42.9726955462774,47.1285832321942,40.7634753127445,45.5993450335124
"8",40.5185671806216,43.6778466286233,42.2249686274908,41.2844250652333,50.6386240749512
"9",50.3205962712462,43.3029714046723,51.2767989692359,41.7215952259322,52.0688376499416
"10",0,0,0,0,0
"11",33.2004881610727,39.8682526416909,45.8527098104875,57.7363549587539,41.9880616702415
"12",47.5445254869969,47.3477853991508,42.7651329145022,51.9344387136918,61.7943059241065
"13",63.5343425581089,63.0002003723548,68.597718302153,71.3705836982923,52.5051316124268
"14",37.6555758860408,43.7473692994562,45.4364351070841,37.5629065714075,51.2687292127572
"15",55.5871591200215,55.4941585153572,50.2149671914609,54.0226612979141,63.1361768810129
"16",49.3646610665431,52.0596751728526,57.9049661353051,41.3286472504174,61.6044318249875
"17",41.3344559123054,46.1577711429007,46.3196843033014,56.3216251371865,52.1118252304365
"18",0,0,0,0,0
"19",54.8458481210545,63.8545867964043,62.098936154329,55.4720621263313,58.1931725065725
"20",0,0,0,0,0
"21",0,0,0,0,0
"22",40.8580309051947,48.6231399849919,36.8119876099461,49.6612900567616,52.3723405210102
"23",62.0186897137236,58.5804040117255,58.3966259505497,55.3995807164118,68.7239587827374
"24",43.4128290902704,43.2117538861791,45.2814399103447,53.2053505157202,37.3304618881754
"25",43.1583061341724,43.1583061341724,47.0775017504656,50.7289766382073,42.7066946328666
"26",0,0,0,0,0
"27",0,0,0,0,0
"28",47.1628849182872,46.8972854065575,51.3490928014932,50.7140487681046,51.2130175621801
"29",63.7859029226282,70.3277357577036,73.0246042919972,71.7300461111083,69.6289949414851
"30",63.3177441373914,62.7537131477848,68.076198929038,66.0172930493325,59.2207192374907
"31",0,0,0,0,0
"32",56.307085618607,54.2071461420379,58.7743360538399,51.6821574726038,53.9972421628233
"33",0,0,0,0,0
"34",51.9239298863971,59.4069223727732,58.3289631805792,47.2915970875914,56.7560277633656
"35",51.973836439301,61.6812500081551,51.3862162398169,65.9287039381143,53.3568084723451
"36",0,0,5.84008460627535,0,0
"37",54.3049115587988,57.258643976905,59.2579421159198,59.8668334348736,61.4669312204628
"38",40.091110617404,41.4924438157591,46.608840185248,53.3104469373509,41.9786356835696
"39",48.3078474568315,54.5261127934019,47.2012385727466,49.6321727107542,50.6588697000154
"40",48.0842748766508,49.7548158144468,52.2838179982978,49.5541593481214,52.3591378071872
"41",43.8886148769119,48.2395619946238,47.2062520524133,60.5880859851439,50.5444383118906
"42",46.665020129447,42.1444851611484,45.1032850629078,38.6323171948565,42.9700905510608
"43",64.8556496982279,70.0012666579495,57.711439338736,73.8625551213662,74.3648044856823
"44",0,0,0,0,0
"45",50.1142440738394,49.7585162142513,47.4007974051585,39.0958737997939,44.7854814686445
"46",51.8665110435061,54.0617690290325,58.5806868217233,55.7377448581447,58.7202189126212
"47",50.1831661517388,49.8713507999345,48.0320704540305,42.961523929311,53.6604901311363
"48",0,6.44630282842892,0,0,0
"49",0,0,0,0,0
"50",44.5789625732067,46.0063076305139,44.4492249471333,51.5783521649568,47.5990809107419
"51",42.4242992825786,44.9972966948372,47.9669676496594,43.7382896667398,41.0809344843946
"52",47.4329893933298,50.763977561194,53.1709395300043,54.0047390396784,54.5612309625607
"53",47.1795143412606,49.2219271753457,44.7221244521135,46.2968333031708,47.3674584771566
"54",0,0,0,0,0
"55",37.0338078702022,38.914294208446,45.3328959694422,39.0700477501474,41.5288214509057
"56",51.4126597754334,55.2934606905783,46.9116808323158,52.0909026206562,53.1966015764167
"57",42.997026933569,53.8110562987892,43.4722506581192,44.0375068671588,46.2217496081867
"58",46.8334589062366,46.1873856179526,47.5487707557292,39.1083352290616,51.4740749738226
"59",57.405219791041,65.7607004655187,63.3228602707319,66.2164158252701,63.0701319597134
"60",47.3927143252823,48.1100466534262,37.7826377656327,39.5027203362752,42.7889222908289
"61",0,0,0,0,0
"62",56.6113287590386,62.6751712071521,65.0087097664765,61.413385274684,62.7904481678464
"63",54.7155494384618,56.8029795626449,59.9018879062733,60.9035320430234,58.5647727765662
"64",40.7007926987742,51.8047908751272,41.1584659026371,64.0678520430208,48.1829984723576
"65",0,0,0,0,0
"66",47.4514412179615,52.3480960259017,55.3588496187402,44.4156617455726,54.9202361925546
"67",57.9605112148206,58.2454386182621,66.7040342284021,58.6939056085032,58.6310411189302
"68",0,0,0,0,0
"69",0,0,0,0,0
"70",0,0,0,0,0
"71",40.0049176249497,37.7676483047227,42.984114352999,44.8243067073111,38.8989542064564
"72",0,0,0,0,0
"73",41.1675398241352,40.7831236749922,41.7306374253066,44.5332559375466,33.3940650154534
"74",34.1540018957553,39.798670961351,38.9396530544749,36.3556029862233,40.569782984131
"75",41.1147367479819,45.8029304900964,49.2018799601582,46.1489908398912,56.5862092602231
"76",85.0991106980851,91.3845561122057,90.5705546583057,85.9666750824885,83.52379255335
"77",51.0334056926192,54.5272406336265,50.0048624407195,62.1569295575064,63.7241913727706
"78",52.1597775211093,53.5384065304848,50.8370995075562,55.6633872387085,54.0907485864163
"79",43.6635401881695,42.2843656721248,46.7973427807022,38.3423307850217,34.1589694136288
"80",59.4624704129308,60.918507363652,67.7885440962213,74.5596440285624,56.44254665975
"81",70.5112070962204,73.3229353613122,69.8887525954338,72.246861560915,78.7399350326807
"82",0,0,0,0,0
"83",44.6239684581399,42.8709370679922,36.8310348773651,38.1129971613168,43.9692951874179
"84",53.8466651310382,57.5812982405678,56.4577230475994,56.8482309985583,50.6507540076833
"85",0,0,0,0,0
"86",45.7573403753433,44.9280130254338,48.7951032075404,44.2053051463987,43.8070744040407
"87",0,0,0,0,0
"88",52.7572933739471,57.1768914589507,53.9620103713129,50.0445987196863,60.0761011098551
"89",40.0603016183933,48.0927412364351,42.6574050415727,53.0008092783238,47.7896447957298
"90",54.1227513130841,59.8384283189256,60.221549725606,62.3746756728977,63.0262682668691
"91",47.9521158440321,49.6356119654997,47.9105711439925,36.2187959987841,49.4807830338395
"92",48.6729473433332,52.7200153923672,49.7005803138019,63.3786133245186,53.4260972088027
"93",5.4580895718806,0,1.72192032770506,0,0
"94",56.354936591362,54.0116847429957,59.1389388285318,55.951343437129,56.7799528602405
"95",59.1331028079302,57.6242968103446,64.2303083304958,61.2433749678936,68.7629650019562
"96",41.1062220642869,42.6448296051651,39.1391105122009,37.276393381479,44.8551572741244
"97",36.2780375627412,40.7790247271152,34.4628816747878,42.1630103728734,32.7067691875462
"98",71.3605739659451,75.8090080193086,72.2159307080658,75.9169311171148,70.3970618715377
"99",46.029483584486,53.940650221392,43.7570685768251,50.5967502655093,57.8473859535594
"100",46.2590686933195,48.0738655270426,40.1955896528582,44.4796776465389,39.7318617199622
"101",0,0,0,0,0
"102",49.9217073414859,51.3552115663062,45.5489000422063,46.3555555370317,51.2146141383881
"103",42.956932390203,50.4295366731684,47.3271182233373,47.0233295331864,47.5557838333628
"104",52.1001328278998,55.6678483919329,57.4157396443942,48.4018460239274,60.0056977662935
"105",44.4989568872289,48.3138084644768,44.8534491151632,40.8867299808113,47.6881388995947
"106",55.5960227478537,52.6209001444693,62.8057286302878,51.2059197516919,57.6157501646007
"107",72.7451045767689,73.0597598304638,65.8992426488297,70.1595495708661,80.317647321801
"108",37.4330866795828,38.6086754585045,35.8788189055869,35.6554488288957,42.3200889970909
"109",54.7350932872634,54.7621686050474,60.0168475299457,53.2275437185225,63.8980789102694
"110",66.3085589607379,68.985016451273,72.3401393862401,62.6216138367299,84.0807892023927
"111",45.8468740114664,44.9322700489389,52.905495144437,36.5477609476882,48.8056826998571
"112",0,0,0,0,0
"113",45.450391461068,46.7283461196573,45.2346984077925,39.5654866174592,49.3099901199654
"114",4.04259796863757,0,0,0,0
"115",47.8962507097141,51.4971588371421,38.177494173294,55.5855108606389,42.4544705328897
"116",52.4214884977117,51.6102918683079,52.7481383995277,53.4940367198533,60.2259561318204
"117",55.0553086898671,54.875083906414,55.3923017684441,68.7323877013168,61.8190485290495
"118",66.3015559045845,60.2279705339401,66.4505829321344,63.8133530299201,54.8461527995976
"119",42.6484318231646,41.2677835057056,40.2722381908845,34.5816305135311,40.4978411700687
"120",60.1451030041968,71.5302291889163,60.2457283231285,66.8844599985402,64.4735216918515
"121",0,0,0,0,0
"122",47.0030155906241,51.1773021761887,44.4974717764337,50.5350280486251,41.0574802459122
"123",55.996695869902,53.4908679499361,51.6097715410145,63.5058074003511,59.5211445959207
"124",53.5671251362987,55.9487723991185,54.3109298236105,58.395537520329,57.9996257490905
"125",45.8254223534268,51.4330445471663,52.4341487618546,49.2343625088181,61.5514060870055
"126",0,0,0,0,0
"127",51.4352860910755,54.1246241667453,51.8687561727134,48.757752249182,44.1054064303651
"128",50.8182666344522,53.9816966804847,48.7635196008987,50.4059926835819,63.087007590744
"129",49.9145185041522,50.9164385336755,46.6619155094377,54.4751563838649,51.802444014554
"130",67.5458325252343,70.0336512520367,78.7171185667237,75.6779645239151,68.1614402497805
"131",40.0328551668102,35.9841285118381,37.5630391677967,30.4513018734953,44.7375907864933
"132",43.8337395618149,45.9062321268099,51.8774524411275,43.502833339011,51.045137039167
"133",41.2780914825737,43.6459764208691,46.5000889890468,41.5798536830757,56.752610385731
"134",42.8476119804879,44.824307722108,50.291823670522,51.4201474593772,51.5178037815233
"135",47.1970064648429,55.5916844544827,49.6226533439274,49.0364594280739,59.5427379343738
"136",59.3567429760219,64.8168108091033,62.6900519310459,80.4089666434759,67.7261156828541
"137",43.5523536555708,44.1839800170284,41.9278233564172,43.7127597465517,51.8785318442395
"138",53.5498848363059,55.7563544265465,51.8125374455357,63.0363634377213,54.1993195270831
"139",43.1800031035549,43.8050741899038,40.0382693575226,38.9370653607645,40.0678869486028
"140",47.5217955822519,44.6697998607311,53.7168492957564,48.0654479277904,41.1907844487255
"141",49.570220520791,55.9945979827776,46.8558907010623,49.3035231113044,60.4859355112907
"142",5.70043101070435,0,1.16506337540786,0,0
"143",44.8761285502085,46.7928911690401,41.8157599997769,46.5270003031713,46.359384088445
"144",41.3907433023399,49.1246242094414,43.3115249737191,37.9322383964557,49.7224048831161
"145",45.9599377151124,45.7404476737611,45.6166936108931,41.6875521679822,49.3607696570962
"146",48.3045399263306,52.0380316080757,47.4318249385766,69.7023978655081,54.3943285275589
"147",50.5071953956665,54.6848152122274,57.1850127277362,53.4486250685936,46.5292459827909
"148",47.9610222202435,51.4196566263182,44.9132982562049,39.9975761304255,44.2063501709754
"149",57.2035315767069,66.6622986147238,56.9897254806944,55.0664536175585,63.1406586768647
"150",58.6943013740948,63.3468165648997,59.649931688956,60.8769129796077,52.3252765135458
"151",0,0,0,0,0
"152",49.1140191348629,53.1643312287983,57.6804050732422,57.3374402910951,48.7870998428425
"153",61.8032250638509,64.047448403646,65.3418157993554,55.0472627866171,60.7297959023994
"154",0,0,0,0,0
"155",45.5843760558545,43.6601971351561,42.8514985025112,43.755475550408,46.4820889756316
"156",43.9650193848782,48.1182487080207,39.9322670996181,41.4196835723533,47.4047483466877
"157",40.6744128927694,41.233940906683,46.699051711678,46.9561233922886,32.5801834463479
"158",0.751949511857276,0,0,0,0
"159",50.5639177285476,55.6076736287583,61.5929991088563,53.98127504602,68.4227491661487
"160",43.727130983715,46.9360662521469,48.9918786494139,35.5425384822476,50.2926221761064
"161",42.8697204145681,48.8184657460731,42.9221881546995,43.6560174452175,53.0711638870139
"162",33.9008161211011,38.9280983023242,34.3859390029057,46.7457501560733,44.5760423108031
"163",46.5329520028313,44.5980126004928,47.7899302347983,47.6574387800496,47.8998725375626
"164",0,0,0,0,0
"165",7.34527112626195,0,0,0,0
"166",57.1326617077935,60.8892894428578,55.1449793393522,61.3905193020642,54.321720995628
"167",50.301375648343,50.301375648343,53.5069789799263,58.3725390777515,45.3682174144371
"168",45.640528666126,46.1788091401879,46.6640617808208,53.4568908108875,47.5820712156362
"169",38.4767442554462,38.2374998281938,45.6281949200378,40.5750067495157,43.8485377913895
"170",2.47459880408748,0,0,0,0
"171",41.3305264890222,49.4550047697143,46.9328502032334,48.6402402185338,52.3271868628654
"172",35.3636471557711,45.6672871523878,39.5919596697622,38.1587365959303,42.6598971995025
"173",51.0953464295911,51.7940883204416,47.4161852343856,47.9005800911392,51.5304849528463
"174",42.730014665815,42.2723050606836,37.2021473708741,40.0377805661746,42.0064064969405
"175",44.5610668959335,48.8843371220064,50.3980738469196,47.2403492789537,44.2988522688156
"176",41.2086680567757,43.1937874331361,39.2155414086562,45.3299223841189,49.3073361885097
"177",1.42018516220348,0,0,0,0
"178",50.7538520106589,50.4502113925853,50.213854279576,57.8148060793813,57.4219249032794
"179",0,0,0,0,0
"180",44.7663640087863,50.1872519808704,46.0514040580997,40.6848140380992,49.3837015468978
"181",41.6170414488226,54.256327750359,56.3442416033524,44.7893098247272,47.1445317255322
"182",38.4450496166382,43.5597594686956,44.975458375725,51.0499696402194,52.0570993936321
"183",40.8126157403116,48.4619759197956,32.9732925076249,41.5164815135443,44.9857057708711
"184",47.6058013129358,47.4795128640472,49.4712783117645,44.0903763352737,48.1627062700905
"185",58.9964704422718,60.2582969469344,57.7047940764298,51.6268213845102,63.2062137830729
"186",48.3572585767273,51.2164198391051,41.1412066548491,52.1365886482837,51.6998916560192
"187",45.9711422701922,45.465448245508,45.7760286939844,48.6709507289229,48.7542671032567
"188",43.8923806444052,50.3975118642987,37.7614772110514,39.2745150161292,53.4020424990854
"189",49.3410735086571,54.7610417601555,58.7146795001972,42.0421400492348,50.5816549006772
"190",50.3115369744489,53.9520671579384,51.6844329032548,56.2447830143597,56.8568865617436
"191",48.5962587704057,45.9434545514745,46.4605057903805,53.687111759166,48.3790559459013
"192",53.999144372057,52.1431203594858,55.4906526185007,54.9191001823794,51.7084500386258
"193",44.6466936159835,51.5067189466816,49.0967608611451,49.7208306693391,52.172562763879
"194",44.4054267485119,51.9546296535371,37.6886922978504,30.8370513258828,57.8839627073316
"195",66.1264745632285,65.567394410726,57.7455374040609,54.9299747608355,64.5397774445468
"196",43.4047867005891,52.0358811244797,47.5184125211457,43.7157687232635,43.0653323236568
"197",54.4149799048838,53.0358454655923,47.4956442543274,51.3941454207644,63.257409546527
"198",45.2383765591926,46.7306996865144,45.3274021279441,44.5570885726802,44.2071277771798
"199",51.4600957698348,56.5029882419749,45.6275476766324,56.8306864877507,56.0757229554672
"200",57.194887721748,58.029305559998,60.9557233145438,68.0152762509235,67.0771969542361
"201",54.9198069766952,54.8602159094385,51.4471315259779,54.4084592669866,56.7781453942597
"202",42.1545506360889,42.2597827167581,43.3570601769986,50.8687113620226,40.5354128255532
"203",43.4073111691702,44.4271256678975,44.8879948615105,37.3005857093103,41.9625935641831
"204",0,0,0,0,0
"205",0,0,0,0,0
"206",0,0,0,0,0
"207",50.9061591578745,52.255830013599,56.2831024929929,52.5018800869372,44.178736532702
"208",45.9512681651233,55.3348710982004,53.2183592156995,42.6097888779242,52.3831281538639
"209",61.9472947618513,61.4451599882788,58.8976726881086,66.2040980164651,61.9472947618513
"210",43.2095762636453,39.4354530241889,42.0678689551331,42.9640828827474,42.3917875695629
"211",44.8193193787518,46.7483877215489,40.0368846880557,50.6866992584231,50.2589864818125
"212",65.9406117651811,71.2190570543841,73.8196330599725,77.1959565881521,70.5974302091573
"213",0,0,0,0,0
"214",61.6286898435447,61.1195619598249,67.6079519907657,57.3087927459833,61.4174242657232
"215",48.1924296463282,49.152763306184,40.3592017449965,58.6125896073825,50.3491141891232
"216",50.4586020969398,51.4679270688287,47.102603216904,51.3419991882379,51.7304497010928
"217",50.6943685894804,54.2929893368512,49.5318466152768,57.5854390739705,54.6462529542912
"218",44.7451344420789,50.1434131019416,56.1982183311239,49.0120012630653,40.2710972569354
"219",48.0477401846352,51.9255308415349,42.0864724969342,57.1697407198709,53.2502581671175
"220",40.0771503061552,43.950338854944,40.9879099083266,42.7438057908225,48.7749254775254
"221",45.6801945218247,53.31544882893,55.6073052112513,58.7781116833949,54.0230166856971
"222",39.3949643027138,45.3948684898558,52.1232225386207,30.9852160143568,43.5497908580001
"223",0,0,0,0,0
"224",41.1390676385799,45.1228682389267,44.3784706824691,51.9623943557432,40.5370040958217
"225",0,0,0,0,0
"226",0,0,0,0,0
"227",0,0,0,0,0
"228",60.0684764695297,66.1063164295296,63.8375789375341,68.7611528393412,64.189575284837
"229",11.3163100632161,0,0,0,0
"230",47.1676719878752,45.9488992373786,51.3223423640076,52.7338185052845,55.5034005227743
"231",47.8410797299121,50.2980771614592,54.7428714688467,44.3653634636112,53.1757542871553
"232",61.9899221624249,62.1941483261004,63.5449547786299,60.182820627524,67.8565876678736
"233",0,0,0,0,0
"234",46.0691388400181,57.6181195340833,51.4870719323867,48.3231117614282,47.9564199619401
"235",49.4606143156435,53.2627107872284,48.8619034851875,65.7775908551702,51.8518995304335
"236",45.7472198081202,49.3377923722154,49.8994640711514,49.4162202040291,48.2503141617612
"237",43.9970309444577,40.1916490714385,43.9970309444577,44.3318783951866,44.4063216324027
"238",54.8466750503324,54.7727632486154,53.0108252787147,64.6240409545213,50.5471538718025
"239",39.8348849442942,45.5965548525607,34.8860029016846,51.4247833729194,35.6981565529882
"240",50.081952601539,56.7705016596103,59.3067465457397,46.4974581131508,62.9632016933714
"241",47.4511251227617,44.9977378777685,39.4781977252743,48.2584293539573,50.9099134326616
"242",40.094637255287,44.5033654627205,47.4124187880293,43.0020936234751,38.9226065154491
"243",38.7883771277708,41.217950600985,42.0262339142629,40.9342745447464,43.0877963191196
"244",0,0,0,0,0
"245",55.043430285666,55.0199144686708,60.4551042961402,54.2976611380357,50.967756371193
"246",13.95631104317,8.34760005817278,0,0,0
"247",4.57408532759457,0,0,0,0
"248",0,0,0,0,0
"249",36.8033698991542,42.1956804907989,36.7602495715849,44.8952854134677,40.7314550407206
"250",44.7593071647743,42.8720122980868,39.906502585313,36.5937853183915,41.7961421488477
"251",55.8150089723127,62.9175697480645,66.3871692914001,58.3606770781565,67.5043992117911
"252",0,0,0,0,0
"253",43.7136732051054,47.6958652234143,52.1576694040237,51.039445784509,43.9139087137522
"254",43.7650568279657,45.2420683679892,36.7241818193621,46.1840272326327,40.4693374576269
"255",0,0,0,0,0
"256",58.5531538233777,53.8175440614509,55.5052615157031,65.8240998903491,63.8968468610953
"257",56.996032125509,63.7607206401551,52.3547526780323,72.8913481049057,67.5493837272156
"258",45.7401887684473,46.4586939563169,49.9017965299238,42.476523014491,40.3134768347264
"259",46.1815538117718,54.6001051362264,50.8262523845374,50.7036256677958,55.5695434301812
"260",0,0,0,0,0
"261",52.7089489690556,58.6331976243367,55.3670328961654,64.3216249547458,52.0308754580436
"262",44.9548502097062,44.2907315957524,40.0318240670188,60.8123859599406,41.5110271961817
"263",58.0060919131302,67.4940436514369,59.8789716084797,68.4745836176523,59.7765064935117
"264",45.6108705044499,47.0773255962152,38.2084662498182,35.9727017425073,57.0688972497752
"265",0,0,0,0,0
"266",0,0,0,0,0
"267",47.701876290602,50.1058718757983,50.198533928587,47.4726947971855,48.83850669488
"268",40.7181839926834,40.5720581144711,43.3882109553219,54.6176851523489,43.4970722178411
"269",0,0,0,0,0
"270",62.9320503640248,61.6983932889821,60.5782451356742,68.6491627651329,71.2671100010384
"271",0,0,0,0,0
"272",40.2285575538204,43.6490317008655,34.6138652158821,38.9151818178985,55.8628085569338
"273",0,0,0,0,0
"274",46.8800636124719,50.1759577284739,51.567700935155,45.9469327479588,49.0781413090039
"275",44.7654416537801,47.3112176710332,48.8352910022928,53.8560046023623,50.8548373019099
"276",36.6820271128876,47.0117529579923,37.2327609239068,39.3144919442865,36.3032800312596
"277",49.3394918337029,56.4928033106431,55.8601741445794,55.6541942342712,51.7555189450182
"278",41.3154959457815,41.0475001930605,45.5020897684027,46.6669990549504,38.3410867710885
"279",44.9742552437982,44.8602837946751,44.4124165439775,47.6118293296264,48.5522562414612
"280",50.3545191993178,51.302825231508,53.5993273221905,53.5993273221905,49.3086516937348
"281",38.4075954240209,42.0153776400699,46.7657430776553,48.1528384150352,48.8641545315363
"282",48.4026907733458,50.8766590772345,44.8435601919367,41.3219812717794,41.3809893395509
"283",41.5239369016366,49.3858666122986,54.638788486885,45.0126167502122,39.2450566635221
"284",64.975255964257,60.6345286986899,66.9841854723643,57.7902009406579,62.8924651413662
"285",0,0,0,0,0
"286",35.8006281987962,42.2287148417019,43.7289072580727,48.3457017756187,29.8624904524157
"287",50.7253384297749,55.069755565884,59.1611553744075,49.3973909477109,52.8084346359141
"288",40.5296288284632,40.4313376280716,41.7067821036757,39.7178695614427,46.9110059797798
"289",58.6965057219991,65.5380021234382,60.5958587961792,62.3175696744198,67.3995890180294
"290",43.2798984421623,43.6798049017193,48.2567460119108,42.6063926844765,52.0669282403539
"291",54.8987549252659,58.6665733641581,60.5381449155839,64.2322673602106,60.10043887951
"292",0,0,0,0,0
"293",40.770551394426,43.8931228988229,46.0825497113785,46.2718073000516,38.6223959443306
"294",49.8067195146972,49.9198823883722,47.0429201415995,50.9142948324885,45.0518551793075
"295",43.6020288156486,43.7064530803975,38.128915660146,41.8089690390839,38.9140307921739
"296",68.8015030332379,72.2822824034495,65.3279583674548,80.208288059429,62.8574065922514
"297",62.1315591364827,59.1078165989699,57.1810721353121,66.4126550858298,62.2519013683769
"298",5.16240176974392,0,0,0,0
"299",53.0896912995199,57.481918866442,48.4192156776701,51.823939408933,41.193770414884
"300",47.5633323810639,46.613612282146,44.3372001742199,48.3560016080873,51.3578261650337
"301",34.3139688413359,35.386485068756,40.0713410394369,34.8173983984215,41.4190950689922
"302",39.6970931207664,44.1179685123743,36.4646187148806,44.6581217815445,45.4586143041453
"303",41.4645552470099,50.4550334032619,43.6262814131905,52.0551791292587,49.4065506435775
"304",47.453664332499,50.3826626759814,47.4653153343448,45.810631716456,63.8989223482296
"305",50.6198903290873,56.1310869347226,51.8677867529393,51.7919251989827,52.1417768512841
"306",0,0,0,0,0
"307",45.7570660464761,42.3284352230573,45.8605078945149,53.4498766836015,61.6308746499464
"308",42.6905615205682,42.3066489828045,38.9960525027649,48.3295181329921,48.9500091610605
"309",51.1380059227538,46.2182076442995,46.329770521243,43.5034786954756,48.5738363694894
"310",47.0345133205626,45.0679556970479,50.2986535670883,55.1936947578251,50.1467132049096
"311",45.0121668803306,53.4208815934903,46.0979481668301,38.7681913815247,51.0989414120518
"312",50.9391302408179,55.1601753448648,53.6225035742388,54.0450164149077,56.0831039735076
"313",46.6688917937915,46.9657627113956,42.3356171764807,42.7388843179625,42.6016498371616
"314",37.0378141891634,39.7220321015315,40.9348130023718,34.5001586528139,49.6358432775517
"315",46.6110716480654,49.4762001520336,44.3503332333913,56.8211520598267,50.4380099274382
"316",51.7907593201581,50.2458012971045,51.2220289134941,34.6755202805676,51.1551021740813
"317",40.2831751546621,46.1138480544001,44.0141507752492,42.0663001155327,44.748945803442
"318",53.63681714616,51.5293859646399,52.3360214546818,54.8215602038914,57.0603144358524
"319",63.1033962484207,67.6287104220518,64.3721705229098,54.9540700885555,67.7921174342438
"320",55.8868682937548,58.966601835411,62.5213595342202,54.3861962639451,54.2287009585764
"321",0,0,0,0,0
"322",57.1740619261905,54.3736090905291,61.2227354437609,59.0346769261038,57.6299702115328
"323",46.7976265758092,50.5599901468325,46.7976265758092,43.5056617597466,45.2753269555478
"324",0,0,0,0,0
"325",44.2622711385557,48.9748690825499,51.4421308961254,46.2657513771761,55.9252163488332
"326",52.6182313376858,57.5423665155983,55.6920397686623,62.6999846378274,56.3074571305619
"327",0,0,0,0,0
"328",42.6647044884368,44.8798600941228,51.4603016686446,38.4424169196115,51.1946872883651
"329",48.4189374003003,59.6960929216576,58.3593985277376,54.9931963571465,67.0439710111743
"330",48.6159780258811,54.1409565828137,54.7144999897576,57.1541540015749,57.7625880880288
"331",47.2078131504598,50.7304240772106,41.9594418763756,48.8385842593477,43.5882632962836
"332",0,0,0,0,0
"333",51.1412841050557,51.8816263675925,47.8723718050663,51.2873681344816,53.8961447545244
"334",52.0783810382343,50.8401700149641,53.4714455876082,52.56009348592,53.0934046882464
"335",76.2067784011341,81.0758993577563,76.2281735086311,72.1811984687652,77.3617972752471
"336",3.32971653200748,0,0,0,0
"337",42.2045205356948,43.3351504511296,40.0114692944891,50.0874382071705,27.6176546856887
"338",45.2642347726956,49.1027558386992,47.6663914672744,46.0818779218192,53.8967253026357
"339",50.9007080968557,53.5674339329716,51.1360825200295,47.4056426958125,51.4905972644891
"340",37.665835087578,43.5474876911152,46.6770003987273,33.7963278440937,31.7885265986619
"341",57.3781872416381,52.209191904306,57.0733999712559,50.7348130063531,54.4919377601314
"342",0,0,0,0,0
"343",49.8665903616421,54.7021703218341,49.6852730457776,50.0396308999705,45.0621813491319
"344",58.3092053450293,58.9499619788698,50.518686527992,66.8966911479535,57.5631185719867
"345",54.7367726094635,60.1067905786878,61.9372355759299,52.604562704421,73.6294049309204
"346",0,0,0,0,0
"347",58.2446701517179,60.3407130469801,51.3929579258673,57.8277108658869,56.7422529988554
"348",0,0,0,0,0
"349",0,0,0,0,0
"350",46.2279940122455,45.46661416208,34.4620274652173,54.7690002605631,46.5311564973673
"351",64.7331487264155,67.0994405223172,70.6767344353955,70.3627035403127,59.2713767578242
"352",55.7817622536307,57.3805734241826,55.0671865589301,51.7899492729664,58.06346190591
"353",63.539033598967,66.7620861337669,65.3436742625674,66.2125522486042,56.280556805541
"354",50.4484136249181,52.8561283594422,55.0585596083397,53.207051092839,69.2119367296538
"355",57.6743041619597,55.681536229683,60.4374814235707,54.4184387942968,63.9036596494289
"356",40.602434218074,49.0104831593108,41.5154554359339,44.9923464952841,41.8176707122011
"357",39.2450370072834,45.7346355076595,40.5632081407371,43.0940381518978,39.0856901824797
"358",48.4088398139816,49.5552976105994,42.764094801337,59.5407720745363,47.458693848553
"359",44.4141465383745,49.6360455272758,54.5053461343417,52.7988282060358,58.5808450430374
"360",45.1362160346553,48.2423286468489,42.742714068697,51.3252518029424,53.0053460685884
"361",50.5693740658393,55.2143350641979,55.7475119693669,69.0451132196269,56.9584757638222
"362",49.4610009658655,47.5971680104321,46.5177266951812,46.7105809345632,53.2204048596229
"363",46.4459099278219,51.5572626774828,40.4501503837423,48.6103473339525,49.586924227957
"364",52.5935041709928,52.7126687888321,50.8922037352838,55.3817481311553,55.4999255646206
"365",53.3247253385739,51.3466039501634,56.2946767480687,52.4433150371831,59.5595436983078
"366",61.9855028046499,61.4159878634015,55.6638121705682,61.4159878634015,53.2191563799352
"367",37.0574981419225,41.8452014777012,35.8382883386916,40.754737165637,37.121238020988
"368",63.017649643027,62.876002306957,58.5444087031109,66.9458964927316,65.7862975561505
"369",59.929940453525,62.5448692927036,65.4602667077245,56.1391652613163,66.5039851436238
"370",56.8400713467035,54.1296707163578,66.4888721961686,69.175445573393,53.4171171382134
"371",42.1152096903827,43.2066151117711,47.1694410955233,43.3659339405507,57.7170420118703
"372",43.9165330093226,45.759328868372,47.4923079081239,50.0195053660306,42.940872931802
"373",0,0,0,0,0
"374",38.1908013105809,42.2442734768768,37.219207304241,41.0278802164166,38.4045397099869
"375",52.8906528559298,54.1173475383777,49.0655483577176,56.0077630625754,48.4047725214026
"376",43.1130938626671,46.284947115687,35.5092724432446,41.150627778229,46.6017639086425
"377",50.0936413382414,55.4067727709544,47.0719692357517,59.8151877247746,54.4567573889269
"378",45.3943055324658,53.3550951678423,55.3629629191147,50.0733805248816,55.1601858719249
"379",0,0,0,0,0
"380",54.7449727065873,55.8902735551918,53.2203719332865,57.9660216994372,60.2297508977231
"381",62.22359891378,61.6225566467285,61.4468524553651,61.0836065401716,58.57467009934
"382",46.408158378902,49.4160598769981,46.3249061397911,47.6650535030084,44.0826687173522
"383",50.1136561174823,50.3980679624363,49.3109700332405,45.4170511553282,46.9252595550481
"384",68.0988387436369,67.4657391427117,68.0988387436369,63.8652684777915,59.8960518462548
"385",61.3360065965484,63.8735879438733,56.6735596231041,56.9829814376431,61.3847183658803
"386",0,0,0,0,0
"387",52.5017802269546,50.3610442695478,56.9284665376995,50.1856175090694,62.2094186306255
"388",63.8896052354399,64.4883145532746,66.1536831109294,66.4562977436791,73.5246612190569
"389",46.2696339476263,45.1052447852755,47.7151735111758,39.538406147733,51.8957418309576
"390",47.7329042398823,48.5864117147425,49.0879010098819,53.7285959186676,50.5314845356153
"391",55.7638302469039,59.6305004625453,55.7151294715146,54.4309719808353,58.147232848074
"392",40.7014982809747,43.7219970723512,37.8257582584637,55.8971530978625,48.4479311535408
"393",57.3703405571471,56.7235314638702,60.9795497287227,65.36800173696,61.3900309783669
"394",0,0,0,0,0
"395",0,0,0,0,0
"396",64.3258223747619,68.8585982831021,69.6788111588293,67.6162210162285,67.2354533164599
"397",4.52495339063212,0,0,0,0
"398",48.1776223503159,61.674255142253,57.4092430823222,53.0944020772786,58.6230537545851
"399",52.957739481937,57.9695174112272,47.9757329636431,64.1726898699566,56.0262232878817
"400",0,0,0,0,0
"401",37.4535068121641,41.2620302887357,34.1781286340957,42.8629428973238,42.8390095300554
"402",58.7788093929318,63.8137382101217,59.8062723824192,56.4392702490128,59.7914293725344
"403",57.3069870672765,55.6823364269463,54.2652434310174,62.424174501868,66.8544182290316
"404",0,0,0,0,0
"405",51.9536203894365,49.3182322670802,44.4510264494812,49.4085307617742,53.5663181919795
"406",5.27512833667805,0,0,0,0
"407",38.7541300359079,40.3820163653861,44.8557735137953,34.2752119012892,39.6250593367657
"408",56.3235210474796,59.2959092052901,55.6768890599512,55.7810858733673,52.3604355717303
"409",46.2129570295756,44.2247728104524,39.7125316814779,44.0004237407981,46.1248261975445
"410",45.8739785883367,42.2529615294905,46.6006188464995,45.2031447886153,50.0223507063408
"411",40.1877445214466,49.0756677686054,45.0969028128312,46.0482800322356,44.8940838200024
"412",0,0,0,0,0
"413",43.937689449628,53.5761495590784,41.6725830226491,58.2850355016707,49.6658840593092
"414",40.1266994537617,48.6732330092272,49.0180234566651,46.5726276040641,51.0855362774174
"415",43.7032286399041,49.5529089996554,45.104587256413,57.8924052607824,50.392845508321
"416",48.529001710067,52.698920443531,50.2547958988996,57.602984715905,49.5070791678352
"417",44.522492631124,47.9515863891685,46.9451445665652,49.8431934829206,52.2986327178491
"418",0,0,0,0,0
"419",56.8911790472723,56.2888477125733,53.46645475454,44.8356692948541,62.9628260361491
"420",0,0,0,0,0
"421",50.2901765796887,52.8132650426289,55.9514540112617,49.5558126211708,38.6384475225473
"422",40.8816400757236,49.2238681540893,39.4275071503212,49.3482910479866,47.5834426068474
"423",51.2380346195656,47.3866353575236,53.4650718470568,49.0255570029747,49.4663707864161
"424",71.7334176221146,64.4513623852486,71.9468312244714,59.8010436488811,71.9060907945697
"425",0,0,0,0,0
"426",0,0,0,0,0
"427",0,0,0,0,0
"428",43.2508210839486,48.6095396007783,45.3865860092869,43.9426568978315,51.0975677699818
"429",57.2303469108981,64.1793304644562,57.9764620465004,71.7270504828434,56.0200536016851
"430",43.8613130368943,46.2901217544722,45.0935635609329,40.0896934114643,55.2497917847074
"431",56.7731106244638,53.3519605185981,62.6504395738576,56.3355729783792,53.6856850861301
"432",48.8268415584485,48.6290916569343,52.8729703264947,52.267464536131,42.4866449121277
"433",43.3959227952281,52.8799288221661,53.512744611838,62.6556686589597,52.6144015616467
"434",49.5915286989067,53.3491130314758,50.6052764523912,59.2659576918159,51.3511029246922
"435",57.3542261332012,54.6207608550724,58.9142542060458,63.3896165752249,60.1233470663855
"436",0,0,0,0,0
"437",46.8274129900471,46.602853230399,49.1721466450168,48.0241294596743,57.2797327550831
"438",40.953702705698,40.3523889193706,39.7950286787057,37.3355141133447,45.2053260676547
"439",2.56574791082806,0,0,0,0
"440",43.3489109175553,44.3981578223726,41.9685826032014,42.2232899607964,39.3002040599336
"441",53.9442129874083,57.625367862641,53.1294958022808,57.3124785556309,64.4382583311015
"442",47.9479815884043,48.5142046684147,53.986969681769,45.5725815975342,59.3219683372219
"443",45.7995947510743,50.2748248451029,46.9335676308367,41.3697337045014,44.6640745089935
"444",59.1658062121166,62.5580084330214,59.3519833007928,69.1120174187246,65.6878132438287
"445",45.7507842305451,48.3929790965402,50.3601074895548,38.5627648347325,49.773745325078
"446",52.9717320921807,50.8046031022674,47.368279179738,60.0210419973282,48.8185545888539
"447",0,0,0,0,0
"448",44.6098154787967,49.0158242422248,43.321004174125,46.1479517926018,51.0463683749994
"449",0,0,0,0,0
"450",46.0849469677579,40.0939214716303,48.2143121989173,44.9257719352193,37.4535999222223
"451",0,0,0,0,0
"452",49.3901600249562,55.8248686708764,51.8653336995963,55.5699314162549,55.5389850985033
"453",57.3417933293889,61.885429809411,52.0670221975798,58.8998785806685,57.8622004925739
"454",43.5589202023531,45.2530800508425,45.3233153262083,37.562833262623,45.0032606341703
"455",42.3352718804759,51.378953352342,46.1731051484628,52.8605513799825,50.3719537475095
"456",60.0853949024179,62.5061029513467,61.4893253980941,60.6973153166221,61.1364895386914
"457",0,0,0,0,0
"458",52.5371374107536,54.3943002101558,58.1844083347183,58.8978131813694,52.8930611098521
"459",40.0997481642326,38.9414629264645,45.2377769723682,41.0595658623472,44.4654059865685
"460",0,0,0,0,0
"461",71.9350802596841,71.3943438046698,69.8428552237116,77.0845824769525,57.7768567680293
"462",41.5000598916086,35.1027181920029,34.5821992808605,39.5073703137684,40.3226810658387
"463",45.5881078522676,47.6272934377957,45.0972968930936,47.9861508931808,51.2018348594362
"464",0,0,0,0,0
"465",44.7555123422414,44.328214918815,47.8326333376201,57.5914744490748,48.5736279237478
"466",0,0,0,2.48883689119106,0
"467",56.2255700379288,63.4124049465092,55.3235540521679,64.9547865280829,70.7068516608727
"468",43.4842797273116,45.2133368689246,41.722979425154,58.0858356585905,49.1173585017373
"469",36.9126857615611,37.283408189856,40.5953243613207,39.3242856732512,38.6225350682146
"470",41.5055476286395,40.9631552546247,44.6409105324752,43.825210279981,42.1656129146268
"471",33.9013919629702,46.4854000646695,35.4171725300184,42.0652930188051,43.6092722851658
"472",46.3969944886081,42.2724331455037,36.0476863345588,46.8853667899252,56.1520560074415
"473",0.575338644189977,0,0,0,0
"474",55.7423939016453,53.983611804305,49.6657285986584,57.5106979114448,65.355826600541
"475",61.923085099214,67.0720238381104,65.2676075210032,64.432302790401,62.4365115006011
"476",49.4425846549052,53.2056395249022,45.6517249797041,40.6970349645633,49.3171456412126
"477",55.0291126951417,52.2347755193709,49.5117445544981,48.6686539893863,53.6667928700956
"478",46.1602323517691,52.7576295180814,50.2362804807677,52.319743801611,57.1356977833806
"479",45.1451859487451,49.8010482827334,46.9151831434619,49.3572749747708,51.0913610468062
"480",50.6850506024893,55.4217230359722,53.3965350166507,55.0354400205398,67.8700026982265
"481",42.7010162120099,49.7908377237368,51.2892637894574,49.7491903719018,41.6356855898578
"482",53.7648209883047,50.1986290828133,54.2995617597215,54.9558117830834,47.9433718717404
"483",52.6965334653334,56.4477296648375,53.862210353409,53.862210353409,65.1438606455803
"484",43.1093253119414,47.1543080211198,39.9911916059858,52.4276087666265,48.752820568508
"485",5.85497250016583,0,0,0,0
"486",42.3188490533505,53.5631052111388,56.8775475058737,47.1099170082161,53.9896523313299
"487",43.679420291686,45.8690214171303,45.6106552742495,56.2045601113895,52.5863698043011
"488",44.9291717198736,46.7211296591364,42.6342309042029,46.5329371167949,39.6376585978492
"489",49.6373826531632,48.3344431122634,45.5811092738833,61.4253309053908,47.6015609180219
"490",0,0,0,0,0
"491",10.4998447820671,11.762920752114,0,0,0
"492",54.7513095770042,52.7173777241233,64.2692646099345,49.3096895628367,53.9093251019804
"493",53.4248809541722,52.630148218271,48.7331495254552,48.7331495254552,49.7317109283489
"494",52.8141274751247,60.4005006820282,60.7800737779602,58.1326178070935,54.3670553674345
"495",38.8199299438917,42.8460846509864,42.0291846718697,26.6379688945525,48.5903507510614
"496",47.5278117795122,47.5122970688099,43.7389263159583,48.2924543777535,50.9298428160184
"497",57.8009059185817,57.3857720173226,57.7692788011067,52.7803925103306,63.7570662394986
"498",47.5259744069174,48.5537256801153,47.3811818405283,52.9484713862977,45.1877367659494
"499",59.1910240557852,64.4953208414261,64.1675526433325,67.9523760762805,69.2887126239322
"500",41.4580142613569,46.0100338424327,48.2360892726039,38.3784227181341,50.3907275411547
