"","age1.E","age2_no_comorbid.E","age2_comorbid.E","age3_no_comorbid.E","age3_comorbid.E"
"1",93.6505354460425,92.3518284508927,12.2874058666685,3.62743706444133,6.15015465925735
"2",126.769515586665,124.542240120255,16.5703381512508,4.87327114940923,8.26240972149837
"3",106.456065808095,103.76552640706,13.8059977480213,4.03996353107665,6.84957453223449
"4",86.5349221628227,83.145671678642,11.0625271976856,3.18807032322925,5.40522832074778
"5",137.106607779953,138.364770723884,18.4094250456391,5.57266042026759,9.44819243981732
"6",71.2412730189625,67.7247550497635,9.01077506078651,2.57720265705927,4.36952995946867
"7",95.0972520481737,93.0057702811006,12.3744127907271,3.63290399991741,6.15942359985997
"8",90.4266143985421,87.9940978203212,11.707610038031,3.41679219278103,5.79301585412421
"9",74.7432011949704,70.2675664251432,9.34909597893631,2.64575691394024,4.48576058590775
"10",92.6511830716694,91.1338935091976,12.1253596878788,3.57694163433653,6.06454195276147
"11",162.843239961564,164.03035260682,21.8242261588504,6.57845199067785,11.1534663296493
"12",121.36174690341,121.256810818095,16.1332121579935,4.81843773223264,8.16944215510351
"13",99.5778430108939,96.1387646554713,12.7912575158853,3.70214622800355,6.276820650206
"14",64.0477197134365,60.1617411871173,8.0045164682456,2.26570490747425,3.8413996840359
"15",93.1089804988936,90.8918608994412,12.093157260778,3.53739266620796,5.99748847497985
"16",80.2839811428063,77.6946087837155,10.3372635702054,3.00234202309643,5.09033443006803
"17",115.577314901618,112.734020223115,14.9992553023585,4.38224425954011,7.42989594912936
"18",101.0276866682,98.9013258284702,13.1588161367025,3.85975579974955,6.54404051502993
"19",63.4202730061545,61.4107635727288,8.17069883029223,2.38334513834638,4.04085334819635
"20",107.801711416665,106.974785836907,14.2329895565331,4.24032023539048,7.18927021727567
"21",76.2689099851413,74.2868808259395,9.88386554662145,2.88583570921389,4.89280327062174
"22",126.08792359856,123.75604599985,16.4657351015608,4.8436414840465,8.21217397067883
"23",69.6802932056074,66.9267856580172,8.90460527563263,2.57006815542579,4.35743373624464
"24",97.0162091252813,93.9497478615341,12.5000089550538,3.6331093807393,6.159771813708
"25",132.983932108128,130.651682026242,17.3831987709692,5.10850806772901,8.66124322392238
"26",51.7115535697135,46.8328509224307,6.23110832676673,1.7118502999577,2.90236437220102
"27",96.5624125383982,95.7119247131717,12.7344664953176,3.77797124121615,6.40537851351648
"28",152.589693859852,150.635168869786,20.0419980893818,5.91959709297218,10.0364077985392
"29",114.177568849044,111.344220614178,14.8143425555228,4.32987981726835,7.34111441745953
"30",87.8429026835255,84.8169274145235,11.284887684545,3.26986871239939,5.54391377147716
"31",106.623608700604,105.455531997688,14.030852914239,4.16872710247225,7.06788731464613
"32",107.9383029674,102.374838841505,13.6209667697887,3.88201584103317,6.58178140320624
"33",57.2980821310064,56.1290148904072,7.46796244875556,2.19747654230142,3.72572159217469
"34",135.231850782902,135.375301129305,18.0116762652248,5.38843946418414,9.13585418245765
"35",114.058939971818,110.968503599282,14.7643534244649,4.30336794735463,7.29616474710582
"36",127.78583263098,124.195281965425,16.5241751992908,4.81118656081437,8.15714812356253
"37",79.7246877319307,75.2122306255732,10.0069832876739,2.84223237438103,4.81887579838239
"38",108.375147213553,106.436734487818,14.1614018422407,4.16527793524682,7.06203940839575
"39",97.1023070267703,92.2771711110608,12.2774726935163,3.50509325707272,5.94272629494656
"40",123.115514403167,122.370592826378,16.2814007766429,4.8508393191325,8.2243775728928
"41",110.303203850022,107.953648353209,14.3632271384318,4.20927550259009,7.13663528393684
"42",54.0877487383568,51.1328074074972,6.80321730862765,1.93860020833726,3.28680853504453
"43",101.359673085266,100.15583545097,13.3257285788963,3.95338119324546,6.70277811400254
"44",100.496821746116,97.9857669691057,13.0370010808473,3.81317597286048,6.46506653580436
"45",80.5808369584299,78.7418606063486,10.4766003696527,3.081018736683,5.22372722173981
"46",85.0313588219719,83.7039942992127,11.1368119936524,3.30100726103671,5.59670776530315
"47",81.0854938894706,78.6808893012365,10.4684881405997,3.04369037964814,5.16043868913072
"48",110.95358971244,108.033515561354,14.3738534501672,4.19392338775025,7.11060647104928
"49",124.797833700171,122.358321581667,16.2797679326699,4.77801855557547,8.10091327831658
"50",140.459380047362,136.483289124158,18.1590926962832,5.28364033930283,8.95817202981864
"51",127.676595888181,127.101413243473,16.9108360617094,5.03335410719725,8.53382309992988
"52",148.43615701658,147.131810698675,19.5758776996071,5.8028457718827,9.83846124051021
"53",115.36925696283,114.166175614796,15.1898035564646,4.50477014459926,7.63763301788874
"54",105.767692058091,102.543339893385,13.6433858964323,3.96620355532031,6.7245178460658
"55",99.6429714817014,97.9652525606983,13.0342716419972,3.84733750275745,6.52298585694785
"56",104.581749144836,101.699588781707,13.5311248646774,3.94573778660274,6.68981906546738
"57",79.4920480363684,76.5097252381725,10.1796148773805,2.94215232725895,4.98828553667086
"58",49.7455221333543,48.3216139435247,6.4291881676188,1.87360781437838,3.17661688528699
"59",134.227789283693,132.710075092602,17.6570679571026,5.22471495877584,8.85826672556085
"60",90.4432737311606,87.1307658382468,11.5927437628148,3.35284582051898,5.68459768660717
"61",106.755974685378,102.236783231532,13.6025985235019,3.91190647518527,6.63245961474594
"62",91.531497366642,89.4424982266879,11.9003196353374,3.48924905697275,5.91586317386743
"63",91.9874856472584,88.1548019273621,11.7289917081834,3.37403928823188,5.72053024777497
"64",95.1972079742831,92.2594464169174,12.2751144392316,3.56797120872662,6.0493330038865
"65",79.9572654498568,74.6307672013833,9.92961960924668,2.79159829996848,4.73302802676474
"66",92.6191448659592,89.6269849755187,11.9248655850309,3.46095896703264,5.86789861228716
"67",99.4162343425374,98.3318272192531,13.0830443826087,3.88399203345431,6.58513194762936
"68",93.8559658796748,92.8645983501343,12.3556298748073,3.66732504841823,6.217782923
"69",111.645271720605,111.187646609997,14.7935104567547,4.43207877886514,7.51438811143953
"70",104.604179991016,101.710626142564,13.5325933856943,3.94969582979238,6.69652974778435
"71",117.413668604005,115.804212011922,15.4077441819048,4.55208014630375,7.71784497532408
"72",117.247523243571,114.17141357552,15.190500395074,4.4343469233168,7.51823364725985
"73",105.19832692234,102.422829565243,13.6273520089171,3.97753223113714,6.74372510097341
"74",119.49171398089,119.372144338493,15.8824574008835,4.74048938328263,8.03728427256554
"75",123.104025090512,118.907564609149,15.8206448052581,4.58045775446737,7.76595792007422
"76",144.020092091327,143.102395167917,19.0397649195188,5.66164995080889,9.59907014387142
"77",114.050928505412,113.745112785395,15.1337811840133,4.51107082489585,7.64831553493707
"78",82.7945917530359,80.2057811588948,10.6713749211065,3.10168275332529,5.25876212268333
"79",72.9190460383022,68.2548416938998,9.08130306047045,2.56058651206985,4.34135804091842
"80",83.7420799373855,81.97472702351,10.906733074554,3.19891840773635,5.4236207549348
"81",104.857526787584,103.824179497126,13.8138015566164,4.09381543562226,6.94087798857775
"82",53.9430974837044,52.306002988885,6.95931091839362,2.02563464790196,3.43437147121558
"83",122.576022698817,119.755028432325,15.9333999617128,4.66152222767438,7.90339904964792
"84",104.802413445159,103.774891351435,13.8072437697627,4.09077804135254,6.93572822465679
"85",127.561921001637,127.03364271233,16.9018192006105,5.03305594882223,8.53331758595768
"86",123.526392995263,121.322724267433,16.1419818182797,4.74737495128786,8.04895844013824
"87",94.2187810008548,91.1980164478246,12.1338912379849,3.52395104085476,5.97469881017647
"88",113.388118879641,109.999180949036,14.635385089145,4.26065553188776,7.22374778815515
"89",98.8199139673418,93.8083443458285,12.4811952031248,3.55990844977951,6.03566296258071
"90",65.1242643675625,59.675354155297,7.93980269944184,2.19976455384043,3.72960081173855
"91",109.542603438643,109.242688780077,14.5347339223584,4.33233558636808,7.34527806234223
"92",127.74983152465,126.704523346317,16.8580298515474,5.00538316197519,8.48639963371248
"93",113.617470550248,113.998489079078,15.1674928935297,4.55074162763095,7.71557557775611
"94",107.98625640789,102.959940257124,13.6988144955448,3.91983574093151,6.64590332439783
"95",136.255446269653,135.107658392121,17.9760661744266,5.34856220556528,9.06824410307203
"96",116.360455655012,115.552220924946,15.3742167988921,4.5637985914485,7.73771306641041
"97",110.247511286058,108.577855311382,14.4462778481892,4.26849651899542,7.23704182538769
"98",131.102151551637,128.63250538799,17.1145475174007,5.02293197120969,8.51615284209643
"99",105.128808367288,102.093588662395,13.5835465208137,3.95522894517113,6.70591089340379
"100",85.945952319896,82.7598732349433,11.0111967354875,3.18287215403834,5.39641506116501
"101",86.4949621295546,85.329419979578,11.3530747940048,3.36369361144906,5.70298962304774
"102",139.402721979176,137.23300996561,18.2588436751123,5.37306949779805,9.10979510308489
"103",76.3563230695139,73.5851047920156,9.79049428257028,2.83348075418648,4.80403782414343
"104",47.1149727057864,42.2716503425508,5.62424083197365,1.53488182238167,2.60232236249257
"105",132.407447469892,133.593641275002,17.7746266540154,5.35376974760694,9.07707325389723
"106",78.4839012378367,75.8457917079224,10.0912785565356,2.93021161737604,4.96804060582391
"107",83.2115475191832,78.8438542223702,10.4901706135928,2.98745203520872,5.06508913242206
"108",121.274093586837,118.705435121236,15.7937516661481,4.62536704702902,7.84209958428101
"109",101.152348851792,100.281430565495,13.342439003388,3.95689306669478,6.70873233580523
"110",80.3886413627198,74.6497108155434,9.93214005533478,2.78371865231328,4.71966844233115
"111",67.9522814681987,65.5542234930872,8.72198595252993,2.52454264412627,4.28024730117773
"112",113.532421974783,112.575524692755,14.9781675470047,4.44765765123252,7.54080138140785
"113",46.5390485143467,45.5288095664916,6.05760569365011,1.77789946906866,3.01434773619369
"114",101.840706887878,99.8115673123056,13.2799237186026,3.90143264037319,6.61470170390545
"115",99.1191728816081,99.6588974249367,13.2596110052103,3.98383615499174,6.7544131173269
"116",113.534370409701,110.409879946811,14.6900285854142,4.28344723165671,7.26239007912705
"117",108.732879176233,107.0182318616,14.2387700373699,4.19575982899703,7.11372007370859
"118",95.192681118614,93.7086271189845,12.4679278567268,3.67965005406444,6.23867940984562
"119",101.310232685053,97.955755297325,13.0330080206908,3.77887197311985,6.40690566351683
"120",65.4341886320118,64.4868730915319,8.57997503832035,2.53693454695738,4.30125720915956
"121",114.688222007117,110.059924971437,14.6434670176184,4.21690926623851,7.14957798321332
"122",71.161397191311,68.6675450072092,9.13621321454572,2.65472612042255,4.50096746780733
"123",135.71595566509,135.315375074231,18.0037030688914,5.37651723770927,9.1156405893889
"124",75.488102682479,73.3107559559476,9.75399218452317,2.84008708753971,4.81523856205596
"125",87.580578828949,83.0515351794851,11.0500023398944,3.1547592505594,5.34875091117579
"126",107.822293003954,102.817265322065,13.679831605742,3.91714299374638,6.64133789394276
"127",82.4878688306413,81.6192651381464,10.8594388897154,3.22381597563241,5.46583344959497
"128",102.697582118627,99.0374306338068,13.1769248599986,3.80909458554328,6.45814672912564
"129",108.246791529318,106.709158436141,14.197647837674,4.20183193340713,7.12401505073118
"130",73.7501585954941,70.6341661498564,9.39787205304246,2.70417974640936,4.58481384277587
"131",127.429066504755,125.634568276113,16.7156723313851,4.93358356490245,8.36466668049371
"132",135.649609218672,132.60082233844,17.6425314439005,5.16286487945929,8.75340272744687
"133",87.0559348648549,85.7516338742008,11.4092503302139,3.36853570808758,5.71119917780304
"134",125.397200429405,120.739314714675,16.0643588864324,4.6378542165629,7.86327101262708
"135",84.4601649336858,82.6292042061528,10.9938112288379,3.22205826123567,5.46285332473138
"136",87.8935365068315,81.7470263152324,10.8764374973023,3.05017633428401,5.17143533039952
"137",61.7853286457032,58.0625921262674,7.72522479724277,2.18729048818286,3.70845160041911
"138",62.6601411923764,59.7802160857022,7.95375457378211,2.28490618638795,3.87395457964866
"139",120.649767275265,117.980516802645,15.6973013387802,4.59761451597829,7.79504642936319
"140",91.6603920518462,87.1782084987118,11.5990560020302,3.31354089537335,5.61795797261027
"141",122.212275331907,122.674902114747,16.3218891351571,4.90807453762309,8.32141728424281
"142",101.094116550582,96.9680534249851,12.901594332167,3.71019912654057,6.29047397363472
"143",29.2309772135938,26.823128906007,3.56881587569828,0.992821355933594,1.68328348074196
"144",58.9369434831892,57.1999701290856,7.61045298635648,2.2160584918857,3.75722644306075
"145",65.7691569542674,63.3401170995717,8.42739921452088,2.43610508541209,4.13030544026685
"146",123.181215600291,122.903108258416,16.3522519161482,4.90631855283999,8.31844009186053
"147",130.123182704298,128.896749759784,17.1497053999387,5.08079655017021,8.61425960551585
"148",94.4288025733919,90.7290686349668,12.0714977556696,3.48542287918605,5.90937606334727
"149",151.266614427482,151.904997114904,20.2109503215731,6.07150573484285,10.2939619958927
"150",101.833009034425,97.4928780823221,12.971422221271,3.72565640415792,6.31668108523139
"151",117.59096118959,115.477911076605,15.3643298414462,4.51767301575407,7.65950924943757
"152",92.3223602378045,87.7232188668878,11.6715696007248,3.33648991519883,5.65686699258711
"153",92.9504265997933,91.4206778138663,12.1635163239976,3.59042331212096,6.08739952464144
"154",129.699310317277,129.292951656574,17.2024201475917,5.13718115906487,8.70985714695998
"155",57.3725138038657,56.3013531040749,7.49089203892685,2.20568238197769,3.73963422035309
"156",106.937704107481,102.747734419412,13.6705805586088,3.94419317058163,6.6872002392134
"157",127.446598779469,126.18687279479,16.7891565116986,4.97947558790681,8.44247451949656
"158",79.7616411153161,76.9144769206488,10.2334670672786,2.96333878734233,5.02420621672131
"159",113.03661004064,112.976022507307,15.0314537679477,4.48799966036481,7.60919942416396
"160",101.786105876097,96.8961608288107,12.892029013526,3.68645526516735,6.25021733594281
"161",131.406769255145,131.000755684153,17.4296433343807,5.20592050142306,8.82640157741275
"162",93.2716167914184,88.4025198277236,11.7619505550956,3.35179562555845,5.68281712878772
"163",91.1865108077377,88.3085665176707,11.7494500811009,3.41668997611599,5.79284255041483
"164",70.5135256139961,65.8294557003602,8.75860558297883,2.46369365175983,4.1770806004837
"165",123.698221645804,121.049363598463,16.1056111672841,4.71946823296543,8.00164386770957
"166",67.8208960532977,65.0895035779053,8.66015499250376,2.49669647139477,4.23303538104659
"167",104.783066114635,102.787422364786,13.675861070449,4.01973252820381,6.81527378645465
"168",78.5481989888149,74.7831367972813,9.94989237693117,2.8490992177852,4.83051821924491
"169",139.134619255739,138.789750250457,18.465968381309,5.51978833275853,9.35855021872243
"170",103.987303428522,102.421040997591,13.6271140524381,4.02066807764278,6.81685996800346
"171",68.644630515191,65.3010617232081,8.68830279248967,2.48666090604246,4.21602053615381
"172",106.12029148703,104.310654984016,13.8785270894094,4.09056635827989,6.93536932562909
"173",98.5005094043236,97.1508990239093,12.9259219490472,3.82548930961363,6.48594323857219
"174",127.919226038219,127.518904662237,16.9663832918764,5.05676871859043,8.57352150924649
"175",120.947894765742,121.27844565247,16.1360906873413,4.83175205563195,8.19201598523052
"176",175.875376147685,178.785828673386,23.7874375068644,7.22855162473992,12.2556807092181
"177",72.0786104447496,69.3563547319041,9.22785931180662,2.66657286501432,4.52105308477429
"178",143.738323961456,141.561447313787,18.8347415905654,5.54689173991878,9.40450281358957
"179",137.051879987886,136.397135121556,18.1476310958058,5.4107207908071,9.17363115895931
"180",86.3870290254238,82.9200085117043,11.0325027251976,3.1791041487109,5.39002657940531
"181",40.2891097123738,35.0104443167225,4.65813775606118,1.24183495146034,2.10547471315774
"182",94.4771358745953,92.4079702044964,12.2948755236276,3.61189318026526,6.12380071017701
"183",138.512162157888,138.442068474921,18.4197093454961,5.51096741111067,9.34359474701946
"184",101.757408717513,100.335841052232,13.3496783136263,3.94420617043257,6.68722227986976
"185",141.714957897789,143.322454306091,19.069044525234,5.791371781992,9.81900761219552
"186",73.1840528226144,71.6179322187712,9.52876207627919,2.79077941420889,4.73163964318143
"187",70.0681450479969,64.554682968238,8.58899713857386,2.38996496713227,4.05207696700153
"188",52.6449523928792,49.0731430968569,6.52917908153709,1.83721305552876,3.11491122596466
"189",71.1364844961826,69.0345126489262,9.18503823978606,2.68037471442236,4.54445349308881
"190",116.907068046123,113.11189905689,15.0495320222704,4.36698100038108,7.40401778700974
"191",57.1380393089778,54.3967802840487,7.23748872642161,2.07599863499897,3.51976132206643
"192",83.5742816989319,82.5089234260702,10.9778078776048,3.24709812487736,5.50530727536025
"193",108.888882094241,107.204252456463,14.2635200696351,4.20841541377401,7.13517704244412
"194",59.8099795114596,58.1083628694219,7.73131459219077,2.25773377304118,3.8278849879289
"195",76.6015783480053,71.5908320163451,9.52515639523707,2.68134964253505,4.54610643938898
"196",78.7572910540001,75.3418115782099,10.0242240269562,2.87937336864321,4.88184666592691
"197",152.176085189082,151.829805160536,20.2009457264065,6.04026824565669,10.2410002528634
"198",104.042842742677,101.903489351443,13.5582538304162,3.97987789672375,6.74770207035436
"199",164.926661313471,166.809238426011,22.1939568928643,6.72352108948674,11.3994243926298
"200",90.8519313514493,88.5457930745122,11.7810130622803,3.44291293908924,5.83730239218312
"201",78.7020489100261,76.7687139784993,10.2140733156578,2.99702685840803,5.08132280993724
"202",47.4087606308257,43.7656306313252,5.82301483001265,1.62543491994474,2.75585102336085
"203",107.972450822913,104.765045532315,13.9389837021492,4.05393001469639,6.8732540703716
"204",63.8241196998233,59.5117905891071,7.91804057570996,2.22671940070039,3.7753015293693
"205",125.037300614871,123.665530780846,16.4536921302958,4.87178882208468,8.25989650289811
"206",78.8284035214671,77.5639074635402,10.3198737666266,3.04099139977791,5.15586269144163
"207",113.506027901306,109.792476107865,14.6078830100572,4.23334815798606,7.1774493769491
"208",160.01661524297,161.465073324488,21.4829166882636,6.48424206810146,10.9937376881902
"209",98.7935745045009,98.4808195911812,13.1028678108004,3.91964078347088,6.64557278288472
"210",122.461585652965,121.118399003673,16.1147964222432,4.76851437541493,8.08479937286258
"211",124.439056484556,125.078172703219,16.6416441384758,4.98836488336129,8.45754591588075
"212",136.462176632289,134.880095778567,17.9457889097324,5.3097532475954,9.00244527887765
"213",122.023199213539,120.388374947247,16.0176667687,4.73415102515659,8.02653787447003
"214",34.5611837978355,33.1965650330789,4.41680121375289,1.28348640582808,2.17609286079033
"215",112.56331055232,108.423783190275,14.4257784835456,4.16540679672538,7.06225788717528
"216",108.466882463767,106.068393123211,14.1123940421919,4.1371356911068,7.01432551264924
"217",104.292208183523,101.629138647041,13.5217514776427,3.95380785518621,6.70350149992934
"218",52.0574906102847,49.1503383939842,6.53944991171819,1.85887206572232,3.15163309324738
"219",128.732424770703,126.988449985531,16.895806217852,4.98469122122233,8.45131738870877
"220",133.725056820716,131.878887206961,17.5464783846752,5.17987846308084,8.78224848513251
"221",152.81299275683,153.407502959659,20.4108583811643,6.1312369007612,10.3952334726542
"222",124.466694242626,123.461705961433,16.4265732631485,4.86960681230439,8.25619700449789
"223",113.506526481729,111.567711460323,14.8440780291284,4.36971636802001,7.40865547850666
"224",102.675148682275,100.862816855478,13.4197924124915,3.95421622040817,6.70419386460111
"225",88.152009927584,84.6374012439131,11.2610017364116,3.2449058505461,5.50159037388043
"226",89.4537384558509,87.7874736796322,11.6801187076606,3.43144026699522,5.8178509981328
"227",97.0795336999917,95.7818679676931,12.7437724407897,3.76806491363172,6.38858278538467
"228",122.391672759791,124.071522955493,16.507709486115,4.99809574468358,8.4740441489408
"229",68.2687660199496,63.540607203734,8.45407441215519,2.37114281908447,4.02016487053868
"230",132.729414909532,132.948258628651,17.6887585149554,5.30780473834854,8.99914167001822
"231",86.1499100165433,83.0888234460086,11.0549635436393,3.20052623095865,5.42634674612535
"232",70.5570544996558,69.011638809576,9.18199487667865,2.6920216231233,4.56420029738632
"233",152.599358216014,153.335085209854,20.4012233956645,6.13706464030872,10.4051141401598
"234",69.4896873123719,65.8963097861956,8.76750051562661,2.5013327206614,4.24089593093956
"235",55.6539600005527,52.1649458135805,6.94054326871416,1.95990259646189,3.32292576581947
"236",111.1566361719,109.009537471004,14.5037131240661,4.2673547282919,7.23510597114945
"237",76.2621186215684,71.1267037605413,9.46340415539713,2.66115151686082,4.51186143540493
"238",136.88975820785,137.789094049736,18.3328312488198,5.52210281178218,9.36247431270341
"239",88.7648585954014,86.0492002135924,11.4488415150826,3.32983930408999,5.64559118375257
"240",72.6520901127274,69.48107153605,9.24445287596087,2.65709862677207,4.50498994448174
"241",108.370654517968,106.042198769613,14.10890887812,4.13903153308739,7.01753982655269
"242",99.4451914402265,96.640524543074,12.858016646516,3.74617528272884,6.35146991117208
"243",138.25446219104,137.710237230585,18.3223392152362,5.46782266447878,9.27044479022992
"244",119.085088191582,118.416934071529,15.7553667217689,4.69051379883158,7.95255294074628
"245",57.6727104334976,56.0549976671431,7.45811446113314,2.1755982325574,3.68862791247232
"246",88.6929760025108,84.5869919488132,11.2542947811263,3.22413665679532,5.46637714993024
"247",95.4179915410504,93.8385297181604,12.4852113902589,3.6822226007685,6.24304104584841
"248",131.166535030142,127.796547674959,17.0033232779059,4.96031869359196,8.40999487595364
"249",89.6212230218309,87.4188415769089,11.6310722256438,3.39830636839511,5.76167397914261
"250",113.099446693424,111.685228238043,14.859713640157,4.39409621395078,7.44999039910746
"251",73.8577580384701,70.360865203288,9.36150937660809,2.68180313527542,4.54687531571696
"252",82.2488027023698,79.7769141481939,10.6143141882607,3.08891136974108,5.23710882233374
"253",96.3632378354011,94.52245308646,12.5762073576132,3.69045998508639,6.25700715653283
"254",140.117246521207,138.386953688616,18.4123758464552,5.44072149093411,9.22449598235646
"255",90.2839188151778,88.6962123648388,11.8010263413361,3.47424663846305,5.89042725521235
"256",126.571615068919,125.100128142469,16.6445651552908,4.92527234958149,8.35057539269953
"257",69.3142130975306,67.3347530670396,8.95888531773426,2.62177364422234,4.44509804224969
"258",79.85552463924,77.4804379613441,10.3087681537212,3.00052014090653,5.08724551162789
"259",84.5775970361925,80.7126549440216,10.7388144504643,3.07872254520148,5.21983413345524
"260",116.752924599868,115.381865069191,15.3515509544433,4.54320842889422,7.70280338171612
"261",97.3160828292049,95.3644025981262,12.6882286946654,3.72510294020504,6.31574271225673
"262",91.7089334583618,88.4833749161537,11.7727083278744,3.40746720017625,5.7772057530261
"263",115.659781263358,114.060320366588,15.1757195094555,4.48379304660135,7.60206730173776
"264",146.053314327891,143.132895811841,19.0438219610041,5.5906024555263,9.4786123450514
"265",38.0057693617096,36.3481903415442,4.83612479358272,1.39160837945159,2.35940875243383
"266",79.4983191722143,75.2629420467063,10.0137304396989,2.85017925363963,4.83234937094354
"267",134.44860682922,133.935549564614,17.8201173031583,5.31007016440146,9.00298259691702
"268",78.5042326951002,74.8611253621417,9.9602687513525,2.85525164489323,4.8409493797508
"269",76.6805678406521,75.7208437153784,10.0746542328813,2.99743658814654,5.08201748808481
"270",127.346103028528,123.316410096006,16.4072413172932,4.76127872061308,8.07253164903948
"271",111.965194169116,108.391378895945,14.4214671182591,4.18814397463426,7.10080773881175
"272",100.506513104795,95.9195134458119,12.7620861391483,3.66020817498482,6.2057165875879
"273",107.150041476903,105.849246999673,14.083236671855,4.17009416124696,7.07020510065962
"274",108.828183191043,108.374605786777,14.4192355262813,4.31459130311314,7.31519343664183
"275",88.848265225591,87.7853260918193,11.6798329716671,3.46721417219907,5.87850402831933
"276",74.1344779523152,72.6921031452901,9.67168046097676,2.84439767271181,4.82254696327958
"277",83.8284369864216,78.3765236167203,10.4279922994684,2.93691678526881,4.97940891320576
"278",79.7629691273515,75.3121934583322,10.0202833372087,2.84426982179025,4.82233019785347
"279",103.599026950881,102.009156079447,13.5723127871045,4.00646435001368,6.79277819343229
"280",103.400949658262,101.839591677163,13.5497522524187,3.99789530574275,6.77824976837295
"281",30.9228314132283,28.6856685008042,3.81662666982008,1.07108289121335,1.81597235646627
"282",60.1408208127655,55.1892218544311,7.34292303524302,2.03788424996058,3.45514011470589
"283",135.871746206618,134.77753488571,17.9321432891073,5.32530243392684,9.02880821752141
"284",142.08292552446,142.076578668648,18.9032803836196,5.65199178041293,9.58269515497283
"285",108.735662394901,107.446406224929,14.2957386180976,4.23651720328707,7.18282234920944
"286",82.6907156550737,79.1671055680985,10.5331791886565,3.02912254757958,5.13573959203265
"287",50.8729516521951,48.2241731110592,6.41622367003679,1.83415440400223,3.10972542133105
"288",140.072729932521,140.438851771398,18.6853812410472,5.60610583029942,9.50489761228036
"289",89.1176341358267,85.8134565215942,11.4174758287301,3.30025704004992,5.59543579972102
"290",106.204740278332,103.323575640355,13.7471962219977,4.0074641764742,6.79447335374945
"291",107.361665038583,104.787003609179,13.9419052350018,4.07824531476519,6.91447955639734
"292",184.831762513817,188.597272366337,25.0928465352551,7.66826037345278,13.0011869058995
"293",170.380334326703,172.840340863748,22.9963927910802,6.97584794262224,11.8272331027186
"294",46.1155710629532,42.7080736594259,5.68230693109471,1.59013028506633,2.69599361968064
"295",102.528456858917,100.912615786884,13.4264181605617,3.95773069457828,6.71015249580774
"296",105.380167669305,100.359409140014,13.3528139914003,3.81803645095564,6.47330725548392
"297",97.4905258879125,95.2058775023124,12.6671369389335,3.71180129475348,6.29319037701386
"298",96.159606565638,90.993325403612,12.1066570920368,3.44191245977703,5.83560612498561
"299",73.0186255533745,70.8273376548513,9.42357351155519,2.74523688548908,4.65442435585193
"300",135.959378587343,135.776436546771,18.0650473074718,5.40679927797798,9.16698241220813
"301",109.588884456504,108.601933395826,14.4494814523769,4.30023671155377,7.29085587913434
"302",88.6102031216576,86.7793036922725,11.5459817444961,3.39169203980382,5.75045968566738
"303",77.4426876119441,75.7247183890458,10.0751697580005,2.96036345303343,5.01916167264304
"304",126.324751752142,124.805172958316,16.6053214248167,4.91112759025167,8.32659359619942
"305",124.819713660517,122.039884480842,16.2373998630246,4.7496339743571,8.05278851106909
"306",54.5825217368314,52.0728284481544,6.92828705813911,1.99458399065575,3.38172649324817
"307",57.3115518818616,51.5539760427458,6.85925377315033,1.87491553885514,3.1788340726953
"308",83.0112841597696,79.2440334814974,10.5434144433137,3.02185717334091,5.12342148025527
"309",112.745988039358,110.770931700811,14.7380665353974,4.33611056912332,7.35167837401364
"310",21.9877298965329,20.7151418158534,2.756148517901,0.78221957851579,1.32621773993813
"311",94.0078009067836,90.5704911171346,12.0503990252743,3.48705634743077,5.91214553450762
"312",73.5906569064902,70.1348349962877,9.33143606957712,2.67289601961521,4.53177370598397
"313",83.5006851978815,80.5474831187342,10.7168383486097,3.10236833405443,5.25992449364683
"314",83.9122789045439,80.7970714248469,10.7500460593288,3.10766726513842,5.26890859043923
"315",130.519390964576,128.072337064327,17.0400171813999,5.00742878096462,8.48986788772637
"316",95.2916207972861,91.5866936481453,12.1856047158524,3.51314681442594,5.95638073536763
"317",113.063869127998,111.540555360817,14.8404649184974,4.38641672754863,7.43697017898019
"318",114.183273975976,112.817824892082,15.0104055708334,4.4457928024351,7.5376396150377
"319",100.18950071108,97.5840212562451,12.9835488345014,3.79192202028319,6.42903142529832
"320",104.111336915835,101.854289063153,13.5517077336211,3.97153014525595,6.73354883718395
"321",52.9452947630707,51.1051431598843,6.79953658195271,1.96952216649507,3.33923530955756
"322",125.441796232657,124.359673878967,16.5460478665076,4.92381123383233,8.34809813736118
"323",105.09327898662,102.337823603447,13.6160419744526,3.97902622137383,6.74625809351108
"324",108.083494754121,106.405391290611,14.1572316336731,4.17728651975771,7.0823994175892
"325",107.06816396914,103.292967268812,13.7431237638618,3.97591804205097,6.74098831675006
"326",58.4213285326677,57.0040759546685,7.58438927685916,2.22201742842693,3.76732954910565
"327",77.1579663888873,75.3140334289066,10.0205281458752,2.9399179587433,4.98449726641478
"328",89.0134338123875,82.7245421543191,11.0064959243595,3.08568358840173,5.23163626579024
"329",67.1128549194734,62.7253654020063,8.34560653379556,2.35118107361807,3.98632063845246
"330",109.655175314572,106.022344295086,14.1062672125911,4.09031227508751,6.93493853912536
"331",77.6010563102235,73.7990816036658,9.81896388578402,2.80480233990348,4.7554148762909
"332",96.2164254636369,93.6124196027643,12.4551274500663,3.63605244685001,6.16476164852296
"333",112.764701208823,110.05725237381,14.6431115183646,4.28023866785478,7.25695010504468
"334",102.20328146316,97.1719174645936,12.9287184139625,3.69307126640327,6.26143446531099
"335",80.2667923478023,76.1878211366527,10.136785553405,2.89233676194631,4.90382551002715
"336",118.030456817003,116.983248638572,15.5646149390076,4.61598197964554,7.82618762912631
"337",143.107771700308,142.757187927452,18.9938354174271,5.67223726426953,9.61702045260243
"338",163.065490205822,161.210610640718,21.4490565865014,6.34367314133958,10.7554094623621
"339",121.736847683398,119.47521134999,15.8961703452921,4.67797900234142,7.93130076306068
"340",93.5033060258637,93.4777467699158,12.4372092399054,3.73393040017144,6.33070926938158
"341",74.1186302278381,72.7061479730741,9.67354912456622,2.84256992143737,4.81944809407335
"342",65.9506555739073,63.228016005772,8.41248416994523,2.42195250317982,4.10631038039124
"343",99.9417162934914,96.3457556435498,12.8187976538324,3.70433999931801,6.2805400897528
"344",82.1531400112042,77.3599510167829,10.2927373707771,2.91714614385707,4.94588868935766
"345",69.7376714201211,66.0491005094261,8.78782931322992,2.50355266652616,4.24465974824663
"346",152.971537146176,155.114850981186,20.6380213155382,6.28357379291295,10.6535137488933
"347",113.009671158539,111.854652808209,14.8822555754809,4.404426099641,7.46750425075498
"348",127.892445277532,126.598463923162,16.843918693831,4.99773234604743,8.47342802307131
"349",126.269208088731,124.861539350747,16.6128209737547,4.91911903386958,8.34014272560614
"350",57.5497752500648,52.1155332713625,6.93396893258576,1.90383358049375,3.22786329783714
"351",62.9255443231457,59.4919157594379,7.91539623068926,2.2526934911789,3.81933941913513
"352",103.521802224116,102.700992779485,13.6643616264103,4.06701189958263,6.89543381156509
"353",102.287568878214,101.259358735606,13.4725522927174,3.99605889803564,6.7751362225786
"354",141.348801896879,141.524482460331,18.829824202716,5.64213591004355,9.56598497475564
"355",114.567638682728,113.06652369554,15.0434949225943,4.446009367794,7.53800679175983
"356",63.9003736207362,62.6967268473947,8.34179617565736,2.45608105708174,4.16417379223404
"357",149.796905646485,150.463783817723,20.0191969417245,6.012242757854,10.1934843121797
"358",141.81645723607,142.912574561377,19.0145098735159,5.72693234100073,9.70975346906033
"359",60.152482937309,57.8457653334837,7.69637600398724,2.23038469322097,3.78151586623372
"360",84.3743299006144,80.5662280303416,10.7193323574375,3.07603533920096,5.21527809782707
"361",93.6370704547429,90.5668117464716,12.0499094859645,3.49822094270747,5.93107459831766
"362",130.418808133095,129.885290312503,17.281230683117,5.14818390568749,8.72851180373379
"363",87.6438757834998,83.5757884711552,11.1197542127685,3.18528698528148,5.40050929777269
"364",98.5618344593546,96.177774405027,12.7964477686808,3.74441954399197,6.34849313595003
"365",136.77111666994,135.523884584927,18.0314450602479,5.34518762504435,9.06252265518883
"366",92.9814286471456,90.449727318686,12.0343314116696,3.51338043064091,5.95677682104117
"367",44.7944473400945,42.7737329405312,5.69104289495697,1.6333569827602,2.7692825207707
"368",110.540571682276,108.447028269406,14.4288713154955,4.24221651130923,7.19248526690157
"369",118.589013316669,118.062237639068,15.708174382899,4.6723964775002,7.92183584594352
"370",119.676313969529,116.29594021647,15.4731684938405,4.5039603031563,7.63625996853316
"371",128.601800815806,127.738277640243,16.995570802495,5.06365067527837,8.58518955399471
"372",30.7432401179267,29.668409170096,3.94738026365146,1.14340864383992,1.93859738251041
"373",39.8108197053957,38.16752651695,5.07818737505009,1.46672564309666,2.48676665852297
"374",70.7640190047162,66.8462832661448,8.89389443664092,2.52883568089296,4.28752594987761
"375",103.126394811294,101.220502717779,13.4673824971159,3.96120426153872,6.71604177069975
"376",199.667597810568,201.808951443078,26.8506345878843,8.10225602973052,13.7370068140431
"377",146.998523240934,148.002426330004,19.69171389061,5.92680884663083,10.0486349990605
"378",75.3601284152803,70.7416879783764,9.41217782639464,2.66099044419227,4.5115883440169
"379",78.6485673095446,73.1935036980826,9.73839177663303,2.73153108097117,4.63118678728294
"380",120.19485948598,119.199685015675,15.8595116749405,4.71015541209158,7.98585440322798
"381",114.646119681599,112.939838169964,15.0266394106054,4.43304730075125,7.51603019627371
"382",130.780778097986,131.301496180751,17.4696568833806,5.25642334287053,8.9120268495032
"383",105.04508996739,101.391347245745,13.4901133316617,3.90489322770478,6.62056897242675
"384",38.0251283856138,36.342570395623,4.83537706007651,1.39077903595711,2.35800263823637
"385",37.6895612967771,36.0111378103173,4.79127997221225,1.37733250325726,2.33520465324981
"386",77.4641393268936,73.471371094489,9.77536201992765,2.78736926152487,4.72585788431261
"387",128.132073454552,127.037006562552,16.9022667609079,5.01860183898606,8.50881129973547
"388",111.629252581322,109.523790335451,14.5721344436918,4.28282871950492,7.2613414198879
"389",118.780647218311,117.214725043678,15.5954128542009,4.61023797682632,7.81644893343734
"390",92.788099041406,90.5869840045373,12.0525934061937,3.52440288043358,5.97546488364422
"391",116.852471522812,114.330135025044,15.2116182947354,4.45650203502397,7.55579663210883
"392",96.1679203272592,89.9933569264911,11.9736113233378,3.37454611650163,5.72138955206886
"393",72.5730091923635,69.5999415048877,9.26026851899273,2.66581158366022,4.5197623668421
"394",106.050425270985,103.384558020473,13.7553099241584,4.01883143943735,6.81374603140968
"395",108.179088311035,105.384591023059,14.0214141973667,4.09420460067991,6.94153780024367
"396",62.3271268115095,60.1518431625358,8.00319953660905,2.32254040398612,3.93776168494011
"397",107.689061959417,104.186442854049,13.8620006446383,4.01963836150425,6.81511413109586
"398",112.618610159017,110.256753320381,14.6696551199814,4.30318782045195,7.2958593501299
"399",88.2939181577848,82.3136855720536,10.9518314831215,3.07863250065941,5.21968146702709
"400",67.770384027555,62.8193719268612,8.35811409687949,2.33852298578796,3.96485942590413
"401",143.442926557667,141.778946099491,18.8636798951382,5.58704314838663,9.47257770158241
"402",99.3148205442936,92.5020803879832,12.3073968087323,3.45517517268131,5.85809245186421
"403",156.570209955832,155.27389282213,20.6591795252902,6.13110156379572,10.3950040149809
"404",114.643064477839,110.877111242351,14.752193634837,4.28191815768433,7.25979760371025
"405",53.4679294658649,52.3737390335165,6.9683231955327,2.05180923137227,3.47874928773572
"406",146.390314747245,143.113677211915,19.0412648650106,5.56913645350685,9.44221771435478
"407",65.7079421954033,62.4491046036731,8.30885004928058,2.37544656969304,4.02746168407048
"408",111.565392732031,109.074318671953,14.5123322585133,4.25166131575756,7.20849850353439
"409",121.747211532225,120.421035826285,16.0220123004004,4.74516789327822,8.04521647360353
"410",103.296900118771,99.4664558992179,13.23400664548,3.82063626621753,6.47771512408699
"411",106.668457479689,104.614911754106,13.9190084309368,4.08963143807511,6.93378421091825
"412",96.8979391376925,94.3395755678194,12.551875511266,3.66293329088514,6.210336897728
"413",48.6086652357048,45.7579555677934,6.08809355694766,1.7268068281489,2.927722485907
"414",66.2604206334911,63.1219161086448,8.39836758426916,2.40563393632411,4.07864299204042
"415",108.70705462303,102.564448955299,13.6461943446305,3.87061598367474,6.56245346323035
"416",142.865497723125,143.16316552339,19.0478509367865,5.72157453544925,9.7006695532844
"417",137.477002566048,133.139453316172,17.7141958170754,5.14213735544286,8.71826015263733
"418",92.5886683187086,92.1208534158218,12.2566746515517,3.66598042120386,6.21550316867746
"419",151.738408590115,153.680310760238,20.4471558103762,6.18775778013768,10.4910620545062
"420",112.603950694581,111.462691925089,14.8301052033512,4.39682839727827,7.45462269174907
"421",100.706748235348,98.129867293409,13.0561736189193,3.81350439212358,6.4656233557368
"422",135.608751507251,135.799677562869,18.0681394629382,5.41196651787128,9.17574323257268
"423",113.692271968931,110.152683891534,14.6558086427424,4.25640272297988,7.21653734396135
"424",146.582302184287,146.685673776791,19.5165201403984,5.85175305419788,9.92138131461731
"425",108.230867613122,107.273221380635,14.2726963911349,4.23851289977583,7.18620596189267
"426",99.8767021384696,95.6637597867448,12.7280581383126,3.66123696576086,6.20746085558547
"427",85.605673186057,85.1492250583162,11.329099869384,3.37421038346409,5.7208203319641
"428",150.809305926614,152.177329380183,20.2471843297053,6.11232137447915,10.3631630576397
"429",157.780626677049,159.020337904747,21.1576449319306,6.38570237281153,10.8266681139032
"430",92.234026006606,90.011281417839,11.9759962081773,3.5031917955621,5.93950245338483
"431",72.3954337914551,68.6830376952811,9.13827451582012,2.60719422911405,4.42037930663427
"432",150.309811077597,149.708949254532,19.9187658966822,5.93164003035206,10.0568260514605
"433",72.2517454820099,65.7482817309665,8.74780538975769,2.41147540390726,4.08854693480634
"434",131.411313690278,128.512373151624,17.0985638946463,5.00914229350353,8.49277307034918
"435",75.5540963249817,73.5262106626599,9.78265842181785,2.85863682714611,4.84668880238863
"436",119.165314402021,114.65601103104,15.2549759315221,4.39976087041528,7.45959456665863
"437",130.373369296464,130.824259086061,17.4061605145648,5.23605479284453,8.87749289877732
"438",86.2991323850852,83.426101737878,11.0998384025119,3.21958726206016,5.45866385794745
"439",118.826500348447,119.257823692061,15.8672470587985,4.76297510631593,8.07540779389019
"440",120.774035786176,115.470594560407,15.3633560693527,4.40608273620989,7.47031300275587
"441",81.2746753571792,80.1514701782963,10.6641488483091,3.15626570115337,5.35130502968275
"442",114.012107334886,111.321833186043,14.8113639144194,4.32686389178261,7.33600105288597
"443",139.719218328728,141.552742244354,18.8335844439277,5.71869964113386,9.69579530064968
"444",105.444236384453,101.885223857309,13.5558235892244,3.92705254424447,6.65813908637814
"445",113.110866780559,111.459389025517,14.8296657409427,4.38781870450864,7.43934716718964
"446",89.3243807101727,87.7977928550529,11.6814916736666,3.44604816798249,5.84261803026122
"447",82.1729041137216,81.5253800091143,10.846947478286,3.21948184428754,5.45848512690569
"448",105.114861443892,100.653836748949,13.3919875829465,3.84967103536557,6.52694225541528
"449",95.2556677941456,91.7981511509154,12.2137391260905,3.53649980128706,5.99597466309124
"450",134.060787394466,129.507217186611,17.2309271454566,4.99171832153791,8.4632315178802
"451",114.703523628876,113.009611429322,15.0359227395737,4.43659396946656,7.52204341186831
"452",120.608646632194,119.134475728355,15.8508355453798,4.69300176113298,7.95677116773908
"453",122.600269156892,121.112772737164,16.1140478515584,4.76876064743669,8.08521691588128
"454",105.750579124453,103.18497320908,13.7287551826098,4.01540100239129,6.80792988132706
"455",141.591377932796,143.115095526377,19.0414553102171,5.74702350489014,9.74381712420013
"456",98.0791917425535,93.5531270679549,12.4472385662501,3.56565800434843,6.04541107100893
"457",86.9394117005401,85.9645615188179,11.4375803420834,3.38292446233084,5.7355946565882
"458",127.284227570796,126.488332502147,16.8292657069664,5.0143598851781,8.50161925987013
"459",68.4506826693827,66.8090728625583,8.88894359446314,2.60248797750217,4.41240007094687
"460",107.778625978152,108.061817200288,14.3776190286665,4.31861465450547,7.32201484604791
"461",131.87224222962,130.979928300622,17.4268721766147,5.18049560146675,8.78329481521408
"462",101.777850397839,99.1150522760979,13.1872524260995,3.84966553109127,6.52693292316838
"463",76.4251730642069,73.3354895588047,9.75728298903104,2.81218827166411,4.76793738786688
"464",91.8868554164668,87.3857599133188,11.6266707067154,3.31935932612252,5.62782285747136
"465",114.871092270154,110.251170224174,14.6689121893657,4.22656208896075,7.16594390537437
"466",52.5788460933097,49.2605150528454,6.5541089103254,1.85005442694256,3.13668318749807
"467",121.340793011075,121.671919007201,16.1884423027726,4.864263187255,8.24713713111871
"468",111.743424075605,110.946306473024,14.7614001587953,4.39037811993642,7.44368653971037
"469",95.6688306516108,93.5825928133884,12.4511589987244,3.65519092910509,6.19721007525544
"470",70.9271348697102,70.1462127784739,9.33294988295661,2.76253271955943,4.68374865634395
"471",82.3271135608387,80.6394728657018,10.7290775798797,3.1569223952127,5.35241842461062
"472",81.6050049272162,78.3767091553762,10.42801698817,3.00765206542381,5.09933736546856
"473",120.144535826103,120.706051510335,16.0599336869656,4.81828158689663,8.16917741778382
"474",91.9910447567666,88.1764467140832,11.731871545312,3.3807250700633,5.73186568697097
"475",120.939103893757,119.178477373652,15.8566899636488,4.67762211070075,7.93069566950628
"476",130.473397239479,130.245896651678,17.3292093874426,5.17693960635096,8.77726578713142
"477",109.812072924541,109.169883277468,14.5250471504581,4.33572635172129,7.35102695087292
"478",90.774157798758,89.3638685272272,11.8898579585162,3.51508406355852,5.95966525321513
"479",91.8685581759209,90.146662618207,11.9940086699668,3.51992329299819,5.9678699467651
"480",63.7376813834548,61.1749563533884,8.13932469228825,2.34982941309466,3.98402895947413
"481",159.459134786701,160.28795538993,21.3263010921092,6.41303552552824,10.8730102319183
"482",144.715482846777,145.02852154244,19.2960361698766,5.78539209121984,9.80886931829546
"483",109.864855951502,106.119146006287,14.1191466791058,4.08996348568429,6.93434718254655
"484",44.1454728445651,42.6237358394598,5.67108578862951,1.64405840417254,2.78742629434708
"485",112.355668781933,111.470160931411,14.8310989576815,4.40334231073209,7.46566673592305
"486",130.379649906998,128.388387436841,17.0820677400693,5.03681616818123,8.53969286696182
"487",142.117803121371,141.14565463258,18.7794208350573,5.59151129088741,9.48015323409547
"488",109.336407017644,109.019558953855,14.5050465105833,4.33941644860178,7.3572833424021
"489",85.7124888784294,83.8192390638982,11.1521453034418,3.28136364254159,5.56340290303642
"490",120.138325612249,118.739532533931,15.7982884070493,4.67895202897309,7.9329504854862
"491",98.1677250401203,97.609695872318,12.9869648468182,3.87182753431631,6.56450759227265
"492",92.4909247759568,90.7094680664091,12.0688899046482,3.54567350893656,6.01152826742425
"493",92.2008098860331,90.7948277557474,12.0802470073043,3.55798394898975,6.03240005896897
"494",124.253445365785,123.115313538108,16.3804857609195,4.8646229261803,8.24774705211478
"495",99.819796353409,97.9186437783026,13.028070345812,3.82787039455879,6.48998025986559
"496",94.2511364504511,91.969492627225,12.2365361040588,3.58306622525173,6.0749259182677
"497",103.700155562323,103.384180338612,13.7552596937489,4.11907512992432,6.98370465209897
"498",75.3594804829478,71.6921367725651,9.53863498810586,2.72750819784155,4.62436617179498
"499",56.4510470603743,52.795420298215,7.0244278653943,1.98129847802021,3.35920151046153
"500",133.870821282422,134.651685561723,17.915399367567,5.39045838312367,9.13927716775059
