"","age1.I","age2_no_comorbid.I","age2_comorbid.I","age3_no_comorbid.I","age3_comorbid.I"
"1",191.740250599595,194.850040393598,27.5909119405244,8.21375404915837,15.9956725312043
"2",146.757112556919,145.873900377277,19.3897042626129,5.81463600515616,9.79342327814226
"3",131.687130032562,129.671045419612,15.8850821117957,4.7851117003502,6.94473944385932
"4",123.498467834769,120.940658275421,15.2231140903021,4.41180866900148,6.78094559417104
"5",212.545745834227,222.304547901216,30.8102458867453,9.43646167661023,17.5378385365822
"6",134.906724501257,130.297140510768,17.1172078748687,4.95285002169026,8.18558279844211
"7",172.869720173782,173.756904634933,25.0852945702057,7.37167019993703,15.0322127438293
"8",160.851039717656,159.864888818241,20.5162020826087,6.07615683727802,9.63672226628632
"9",112.222263750017,107.154652746989,15.071383726243,4.23054074316941,8.11366474495202
"10",177.518388191311,179.608412111788,22.3735927144642,6.72932353194415,10.1279073923557
"11",174.7481184491,179.202494271801,22.7929561511403,7.04847808649885,10.938984178004
"12",182.400439847925,187.384150241784,26.2007857762512,7.921697835983,14.965232374444
"13",129.104212033781,126.992775120572,17.207968866337,4.97785565613539,8.79850379068328
"14",131.726027074465,126.195546373796,17.5603202543976,4.92407850830061,9.24259728733901
"15",167.553399109685,167.423393368619,22.8866764266948,6.74215663874208,12.112870352699
"16",151.634653549882,150.695549830415,20.8024916725794,6.04121739923161,11.128049924892
"17",128.913113347923,126.865154231981,15.7383086019469,4.70870189359755,6.9852271533599
"18",158.295239056109,158.284333956223,21.2826931854869,6.30807165229697,10.9368894640499
"19",181.806051044828,181.55198145022,23.7394691799919,7.04089613839731,11.5503432236251
"20",195.371194255837,198.331212443671,26.3980733530143,8.12239852457497,13.6854238671514
"21",171.721414892213,171.695278031257,21.6668506267698,6.41070445095612,9.88166906894151
"22",144.49361589188,144.721840539534,19.9036062853904,5.85214358019932,10.6641089093325
"23",159.12581559926,156.128357653154,21.3108959736275,6.18687823853724,11.0992819207088
"24",150.599020379513,147.484570036562,19.6279297163558,5.833959837224,9.83183201229917
"25",132.604812917969,132.55264818882,17.4320280999633,5.14630846456698,8.55990295251342
"26",84.8343144011923,77.1543905900757,9.81186405776219,2.72161149965787,4.23469274257504
"27",186.020355783002,190.941482535735,27.165844512806,8.12530318740557,16.0883244980791
"28",129.783673739556,130.222951808144,17.7779267992486,5.25884058818061,9.42646704881588
"29",129.194005929442,127.517564142708,16.3779544731987,4.87710852704139,7.6974687372385
"30",153.781280056898,152.011332119176,20.9517596470562,6.05550152070918,11.1059051931357
"31",171.297204144844,174.774721024876,22.9158945711922,6.86329566383803,11.368903289071
"32",96.3788302829363,92.721811137995,12.7152287113318,3.59308491053682,6.51903059555487
"33",215.657308687045,219.926783751053,29.8059150287731,9.04879033212069,15.919590927362
"34",188.012322577254,191.758441914128,24.4012564561286,7.50148321188947,11.65144752221
"35",136.110788781349,134.706332785299,17.3264407949022,5.07829201974348,8.10215056356299
"36",123.773660402675,122.525837116889,17.7393373474009,5.10414508686378,10.5059438218989
"37",120.426155807631,115.12887540964,15.510041606065,4.40784065308742,7.6817406440506
"38",168.274649170242,167.542662793845,20.8843563845634,6.30412138788226,9.42579025320484
"39",113.134774387676,109.319033955834,15.5678245519481,4.39294591534834,8.69293789074323
"40",152.233183775429,154.740612481268,18.302133954958,5.57810481838239,7.70892483429527
"41",134.352390496515,134.085703650746,17.7975683185402,5.26078860819713,8.89911562037882
"42",147.935224069112,142.92492467888,19.1411707650973,5.47289745050889,9.43762135982518
"43",210.393463725593,212.218569281002,27.7334381475868,8.49970245871836,13.8144828999925
"44",161.412612001045,160.262775827661,21.670957925671,6.4342496427358,11.2490595871756
"45",177.239099770553,178.76773953821,23.8708740746402,7.10603115623412,12.1704892086222
"46",183.831548162977,187.05305319332,25.1587823796499,7.61161370435714,13.190289997596
"47",165.57574674371,161.108999729442,19.6088339465989,5.97958114709148,8.50205342406841
"48",97.2726666117762,94.8488729919933,8.21931864648636,2.50904476713741,2.45259129897822
"49",142.06961945359,141.400738917699,18.4206204831415,5.47092221123571,8.89947841513547
"50",110.427747297137,108.349998041251,14.9801734701086,4.38429632199257,8.04981605007708
"51",175.380715791373,178.311468687785,23.6408492954077,7.12758972885566,12.0159433724633
"52",130.298769706683,131.399521944948,16.8082840902857,5.04137665906195,7.95160585118869
"53",155.400811787894,157.107415706245,19.1418820609213,5.81035921272217,8.405855924467
"54",137.23939394611,134.894286271145,17.7202263457725,5.20620760676126,8.60342838624955
"55",189.654888905883,191.754538712291,27.0665043029984,8.03579468831717,15.5093168958253
"56",147.104563209546,146.545082439829,20.6059794214418,5.96231493333419,11.473893073427
"57",139.349094897711,136.886777603774,17.9112364200029,5.20795382018396,8.57450931850724
"58",209.860733459625,212.526429037105,29.9360477764252,8.88600898180545,17.1097383862371
"59",152.068126524017,154.11474316507,22.0353709067455,6.48699579265957,12.9901017403353
"60",139.476616992625,137.049259087691,18.2537715063964,5.28133559318207,9.01699590749516
"61",112.191001387173,109.150749717472,14.8032979289211,4.23737502309733,7.50699968686632
"62",161.13138239415,161.831390188776,22.1345410972975,6.53810452909142,11.7655992317477
"63",118.966674355003,114.042801074571,13.3732773713823,3.99755915730012,5.39508529548307
"64",137.370275177232,135.267157976813,16.3030295314948,4.83294866810809,6.87391047865348
"65",90.3446297002907,85.224719908043,11.6072189395569,3.25206952075878,5.80122151467976
"66",146.997547028044,143.841787335664,17.4451897303157,5.19996197250796,7.43384735990538
"67",194.748374570805,198.628455204294,26.5051826159206,7.99087426406176,13.6610082070117
"68",199.486410727468,202.981915176686,25.2536168474676,7.69041347297058,11.4891655953293
"69",205.842998907547,210.875322502453,27.4680651184996,8.41529253840384,13.6704312205088
"70",135.491489289323,134.900204738496,18.6782093332712,5.40948979028149,10.0423447424624
"71",165.806556750485,167.470200631857,23.0940926415553,6.85388391964157,12.5908993311789
"72",127.403381242296,125.97670390264,16.31048143023,4.79891552614124,7.73494690810557
"73",139.685175768603,136.173987975105,16.017524466278,4.88628970296257,6.60475747210799
"74",205.65500492064,211.940567507006,30.1199370344136,9.03414038149125,17.7609213080707
"75",119.243241402815,116.510450124474,15.8473976695934,4.61083439000245,8.17920901256231
"76",151.130222275326,154.040348114799,22.1342184840287,6.54151853679871,13.2203082468515
"77",188.274786740356,193.891049619111,26.4251931115381,7.96489325750478,14.2815766724965
"78",149.020061811226,147.497375543143,19.4700586993597,5.70700179144581,9.55172345569793
"79",113.114794186022,107.110628460401,15.2968945339258,4.30256561570413,8.52146836559933
"80",168.864668933244,168.706185163686,21.6854093007489,6.5597098605869,10.3638458479551
"81",169.576602689013,172.477391050829,21.2644782024641,6.42560464348011,9.50848575766222
"82",193.607955329201,195.184094393612,26.9541421618079,7.93858302371068,14.6347826829323
"83",141.441523670649,135.858795390758,14.8152286113182,4.67305542364796,5.58693993701258
"84",171.62635107563,174.888042227908,24.2958956614414,7.23251094635437,13.5135346131426
"85",169.639167454774,173.198391169441,23.7512493400236,7.12489114970153,12.9162710300608
"86",146.259275327441,146.619763002736,19.5187139625954,5.7324725808084,9.79575607672758
"87",135.655490853097,133.392895519104,16.9178047532747,4.99659468323768,7.73616611682701
"88",137.976406802718,136.591261766676,18.6398059638397,5.40070487158053,9.6976690294041
"89",118.701753094806,114.330174560825,16.1501392459894,4.57014184343426,8.84845067174511
"90",89.0893606838559,82.2149060566801,11.125201924896,3.08883753787145,5.42013007429226
"91",196.08643388725,198.350418449152,22.7191698889339,7.08167263147731,9.24937686330603
"92",158.980388712667,160.575250599905,20.6435396263487,6.24967928752629,9.90008282870941
"93",209.871567013194,216.719480385857,28.0245307975894,8.7270882174637,13.9724983303748
"94",96.3174503989422,92.3535464428844,10.6125037625349,3.09035524227914,4.10261654087381
"95",140.437556770811,141.361850165316,16.6877935348298,5.0710733938737,6.98876996526689
"96",177.906687927531,179.745304133024,23.3050801576419,7.09556527275799,11.3983393097894
"97",175.602146195608,176.672995050529,23.6152494358633,7.10083556090265,12.131446283301
"98",139.646117672097,139.400949974661,18.7958911343384,5.53779200040244,9.67585625757902
"99",152.314243573877,147.770029667363,17.5190645292325,5.34978012954752,7.29683484502537
"100",144.440452496337,142.29228288307,19.4884776145213,5.6191200096086,10.1674648221696
"101",190.417128406012,194.5477251697,25.9824177107077,7.85382790981158,13.4360851018956
"102",138.489001353482,137.607956640245,17.0759680918817,5.13763733281038,7.63161941528325
"103",182.639400272427,180.133306922646,25.243883200184,7.34770785015233,13.9297450846189
"104",75.1459689411108,67.7290286816863,7.71350021399005,2.13484909279504,2.80667692957459
"105",179.1032443731,186.371495681581,24.5000347144562,7.48292746142483,12.4571849494336
"106",162.010795205478,161.206250679786,23.318236091637,6.72726788314541,13.8497987525333
"107",123.637838950309,118.414011180494,15.2033439649165,4.37874637012281,6.93355203969649
"108",135.736534125894,133.904287716668,17.0726681666511,5.12832851873781,7.96390558302621
"109",195.214258217248,198.376531122103,25.8550342336334,7.88997612589058,12.8024338348664
"110",63.1505220850716,57.984625309048,5.9487202155343,1.74098025066459,1.98589281359991
"111",173.269001329385,170.817126384371,23.6058553550192,6.94874062936972,12.7489593048935
"112",172.782991618654,176.557424321208,23.8459222180725,7.13078157938342,12.5321340246081
"113",222.420133480654,226.692844220091,28.2313020028818,8.60394975646594,12.915288626768
"114",159.045655931092,158.564675166453,20.2169613056117,6.08801389796571,9.4847536434199
"115",221.552539956539,232.384963259214,30.5767292774496,9.51323295628002,15.8108949427046
"116",133.438797616736,132.386507018761,18.1403324345112,5.26355702365561,9.5455155751306
"117",168.682413664312,170.119281694329,22.7849679446974,6.76251686047864,11.6634776153852
"118",195.410979999013,197.982124040033,26.1984357155388,7.84970265000423,13.1937248610581
"119",127.253929074825,124.078571414729,13.725099630636,4.09994552755086,5.14489120106057
"120",224.027196360639,230.548365409538,31.020794145445,9.39816036146587,16.3739768167297
"121",96.4658961841202,93.4400433536777,10.5718207068338,3.09086848136868,4.02620167310586
"122",173.41727038238,172.410556099361,23.5521587124894,6.8649965548107,12.3497925074497
"123",164.861953972604,167.428821361774,21.1214845815438,6.45944858305069,9.88343862748427
"124",164.699839739261,164.039536024322,22.60037433858,6.63264718975667,12.1229918897803
"125",111.462946774393,107.066871341327,12.3950791613921,3.57289113858102,4.81134028137682
"126",97.4606357150145,94.2177083406999,12.4444251588427,3.54923321726654,5.96455354463315
"127",212.294380261765,218.440525020476,31.4306580082257,9.37629650765374,19.0553287291719
"128",140.507952445741,138.204089980924,19.9684662411796,5.70495675273347,11.7071417738653
"129",181.219242365252,183.557853202184,24.4604195185085,7.2940908816825,12.4602817566811
"130",142.76225313993,138.777441477188,16.9907005925604,4.9863561458788,7.27063995598138
"131",159.662949619022,157.765668856597,20.3137071377136,6.26643060397152,9.80381578683058
"132",129.377480024093,128.471752170408,16.3490839231394,4.79883673236277,7.51595733977954
"133",209.699195614683,212.634414515074,29.4144173241268,8.76946723156705,16.2050002894946
"134",103.75960834693,101.278208071497,14.0506571615324,4.02885733526203,7.48900427113179
"135",187.569521254377,189.198173099966,25.264731874315,7.45657060612334,12.8137070045802
"136",90.8350893183247,85.1864678019852,10.6802368983626,3.00964364734071,4.58471970160066
"137",130.750488298671,125.133001801839,16.4750469894007,4.66476149550618,7.78677280839743
"138",146.73439123573,142.518546541623,16.023363551337,4.72127852165259,6.074376083831
"139",135.813943808489,135.146999826529,17.1320791834389,5.05878136729913,7.85719978032481
"140",111.769973421891,106.851923504166,13.8254591840031,4.02264675465658,6.43311078037894
"141",193.848016471412,198.505895733812,24.4179697193484,7.68649628350965,11.2083573185503
"142",124.178298014856,119.532816829142,15.7172482171872,4.62578548702602,7.60144848025104
"143",121.749862422126,113.410058263611,15.0282197279911,4.20531527083067,7.08171347691963
"144",197.801868895781,198.561724667331,27.6331151376942,8.17426977830343,15.2756222767042
"145",162.898641569326,160.103382678872,20.6505786501924,6.08627709490726,9.70896944121392
"146",193.237850275484,199.552999523519,27.4213021199242,8.28150449812232,15.0867229927813
"147",134.988620841443,136.772390357032,17.693332007023,5.28116560081429,8.51709757338128
"148",125.109856525496,122.737557821969,16.6443074551408,4.78387090200988,8.48853513320106
"149",166.454580233988,171.068109044626,23.8152666803922,7.23583941341434,13.5268052246524
"150",114.744660717402,111.041526911942,14.7108817782277,4.26114108940565,7.1613487950972
"151",146.778521248535,146.320286153988,17.7073848584444,5.33595656857451,7.63318332138721
"152",113.829655884245,109.864360798844,15.5720139152185,4.41582795489997,8.61434072422383
"153",187.562969761188,189.122075020008,25.9500093742792,7.82806231404972,14.1105100230115
"154",155.484459383115,158.888674300503,21.5687019957893,6.53610113411416,11.5595505524668
"155",195.978760823494,197.936450437512,20.4786531169197,6.32634635005638,7.303007465314
"156",116.818339143952,113.220927148372,15.1690878218149,4.43117605203394,7.59314511693912
"157",156.759119105825,158.964319999315,21.0902450925308,6.29334003030906,10.6536098763206
"158",157.236105384819,155.251348621554,22.3120820821817,6.45126012102046,13.0059694954163
"159",204.356035191799,209.318198290269,26.5822147894377,8.15135153863502,12.6767039761681
"160",107.068768881919,103.234742845096,14.1202819704495,4.02821762235508,7.25192255570447
"161",157.855499370967,161.193358619651,20.4757732165733,6.1895643130563,9.65053258757277
"162",106.96335914565,103.104433111228,14.8148581262384,4.15981027403083,8.41035785803882
"163",165.388176627137,163.914324575581,22.7373490632402,6.61902432298818,12.2840438605818
"164",98.333856377391,92.9805081387246,12.3736119578243,3.4763177623684,5.91846802445695
"165",149.491796262641,148.820356215288,19.9795050831613,5.89236729785899,10.1894046658541
"166",147.30065951299,143.035707826813,18.7795417963916,5.57357106663305,9.12961433140948
"167",173.313373304333,172.741421889326,22.1785608188565,6.68638832641782,10.5391002712094
"168",138.608896252021,134.742588168312,19.3940125143965,5.50125494305786,11.1572589051668
"169",167.778250920777,171.827915121683,23.2888070394679,7.04042188394554,12.4197483040218
"170",168.336406073323,169.976101017054,23.4658306065116,7.00131462079331,12.8381963537467
"171",135.586893102662,131.683983222537,18.5597351867742,5.2986879514971,10.2145416657121
"172",163.96688070043,164.559302992459,22.3029945057704,6.6884407832988,11.7487989840418
"173",196.255298122873,199.653130636076,28.525764276479,8.48533184915488,16.8926547558583
"174",178.4440554218,182.191341742886,23.9045370520479,7.20692400378064,11.9308066055025
"175",195.601359089737,202.408608491186,28.843355253237,8.74555668640274,17.3663019645499
"176",182.198828024768,189.381453761845,26.0989996713269,8.09573099236666,14.7432761737466
"177",151.68616020615,149.426527142121,20.6288346412115,5.96695118035715,10.9964542028902
"178",138.814540830977,138.767199918675,18.4937257730353,5.49059753663077,9.35032119407143
"179",161.562471479437,164.335395286269,21.3080387642983,6.42399584756934,10.3859540000378
"180",138.087842849981,135.154334979144,17.579934251973,5.08751875657583,8.29131875106164
"181",58.2020744586807,50.953461864531,7.33034671161689,1.92602447945462,3.89542640063893
"182",171.674221733064,172.844240711689,24.6187792749749,7.23235592614712,14.2844754422823
"183",172.167654123095,176.040045738091,24.3542222902821,7.40847012331299,13.5975194933616
"184",146.150747903683,146.855567835233,16.6569019196467,5.05222942117798,6.57407628703456
"185",195.609249038192,205.422562643942,28.8085349076925,8.84968546704999,16.8416793554147
"186",184.331629845867,184.087362585257,24.4075462740191,7.42144900866081,12.3904956408056
"187",93.3474393828192,86.8218400428927,12.1557599983586,3.36699964857796,6.37474431550277
"188",114.937247695539,108.308267319301,12.8300291524202,3.66849757187046,5.09608451989438
"189",182.084819717766,180.472467107576,22.318906512041,6.67412929076885,9.8515921410039
"190",114.404604702225,111.967178144533,13.8798432227623,4.09083000060373,6.09058606950015
"191",168.610006669969,164.782219962655,23.068987423329,6.61270888659217,12.5509162615913
"192",206.798562190669,211.128110000737,29.6736904899899,8.89977628171333,17.0789227552045
"193",151.442760476558,152.27640791312,18.5965394929799,5.56463124375864,8.10702901675205
"194",201.636331349485,203.539941984652,29.1680205294221,8.60419407402771,17.3126180853822
"195",104.36102277448,98.3186980203055,12.6291669477749,3.58662789444845,5.68451992514716
"196",133.292764898705,130.26061610219,18.8009768935544,5.35705790070689,10.9405549200618
"197",145.966801309898,148.216850070523,17.1343756795934,5.22925168668063,6.99750926215383
"198",160.900533845451,160.686124173388,20.5080623494107,6.10877071115761,9.57799852133145
"199",161.32687874016,167.15452442265,21.2885188680592,6.5583321609294,10.2545481272189
"200",163.531516858992,163.059228523657,22.5449097660919,6.65214082463368,12.2385988770741
"201",169.872137925726,169.162854721386,19.6598294704724,5.95397198399826,7.99232518145035
"202",108.741815030433,102.089184757573,14.1336389529518,3.91649398951315,7.25093994571916
"203",137.457701683021,135.919301644079,17.9482098646265,5.23746407172116,8.78155249095816
"204",108.399408330161,102.003467355086,12.9898838464632,3.69547105880339,5.76507550289121
"205",156.008042460001,158.148342388724,21.0605159891743,6.27161788107534,10.6965081324605
"206",180.083661543497,182.79314463305,24.2316893780625,7.26861833683905,12.2681765731775
"207",122.713131252406,120.362592625725,14.9612079794278,4.3673582205065,6.5625731956358
"208",157.758944739744,162.919829043909,21.0267776164682,6.45804138017414,10.3365195112603
"209",217.825223449648,223.454528907683,29.1229748987811,8.99844369801022,14.5996256565259
"210",172.980328584191,169.735124194097,19.2977145258132,6.12897308019352,7.77040367613608
"211",198.334399609487,204.780008873727,27.3289947342079,8.39784688798719,14.3160863544243
"212",160.413479377688,162.235639485337,22.7717692238791,6.72243323219261,12.8511610683971
"213",164.493928483202,166.161012910442,23.8290930436147,7.03838647097205,14.1522050622101
"214",216.334184342482,216.007237681082,27.5137778185595,8.26907827268251,12.8796883163981
"215",120.688272736179,117.939625145433,16.0458255813002,4.63282596611386,8.24603508651351
"216",155.264960355415,154.273824724727,18.2718972776608,5.45121645824426,7.5617134150032
"217",135.608564026572,133.804056366659,16.029898148384,4.79056688837231,6.74840690840651
"218",148.270181012732,140.565120035725,17.0163149877642,5.04314197517526,7.12226552605926
"219",148.152376670399,148.733775180462,19.7714968886354,5.88299996801635,9.97590860693831
"220",151.414478272209,149.63770459806,18.151018571933,5.59720288363764,7.92008920667333
"221",176.799846259059,180.912660515638,24.6642572170376,7.56467694013658,13.4287775110441
"222",173.129166128943,175.204721209881,20.5667134774956,6.23497186803893,8.53386707037529
"223",157.472749664911,158.162375808492,20.2436799092895,6.00953012592627,9.50269083594533
"224",163.557069488452,165.259728301358,23.1398687658212,6.8197344034992,12.9632909871192
"225",129.657420549291,126.788143376321,16.5671803982647,4.77965344256705,7.86321056075417
"226",179.706183056034,180.68828070564,23.4444719848016,7.0102538634962,11.3275389855027
"227",196.626117873695,199.89966576466,27.0202971584109,8.09135612566073,14.2108283275824
"228",217.050556675611,228.733326359718,28.6276176005977,8.97712757685245,13.5767879990082
"229",111.595937438032,105.527690999557,15.4076688788695,4.25880121822931,8.96545624603775
"230",177.35211429758,182.819473715831,25.6162662182049,7.80888642090669,14.8218533273659
"231",146.473148143663,144.412556480118,19.283819168081,5.58077743967345,9.59113658329141
"232",201.778282743508,203.216431359732,28.256378483635,8.42025021302957,15.7137984120108
"233",154.958724931741,159.404890780822,21.9224884011275,6.66329608763073,12.1144519506857
"234",132.578773002673,128.061056375307,17.3081946728968,4.94359826838245,8.68040660735375
"235",114.981753311677,109.352829384717,13.936151943573,3.95881070537885,6.20905925718672
"236",173.940703605078,175.022565540615,24.6697888688558,7.24747817392471,13.964841683087
"237",90.0646210375856,84.5400422750462,10.2054887555501,2.9062660321869,4.15030008668976
"238",161.070359474304,165.982398071664,19.3919752242905,6.01061945628526,8.1669951975108
"239",152.707351271796,151.438241385478,21.0700056734462,6.13702853320984,11.4778052444487
"240",155.352822725881,151.950204956621,21.3293168875865,6.12427468403331,11.7112020778388
"241",161.629789131219,160.392727837721,20.5425696749782,6.14263568225018,9.6590188212376
"242",128.067289502653,126.436147396741,14.7976479293004,4.38797692474802,5.98539992483493
"243",153.298951608679,156.165564669016,20.8626548446537,6.27350439678897,10.760452263234
"244",176.25309946399,180.19131116019,24.4615476325977,7.34467958067271,13.0509476996141
"245",183.901397533747,184.46124710703,24.2748737242753,7.29989769273203,12.076304073717
"246",128.213118068721,124.005527019356,15.892248112534,4.59140055500487,7.26329813163529
"247",166.50560104372,167.705284630881,20.2178143374373,6.08031387889901,8.65695625035616
"248",119.181324821812,117.882743002114,15.9711258237537,4.65833756074371,8.22260664254833
"249",166.617866134779,165.982655497187,20.4297662412688,6.05792031729199,8.95419579357741
"250",165.838900447977,168.382945852697,23.6104923640502,6.9738480789221,13.3346576795645
"251",118.513277718634,114.52568566018,13.9802904181089,4.05623718446563,5.90187623436679
"252",165.216237863478,162.653269071923,20.6864981719061,6.2117568116497,9.59399094095199
"253",177.955916651138,176.398316032139,21.0937338720535,6.45815777701987,8.9787064232558
"254",144.892252657067,146.030689796308,20.547757923595,6.06011718440791,11.6323272247004
"255",183.49131998398,185.138962973911,25.2581379050445,7.52826325785056,13.4665132214807
"256",157.493096993783,159.281014119296,21.8931674532636,6.49919871019144,11.8281067161352
"257",186.02212032547,186.212372430268,24.7257185206263,7.35531832505339,12.4275877793675
"258",169.28791503201,168.251347057877,21.5008818543289,6.34313888298973,9.98400163779036
"259",126.64513632017,122.76020711296,15.0811839770091,4.36783723152663,6.43017452839896
"260",151.706968827418,153.193331009959,20.4688193251009,6.15037745528481,10.5153420226417
"261",170.747285820974,170.985899513147,23.5165681064427,7.01396688331288,12.7391914431766
"262",138.315347608651,136.291000381767,18.458607699968,5.32991113517607,9.4299909854712
"263",166.153585749844,167.23431252216,23.102693258318,6.92161114964071,12.674292547451
"264",114.192088868662,113.607926975942,14.7334605695412,4.33509029529534,7.02394057382909
"265",184.858988773073,182.636292996563,24.8716657897531,7.2474827993207,12.9373630729771
"266",113.151205163511,107.374287077096,12.3061887911998,3.61650442697774,4.74690957317569
"267",169.973325419216,173.35971067718,22.2952795983011,6.73033064135627,10.7255177966452
"268",137.571335894133,133.317772066311,16.9396803733535,4.89663240196423,7.62962400241332
"269",216.98357802659,223.635372920876,30.7977758256847,9.3488475555336,17.0765779618173
"270",110.272626848333,108.183551333606,13.9394108420785,4.06224041274506,6.49585754712151
"271",120.306122710066,117.944605991387,13.3071186946009,3.92046467165036,5.0913345492225
"272",117.448205383576,113.338215382653,14.7951302711137,4.27200879121261,6.98034071883062
"273",169.013773785212,169.407369444874,20.4743760973305,6.2874588915865,8.88921993153735
"274",173.179651533763,175.052238244025,18.7210017227999,5.90217122366478,7.01314352364147
"275",208.24779810959,212.515631876218,27.5452620058422,8.28543699911015,13.4087814937938
"276",211.21143700176,214.189517777884,28.6221254754831,8.57642661132974,14.6990844915823
"277",93.0954073263844,87.4454995701844,11.1748947585323,3.18612204766747,4.99158968052254
"278",116.452732480589,111.957751102298,16.1262388243117,4.5131843398987,9.17500272686492
"279",135.576262441459,135.652940904326,14.5164927775105,4.41029183228815,5.32504760195895
"280",162.468939524489,164.347683115176,22.1578261231946,6.60286063955208,11.5321741716176
"281",140.20779403257,132.826168878726,18.7968399363322,5.27968797147447,10.2631894078874
"282",99.2981584799361,91.3742019034729,10.1100926487893,2.87751942161157,3.62083795987462
"283",152.358822357453,154.893780149702,21.6001152156949,6.43182874740943,12.1053073255679
"284",165.15446737694,168.720102107518,21.7851654056545,6.60262337910513,10.5909098911017
"285",184.598207155756,187.841319807374,25.330382727283,7.57464456468454,13.2494483843399
"286",139.499329093112,135.998697701915,18.5316106111966,5.34256025568038,9.53453412656415
"287",154.63474489739,149.310904959524,19.617760074573,5.71512029389244,9.42443866751521
"288",180.523543700622,185.391192747636,23.1099385183708,7.08463244383597,10.663818889828
"289",131.599165967313,129.262465866964,18.0783245711701,5.21253018654282,9.87154942350429
"290",138.593108731239,137.03502093629,17.5538642434807,5.19636810745071,8.19399755203779
"291",150.277835592574,149.960123423743,20.8682496325634,6.09664512779829,11.4083757441777
"292",174.834670989142,184.51743743534,25.0631765831604,7.70634795702132,13.7152828060222
"293",175.083794949704,181.692317181418,22.6218328629501,6.9915307025948,10.5044411463023
"294",123.391872064166,115.638917275643,15.2759219122968,4.3120808443327,7.20618323928437
"295",176.978576855702,178.831209931365,22.7492335094217,6.77921419979773,10.6068534043062
"296",107.319615975628,103.565288777576,14.3064811461515,4.0622837047638,7.48107274432525
"297",151.623578991768,150.856718129138,17.078210275728,5.13367382496214,6.66617990203876
"298",101.498578266428,96.4430310250909,12.0983545198949,3.50091474273441,5.29912704379119
"299",163.96475353836,162.745311004907,21.0387203003342,6.26697911057179,10.0288085799968
"300",176.284929245351,180.548444235188,24.6912717533969,7.48859493715517,13.4710518855758
"301",180.382971822837,184.376377667739,24.6999123360966,7.4339702514468,12.8239731202091
"302",187.368895839559,188.566851983168,23.9045315023418,7.13148116015554,11.0541795997789
"303",172.548120531495,173.919545115856,23.118593636476,6.91623941998637,11.7160642644006
"304",143.693370808802,144.643829923134,18.233225443527,5.46062649578895,8.38811310018157
"305",128.304884114386,125.880095478794,14.4861045677995,4.382752474619,5.77496124741966
"306",164.75200083447,161.50493166194,22.2290769613541,6.43409580707498,11.7387806617109
"307",67.5960433762351,60.415744248171,7.6035060763333,2.13160783597588,3.22801325264231
"308",134.26582201237,129.755826565379,16.7850876643018,4.86685085360173,7.81480026772032
"309",167.211692272026,167.336375634661,19.9805167226792,6.01644189121175,8.41537056772041
"310",160.195565244496,154.735546214918,19.2801013047337,5.6094364849776,8.42176420019808
"311",115.159691710084,112.287366287836,12.5797478375524,3.71769733110122,4.76479643740015
"312",135.222725497572,130.168098971274,14.806732539654,4.35747359364623,5.68150542213484
"313",139.840209370665,137.503752204069,18.470093721019,5.38791528146918,9.32270844580771
"314",141.572623145463,138.545624988511,18.5312130278501,5.42571507732158,9.28561549662486
"315",116.786759866173,116.182897214853,13.8207742521237,4.11616833433606,5.76021374972387
"316",138.40214038167,135.719807447237,19.1890105481968,5.49298859750827,10.6813516847562
"317",149.295772845462,151.112828882746,21.3993231966836,6.35946638268379,12.4007993547441
"318",173.903882815724,175.672278115784,23.7827012404489,7.19377837442806,12.6160614564872
"319",159.04460690884,157.094281058038,20.2299129965671,6.04955203855778,9.58757605873789
"320",169.940465664349,168.795896797829,21.7094285414355,6.51810439659879,10.3101097883014
"321",195.152008691687,194.485632615954,25.8894011746068,7.61873297218262,12.9830951271416
"322",181.173536922255,183.437959819141,25.0363820470912,7.61561882020523,13.5443400667108
"323",138.766210882661,137.705963448968,18.6179300908317,5.47184479225407,9.59664653310663
"324",174.405491559981,175.905281248653,23.763707108577,7.06210760691431,12.4094156915513
"325",128.049534688481,125.389065700699,16.0030923711549,4.6536036661791,7.31647590100531
"326",205.446559142276,206.085009530805,24.044339097475,7.38278273128223,9.91989624017329
"327",174.359587605479,175.27949309904,22.4934009981858,6.72368379647823,10.6512650188064
"328",79.9506110756641,74.8672215509064,9.16359885287162,2.58576720611303,3.78493207912647
"329",105.684845483034,100.446664688676,14.4156893885759,4.01381403753577,8.0836370969175
"330",134.670410437653,133.109570308761,19.1744056854544,5.48725246094375,11.194638874527
"331",119.217456679364,115.040194098678,14.8293116082385,4.25983507175344,6.82232192699944
"332",157.455348387419,156.136010343514,20.0302873188105,5.9322750057786,9.39038828552971
"333",138.269311573454,137.569740837911,18.8789541458155,5.52230328954511,10.0133118822552
"334",105.381044979345,101.739478856631,14.3031454448138,4.04241987329964,7.75018699939003
"335",130.143510166042,125.802714684038,17.1578789359553,4.875251384857,8.73821318608003
"336",168.784506983922,171.701711493511,23.5225106105955,7.00359522583634,12.6785684693406
"337",158.010196519667,160.702451388804,20.7020213781152,6.28843105754589,10.0198258334391
"338",132.159180294262,132.206163749688,15.3439603642356,4.63653829380953,6.23302470747295
"339",154.387242106653,153.961477096947,21.1158046638839,6.29954667450715,11.3489662041511
"340",209.421422811949,218.452020591611,29.577401419441,9.06230700166008,16.0063311600397
"341",195.392201754427,197.697799510443,26.4457938160936,7.96752605750887,13.6514751463756
"342",162.964309857527,159.37879655989,21.3588635562554,6.20523559578219,10.690992540541
"343",124.312793964522,121.943326456681,15.4249684201793,4.46365004911161,6.92643016006871
"344",108.281232723777,102.990060972295,13.4749828620694,3.84041638530183,6.31150613040727
"345",129.909107158955,125.154176124645,16.8986270770303,4.82532246476383,8.4498202712524
"346",192.339171229419,202.882626294373,28.976599851997,8.86240896196473,17.754104382742
"347",171.56476068123,173.44214477384,21.1070453976378,6.36939763229191,9.24432269120488
"348",162.906113177617,165.12807539465,21.3930205921732,6.40418362588479,10.353374340772
"349",162.38047211553,164.548505833154,23.2638102639078,6.89464138183496,13.4005530106428
"350",78.0849002853811,70.2447844382305,6.89463133376096,1.96822716477276,2.15103219433008
"351",132.678799662394,126.772080845424,15.8408689615223,4.59586694438694,6.91378949881467
"352",196.113559008822,200.987658197453,28.2082722528245,8.48663127382164,16.2079004131273
"353",180.924195082332,184.909387395237,26.0035554440428,7.75733796381355,14.8884272165675
"354",167.218169404453,171.515482107774,22.1834960956383,6.74028645014055,10.8441533593429
"355",172.630819661972,172.556275698596,22.3296496096571,6.81880114958878,10.8599463893907
"356",213.953191379679,216.74830013119,28.3107561949184,8.67312555420964,14.0990958855886
"357",161.696447346982,166.879222308887,23.0464494063442,6.95572412561446,12.8308338910358
"358",181.711477603103,188.065047897665,24.3701691971924,7.45360359237446,12.048456661113
"359",174.865252752729,171.97955973861,22.5547828499497,6.69163815549555,10.9860332612503
"360",128.30227036168,124.468510709977,17.120381160926,4.93268269182064,8.98759554983378
"361",147.94545904384,146.115221760796,20.006382024612,5.80676009299444,10.5083675326194
"362",155.143073148166,158.419201793535,20.6370434660348,6.20464297371774,10.1432422748055
"363",133.307454104514,129.029861824974,17.6574724550689,5.07669535291185,9.14205011581506
"364",167.338213170185,166.518967934211,21.2209583771681,6.32115272949625,9.88861826457816
"365",135.84629092965,137.426524493003,18.1679194174304,5.41739956167071,9.1044002726349
"366",169.673594238346,169.399663943797,24.5630005678729,7.15419826506191,14.7804881824388
"367",178.023200962258,174.7971152145,22.907413944721,6.66802834172686,11.0003775055561
"368",143.527382776577,142.905850136949,15.5085065224959,4.68774317755858,5.75473825228354
"369",191.871023300128,196.012563359694,26.8132557785383,8.08715761035651,14.5552207919396
"370",122.942260508755,120.358860622451,15.8707671647665,4.71584587443053,7.80664187428704
"371",171.736913777593,175.097350294468,22.9195230665968,6.90172559469602,11.3743295864065
"372",225.631279279302,227.126948552608,30.6003672551292,9.09726703759102,15.8850495014872
"373",186.036291787841,185.340721215695,26.4398254244675,7.68630910674095,15.2804831035343
"374",120.053273668334,114.764475084555,13.9146330376555,4.01454780334308,5.76651854407983
"375",154.322192342947,153.782862133864,19.2106868296647,5.80767229535099,8.72543602251155
"376",147.930106885184,149.906970213779,18.7749997760212,5.88642234339005,8.81992392725601
"377",171.779173172469,176.344719033981,23.4085427942134,7.22545449791789,12.1460539129033
"378",102.929576975366,96.1887231787868,11.0750798783712,3.2612075931485,4.28332642806174
"379",95.5386162081658,89.6931661391528,11.7652973676902,3.306582725182,5.46308639372002
"380",162.950390262389,166.164025017376,22.9275081748284,6.8296139911514,12.5679140683242
"381",161.639624485003,163.855384179739,23.7404443779735,6.9540218933613,14.393985836697
"382",201.829184958158,208.582638458111,28.6497482704482,8.78059142897644,15.906637208332
"383",124.460785278921,121.76355247824,15.975195902345,4.65639403612914,7.69416277082805
"384",196.144992646824,193.421358632129,26.7449809302425,7.79673272169405,14.3648992362801
"385",195.879949001759,193.631659639545,25.5810511463005,7.46583588945871,12.5321226797477
"386",126.902076182106,122.721425794564,16.7176747790286,4.73639054008741,8.47879519174932
"387",160.998569673504,163.545708030864,22.4453575057908,6.68362529856812,12.1424053813285
"388",159.806735942779,156.783928282378,19.3088106814809,5.97735027518266,8.62243744745223
"389",164.96386164762,166.711867673203,22.7715181254087,6.75718567597763,12.1537900395113
"390",166.526042155809,165.732073354566,22.8116595989306,6.76827594970846,12.288023660181
"391",140.364752412172,139.863476227191,19.1863993684897,5.63602200977337,10.2150193736184
"392",97.4635150399993,92.2426709776081,12.0906874226938,3.39698444967936,5.62023178525791
"393",163.305455555368,157.896709387908,20.710755624545,6.1350060196726,10.0222927516735
"394",164.637664944333,163.137906650625,22.1440584433892,6.54527791039898,11.5495489811176
"395",157.961644118678,157.033163436792,21.0734817051558,6.18703009270332,10.7004143786716
"396",174.170883255777,171.753708455774,22.661345759009,6.74545277702054,11.2017280692062
"397",133.195347495644,129.740426343034,15.1807416317658,4.51754549158979,6.12089422477703
"398",150.638202373082,150.574728943554,20.0709557368974,5.91859639322326,10.1088174890571
"399",94.0769526325044,88.3511360301122,11.9921286320826,3.37796057951826,5.9658603042684
"400",110.833652538121,103.814929902822,13.5421309676885,3.80118906957533,6.21461825723243
"401",151.944803161106,152.72668531497,19.954797535158,5.97645426703212,9.77859284015869
"402",70.8510391038925,65.6791639996284,8.07397527737985,2.325616764534,3.38786841049672
"403",122.003442879318,123.860392602694,17.4822147581947,5.13278544846603,9.97174380061542
"404",142.992634658304,140.194158073,19.1808800463857,5.59643706870889,10.0470363594125
"405",225.651018611013,229.974605181831,29.6354741025856,9.0468918083155,14.3956719021688
"406",101.117525445958,99.7986216382059,10.4973285133252,3.13556492903139,3.72774788056198
"407",138.038002692271,134.024194725288,18.3765709739816,5.25100699362638,9.50935339033201
"408",159.792304469976,157.976568613128,19.5870658027142,5.90934641249622,8.7516471952543
"409",156.236443037294,158.989686281084,22.7865169750977,6.72005057888668,13.5386493882981
"410",111.849928007331,109.069505048648,13.0493249902558,3.81509536286042,5.39006201573833
"411",147.838103318885,148.140909322599,18.802497823669,5.59739486340375,8.70474629537729
"412",148.952614125535,148.237279053981,20.7113183541358,6.06765857654644,11.448657361449
"413",133.386517957723,127.337644334973,16.3823487215521,4.73642608096118,7.50524307894389
"414",148.853568675387,144.999580608059,19.057512634619,5.47554384492917,9.11018097423092
"415",84.1869350555297,77.8519076020626,8.33535265016282,2.51156847959621,2.96716564430742
"416",183.296149100494,188.323747421296,25.6681715329666,7.84571198249431,13.9876323328667
"417",103.287748867794,101.32544998856,13.2778857172054,3.8561533398114,6.37132717478019
"418",185.651607790002,190.355826931724,22.6156086602009,7.00686593140083,9.72811388597467
"419",183.924656542094,191.294119210128,26.2644466264227,8.05949713867181,14.6382505914009
"420",201.268863694725,204.210255306942,27.4143117358759,8.23165069843122,14.242761548198
"421",153.320598346938,152.379840830218,20.5058734959817,6.04367316747606,10.5061901792953
"422",170.348640755974,174.921986947622,23.0618484547282,6.99916674412023,11.6795639370263
"423",111.779322569248,109.959496910351,14.7196247656625,4.29213767936233,7.38075315932428
"424",176.151330925837,180.022063130053,24.9905199425469,7.64218606066925,14.1463885447845
"425",178.602662801407,181.359529945017,23.9774162644444,7.30611515789327,12.1933925927284
"426",109.014695718305,105.653199968843,13.0644367477941,3.78829338351881,5.63784336857069
"427",227.429426277002,234.287891939144,30.9935112542218,9.45537222718221,15.8862636619254
"428",179.837628730807,185.658735351669,24.8875220279302,7.68747440019292,13.2006117933732
"429",184.994453353154,191.72930418492,26.7232286872626,8.13197786016648,15.2518605660224
"430",165.821287398306,163.712742060103,20.2659366838001,6.14494489105103,9.03085730462869
"431",136.075100883056,129.823667436528,15.4057523878349,4.53369829888503,6.24664975896791
"432",143.005362217042,145.535685040582,18.6274050972722,5.58514965291659,8.83277909504011
"433",72.5162257417747,66.3923325998882,8.81418565700548,2.42825275819425,4.10632679364734
"434",123.398548854974,122.843279984986,16.4613702730701,4.82092077714571,8.32965853887585
"435",178.61689047509,177.942627678774,23.4809246860888,7.02784540074334,11.6846739355568
"436",113.183556940481,110.707680443744,15.590014057243,4.44918464908409,8.57697742820373
"437",200.674222184686,206.942573375822,27.0123934933832,8.310887947652,13.5684707703328
"438",145.084259711006,142.936863646973,18.277398538943,5.35453127801112,8.43876597362281
"439",193.611448999346,201.517401302476,27.7400125987768,8.42159547053231,15.4194256756045
"440",94.2386260997197,91.6466207678852,13.2819478613505,3.74037059940451,7.73230944011974
"441",208.956773393855,213.152801474429,29.3875679667797,8.82884076039858,16.1672422656489
"442",136.3508693266,136.019212470597,19.1385151537354,5.55402584207282,10.6872469914977
"443",206.748487643915,216.943114322403,29.0454077408787,9.02570675548371,15.5177673685432
"444",142.580880005536,139.003873537519,17.0962772507913,5.06448440410613,7.42015723537567
"445",185.619596846168,187.866777485275,26.5840640772202,7.89911823609611,15.39586823229
"446",190.694909010145,192.694471851794,25.3441263725504,7.57989467870937,12.6119257479947
"447",217.613540371987,224.551006577668,29.3009368199373,8.89265591218879,14.5712382638875
"448",117.988587413774,114.278859301042,15.3049616606987,4.41909749310499,7.59828429212969
"449",139.018406247595,136.464607411629,18.8546701318245,5.46949947551366,10.0512492737583
"450",99.8679378213535,96.1690605747996,11.5974296005454,3.4667639651463,4.88827835551123
"451",160.379938739719,160.80324020757,21.6796160515957,6.52029681866834,11.3191050471587
"452",168.309239084204,170.78464691516,23.8643392546989,7.07487672965784,13.3878050684938
"453",154.993514736598,156.2070337213,18.9461004655507,5.71403368068559,8.2354580816709
"454",154.646697642676,154.094432937116,20.8995321930768,6.13800695036411,10.8693172839222
"455",175.138118234308,181.121394253788,22.2884188819063,6.94344884657761,10.2066717486482
"456",113.629843672153,110.091098476174,15.6104536417127,4.43698397808651,8.67742949788361
"457",200.494323873685,204.837105669874,27.5827628730829,8.35052388587672,14.5269115873718
"458",178.212503033895,179.694233469693,22.1351540581403,6.8186205024531,9.95617232353975
"459",188.745055337549,190.35326000086,25.2326195839463,7.53586780630465,12.7038451801745
"460",216.535559811106,225.546893934803,29.2998796422591,9.0630092182983,14.6585123360277
"461",159.91012236183,163.126153763678,22.0355009367622,6.57013518613265,11.5595377333042
"462",170.240952505542,169.692463759873,23.5873225138672,6.87630302422447,12.8589572830943
"463",130.668940910056,127.31623240057,14.673860481352,4.32773453686459,5.76610739153146
"464",111.321039927659,104.179937729376,11.412756140185,3.46562111838211,4.20543461700126
"465",121.42391879344,116.625556208713,14.8757904059231,4.41346545191998,6.83316050357871
"466",116.839209374237,111.543826816655,16.2113907148104,4.54045957190178,9.43473220479726
"467",197.132492876069,205.385374569621,30.2419628350444,9.11512282075785,19.6712483537322
"468",176.538206851905,179.780635632219,22.3388572391976,6.77637054302215,10.1264183072359
"469",160.480211630667,160.353330081688,20.8085227086707,6.2147193835953,10.0345837652944
"470",219.623880407137,223.963738956233,27.4220781058795,8.50497026238072,12.3286958241285
"471",187.175769971108,186.259124647046,22.3103372894344,6.82564207580314,9.50922998911572
"472",148.791488041507,145.113389988354,19.7995665032615,5.78248893853318,10.3110648748876
"473",171.590900869498,175.282185727038,18.9813204380169,5.96481372063614,7.23742783004798
"474",127.126027150248,123.854116348467,17.1725573026769,4.95667340169599,9.17869398542629
"475",152.647828204201,153.031226223639,20.035168231322,6.00242339226859,9.85649200319997
"476",161.75013612585,166.088679694945,22.63800945661,6.80229207655915,12.196556226305
"477",206.602295526864,212.483145063744,29.9482664979965,9.01725744005901,17.3891804788426
"478",170.064288323842,172.004848199588,20.8791998541202,6.31088871953063,9.09263246012012
"479",176.003182521803,176.840294475122,23.7966028517447,7.07599967603792,12.2986937732745
"480",161.793146968316,159.505425231803,21.9989816193176,6.38622409556623,11.7024375387288
"481",166.935127537899,171.956324566638,23.8814884219526,7.22657902001256,13.4552328391218
"482",164.449880361888,168.735060223557,21.8979873114749,6.67348057053947,10.7969968244914
"483",131.04972039647,125.523788542552,15.262117759015,4.6690945991065,6.58808993471493
"484",199.987829600842,200.921829228963,27.3215862112858,8.06082717913219,14.3570474347629
"485",195.917029313626,199.604046123682,27.5143195617729,8.27378054910558,15.1551812998971
"486",160.360187663924,159.162629243422,20.1341467387366,6.12795216667351,9.35984088417066
"487",152.554525573518,154.163409931567,20.2721744928647,6.13779137860646,10.1441078878295
"488",209.903909260116,216.659683792022,29.7302662760249,9.02110634288196,16.4052933011763
"489",193.248254635372,195.704915009975,27.9537475812112,8.21249940025351,16.4186224971344
"490",158.524628647412,160.845292929703,22.3417800316447,6.6194382368418,12.374892924259
"491",210.618472481571,216.992901081343,29.3157548114601,8.88112122619873,15.5898808944981
"492",160.673371664369,160.783459047402,20.6489653448014,6.19923253444243,9.8028896574075
"493",186.274554251888,188.282553922335,24.9026833282749,7.43013138947191,12.49586718231
"494",173.842674413626,175.823051480243,23.5049442048848,7.11120209931495,12.146183311311
"495",175.030277244112,176.45771464328,24.8719351693966,7.31364366815531,14.1228977998832
"496",166.812948951504,167.538059406902,24.1956009749765,7.03450963786365,14.4628186475718
"497",222.947867139358,229.962138374296,29.9146702199595,9.12894358635143,14.8370746329258
"498",130.348170069216,126.177814233585,17.7176577053919,5.04972660640225,9.63970484401289
"499",126.765624091259,120.689068951452,15.9932871274167,4.5067572514798,7.61714092116581
"500",182.168799889748,189.274686614821,24.7422602907177,7.55597737906983,12.4422452902583
