"","age1.H","age2_no_comorbid.H","age2_comorbid.H","age3_no_comorbid.H","age3_comorbid.H"
"1",52,55,55,57,58
"2",70,74,74,77,77
"3",74,78,77,80,79
"4",68,72,72,74,74
"5",47,50,51,53,53
"6",66,69,69,71,71
"7",63,67,67,70,71
"8",62,65,65,68,67
"9",83,87,87,90,91
"10",50,53,53,55,54
"11",62,66,66,69,68
"12",54,58,58,60,61
"13",74,78,79,81,82
"14",74,79,79,81,82
"15",61,64,64,67,67
"16",62,66,66,68,69
"17",78,82,82,85,84
"18",67,71,71,74,74
"19",54,57,57,59,59
"20",58,62,62,65,65
"21",60,63,63,65,65
"22",66,70,70,73,73
"23",65,69,69,71,72
"24",69,73,73,76,76
"25",73,77,77,80,80
"26",92,97,96,99,99
"27",52,55,55,58,59
"28",78,82,82,85,86
"29",76,80,80,83,83
"30",64,68,68,71,71
"31",62,66,65,68,68
"32",93,98,99,102,102
"33",42,45,45,47,47
"34",52,56,55,58,57
"35",66,70,70,72,72
"36",85,90,91,94,96
"37",79,84,84,86,87
"38",60,64,63,66,65
"39",78,82,82,85,86
"40",61,64,63,66,65
"41",73,77,77,80,80
"42",65,69,69,71,71
"43",51,54,54,56,56
"44",67,71,71,74,74
"45",56,60,60,62,62
"46",52,55,55,57,58
"47",62,65,65,68,67
"48",71,75,73,76,75
"49",74,79,79,81,81
"50",87,92,93,96,97
"51",58,62,62,64,64
"52",70,74,74,77,76
"53",61,64,64,66,65
"54",78,82,82,85,85
"55",59,63,63,66,67
"56",73,77,77,80,80
"57",72,76,76,79,78
"58",46,49,49,51,52
"59",62,65,66,68,69
"60",68,72,72,75,75
"61",82,87,87,90,90
"62",64,68,68,71,71
"63",74,78,77,80,78
"64",60,64,63,65,65
"65",94,99,99,102,102
"66",60,63,63,65,64
"67",50,53,53,55,55
"68",52,55,55,57,56
"69",54,57,57,60,59
"70",77,82,82,85,86
"71",62,66,66,69,70
"72",76,81,81,83,83
"73",70,74,74,77,75
"74",54,58,58,61,62
"75",84,89,89,92,93
"76",69,73,73,76,77
"77",54,57,58,60,60
"78",66,69,69,72,72
"79",83,88,88,91,92
"80",59,62,62,64,64
"81",55,59,58,61,60
"82",51,54,54,56,57
"83",62,65,64,67,66
"84",62,66,66,69,70
"85",57,60,61,63,63
"86",73,78,78,81,81
"87",69,73,73,75,75
"88",73,77,77,79,80
"89",79,83,84,86,87
"90",93,97,97,100,100
"91",51,54,53,55,54
"92",62,66,65,68,68
"93",49,52,52,54,54
"94",90,94,94,97,96
"95",77,82,81,85,84
"96",57,60,60,63,62
"97",59,62,62,64,64
"98",69,73,73,76,76
"99",65,69,68,71,70
"100",67,71,71,73,74
"101",50,53,53,55,55
"102",74,78,78,81,80
"103",54,57,57,59,60
"104",93,97,97,99,98
"105",54,57,57,59,59
"106",62,65,66,68,69
"107",72,76,76,78,78
"108",69,73,72,75,75
"109",54,57,57,60,59
"110",125,132,131,135,133
"111",54,57,57,59,60
"112",57,60,60,62,63
"113",36,39,38,40,39
"114",66,70,70,72,72
"115",41,44,44,46,45
"116",82,87,87,90,91
"117",59,62,62,65,65
"118",50,53,53,55,55
"119",67,71,70,72,71
"120",43,46,46,48,48
"121",83,88,87,90,89
"122",52,55,55,57,57
"123",61,65,64,67,67
"124",63,67,67,70,70
"125",79,83,82,85,84
"126",94,99,99,103,103
"127",49,52,53,55,57
"128",73,77,78,80,82
"129",61,64,64,67,67
"130",64,68,67,70,69
"131",64,67,67,70,69
"132",77,82,82,85,84
"133",49,52,52,54,55
"134",102,108,109,112,113
"135",50,53,53,55,56
"136",89,93,93,96,95
"137",70,74,74,76,76
"138",55,58,58,60,59
"139",64,67,67,70,69
"140",84,89,89,92,91
"141",55,58,58,60,59
"142",79,83,83,86,86
"143",70,74,74,76,76
"144",51,54,55,57,58
"145",59,63,62,65,64
"146",53,57,57,59,60
"147",70,74,74,77,77
"148",75,79,79,82,82
"149",69,74,74,77,78
"150",81,86,85,88,88
"151",65,69,69,71,70
"152",87,92,92,95,96
"153",48,51,51,53,54
"154",61,64,64,67,67
"155",43,46,44,47,45
"156",84,89,89,92,92
"157",64,68,68,71,71
"158",65,69,70,72,74
"159",50,53,52,55,54
"160",87,92,92,95,95
"161",65,69,69,72,72
"162",89,93,94,97,98
"163",63,67,67,69,70
"164",89,94,94,97,97
"165",65,69,69,72,72
"166",69,73,73,76,75
"167",59,63,63,65,65
"168",70,74,74,77,78
"169",57,60,60,63,63
"170",60,64,64,67,67
"171",74,78,78,81,82
"172",63,67,67,70,70
"173",57,61,62,64,66
"174",56,60,60,62,62
"175",55,59,59,62,64
"176",62,66,66,69,70
"177",67,71,72,74,75
"178",74,78,78,81,81
"179",64,68,68,70,70
"180",71,75,75,78,77
"181",129,134,135,137,139
"182",62,66,66,68,70
"183",58,61,62,64,65
"184",64,67,66,69,68
"185",51,54,55,57,58
"186",58,62,62,64,64
"187",96,101,101,104,104
"188",78,82,81,84,83
"189",55,58,58,60,59
"190",75,79,79,82,81
"191",54,57,57,59,60
"192",51,54,54,57,58
"193",66,70,70,73,72
"194",52,56,56,58,60
"195",87,92,91,94,94
"196",70,73,74,76,77
"197",65,69,69,71,70
"198",61,65,64,67,66
"199",63,67,67,70,69
"200",61,65,65,67,68
"201",55,59,58,61,59
"202",82,86,86,89,89
"203",64,68,67,70,70
"204",80,84,84,86,86
"205",63,67,67,69,69
"206",56,59,59,62,62
"207",78,83,82,85,85
"208",67,71,71,74,74
"209",44,46,46,48,48
"210",55,58,58,60,59
"211",52,55,55,57,58
"212",67,71,71,74,75
"213",66,69,70,73,74
"214",43,46,45,47,47
"215",78,82,82,85,85
"216",64,68,68,70,69
"217",80,85,84,88,86
"218",62,66,65,67,66
"219",71,75,75,78,78
"220",64,68,67,70,69
"221",64,68,68,71,71
"222",51,54,53,55,54
"223",61,64,64,66,66
"224",62,66,66,69,70
"225",74,78,78,81,81
"226",54,58,58,60,60
"227",54,57,57,59,59
"228",45,48,48,50,49
"229",80,84,85,87,88
"230",55,58,59,61,62
"231",65,69,69,72,72
"232",49,52,53,55,55
"233",64,68,68,71,72
"234",71,75,75,78,78
"235",79,84,83,86,86
"236",59,62,62,65,66
"237",91,96,96,98,98
"238",57,61,60,62,61
"239",67,71,72,74,75
"240",62,66,66,69,69
"241",66,70,69,72,72
"242",68,72,72,74,73
"243",70,75,75,78,78
"244",61,64,64,67,68
"245",50,53,53,56,55
"246",72,76,76,78,78
"247",57,60,60,62,61
"248",88,94,94,97,97
"249",57,60,60,62,62
"250",67,71,72,75,76
"251",72,76,75,78,77
"252",58,62,62,64,63
"253",53,56,55,57,56
"254",74,78,78,81,82
"255",56,60,60,62,63
"256",64,68,68,71,71
"257",49,52,52,53,53
"258",58,62,61,64,63
"259",66,69,69,71,70
"260",60,64,64,66,66
"261",58,61,62,64,64
"262",80,84,85,88,88
"263",61,65,65,68,68
"264",89,94,94,98,97
"265",51,55,55,57,57
"266",74,78,77,79,78
"267",59,62,62,64,64
"268",65,69,69,71,71
"269",42,44,44,46,47
"270",83,87,87,90,90
"271",76,80,79,82,81
"272",79,83,83,86,86
"273",58,62,61,64,63
"274",51,54,52,55,53
"275",46,49,48,50,50
"276",46,49,49,51,51
"277",94,99,99,102,102
"278",82,86,86,89,90
"279",68,72,71,74,72
"280",58,61,61,63,64
"281",70,74,75,77,78
"282",76,80,79,81,80
"283",66,70,71,73,74
"284",58,62,62,64,64
"285",51,54,54,56,56
"286",67,70,70,73,73
"287",61,65,65,67,67
"288",54,58,57,60,59
"289",76,81,81,84,85
"290",67,71,71,73,73
"291",66,70,70,73,74
"292",54,57,58,60,60
"293",60,64,63,66,65
"294",71,75,75,77,77
"295",56,60,59,62,61
"296",94,99,99,102,103
"297",59,62,61,64,62
"298",86,91,91,94,93
"299",56,60,59,62,61
"300",61,65,65,68,68
"301",57,61,61,64,64
"302",51,54,54,56,55
"303",60,63,63,66,66
"304",66,69,69,72,71
"305",74,78,77,80,79
"306",57,61,61,63,64
"307",124,129,129,132,132
"308",68,72,72,74,74
"309",54,57,56,58,58
"310",58,61,61,63,62
"311",75,79,79,81,80
"312",62,66,65,67,66
"313",69,73,73,76,76
"314",70,75,75,77,77
"315",82,87,86,89,88
"316",71,75,75,78,79
"317",65,69,69,72,73
"318",55,58,58,61,61
"319",61,64,64,67,66
"320",56,59,59,61,61
"321",50,53,53,55,55
"322",53,56,56,58,59
"323",73,78,78,81,81
"324",59,63,63,65,66
"325",72,76,75,78,78
"326",44,47,46,48,47
"327",56,60,60,62,61
"328",95,100,100,103,102
"329",84,89,89,92,93
"330",74,78,79,81,83
"331",81,85,85,88,87
"332",63,66,66,69,68
"333",72,76,77,79,80
"334",91,96,96,99,100
"335",70,74,74,76,77
"336",62,66,66,69,69
"337",64,68,68,71,70
"338",66,69,69,71,70
"339",67,71,71,74,74
"340",47,50,51,53,53
"341",51,54,54,56,56
"342",61,64,64,66,66
"343",80,85,84,87,87
"344",89,94,94,97,97
"345",72,76,76,78,79
"346",54,57,58,60,61
"347",54,57,57,59,58
"348",59,63,63,65,65
"349",61,65,65,68,69
"350",84,88,86,89,87
"351",67,71,70,73,72
"352",51,54,55,57,58
"353",54,57,57,60,60
"354",61,64,64,67,67
"355",59,63,62,65,65
"356",46,48,48,50,50
"357",56,60,60,62,63
"358",56,60,60,62,62
"359",59,63,63,65,65
"360",65,68,68,71,71
"361",67,70,71,73,74
"362",63,67,66,69,69
"363",73,77,77,80,80
"364",59,62,62,65,64
"365",78,82,82,85,85
"366",60,63,64,66,68
"367",49,51,51,53,53
"368",62,66,65,67,66
"369",51,54,54,56,57
"370",83,88,88,91,91
"371",59,62,62,65,65
"372",42,44,45,46,47
"373",50,53,53,55,56
"374",69,73,73,75,74
"375",67,71,71,74,73
"376",71,75,75,78,77
"377",62,66,66,69,69
"378",82,86,85,88,87
"379",98,103,102,105,105
"380",60,64,64,67,67
"381",63,67,68,70,72
"382",52,55,55,57,58
"383",87,92,91,95,95
"384",50,52,53,55,55
"385",46,49,48,50,50
"386",71,74,74,77,77
"387",64,68,68,70,71
"388",61,64,64,66,65
"389",65,69,69,72,73
"390",59,63,63,65,66
"391",71,75,75,78,78
"392",89,94,94,97,96
"393",61,65,65,67,67
"394",64,68,68,71,71
"395",61,65,65,67,67
"396",60,64,64,67,67
"397",67,70,69,72,71
"398",64,67,67,70,70
"399",96,101,101,104,104
"400",78,82,82,84,84
"401",68,72,72,75,74
"402",115,121,121,124,123
"403",85,90,90,93,94
"404",74,78,79,81,82
"405",45,48,48,50,49
"406",81,85,84,87,86
"407",68,72,72,74,74
"408",60,63,63,65,64
"409",66,70,71,74,75
"410",80,84,84,87,86
"411",58,61,61,63,63
"412",73,78,78,81,82
"413",65,68,68,70,70
"414",61,65,64,67,66
"415",98,103,102,105,104
"416",58,62,62,65,65
"417",91,96,96,99,99
"418",52,55,54,57,56
"419",60,64,64,67,67
"420",50,54,54,56,56
"421",69,73,73,75,76
"422",59,63,62,65,65
"423",86,91,91,94,94
"424",57,61,61,63,64
"425",55,58,58,60,60
"426",89,94,93,97,96
"427",40,43,43,44,44
"428",59,63,63,65,65
"429",59,62,63,65,66
"430",59,62,62,65,64
"431",64,68,67,69,68
"432",66,69,69,72,71
"433",118,123,123,126,126
"434",78,83,83,86,86
"435",52,55,55,57,57
"436",87,92,92,95,96
"437",46,49,49,51,51
"438",62,66,66,68,68
"439",51,54,54,56,57
"440",96,101,102,105,107
"441",49,53,53,55,56
"442",78,82,83,86,87
"443",51,54,54,57,57
"444",65,68,68,70,70
"445",57,61,61,64,65
"446",54,58,58,60,60
"447",48,51,51,53,53
"448",85,90,90,93,93
"449",71,75,75,77,78
"450",101,107,107,111,110
"451",67,71,71,74,74
"452",59,63,63,65,66
"453",61,64,64,66,66
"454",63,67,67,69,70
"455",52,55,55,57,56
"456",83,88,88,91,92
"457",47,50,50,52,53
"458",59,63,62,65,64
"459",48,51,51,52,52
"460",41,43,43,45,45
"461",61,65,65,67,68
"462",60,64,64,66,67
"463",62,65,64,67,66
"464",79,83,82,85,83
"465",73,77,77,80,79
"466",79,83,84,86,88
"467",54,58,59,61,63
"468",53,57,56,58,58
"469",64,67,67,70,70
"470",43,45,45,47,46
"471",55,58,58,60,59
"472",68,72,72,75,75
"473",52,55,54,56,55
"474",78,82,82,85,86
"475",66,70,70,73,73
"476",61,64,64,67,67
"477",51,54,55,57,58
"478",52,55,54,57,56
"479",51,54,54,56,57
"480",60,63,63,65,66
"481",63,66,67,69,70
"482",61,64,64,67,67
"483",68,72,71,74,73
"484",47,50,50,52,52
"485",52,56,56,58,58
"486",59,62,62,64,64
"487",68,72,72,75,75
"488",50,53,53,55,56
"489",50,53,53,55,56
"490",65,69,69,72,72
"491",47,50,50,53,53
"492",58,61,61,63,63
"493",56,60,59,62,62
"494",53,56,56,58,58
"495",56,60,60,62,63
"496",63,67,68,70,72
"497",47,50,50,52,52
"498",74,78,79,81,82
"499",71,75,75,77,77
"500",53,56,56,58,58
