"","age1.E","age2_no_comorbid.E","age2_comorbid.E","age3_no_comorbid.E","age3_comorbid.E"
"1",12.5307125307125,9.97876857749469,12.779552715655,18.1818181818182,9.38337801608579
"2",11.9164619164619,11.3588110403397,11.9808306709265,11.3636363636364,9.38337801608579
"3",12.4078624078624,11.0403397027601,13.5782747603834,11.3636363636364,10.7238605898123
"4",12.1621621621622,10.7218683651805,13.5782747603834,11.3636363636364,9.38337801608579
"5",11.3022113022113,9.34182590233546,14.3769968051118,20.4545454545455,12.0643431635389
"6",12.2850122850123,9.87261146496815,11.1821086261981,13.6363636363636,12.0643431635389
"7",11.9164619164619,10.2972399150743,11.1821086261981,11.3636363636364,13.4048257372654
"8",12.039312039312,8.59872611464968,12.779552715655,9.09090909090909,13.4048257372654
"9",0,0.106157112526539,0,0,0
"10",11.6707616707617,10.0849256900212,11.9808306709265,11.3636363636364,10.7238605898123
"11",13.2678132678133,9.87261146496815,8.78594249201278,13.6363636363636,14.745308310992
"12",12.5307125307125,10.1910828025478,14.3769968051118,15.9090909090909,13.4048257372654
"13",10.4422604422604,8.3864118895966,9.58466453674121,18.1818181818182,12.0643431635389
"14",0,0.106157112526539,0.798722044728434,0,0
"15",12.1621621621622,10.6157112526539,14.3769968051118,11.3636363636364,12.0643431635389
"16",13.3906633906634,12.6326963906582,11.1821086261981,13.6363636363636,12.0643431635389
"17",12.5307125307125,10.0849256900212,12.779552715655,13.6363636363636,10.7238605898123
"18",12.2850122850123,9.87261146496815,9.58466453674121,13.6363636363636,12.0643431635389
"19",12.2850122850123,8.81104033970276,11.1821086261981,9.09090909090909,17.426273458445
"20",12.2850122850123,9.87261146496815,10.3833865814696,18.1818181818182,13.4048257372654
"21",12.1621621621622,9.76645435244161,10.3833865814696,15.9090909090909,14.745308310992
"22",12.7764127764128,11.8895966029724,14.3769968051118,11.3636363636364,12.0643431635389
"23",0,0.106157112526539,0,0,0
"24",0,0.106157112526539,0,0,0
"25",0,0.106157112526539,0,0,0
"26",11.6707616707617,10.828025477707,11.1821086261981,13.6363636363636,13.4048257372654
"27",0,0.106157112526539,0,0,0
"28",10.3194103194103,9.55414012738854,11.1821086261981,11.3636363636364,12.0643431635389
"29",10.9336609336609,10.0849256900212,10.3833865814696,18.1818181818182,12.0643431635389
"30",0,0.106157112526539,0,0,0
"31",0,0.106157112526539,0,0,0
"32",11.5479115479115,8.3864118895966,11.9808306709265,15.9090909090909,12.0643431635389
"33",11.4250614250614,9.97876857749469,14.3769968051118,15.9090909090909,12.0643431635389
"34",13.1449631449631,9.34182590233546,15.1757188498403,13.6363636363636,12.0643431635389
"35",11.7936117936118,8.9171974522293,11.1821086261981,11.3636363636364,14.745308310992
"36",11.5479115479115,9.34182590233546,11.1821086261981,20.4545454545455,10.7238605898123
"37",12.2850122850123,10.7218683651805,10.3833865814696,11.3636363636364,13.4048257372654
"38",12.7764127764128,10.7218683651805,11.1821086261981,18.1818181818182,12.0643431635389
"39",0,0.106157112526539,0,0,0
"40",11.6707616707617,11.3588110403397,12.779552715655,15.9090909090909,16.0857908847185
"41",0,0.106157112526539,0,0,0
"42",11.9164619164619,9.55414012738854,15.9744408945687,15.9090909090909,13.4048257372654
"43",11.9164619164619,10.9341825902335,15.9744408945687,13.6363636363636,12.0643431635389
"44",0,0.106157112526539,0,0,0
"45",0,0.106157112526539,0,0,0
"46",11.7936117936118,9.34182590233546,11.9808306709265,13.6363636363636,16.0857908847185
"47",11.0565110565111,9.447983014862,12.779552715655,13.6363636363636,16.0857908847185
"48",0,0.106157112526539,0,0,0
"49",11.9164619164619,8.81104033970276,13.5782747603834,20.4545454545455,16.0857908847185
"50",0,0.106157112526539,0,0,0
"51",13.1449631449631,10.7218683651805,15.1757188498403,18.1818181818182,14.745308310992
"52",11.9164619164619,10.828025477707,15.1757188498403,15.9090909090909,10.7238605898123
"53",12.5307125307125,10.7218683651805,15.1757188498403,20.4545454545455,10.7238605898123
"54",0.122850122850123,0.106157112526539,0,0,0
"55",10.1965601965602,9.55414012738854,16.7731629392971,13.6363636363636,13.4048257372654
"56",0,0.106157112526539,0,0,0
"57",11.3022113022113,10.0849256900212,15.1757188498403,15.9090909090909,12.0643431635389
"58",10.8108108108108,9.97876857749469,11.9808306709265,11.3636363636364,12.0643431635389
"59",11.0565110565111,9.97876857749469,14.3769968051118,13.6363636363636,13.4048257372654
"60",0.122850122850123,0.106157112526539,0,0,0
"61",12.2850122850123,10.5095541401274,15.1757188498403,11.3636363636364,13.4048257372654
"62",12.4078624078624,9.66029723991507,8.78594249201278,11.3636363636364,12.0643431635389
"63",0.245700245700246,0.106157112526539,0,0,0
"64",0.245700245700246,0.106157112526539,0,0,0
"65",11.6707616707617,8.70488322717622,11.1821086261981,11.3636363636364,14.745308310992
"66",11.4250614250614,9.76645435244161,10.3833865814696,15.9090909090909,14.745308310992
"67",11.0565110565111,10.5095541401274,11.9808306709265,15.9090909090909,13.4048257372654
"68",0,0.106157112526539,0,0,0
"69",0,0.106157112526539,0,0,0
"70",12.6535626535627,10.4033970276008,14.3769968051118,13.6363636363636,14.745308310992
"71",13.7592137592138,10.6157112526539,11.1821086261981,11.3636363636364,9.38337801608579
"72",11.3022113022113,9.12951167728238,12.779552715655,20.4545454545455,10.7238605898123
"73",0,0.106157112526539,0,0,0
"74",13.3906633906634,11.0403397027601,15.1757188498403,13.6363636363636,10.7238605898123
"75",10.6879606879607,10.6157112526539,11.9808306709265,11.3636363636364,10.7238605898123
"76",10.4422604422604,9.66029723991507,11.9808306709265,13.6363636363636,9.38337801608579
"77",0,0.106157112526539,0,0,0
"78",12.1621621621622,10.5095541401274,11.1821086261981,15.9090909090909,13.4048257372654
"79",12.8992628992629,9.97876857749469,12.779552715655,13.6363636363636,12.0643431635389
"80",11.7936117936118,11.1464968152866,15.1757188498403,9.09090909090909,16.0857908847185
"81",10.6879606879607,9.66029723991507,18.370607028754,13.6363636363636,9.38337801608579
"82",0,0.106157112526539,0.798722044728434,0,0
"83",11.5479115479115,11.4649681528662,17.5718849840256,22.7272727272727,16.0857908847185
"84",13.5135135135135,10.0849256900212,15.9744408945687,9.09090909090909,10.7238605898123
"85",11.6707616707617,10.2972399150743,12.779552715655,13.6363636363636,13.4048257372654
"86",12.039312039312,11.4649681528662,15.1757188498403,13.6363636363636,9.38337801608579
"87",11.4250614250614,10.9341825902335,12.779552715655,13.6363636363636,10.7238605898123
"88",0,0.106157112526539,0,0,0
"89",11.9164619164619,12.6326963906582,12.779552715655,18.1818181818182,9.38337801608579
"90",11.7936117936118,9.23566878980892,15.1757188498403,11.3636363636364,20.1072386058981
"91",0.245700245700246,0.106157112526539,0,0,0
"92",11.3022113022113,9.55414012738854,10.3833865814696,11.3636363636364,10.7238605898123
"93",10.8108108108108,9.447983014862,12.779552715655,13.6363636363636,10.7238605898123
"94",12.1621621621622,10.2972399150743,11.9808306709265,11.3636363636364,20.1072386058981
"95",11.7936117936118,8.49256900212314,12.779552715655,13.6363636363636,14.745308310992
"96",11.6707616707617,9.23566878980892,14.3769968051118,13.6363636363636,10.7238605898123
"97",12.6535626535627,9.55414012738854,14.3769968051118,11.3636363636364,14.745308310992
"98",12.4078624078624,11.2526539278132,11.1821086261981,18.1818181818182,14.745308310992
"99",11.3022113022113,11.1464968152866,9.58466453674121,11.3636363636364,14.745308310992
"100",12.6535626535627,10.0849256900212,12.779552715655,15.9090909090909,10.7238605898123
"101",11.9164619164619,10.7218683651805,11.9808306709265,13.6363636363636,14.745308310992
"102",14.3734643734644,9.447983014862,11.1821086261981,11.3636363636364,14.745308310992
"103",10.6879606879607,11.5711252653928,11.9808306709265,13.6363636363636,10.7238605898123
"104",0,0.106157112526539,0,0,0
"105",12.1621621621622,9.447983014862,13.5782747603834,13.6363636363636,10.7238605898123
"106",12.6535626535627,9.87261146496815,16.7731629392971,11.3636363636364,9.38337801608579
"107",11.9164619164619,9.76645435244161,9.58466453674121,15.9090909090909,9.38337801608579
"108",0,0.106157112526539,0,0,0
"109",12.5307125307125,10.7218683651805,8.78594249201278,18.1818181818182,16.0857908847185
"110",11.7936117936118,9.02335456475584,11.1821086261981,15.9090909090909,9.38337801608579
"111",9.95085995085995,8.9171974522293,11.9808306709265,15.9090909090909,10.7238605898123
"112",0,0.106157112526539,0,0,0
"113",13.6363636363636,11.2526539278132,14.3769968051118,13.6363636363636,12.0643431635389
"114",12.1621621621622,10.9341825902335,15.1757188498403,9.09090909090909,14.745308310992
"115",12.4078624078624,9.55414012738854,14.3769968051118,18.1818181818182,10.7238605898123
"116",11.9164619164619,10.0849256900212,11.1821086261981,11.3636363636364,18.7667560321716
"117",11.1793611793612,10.0849256900212,11.9808306709265,15.9090909090909,14.745308310992
"118",11.1793611793612,9.34182590233546,8.78594249201278,13.6363636363636,10.7238605898123
"119",11.3022113022113,9.12951167728238,11.1821086261981,15.9090909090909,10.7238605898123
"120",0,0.106157112526539,0.798722044728434,0,0
"121",0,0.106157112526539,0,0,0
"122",11.6707616707617,9.447983014862,13.5782747603834,13.6363636363636,14.745308310992
"123",12.1621621621622,10.0849256900212,18.370607028754,11.3636363636364,10.7238605898123
"124",10.5651105651106,9.23566878980892,11.9808306709265,13.6363636363636,16.0857908847185
"125",12.5307125307125,9.76645435244161,11.9808306709265,15.9090909090909,12.0643431635389
"126",11.4250614250614,10.2972399150743,12.779552715655,11.3636363636364,12.0643431635389
"127",13.6363636363636,10.7218683651805,10.3833865814696,11.3636363636364,10.7238605898123
"128",11.6707616707617,8.9171974522293,11.9808306709265,11.3636363636364,10.7238605898123
"129",11.6707616707617,10.6157112526539,11.1821086261981,13.6363636363636,10.7238605898123
"130",11.0565110565111,9.76645435244161,12.779552715655,11.3636363636364,10.7238605898123
"131",0,0.106157112526539,0,0,0
"132",11.3022113022113,10.1910828025478,11.1821086261981,11.3636363636364,13.4048257372654
"133",12.039312039312,10.4033970276008,12.779552715655,18.1818181818182,12.0643431635389
"134",12.1621621621622,9.23566878980892,11.9808306709265,11.3636363636364,13.4048257372654
"135",12.7764127764128,10.9341825902335,13.5782747603834,18.1818181818182,12.0643431635389
"136",11.0565110565111,10.4033970276008,13.5782747603834,18.1818181818182,9.38337801608579
"137",12.1621621621622,9.97876857749469,11.1821086261981,13.6363636363636,10.7238605898123
"138",0.122850122850123,0.106157112526539,0,0,0
"139",0,0.106157112526539,0,0,0
"140",12.2850122850123,9.97876857749469,13.5782747603834,18.1818181818182,14.745308310992
"141",12.6535626535627,9.97876857749469,14.3769968051118,18.1818181818182,13.4048257372654
"142",11.9164619164619,10.9341825902335,10.3833865814696,18.1818181818182,13.4048257372654
"143",12.1621621621622,9.66029723991507,14.3769968051118,11.3636363636364,10.7238605898123
"144",11.4250614250614,10.2972399150743,14.3769968051118,15.9090909090909,17.426273458445
"145",11.5479115479115,9.55414012738854,12.779552715655,13.6363636363636,8.04289544235925
"146",11.7936117936118,9.66029723991507,14.3769968051118,9.09090909090909,12.0643431635389
"147",0,0.106157112526539,0,0,0
"148",12.8992628992629,9.87261146496815,11.9808306709265,13.6363636363636,13.4048257372654
"149",0,0.106157112526539,0,0,0
"150",10.5651105651106,10.2972399150743,13.5782747603834,15.9090909090909,13.4048257372654
"151",13.2678132678133,9.87261146496815,12.779552715655,15.9090909090909,14.745308310992
"152",11.3022113022113,9.34182590233546,12.779552715655,11.3636363636364,10.7238605898123
"153",10.3194103194103,9.66029723991507,11.1821086261981,18.1818181818182,12.0643431635389
"154",12.5307125307125,10.2972399150743,12.779552715655,20.4545454545455,10.7238605898123
"155",12.7764127764128,10.1910828025478,11.9808306709265,18.1818181818182,13.4048257372654
"156",0,0.106157112526539,0,0,0
"157",12.2850122850123,9.447983014862,12.779552715655,15.9090909090909,13.4048257372654
"158",13.022113022113,11.0403397027601,11.1821086261981,15.9090909090909,12.0643431635389
"159",10.4422604422604,10.4033970276008,12.779552715655,11.3636363636364,12.0643431635389
"160",0,0.106157112526539,0,0,0
"161",0,0.106157112526539,0,0,0
"162",14.3734643734644,11.2526539278132,9.58466453674121,11.3636363636364,17.426273458445
"163",10.6879606879607,9.12951167728238,10.3833865814696,11.3636363636364,9.38337801608579
"164",11.4250614250614,8.81104033970276,14.3769968051118,13.6363636363636,12.0643431635389
"165",0,0.106157112526539,0,0,0
"166",11.4250614250614,10.2972399150743,14.3769968051118,11.3636363636364,13.4048257372654
"167",11.4250614250614,9.447983014862,10.3833865814696,22.7272727272727,14.745308310992
"168",0.245700245700246,0.212314225053079,0,0,1.34048257372654
"169",11.9164619164619,10.7218683651805,12.779552715655,15.9090909090909,13.4048257372654
"170",10.9336609336609,10.4033970276008,15.9744408945687,15.9090909090909,9.38337801608579
"171",0.122850122850123,0.106157112526539,0,0,0
"172",13.2678132678133,9.447983014862,11.1821086261981,13.6363636363636,12.0643431635389
"173",11.7936117936118,10.2972399150743,13.5782747603834,20.4545454545455,10.7238605898123
"174",11.9164619164619,9.34182590233546,12.779552715655,18.1818181818182,12.0643431635389
"175",11.5479115479115,10.5095541401274,12.779552715655,18.1818181818182,14.745308310992
"176",13.5135135135135,10.7218683651805,12.779552715655,11.3636363636364,12.0643431635389
"177",0,0.106157112526539,0,0,0
"178",0,0.106157112526539,0,0,0
"179",10.9336609336609,10.4033970276008,11.1821086261981,13.6363636363636,12.0643431635389
"180",11.9164619164619,10.5095541401274,13.5782747603834,13.6363636363636,12.0643431635389
"181",0.122850122850123,0.106157112526539,0,0,0
"182",11.5479115479115,9.97876857749469,13.5782747603834,15.9090909090909,17.426273458445
"183",13.2678132678133,10.828025477707,13.5782747603834,27.2727272727273,13.4048257372654
"184",10.4422604422604,10.1910828025478,10.3833865814696,11.3636363636364,10.7238605898123
"185",11.3022113022113,11.8895966029724,10.3833865814696,13.6363636363636,16.0857908847185
"186",12.2850122850123,9.66029723991507,13.5782747603834,18.1818181818182,13.4048257372654
"187",12.039312039312,8.9171974522293,11.1821086261981,18.1818181818182,13.4048257372654
"188",12.8992628992629,11.3588110403397,15.9744408945687,13.6363636363636,9.38337801608579
"189",13.6363636363636,10.4033970276008,14.3769968051118,18.1818181818182,12.0643431635389
"190",13.7592137592138,11.3588110403397,11.1821086261981,9.09090909090909,10.7238605898123
"191",13.7592137592138,10.4033970276008,14.3769968051118,11.3636363636364,16.0857908847185
"192",10.9336609336609,9.34182590233546,14.3769968051118,13.6363636363636,13.4048257372654
"193",11.6707616707617,11.3588110403397,11.9808306709265,11.3636363636364,13.4048257372654
"194",11.7936117936118,8.9171974522293,8.78594249201278,11.3636363636364,17.426273458445
"195",0,0.106157112526539,0,0,0
"196",11.6707616707617,9.87261146496815,11.9808306709265,13.6363636363636,13.4048257372654
"197",0,0.106157112526539,0,0,0
"198",14.2506142506143,10.2972399150743,15.9744408945687,13.6363636363636,12.0643431635389
"199",11.1793611793612,11.0403397027601,12.779552715655,15.9090909090909,17.426273458445
"200",0,0.106157112526539,0,0,0
"201",11.9164619164619,11.0403397027601,11.9808306709265,11.3636363636364,10.7238605898123
"202",13.6363636363636,10.9341825902335,13.5782747603834,13.6363636363636,20.1072386058981
"203",12.1621621621622,10.9341825902335,14.3769968051118,13.6363636363636,9.38337801608579
"204",11.4250614250614,9.23566878980892,14.3769968051118,13.6363636363636,9.38337801608579
"205",12.039312039312,9.97876857749469,11.1821086261981,11.3636363636364,9.38337801608579
"206",13.1449631449631,7.85562632696391,13.5782747603834,11.3636363636364,12.0643431635389
"207",10.9336609336609,9.34182590233546,11.9808306709265,11.3636363636364,13.4048257372654
"208",11.4250614250614,9.02335456475584,12.779552715655,18.1818181818182,10.7238605898123
"209",10.4422604422604,8.81104033970276,11.1821086261981,13.6363636363636,10.7238605898123
"210",12.2850122850123,9.97876857749469,11.1821086261981,18.1818181818182,12.0643431635389
"211",12.1621621621622,8.28025477707006,11.1821086261981,15.9090909090909,14.745308310992
"212",0,0.106157112526539,0,0,0
"213",12.4078624078624,10.2972399150743,10.3833865814696,13.6363636363636,13.4048257372654
"214",11.9164619164619,10.6157112526539,9.58466453674121,22.7272727272727,13.4048257372654
"215",9.82800982800983,9.12951167728238,9.58466453674121,15.9090909090909,10.7238605898123
"216",11.9164619164619,9.23566878980892,13.5782747603834,18.1818181818182,8.04289544235925
"217",11.9164619164619,9.97876857749469,12.779552715655,13.6363636363636,10.7238605898123
"218",0.122850122850123,0.106157112526539,0,0,0
"219",12.2850122850123,9.66029723991507,12.779552715655,15.9090909090909,13.4048257372654
"220",11.4250614250614,10.9341825902335,12.779552715655,18.1818181818182,14.745308310992
"221",0,0.106157112526539,0,0,0
"222",10.9336609336609,9.447983014862,12.779552715655,15.9090909090909,12.0643431635389
"223",11.6707616707617,10.1910828025478,11.9808306709265,15.9090909090909,12.0643431635389
"224",0,0.106157112526539,0,0,0
"225",12.6535626535627,9.23566878980892,9.58466453674121,11.3636363636364,14.745308310992
"226",12.2850122850123,8.81104033970276,11.1821086261981,15.9090909090909,10.7238605898123
"227",0,0.106157112526539,0,0,0
"228",10.8108108108108,9.87261146496815,11.9808306709265,22.7272727272727,12.0643431635389
"229",11.7936117936118,9.34182590233546,7.98722044728434,9.09090909090909,9.38337801608579
"230",12.039312039312,11.0403397027601,12.779552715655,15.9090909090909,14.745308310992
"231",13.3906633906634,9.66029723991507,13.5782747603834,15.9090909090909,16.0857908847185
"232",11.7936117936118,9.55414012738854,10.3833865814696,15.9090909090909,13.4048257372654
"233",10.8108108108108,10.2972399150743,11.9808306709265,18.1818181818182,13.4048257372654
"234",12.8992628992629,9.97876857749469,10.3833865814696,11.3636363636364,10.7238605898123
"235",14.004914004914,11.5711252653928,14.3769968051118,18.1818181818182,13.4048257372654
"236",0,0.106157112526539,0,0,0
"237",11.7936117936118,10.0849256900212,14.3769968051118,13.6363636363636,16.0857908847185
"238",11.9164619164619,9.87261146496815,14.3769968051118,13.6363636363636,10.7238605898123
"239",11.3022113022113,9.66029723991507,16.7731629392971,15.9090909090909,10.7238605898123
"240",0,0.106157112526539,0,0,0
"241",12.039312039312,9.87261146496815,16.7731629392971,13.6363636363636,9.38337801608579
"242",11.6707616707617,9.02335456475584,11.9808306709265,15.9090909090909,6.70241286863271
"243",14.2506142506143,11.6772823779193,11.9808306709265,11.3636363636364,12.0643431635389
"244",13.2678132678133,9.76645435244161,9.58466453674121,11.3636363636364,9.38337801608579
"245",10.9336609336609,9.55414012738854,9.58466453674121,18.1818181818182,12.0643431635389
"246",0,0.106157112526539,0,0,0
"247",10.8108108108108,9.66029723991507,11.9808306709265,13.6363636363636,12.0643431635389
"248",11.6707616707617,9.34182590233546,11.9808306709265,20.4545454545455,13.4048257372654
"249",12.039312039312,11.2526539278132,13.5782747603834,11.3636363636364,9.38337801608579
"250",12.039312039312,9.447983014862,12.779552715655,15.9090909090909,10.7238605898123
"251",10.4422604422604,9.447983014862,12.779552715655,20.4545454545455,13.4048257372654
"252",12.039312039312,10.2972399150743,11.9808306709265,13.6363636363636,16.0857908847185
"253",14.987714987715,11.3588110403397,17.5718849840256,11.3636363636364,12.0643431635389
"254",12.6535626535627,9.55414012738854,11.9808306709265,11.3636363636364,14.745308310992
"255",0,0.106157112526539,0,0,0
"256",0,0.106157112526539,0,0,0
"257",11.7936117936118,11.4649681528662,13.5782747603834,9.09090909090909,9.38337801608579
"258",11.9164619164619,11.4649681528662,15.9744408945687,11.3636363636364,13.4048257372654
"259",11.4250614250614,9.02335456475584,12.779552715655,13.6363636363636,9.38337801608579
"260",0,0.106157112526539,0,0,0
"261",12.1621621621622,9.66029723991507,11.9808306709265,13.6363636363636,10.7238605898123
"262",12.4078624078624,9.34182590233546,11.9808306709265,15.9090909090909,14.745308310992
"263",12.039312039312,10.7218683651805,15.9744408945687,11.3636363636364,10.7238605898123
"264",12.4078624078624,9.97876857749469,11.9808306709265,22.7272727272727,9.38337801608579
"265",12.1621621621622,10.0849256900212,14.3769968051118,9.09090909090909,12.0643431635389
"266",10.1965601965602,10.0849256900212,10.3833865814696,9.09090909090909,16.0857908847185
"267",11.5479115479115,11.3588110403397,12.779552715655,13.6363636363636,13.4048257372654
"268",11.4250614250614,9.97876857749469,12.779552715655,15.9090909090909,10.7238605898123
"269",12.039312039312,9.66029723991507,13.5782747603834,20.4545454545455,16.0857908847185
"270",12.1621621621622,9.76645435244161,16.7731629392971,13.6363636363636,13.4048257372654
"271",11.9164619164619,10.5095541401274,14.3769968051118,20.4545454545455,12.0643431635389
"272",11.6707616707617,9.447983014862,12.779552715655,13.6363636363636,10.7238605898123
"273",11.3022113022113,10.2972399150743,15.1757188498403,13.6363636363636,13.4048257372654
"274",12.6535626535627,10.2972399150743,12.779552715655,13.6363636363636,13.4048257372654
"275",16.5847665847666,10.828025477707,11.9808306709265,13.6363636363636,12.0643431635389
"276",11.7936117936118,9.76645435244161,11.9808306709265,18.1818181818182,10.7238605898123
"277",0,0.106157112526539,0,0,0
"278",11.4250614250614,9.34182590233546,11.9808306709265,13.6363636363636,12.0643431635389
"279",12.5307125307125,9.76645435244161,13.5782747603834,15.9090909090909,13.4048257372654
"280",12.2850122850123,9.76645435244161,14.3769968051118,13.6363636363636,10.7238605898123
"281",0,0.106157112526539,0,0,0
"282",10.4422604422604,9.12951167728238,14.3769968051118,15.9090909090909,8.04289544235925
"283",13.5135135135135,10.828025477707,15.1757188498403,13.6363636363636,10.7238605898123
"284",13.022113022113,10.2972399150743,11.9808306709265,13.6363636363636,13.4048257372654
"285",11.9164619164619,10.1910828025478,10.3833865814696,15.9090909090909,10.7238605898123
"286",13.3906633906634,9.12951167728238,15.1757188498403,11.3636363636364,10.7238605898123
"287",12.6535626535627,9.66029723991507,11.1821086261981,9.09090909090909,12.0643431635389
"288",0,0.106157112526539,0,0,0
"289",0,0.106157112526539,0,0,0
"290",12.4078624078624,10.828025477707,13.5782747603834,11.3636363636364,12.0643431635389
"291",12.1621621621622,10.0849256900212,12.779552715655,13.6363636363636,13.4048257372654
"292",0,0.106157112526539,0,0,0
"293",11.7936117936118,9.66029723991507,9.58466453674121,13.6363636363636,10.7238605898123
"294",10.9336609336609,9.447983014862,14.3769968051118,11.3636363636364,9.38337801608579
"295",0,0.106157112526539,0,0,0
"296",10.0737100737101,9.12951167728238,10.3833865814696,9.09090909090909,10.7238605898123
"297",0,0.106157112526539,0,0,0
"298",0,0.106157112526539,0,0,0
"299",13.1449631449631,10.5095541401274,11.9808306709265,9.09090909090909,10.7238605898123
"300",13.5135135135135,9.447983014862,12.779552715655,18.1818181818182,16.0857908847185
"301",11.1793611793612,9.55414012738854,14.3769968051118,15.9090909090909,12.0643431635389
"302",11.4250614250614,11.0403397027601,11.9808306709265,13.6363636363636,9.38337801608579
"303",0,0.106157112526539,0,0,0
"304",11.5479115479115,9.12951167728238,11.1821086261981,15.9090909090909,12.0643431635389
"305",12.8992628992629,8.70488322717622,15.1757188498403,15.9090909090909,8.04289544235925
"306",0,0.106157112526539,0,0,0
"307",11.0565110565111,10.7218683651805,14.3769968051118,15.9090909090909,13.4048257372654
"308",10.8108108108108,10.1910828025478,17.5718849840256,13.6363636363636,12.0643431635389
"309",10.6879606879607,9.76645435244161,11.1821086261981,18.1818181818182,12.0643431635389
"310",13.1449631449631,9.97876857749469,12.779552715655,18.1818181818182,12.0643431635389
"311",12.7764127764128,10.2972399150743,11.9808306709265,11.3636363636364,14.745308310992
"312",11.4250614250614,8.81104033970276,12.779552715655,11.3636363636364,10.7238605898123
"313",12.039312039312,9.76645435244161,10.3833865814696,15.9090909090909,9.38337801608579
"314",12.1621621621622,9.447983014862,11.1821086261981,15.9090909090909,9.38337801608579
"315",0,0.106157112526539,0,0,0
"316",11.3022113022113,10.0849256900212,13.5782747603834,11.3636363636364,14.745308310992
"317",12.1621621621622,8.70488322717622,11.9808306709265,11.3636363636364,12.0643431635389
"318",11.7936117936118,11.2526539278132,13.5782747603834,15.9090909090909,12.0643431635389
"319",0.122850122850123,0.106157112526539,0,0,0
"320",13.022113022113,10.7218683651805,11.9808306709265,11.3636363636364,10.7238605898123
"321",12.1621621621622,10.2972399150743,15.1757188498403,11.3636363636364,10.7238605898123
"322",12.5307125307125,9.97876857749469,14.3769968051118,13.6363636363636,12.0643431635389
"323",11.3022113022113,10.6157112526539,11.9808306709265,11.3636363636364,13.4048257372654
"324",13.3906633906634,9.76645435244161,13.5782747603834,15.9090909090909,12.0643431635389
"325",11.3022113022113,10.1910828025478,9.58466453674121,13.6363636363636,14.745308310992
"326",10.5651105651106,10.7218683651805,11.1821086261981,11.3636363636364,14.745308310992
"327",13.8820638820639,9.76645435244161,10.3833865814696,11.3636363636364,13.4048257372654
"328",12.1621621621622,9.97876857749469,13.5782747603834,15.9090909090909,12.0643431635389
"329",12.1621621621622,9.97876857749469,11.9808306709265,18.1818181818182,12.0643431635389
"330",11.4250614250614,9.02335456475584,14.3769968051118,11.3636363636364,12.0643431635389
"331",12.5307125307125,9.447983014862,9.58466453674121,15.9090909090909,13.4048257372654
"332",12.2850122850123,10.1910828025478,13.5782747603834,18.1818181818182,10.7238605898123
"333",11.0565110565111,11.3588110403397,13.5782747603834,11.3636363636364,12.0643431635389
"334",0,0.106157112526539,0,0,0
"335",0,0.106157112526539,0,0,0
"336",10.5651105651106,10.4033970276008,13.5782747603834,11.3636363636364,12.0643431635389
"337",11.5479115479115,9.66029723991507,11.1821086261981,13.6363636363636,14.745308310992
"338",14.4963144963145,10.5095541401274,10.3833865814696,15.9090909090909,10.7238605898123
"339",0,0.106157112526539,0,0,0
"340",0,0.106157112526539,0,0,0
"341",11.9164619164619,9.76645435244161,10.3833865814696,15.9090909090909,13.4048257372654
"342",11.3022113022113,10.1910828025478,13.5782747603834,13.6363636363636,12.0643431635389
"343",11.4250614250614,9.55414012738854,14.3769968051118,15.9090909090909,10.7238605898123
"344",14.3734643734644,10.6157112526539,13.5782747603834,20.4545454545455,12.0643431635389
"345",0,0.106157112526539,0,0,0
"346",0.245700245700246,0.106157112526539,0,0,0
"347",0,0.106157112526539,0,0,0
"348",10.8108108108108,9.447983014862,11.9808306709265,13.6363636363636,10.7238605898123
"349",0,0.106157112526539,0,0,0
"350",10.8108108108108,10.6157112526539,10.3833865814696,27.2727272727273,10.7238605898123
"351",11.5479115479115,10.7218683651805,12.779552715655,11.3636363636364,9.38337801608579
"352",10.5651105651106,10.7218683651805,11.9808306709265,11.3636363636364,9.38337801608579
"353",12.4078624078624,10.1910828025478,12.779552715655,6.81818181818182,12.0643431635389
"354",11.0565110565111,9.12951167728238,14.3769968051118,11.3636363636364,13.4048257372654
"355",10.4422604422604,9.66029723991507,13.5782747603834,11.3636363636364,13.4048257372654
"356",11.4250614250614,10.2972399150743,15.9744408945687,11.3636363636364,10.7238605898123
"357",0,0.106157112526539,0,0,0
"358",11.3022113022113,10.2972399150743,11.9808306709265,13.6363636363636,10.7238605898123
"359",12.7764127764128,10.0849256900212,11.9808306709265,13.6363636363636,12.0643431635389
"360",13.1449631449631,10.5095541401274,11.9808306709265,18.1818181818182,13.4048257372654
"361",12.2850122850123,9.447983014862,13.5782747603834,9.09090909090909,14.745308310992
"362",0,0.106157112526539,0,0,0
"363",0,0.106157112526539,0,0,0
"364",11.5479115479115,9.447983014862,16.7731629392971,18.1818181818182,13.4048257372654
"365",0,0.106157112526539,0,0,0
"366",0,0.106157112526539,0,0,0
"367",0,0.106157112526539,0,0,0
"368",12.039312039312,10.0849256900212,11.1821086261981,15.9090909090909,10.7238605898123
"369",11.3022113022113,10.0849256900212,11.1821086261981,13.6363636363636,16.0857908847185
"370",0,0.106157112526539,0,0,0
"371",12.6535626535627,10.9341825902335,11.9808306709265,15.9090909090909,9.38337801608579
"372",12.4078624078624,9.76645435244161,14.3769968051118,11.3636363636364,13.4048257372654
"373",0,0.106157112526539,0,0,0
"374",0.122850122850123,0.212314225053079,0.798722044728434,0,0
"375",13.7592137592138,9.02335456475584,11.1821086261981,13.6363636363636,8.04289544235925
"376",10.6879606879607,8.49256900212314,14.3769968051118,20.4545454545455,13.4048257372654
"377",10.8108108108108,9.12951167728238,14.3769968051118,11.3636363636364,13.4048257372654
"378",11.9164619164619,10.1910828025478,10.3833865814696,11.3636363636364,12.0643431635389
"379",13.1449631449631,11.3588110403397,14.3769968051118,13.6363636363636,20.1072386058981
"380",11.7936117936118,9.87261146496815,12.779552715655,13.6363636363636,12.0643431635389
"381",0,0.106157112526539,0,0,0
"382",13.2678132678133,9.66029723991507,12.779552715655,13.6363636363636,12.0643431635389
"383",11.6707616707617,11.1464968152866,12.779552715655,9.09090909090909,13.4048257372654
"384",12.039312039312,9.76645435244161,7.98722044728434,11.3636363636364,12.0643431635389
"385",12.4078624078624,10.0849256900212,13.5782747603834,13.6363636363636,13.4048257372654
"386",10.9336609336609,10.5095541401274,11.9808306709265,9.09090909090909,10.7238605898123
"387",11.6707616707617,10.5095541401274,13.5782747603834,11.3636363636364,17.426273458445
"388",10.9336609336609,9.97876857749469,13.5782747603834,18.1818181818182,13.4048257372654
"389",0,0.106157112526539,0,0,0
"390",0,0.106157112526539,0,0,0
"391",12.6535626535627,11.4649681528662,13.5782747603834,13.6363636363636,16.0857908847185
"392",12.7764127764128,8.59872611464968,12.779552715655,20.4545454545455,13.4048257372654
"393",14.4963144963145,10.6157112526539,14.3769968051118,9.09090909090909,12.0643431635389
"394",10.8108108108108,9.34182590233546,11.9808306709265,15.9090909090909,14.745308310992
"395",13.022113022113,10.1910828025478,12.779552715655,13.6363636363636,10.7238605898123
"396",10.0737100737101,10.0849256900212,11.1821086261981,25,9.38337801608579
"397",13.3906633906634,11.2526539278132,17.5718849840256,13.6363636363636,12.0643431635389
"398",11.1793611793612,9.76645435244161,15.9744408945687,11.3636363636364,9.38337801608579
"399",10.8108108108108,10.4033970276008,9.58466453674121,11.3636363636364,14.745308310992
"400",11.0565110565111,10.9341825902335,15.1757188498403,20.4545454545455,12.0643431635389
"401",0,0.106157112526539,0,0,0
"402",12.1621621621622,10.5095541401274,11.9808306709265,11.3636363636364,10.7238605898123
"403",12.5307125307125,7.74946921443737,10.3833865814696,13.6363636363636,12.0643431635389
"404",10.6879606879607,8.49256900212314,11.1821086261981,13.6363636363636,10.7238605898123
"405",0,0.106157112526539,0,0,0
"406",11.7936117936118,9.447983014862,11.1821086261981,11.3636363636364,13.4048257372654
"407",11.9164619164619,10.4033970276008,13.5782747603834,11.3636363636364,10.7238605898123
"408",10.9336609336609,10.2972399150743,11.9808306709265,18.1818181818182,12.0643431635389
"409",11.6707616707617,9.87261146496815,11.9808306709265,9.09090909090909,10.7238605898123
"410",13.3906633906634,10.6157112526539,12.779552715655,15.9090909090909,9.38337801608579
"411",12.7764127764128,11.3588110403397,12.779552715655,11.3636363636364,12.0643431635389
"412",11.4250614250614,9.12951167728238,12.779552715655,15.9090909090909,9.38337801608579
"413",14.7420147420147,10.6157112526539,11.9808306709265,13.6363636363636,14.745308310992
"414",12.2850122850123,9.55414012738854,11.9808306709265,9.09090909090909,9.38337801608579
"415",12.6535626535627,9.76645435244161,13.5782747603834,18.1818181818182,12.0643431635389
"416",12.2850122850123,11.7834394904459,11.9808306709265,13.6363636363636,13.4048257372654
"417",11.7936117936118,9.55414012738854,14.3769968051118,11.3636363636364,13.4048257372654
"418",0,0.106157112526539,0,0,0
"419",12.8992628992629,9.66029723991507,12.779552715655,15.9090909090909,13.4048257372654
"420",12.039312039312,10.0849256900212,14.3769968051118,18.1818181818182,9.38337801608579
"421",11.7936117936118,9.76645435244161,11.1821086261981,11.3636363636364,12.0643431635389
"422",12.7764127764128,9.23566878980892,14.3769968051118,20.4545454545455,12.0643431635389
"423",0,0.106157112526539,0,0,0
"424",0,0.106157112526539,0,0,0
"425",0,0.106157112526539,0,0,0
"426",12.4078624078624,9.34182590233546,12.779552715655,13.6363636363636,16.0857908847185
"427",11.6707616707617,10.1910828025478,15.9744408945687,11.3636363636364,12.0643431635389
"428",13.7592137592138,10.5095541401274,18.370607028754,13.6363636363636,12.0643431635389
"429",11.9164619164619,9.34182590233546,8.78594249201278,11.3636363636364,10.7238605898123
"430",12.1621621621622,10.828025477707,11.9808306709265,11.3636363636364,13.4048257372654
"431",10.6879606879607,9.87261146496815,11.9808306709265,15.9090909090909,9.38337801608579
"432",11.5479115479115,9.66029723991507,13.5782747603834,11.3636363636364,12.0643431635389
"433",11.1793611793612,8.81104033970276,13.5782747603834,18.1818181818182,13.4048257372654
"434",11.1793611793612,10.2972399150743,11.9808306709265,20.4545454545455,13.4048257372654
"435",0,0.106157112526539,0,0,0
"436",11.6707616707617,9.97876857749469,15.1757188498403,13.6363636363636,17.426273458445
"437",13.7592137592138,10.1910828025478,17.5718849840256,9.09090909090909,13.4048257372654
"438",11.7936117936118,10.5095541401274,14.3769968051118,9.09090909090909,13.4048257372654
"439",12.1621621621622,9.55414012738854,15.1757188498403,11.3636363636364,9.38337801608579
"440",0.122850122850123,0.106157112526539,0,0,0
"441",11.5479115479115,8.81104033970276,14.3769968051118,18.1818181818182,9.38337801608579
"442",12.7764127764128,11.0403397027601,12.779552715655,11.3636363636364,12.0643431635389
"443",0,0.106157112526539,0,0,0
"444",12.039312039312,9.447983014862,13.5782747603834,18.1818181818182,9.38337801608579
"445",11.6707616707617,10.9341825902335,12.779552715655,9.09090909090909,13.4048257372654
"446",11.6707616707617,9.02335456475584,11.1821086261981,15.9090909090909,14.745308310992
"447",11.3022113022113,10.0849256900212,11.9808306709265,20.4545454545455,12.0643431635389
"448",12.6535626535627,11.5711252653928,11.9808306709265,15.9090909090909,8.04289544235925
"449",11.3022113022113,10.2972399150743,13.5782747603834,11.3636363636364,17.426273458445
"450",0,0.106157112526539,0,0,0
"451",0,0.106157112526539,0,0,0
"452",11.6707616707617,9.23566878980892,13.5782747603834,11.3636363636364,9.38337801608579
"453",0,0.106157112526539,0,0,0
"454",9.95085995085995,10.2972399150743,11.1821086261981,9.09090909090909,9.38337801608579
"455",13.8820638820639,10.6157112526539,12.779552715655,13.6363636363636,10.7238605898123
"456",0,0.106157112526539,0,0,0
"457",11.5479115479115,9.02335456475584,12.779552715655,11.3636363636364,14.745308310992
"458",10.3194103194103,9.97876857749469,10.3833865814696,22.7272727272727,12.0643431635389
"459",10.4422604422604,10.1910828025478,14.3769968051118,13.6363636363636,12.0643431635389
"460",12.7764127764128,9.447983014862,16.7731629392971,15.9090909090909,16.0857908847185
"461",0.122850122850123,0.106157112526539,0,0,0
"462",11.3022113022113,9.87261146496815,12.779552715655,11.3636363636364,10.7238605898123
"463",10.5651105651106,9.87261146496815,13.5782747603834,11.3636363636364,12.0643431635389
"464",12.6535626535627,11.7834394904459,11.9808306709265,18.1818181818182,16.0857908847185
"465",12.4078624078624,10.0849256900212,12.779552715655,13.6363636363636,9.38337801608579
"466",12.2850122850123,10.0849256900212,10.3833865814696,15.9090909090909,10.7238605898123
"467",0,0.106157112526539,0,0,0
"468",13.3906633906634,10.4033970276008,10.3833865814696,11.3636363636364,16.0857908847185
"469",14.2506142506143,9.34182590233546,14.3769968051118,15.9090909090909,10.7238605898123
"470",0,0.106157112526539,0,0,0
"471",0,0.106157112526539,0,0,0
"472",11.7936117936118,10.5095541401274,10.3833865814696,18.1818181818182,13.4048257372654
"473",12.4078624078624,9.55414012738854,11.9808306709265,15.9090909090909,12.0643431635389
"474",0,0.106157112526539,0,0,0
"475",12.8992628992629,10.6157112526539,12.779552715655,18.1818181818182,9.38337801608579
"476",10.9336609336609,8.9171974522293,11.1821086261981,11.3636363636364,16.0857908847185
"477",11.5479115479115,9.87261146496815,12.779552715655,13.6363636363636,10.7238605898123
"478",0,0.106157112526539,0,0,0
"479",0.122850122850123,0.106157112526539,0,0,0
"480",0,0.106157112526539,0,0,0
"481",13.6363636363636,10.4033970276008,15.1757188498403,15.9090909090909,10.7238605898123
"482",15.8476658476658,10.828025477707,14.3769968051118,11.3636363636364,9.38337801608579
"483",13.022113022113,10.1910828025478,14.3769968051118,11.3636363636364,13.4048257372654
"484",11.4250614250614,10.828025477707,9.58466453674121,15.9090909090909,14.745308310992
"485",12.8992628992629,7.74946921443737,11.1821086261981,13.6363636363636,13.4048257372654
"486",11.6707616707617,10.0849256900212,17.5718849840256,15.9090909090909,12.0643431635389
"487",12.5307125307125,9.66029723991507,15.1757188498403,15.9090909090909,12.0643431635389
"488",12.1621621621622,9.87261146496815,11.9808306709265,29.5454545454545,16.0857908847185
"489",12.7764127764128,11.6772823779193,12.779552715655,11.3636363636364,13.4048257372654
"490",11.1793611793612,10.9341825902335,11.1821086261981,18.1818181818182,16.0857908847185
"491",10.5651105651106,10.4033970276008,15.1757188498403,13.6363636363636,12.0643431635389
"492",10.0737100737101,10.4033970276008,13.5782747603834,11.3636363636364,10.7238605898123
"493",11.5479115479115,10.7218683651805,14.3769968051118,15.9090909090909,12.0643431635389
"494",0,0.106157112526539,0,0,0
"495",14.004914004914,11.3588110403397,11.9808306709265,15.9090909090909,10.7238605898123
"496",0,0.106157112526539,0,0,0
"497",11.4250614250614,10.9341825902335,11.1821086261981,13.6363636363636,13.4048257372654
"498",13.2678132678133,10.4033970276008,10.3833865814696,11.3636363636364,14.745308310992
"499",12.4078624078624,9.12951167728238,14.3769968051118,11.3636363636364,12.0643431635389
"500",0,0.106157112526539,0,0,0
