"","age1.A","age2_no_comorbid.A","age2_comorbid.A","age3_no_comorbid.A","age3_comorbid.A"
"1",5.15970515970516,5.9447983014862,6.38977635782748,6.81818181818182,8.04289544235925
"2",6.51105651105651,5.4140127388535,7.18849840255591,2.27272727272727,8.04289544235925
"3",5.8968058968059,4.88322717622081,3.99361022364217,4.54545454545455,4.02144772117963
"4",6.01965601965602,3.92781316348195,5.59105431309904,9.09090909090909,5.36193029490617
"5",4.66830466830467,4.67091295116773,7.18849840255591,9.09090909090909,6.70241286863271
"6",0,0,0,0,0
"7",5.03685503685504,4.67091295116773,9.58466453674121,9.09090909090909,5.36193029490617
"8",4.91400491400491,4.98938428874735,7.18849840255591,11.3636363636364,8.04289544235925
"9",5.03685503685504,5.4140127388535,7.98722044728434,9.09090909090909,9.38337801608579
"10",5.8968058968059,5.4140127388535,7.18849840255591,6.81818181818182,6.70241286863271
"11",6.01965601965602,6.36942675159236,4.79233226837061,6.81818181818182,4.02144772117963
"12",5.77395577395577,4.98938428874735,4.79233226837061,9.09090909090909,5.36193029490617
"13",0,0.106157112526539,0,0,0
"14",6.01965601965602,4.56475583864119,5.59105431309904,6.81818181818182,5.36193029490617
"15",0,0,0,0,0
"16",7.24815724815725,4.98938428874735,4.79233226837061,6.81818181818182,2.68096514745308
"17",6.38820638820639,5.52016985138004,4.79233226837061,6.81818181818182,6.70241286863271
"18",0,0.106157112526539,0,0,0
"19",6.51105651105651,4.45859872611465,3.99361022364217,2.27272727272727,6.70241286863271
"20",5.40540540540541,5.83864118895966,5.59105431309904,4.54545454545455,2.68096514745308
"21",5.40540540540541,4.98938428874735,6.38977635782748,4.54545454545455,9.38337801608579
"22",4.91400491400491,3.71549893842887,4.79233226837061,4.54545454545455,2.68096514745308
"23",5.40540540540541,5.83864118895966,7.98722044728434,4.54545454545455,8.04289544235925
"24",6.87960687960688,6.26326963906582,3.99361022364217,2.27272727272727,5.36193029490617
"25",0,0,0,0,0
"26",6.26535626535627,4.67091295116773,7.98722044728434,6.81818181818182,5.36193029490617
"27",5.03685503685504,4.24628450106157,7.18849840255591,4.54545454545455,6.70241286863271
"28",6.87960687960688,5.52016985138004,6.38977635782748,11.3636363636364,6.70241286863271
"29",6.63390663390663,4.77707006369427,3.99361022364217,2.27272727272727,8.04289544235925
"30",0,0,0,0,0
"31",5.65110565110565,5.09554140127389,7.18849840255591,6.81818181818182,4.02144772117963
"32",4.91400491400491,4.98938428874735,7.98722044728434,4.54545454545455,5.36193029490617
"33",0,0.106157112526539,0,0,0
"34",6.14250614250614,6.90021231422505,3.99361022364217,6.81818181818182,5.36193029490617
"35",5.65110565110565,5.20169851380042,4.79233226837061,9.09090909090909,6.70241286863271
"36",6.26535626535627,5.20169851380042,3.99361022364217,4.54545454545455,8.04289544235925
"37",4.91400491400491,5.73248407643312,5.59105431309904,4.54545454545455,8.04289544235925
"38",4.66830466830467,4.56475583864119,8.78594249201278,9.09090909090909,6.70241286863271
"39",4.54545454545455,4.45859872611465,5.59105431309904,4.54545454545455,2.68096514745308
"40",5.52825552825553,5.73248407643312,3.99361022364217,6.81818181818182,6.70241286863271
"41",6.26535626535627,5.09554140127389,7.98722044728434,9.09090909090909,6.70241286863271
"42",0,0,0,0,0
"43",0,0,0,0,0
"44",5.40540540540541,4.56475583864119,7.18849840255591,4.54545454545455,1.34048257372654
"45",4.79115479115479,5.20169851380042,8.78594249201278,4.54545454545455,5.36193029490617
"46",5.52825552825553,5.09554140127389,5.59105431309904,6.81818181818182,8.04289544235925
"47",6.01965601965602,5.09554140127389,7.98722044728434,6.81818181818182,5.36193029490617
"48",0,0,0,0,0
"49",5.8968058968059,4.24628450106157,7.18849840255591,6.81818181818182,10.7238605898123
"50",5.65110565110565,6.79405520169851,4.79233226837061,11.3636363636364,9.38337801608579
"51",6.14250614250614,5.62632696390658,7.98722044728434,6.81818181818182,9.38337801608579
"52",5.8968058968059,5.52016985138004,5.59105431309904,4.54545454545455,6.70241286863271
"53",0,0,0,0,0
"54",6.38820638820639,4.45859872611465,7.98722044728434,9.09090909090909,4.02144772117963
"55",6.26535626535627,5.20169851380042,7.98722044728434,4.54545454545455,6.70241286863271
"56",6.51105651105651,4.98938428874735,7.18849840255591,4.54545454545455,9.38337801608579
"57",5.40540540540541,4.35244161358811,3.99361022364217,6.81818181818182,9.38337801608579
"58",5.52825552825553,5.30785562632696,6.38977635782748,6.81818181818182,6.70241286863271
"59",5.65110565110565,5.83864118895966,6.38977635782748,9.09090909090909,2.68096514745308
"60",7.24815724815725,4.88322717622081,4.79233226837061,4.54545454545455,5.36193029490617
"61",6.38820638820639,4.77707006369427,7.18849840255591,4.54545454545455,9.38337801608579
"62",4.66830466830467,4.88322717622081,3.99361022364217,9.09090909090909,2.68096514745308
"63",7.61670761670762,4.88322717622081,7.18849840255591,9.09090909090909,10.7238605898123
"64",6.63390663390663,5.4140127388535,6.38977635782748,4.54545454545455,9.38337801608579
"65",5.77395577395577,6.4755838641189,9.58466453674121,4.54545454545455,5.36193029490617
"66",0,0.106157112526539,0,0,0
"67",0,0,0,0,0
"68",0,0,0,0,0
"69",5.52825552825553,5.62632696390658,4.79233226837061,2.27272727272727,10.7238605898123
"70",5.65110565110565,5.09554140127389,5.59105431309904,4.54545454545455,5.36193029490617
"71",0,0.106157112526539,0,0,0
"72",6.51105651105651,5.83864118895966,5.59105431309904,6.81818181818182,9.38337801608579
"73",0,0.106157112526539,0,0,0
"74",5.40540540540541,4.45859872611465,5.59105431309904,4.54545454545455,5.36193029490617
"75",7.61670761670762,6.05095541401274,10.3833865814696,6.81818181818182,5.36193029490617
"76",0,0,0,0,0
"77",5.77395577395577,5.52016985138004,7.18849840255591,6.81818181818182,4.02144772117963
"78",5.15970515970516,5.30785562632696,5.59105431309904,4.54545454545455,10.7238605898123
"79",0,0,0,0,0
"80",0,0.106157112526539,0,0,0
"81",0,0,0,0,0
"82",5.77395577395577,5.83864118895966,6.38977635782748,11.3636363636364,5.36193029490617
"83",0,0,0,0,0
"84",5.03685503685504,5.52016985138004,7.98722044728434,2.27272727272727,6.70241286863271
"85",5.15970515970516,5.4140127388535,7.18849840255591,4.54545454545455,4.02144772117963
"86",7.12530712530713,3.92781316348195,7.98722044728434,6.81818181818182,4.02144772117963
"87",8.10810810810811,3.5031847133758,4.79233226837061,6.81818181818182,2.68096514745308
"88",6.01965601965602,5.20169851380042,5.59105431309904,4.54545454545455,6.70241286863271
"89",4.91400491400491,4.56475583864119,4.79233226837061,6.81818181818182,6.70241286863271
"90",5.15970515970516,5.09554140127389,4.79233226837061,2.27272727272727,6.70241286863271
"91",6.26535626535627,4.03397027600849,7.98722044728434,6.81818181818182,12.0643431635389
"92",6.26535626535627,5.20169851380042,6.38977635782748,4.54545454545455,5.36193029490617
"93",6.26535626535627,3.5031847133758,7.18849840255591,4.54545454545455,5.36193029490617
"94",6.26535626535627,4.67091295116773,5.59105431309904,6.81818181818182,9.38337801608579
"95",5.65110565110565,5.9447983014862,3.99361022364217,6.81818181818182,9.38337801608579
"96",5.65110565110565,5.20169851380042,3.99361022364217,6.81818181818182,12.0643431635389
"97",4.79115479115479,4.88322717622081,5.59105431309904,4.54545454545455,5.36193029490617
"98",0,0,0,0,0
"99",0,0,0,0,0
"100",6.01965601965602,4.14012738853503,7.18849840255591,9.09090909090909,8.04289544235925
"101",6.14250614250614,5.30785562632696,4.79233226837061,6.81818181818182,5.36193029490617
"102",0,0,0,0,0
"103",6.38820638820639,5.20169851380042,9.58466453674121,4.54545454545455,2.68096514745308
"104",5.8968058968059,4.24628450106157,14.3769968051118,6.81818181818182,4.02144772117963
"105",5.8968058968059,5.09554140127389,6.38977635782748,6.81818181818182,9.38337801608579
"106",5.8968058968059,4.67091295116773,7.18849840255591,6.81818181818182,5.36193029490617
"107",6.51105651105651,5.30785562632696,6.38977635782748,6.81818181818182,6.70241286863271
"108",5.65110565110565,4.67091295116773,6.38977635782748,13.6363636363636,5.36193029490617
"109",6.51105651105651,4.56475583864119,5.59105431309904,4.54545454545455,8.04289544235925
"110",6.01965601965602,5.52016985138004,7.98722044728434,4.54545454545455,2.68096514745308
"111",0,0,0,0,0
"112",5.65110565110565,4.67091295116773,6.38977635782748,9.09090909090909,8.04289544235925
"113",5.77395577395577,6.4755838641189,9.58466453674121,6.81818181818182,4.02144772117963
"114",5.65110565110565,4.67091295116773,6.38977635782748,6.81818181818182,2.68096514745308
"115",5.40540540540541,4.88322717622081,5.59105431309904,2.27272727272727,5.36193029490617
"116",6.14250614250614,5.4140127388535,4.79233226837061,2.27272727272727,5.36193029490617
"117",4.66830466830467,5.73248407643312,5.59105431309904,9.09090909090909,4.02144772117963
"118",0,0,0,0,0
"119",6.75675675675676,7.43099787685775,5.59105431309904,11.3636363636364,6.70241286863271
"120",6.01965601965602,4.98938428874735,3.19488817891374,9.09090909090909,6.70241286863271
"121",5.28255528255528,5.4140127388535,8.78594249201278,9.09090909090909,8.04289544235925
"122",5.8968058968059,4.35244161358811,5.59105431309904,4.54545454545455,4.02144772117963
"123",5.28255528255528,4.14012738853503,6.38977635782748,6.81818181818182,8.04289544235925
"124",6.26535626535627,6.05095541401274,5.59105431309904,4.54545454545455,5.36193029490617
"125",5.8968058968059,4.88322717622081,4.79233226837061,6.81818181818182,9.38337801608579
"126",8.10810810810811,5.4140127388535,7.18849840255591,6.81818181818182,4.02144772117963
"127",7.12530712530713,5.52016985138004,7.98722044728434,11.3636363636364,5.36193029490617
"128",4.79115479115479,6.05095541401274,9.58466453674121,4.54545454545455,4.02144772117963
"129",0,0,0,0,0
"130",6.75675675675676,5.4140127388535,6.38977635782748,6.81818181818182,5.36193029490617
"131",6.51105651105651,4.56475583864119,4.79233226837061,6.81818181818182,8.04289544235925
"132",6.51105651105651,4.56475583864119,4.79233226837061,4.54545454545455,4.02144772117963
"133",6.14250614250614,5.30785562632696,3.99361022364217,4.54545454545455,13.4048257372654
"134",5.65110565110565,4.14012738853503,9.58466453674121,9.09090909090909,4.02144772117963
"135",6.75675675675676,5.4140127388535,4.79233226837061,6.81818181818182,14.745308310992
"136",5.40540540540541,5.20169851380042,4.79233226837061,4.54545454545455,6.70241286863271
"137",4.91400491400491,4.98938428874735,7.18849840255591,4.54545454545455,5.36193029490617
"138",6.38820638820639,4.67091295116773,5.59105431309904,2.27272727272727,5.36193029490617
"139",5.65110565110565,5.30785562632696,4.79233226837061,2.27272727272727,5.36193029490617
"140",5.40540540540541,5.52016985138004,4.79233226837061,6.81818181818182,8.04289544235925
"141",0,0,0,0,0
"142",6.01965601965602,4.14012738853503,6.38977635782748,2.27272727272727,9.38337801608579
"143",4.66830466830467,4.77707006369427,5.59105431309904,4.54545454545455,4.02144772117963
"144",5.40540540540541,4.35244161358811,5.59105431309904,9.09090909090909,4.02144772117963
"145",6.01965601965602,5.9447983014862,4.79233226837061,6.81818181818182,9.38337801608579
"146",5.03685503685504,4.77707006369427,3.99361022364217,9.09090909090909,5.36193029490617
"147",0,0,0,0,0
"148",6.14250614250614,5.09554140127389,7.18849840255591,6.81818181818182,4.02144772117963
"149",6.38820638820639,6.58174097664544,7.18849840255591,6.81818181818182,5.36193029490617
"150",6.63390663390663,4.98938428874735,5.59105431309904,9.09090909090909,8.04289544235925
"151",7.61670761670762,4.88322717622081,5.59105431309904,9.09090909090909,5.36193029490617
"152",6.01965601965602,5.30785562632696,3.99361022364217,6.81818181818182,10.7238605898123
"153",0,0,0,0,0
"154",6.14250614250614,4.03397027600849,6.38977635782748,2.27272727272727,5.36193029490617
"155",5.15970515970516,4.24628450106157,7.18849840255591,6.81818181818182,8.04289544235925
"156",5.28255528255528,4.24628450106157,4.79233226837061,4.54545454545455,2.68096514745308
"157",6.51105651105651,5.4140127388535,7.18849840255591,4.54545454545455,2.68096514745308
"158",6.63390663390663,4.98938428874735,6.38977635782748,13.6363636363636,5.36193029490617
"159",0,0,0,0,0
"160",6.01965601965602,5.20169851380042,8.78594249201278,6.81818181818182,6.70241286863271
"161",5.40540540540541,5.83864118895966,6.38977635782748,2.27272727272727,5.36193029490617
"162",6.38820638820639,4.67091295116773,7.98722044728434,4.54545454545455,4.02144772117963
"163",5.65110565110565,6.26326963906582,7.98722044728434,11.3636363636364,6.70241286863271
"164",0,0,0,0,0
"165",5.28255528255528,4.67091295116773,7.98722044728434,9.09090909090909,4.02144772117963
"166",0,0,0,0,0
"167",6.01965601965602,5.52016985138004,5.59105431309904,4.54545454545455,5.36193029490617
"168",0,0,0,0,0
"169",5.52825552825553,5.09554140127389,7.18849840255591,9.09090909090909,5.36193029490617
"170",5.77395577395577,5.20169851380042,6.38977635782748,4.54545454545455,8.04289544235925
"171",5.15970515970516,6.15711252653928,7.98722044728434,6.81818181818182,5.36193029490617
"172",5.40540540540541,5.62632696390658,4.79233226837061,9.09090909090909,9.38337801608579
"173",6.01965601965602,4.98938428874735,8.78594249201278,9.09090909090909,9.38337801608579
"174",6.26535626535627,5.20169851380042,6.38977635782748,4.54545454545455,9.38337801608579
"175",6.01965601965602,5.52016985138004,6.38977635782748,9.09090909090909,5.36193029490617
"176",0,0,0,0,0
"177",0,0,0,0,0
"178",0,0,0,0,0
"179",0,0,0,0,0
"180",6.14250614250614,4.77707006369427,3.99361022364217,6.81818181818182,5.36193029490617
"181",4.91400491400491,4.24628450106157,5.59105431309904,4.54545454545455,9.38337801608579
"182",5.8968058968059,4.14012738853503,7.18849840255591,6.81818181818182,5.36193029490617
"183",0,0,0,0,0
"184",5.28255528255528,4.77707006369427,5.59105431309904,11.3636363636364,6.70241286863271
"185",0,0,0,0,0
"186",6.51105651105651,3.71549893842887,3.99361022364217,4.54545454545455,5.36193029490617
"187",6.63390663390663,5.4140127388535,7.18849840255591,4.54545454545455,5.36193029490617
"188",6.26535626535627,5.9447983014862,9.58466453674121,6.81818181818182,6.70241286863271
"189",4.91400491400491,5.52016985138004,5.59105431309904,4.54545454545455,4.02144772117963
"190",0,0.106157112526539,0,0,0
"191",4.54545454545455,5.4140127388535,3.19488817891374,9.09090909090909,6.70241286863271
"192",5.8968058968059,5.20169851380042,3.99361022364217,9.09090909090909,4.02144772117963
"193",6.87960687960688,4.14012738853503,2.3961661341853,4.54545454545455,8.04289544235925
"194",0,0.106157112526539,0,0,0
"195",6.14250614250614,5.4140127388535,5.59105431309904,2.27272727272727,6.70241286863271
"196",5.40540540540541,4.77707006369427,6.38977635782748,6.81818181818182,8.04289544235925
"197",5.8968058968059,4.98938428874735,5.59105431309904,4.54545454545455,6.70241286863271
"198",5.40540540540541,4.77707006369427,3.99361022364217,4.54545454545455,6.70241286863271
"199",6.51105651105651,5.4140127388535,4.79233226837061,6.81818181818182,8.04289544235925
"200",4.42260442260442,5.73248407643312,5.59105431309904,2.27272727272727,6.70241286863271
"201",5.03685503685504,5.62632696390658,7.18849840255591,13.6363636363636,4.02144772117963
"202",6.26535626535627,4.35244161358811,3.99361022364217,9.09090909090909,4.02144772117963
"203",5.65110565110565,5.73248407643312,6.38977635782748,2.27272727272727,4.02144772117963
"204",6.75675675675676,4.14012738853503,4.79233226837061,4.54545454545455,8.04289544235925
"205",5.28255528255528,4.88322717622081,9.58466453674121,2.27272727272727,5.36193029490617
"206",6.01965601965602,4.24628450106157,6.38977635782748,15.9090909090909,6.70241286863271
"207",5.28255528255528,4.77707006369427,3.99361022364217,6.81818181818182,5.36193029490617
"208",5.65110565110565,5.52016985138004,3.99361022364217,13.6363636363636,9.38337801608579
"209",5.77395577395577,4.14012738853503,4.79233226837061,4.54545454545455,4.02144772117963
"210",5.65110565110565,6.26326963906582,5.59105431309904,9.09090909090909,9.38337801608579
"211",5.28255528255528,5.4140127388535,7.98722044728434,9.09090909090909,2.68096514745308
"212",6.01965601965602,4.56475583864119,6.38977635782748,11.3636363636364,6.70241286863271
"213",4.79115479115479,4.98938428874735,7.18849840255591,6.81818181818182,2.68096514745308
"214",6.01965601965602,4.14012738853503,5.59105431309904,4.54545454545455,4.02144772117963
"215",6.87960687960688,6.26326963906582,5.59105431309904,11.3636363636364,5.36193029490617
"216",5.65110565110565,4.88322717622081,3.99361022364217,4.54545454545455,6.70241286863271
"217",6.38820638820639,4.98938428874735,7.98722044728434,6.81818181818182,4.02144772117963
"218",4.42260442260442,5.30785562632696,5.59105431309904,2.27272727272727,10.7238605898123
"219",5.28255528255528,6.4755838641189,6.38977635782748,6.81818181818182,8.04289544235925
"220",5.52825552825553,5.52016985138004,5.59105431309904,6.81818181818182,4.02144772117963
"221",7.49385749385749,5.52016985138004,7.18849840255591,11.3636363636364,8.04289544235925
"222",4.79115479115479,4.77707006369427,6.38977635782748,9.09090909090909,4.02144772117963
"223",4.91400491400491,5.73248407643312,7.98722044728434,11.3636363636364,5.36193029490617
"224",0,0,0,0,0
"225",6.87960687960688,4.98938428874735,6.38977635782748,4.54545454545455,6.70241286863271
"226",6.26535626535627,4.56475583864119,8.78594249201278,9.09090909090909,6.70241286863271
"227",0,0,0,0,0
"228",6.63390663390663,6.58174097664544,5.59105431309904,6.81818181818182,4.02144772117963
"229",6.38820638820639,4.77707006369427,5.59105431309904,11.3636363636364,9.38337801608579
"230",4.17690417690418,6.26326963906582,8.78594249201278,9.09090909090909,9.38337801608579
"231",0,0,0,0,0
"232",4.2997542997543,4.67091295116773,3.19488817891374,6.81818181818182,6.70241286863271
"233",5.40540540540541,5.09554140127389,3.99361022364217,4.54545454545455,6.70241286863271
"234",0,0,0,0,0
"235",0.122850122850123,0,0,0,0
"236",5.65110565110565,4.77707006369427,3.99361022364217,9.09090909090909,9.38337801608579
"237",0,0.106157112526539,0,0,0
"238",6.14250614250614,5.62632696390658,3.19488817891374,4.54545454545455,5.36193029490617
"239",6.01965601965602,4.88322717622081,6.38977635782748,4.54545454545455,2.68096514745308
"240",6.75675675675676,5.20169851380042,7.18849840255591,4.54545454545455,5.36193029490617
"241",4.66830466830467,4.24628450106157,6.38977635782748,9.09090909090909,4.02144772117963
"242",5.65110565110565,4.98938428874735,6.38977635782748,4.54545454545455,8.04289544235925
"243",0,0,0,0,0
"244",0,0,0,0,0
"245",5.03685503685504,4.24628450106157,3.99361022364217,6.81818181818182,8.04289544235925
"246",6.01965601965602,4.14012738853503,8.78594249201278,9.09090909090909,4.02144772117963
"247",5.15970515970516,5.52016985138004,6.38977635782748,6.81818181818182,2.68096514745308
"248",4.91400491400491,5.83864118895966,7.98722044728434,6.81818181818182,6.70241286863271
"249",5.40540540540541,3.92781316348195,3.99361022364217,4.54545454545455,9.38337801608579
"250",5.52825552825553,5.30785562632696,11.1821086261981,6.81818181818182,2.68096514745308
"251",5.52825552825553,6.26326963906582,5.59105431309904,11.3636363636364,6.70241286863271
"252",5.8968058968059,4.03397027600849,7.98722044728434,6.81818181818182,8.04289544235925
"253",0,0,0,0,0
"254",5.28255528255528,5.52016985138004,7.98722044728434,4.54545454545455,9.38337801608579
"255",0,0,0,0,0
"256",6.51105651105651,4.88322717622081,7.18849840255591,11.3636363636364,5.36193029490617
"257",6.38820638820639,5.52016985138004,7.98722044728434,4.54545454545455,8.04289544235925
"258",6.75675675675676,5.20169851380042,6.38977635782748,9.09090909090909,1.34048257372654
"259",6.26535626535627,4.56475583864119,3.19488817891374,4.54545454545455,6.70241286863271
"260",5.65110565110565,7.00636942675159,6.38977635782748,4.54545454545455,8.04289544235925
"261",5.52825552825553,4.88322717622081,6.38977635782748,4.54545454545455,4.02144772117963
"262",0,0,0,0,0
"263",6.87960687960688,4.77707006369427,3.99361022364217,4.54545454545455,4.02144772117963
"264",6.87960687960688,4.98938428874735,7.98722044728434,6.81818181818182,5.36193029490617
"265",5.03685503685504,5.09554140127389,7.18849840255591,6.81818181818182,4.02144772117963
"266",5.77395577395577,4.77707006369427,10.3833865814696,6.81818181818182,4.02144772117963
"267",6.14250614250614,5.30785562632696,3.99361022364217,6.81818181818182,4.02144772117963
"268",0,0,0,0,0
"269",5.15970515970516,5.20169851380042,5.59105431309904,4.54545454545455,9.38337801608579
"270",6.51105651105651,5.20169851380042,6.38977635782748,6.81818181818182,5.36193029490617
"271",0,0,0,0,0
"272",5.52825552825553,5.20169851380042,7.98722044728434,4.54545454545455,12.0643431635389
"273",6.38820638820639,5.4140127388535,3.99361022364217,4.54545454545455,6.70241286863271
"274",5.8968058968059,5.62632696390658,8.78594249201278,4.54545454545455,4.02144772117963
"275",5.52825552825553,5.20169851380042,6.38977635782748,6.81818181818182,5.36193029490617
"276",0,0,0,0,0
"277",5.52825552825553,4.88322717622081,6.38977635782748,9.09090909090909,6.70241286863271
"278",6.63390663390663,5.09554140127389,10.3833865814696,9.09090909090909,4.02144772117963
"279",5.52825552825553,4.98938428874735,6.38977635782748,9.09090909090909,5.36193029490617
"280",5.28255528255528,4.35244161358811,5.59105431309904,6.81818181818182,2.68096514745308
"281",5.52825552825553,4.88322717622081,7.18849840255591,9.09090909090909,6.70241286863271
"282",7.24815724815725,4.56475583864119,8.78594249201278,6.81818181818182,5.36193029490617
"283",7.24815724815725,6.79405520169851,7.98722044728434,6.81818181818182,2.68096514745308
"284",5.52825552825553,6.05095541401274,5.59105431309904,4.54545454545455,6.70241286863271
"285",6.38820638820639,5.20169851380042,6.38977635782748,4.54545454545455,2.68096514745308
"286",7.002457002457,5.52016985138004,8.78594249201278,2.27272727272727,4.02144772117963
"287",5.52825552825553,5.62632696390658,3.99361022364217,11.3636363636364,6.70241286863271
"288",8.35380835380835,6.36942675159236,7.18849840255591,4.54545454545455,6.70241286863271
"289",4.91400491400491,5.09554140127389,4.79233226837061,6.81818181818182,6.70241286863271
"290",6.26535626535627,4.77707006369427,6.38977635782748,6.81818181818182,5.36193029490617
"291",5.77395577395577,4.14012738853503,6.38977635782748,9.09090909090909,2.68096514745308
"292",5.40540540540541,4.24628450106157,5.59105431309904,11.3636363636364,5.36193029490617
"293",0,0,0,0,0
"294",5.28255528255528,5.30785562632696,6.38977635782748,9.09090909090909,6.70241286863271
"295",6.51105651105651,4.45859872611465,4.79233226837061,6.81818181818182,13.4048257372654
"296",5.15970515970516,4.24628450106157,7.98722044728434,6.81818181818182,8.04289544235925
"297",5.03685503685504,4.88322717622081,6.38977635782748,4.54545454545455,10.7238605898123
"298",5.77395577395577,5.30785562632696,6.38977635782748,6.81818181818182,8.04289544235925
"299",5.15970515970516,4.56475583864119,4.79233226837061,11.3636363636364,10.7238605898123
"300",6.87960687960688,4.88322717622081,5.59105431309904,11.3636363636364,8.04289544235925
"301",5.28255528255528,5.20169851380042,6.38977635782748,9.09090909090909,5.36193029490617
"302",0,0,0,0,0
"303",0,0,0,0,0
"304",4.17690417690418,5.4140127388535,3.99361022364217,6.81818181818182,4.02144772117963
"305",6.63390663390663,5.30785562632696,6.38977635782748,9.09090909090909,5.36193029490617
"306",5.40540540540541,4.45859872611465,8.78594249201278,6.81818181818182,4.02144772117963
"307",0,0.106157112526539,0,0,0
"308",6.26535626535627,5.73248407643312,7.98722044728434,4.54545454545455,10.7238605898123
"309",0,0,0,0,0
"310",5.8968058968059,4.98938428874735,5.59105431309904,6.81818181818182,2.68096514745308
"311",6.38820638820639,5.73248407643312,7.98722044728434,4.54545454545455,6.70241286863271
"312",5.65110565110565,4.67091295116773,7.98722044728434,9.09090909090909,4.02144772117963
"313",5.65110565110565,4.98938428874735,7.18849840255591,6.81818181818182,5.36193029490617
"314",0,0,0,0,0
"315",6.63390663390663,5.9447983014862,7.18849840255591,4.54545454545455,4.02144772117963
"316",4.42260442260442,5.83864118895966,3.99361022364217,4.54545454545455,4.02144772117963
"317",6.14250614250614,5.09554140127389,7.18849840255591,2.27272727272727,8.04289544235925
"318",5.03685503685504,4.14012738853503,5.59105431309904,6.81818181818182,5.36193029490617
"319",5.52825552825553,5.30785562632696,5.59105431309904,4.54545454545455,4.02144772117963
"320",0,0,0,0,0
"321",0,0.106157112526539,0,0,0
"322",5.65110565110565,4.67091295116773,5.59105431309904,11.3636363636364,5.36193029490617
"323",0,0,0,0,0
"324",5.52825552825553,4.56475583864119,7.18849840255591,9.09090909090909,8.04289544235925
"325",6.01965601965602,5.09554140127389,4.79233226837061,9.09090909090909,10.7238605898123
"326",6.63390663390663,4.14012738853503,7.98722044728434,6.81818181818182,5.36193029490617
"327",4.79115479115479,5.83864118895966,8.78594249201278,4.54545454545455,6.70241286863271
"328",5.52825552825553,5.30785562632696,3.19488817891374,4.54545454545455,2.68096514745308
"329",5.40540540540541,5.30785562632696,7.98722044728434,6.81818181818182,6.70241286863271
"330",5.40540540540541,6.4755838641189,6.38977635782748,4.54545454545455,8.04289544235925
"331",5.65110565110565,5.20169851380042,5.59105431309904,9.09090909090909,9.38337801608579
"332",0.122850122850123,0,0,0,0
"333",0,0,0,0,0
"334",6.26535626535627,5.20169851380042,6.38977635782748,13.6363636363636,6.70241286863271
"335",6.01965601965602,5.20169851380042,6.38977635782748,4.54545454545455,5.36193029490617
"336",5.77395577395577,5.09554140127389,4.79233226837061,11.3636363636364,5.36193029490617
"337",6.75675675675676,5.9447983014862,6.38977635782748,6.81818181818182,8.04289544235925
"338",0,0,0,0,0
"339",0,0,0,0,0
"340",6.26535626535627,5.09554140127389,5.59105431309904,9.09090909090909,6.70241286863271
"341",5.15970515970516,5.52016985138004,4.79233226837061,6.81818181818182,6.70241286863271
"342",5.65110565110565,5.83864118895966,6.38977635782748,6.81818181818182,4.02144772117963
"343",5.52825552825553,4.67091295116773,5.59105431309904,4.54545454545455,9.38337801608579
"344",6.87960687960688,3.92781316348195,3.19488817891374,4.54545454545455,8.04289544235925
"345",6.26535626535627,5.20169851380042,6.38977635782748,2.27272727272727,4.02144772117963
"346",5.15970515970516,5.73248407643312,4.79233226837061,2.27272727272727,5.36193029490617
"347",6.14250614250614,4.77707006369427,7.18849840255591,13.6363636363636,6.70241286863271
"348",4.79115479115479,5.09554140127389,6.38977635782748,6.81818181818182,6.70241286863271
"349",6.51105651105651,6.05095541401274,7.98722044728434,4.54545454545455,5.36193029490617
"350",4.91400491400491,4.88322717622081,5.59105431309904,9.09090909090909,12.0643431635389
"351",5.28255528255528,4.24628450106157,7.18849840255591,11.3636363636364,5.36193029490617
"352",0,0,0,0,0
"353",4.05405405405405,5.4140127388535,7.98722044728434,6.81818181818182,6.70241286863271
"354",5.03685503685504,4.67091295116773,7.98722044728434,6.81818181818182,9.38337801608579
"355",5.15970515970516,5.30785562632696,4.79233226837061,6.81818181818182,5.36193029490617
"356",6.14250614250614,5.83864118895966,5.59105431309904,4.54545454545455,8.04289544235925
"357",5.52825552825553,5.52016985138004,5.59105431309904,2.27272727272727,6.70241286863271
"358",6.14250614250614,4.77707006369427,5.59105431309904,4.54545454545455,6.70241286863271
"359",0,0,0,0,0
"360",4.79115479115479,4.56475583864119,5.59105431309904,6.81818181818182,5.36193029490617
"361",7.37100737100737,5.20169851380042,3.19488817891374,6.81818181818182,9.38337801608579
"362",5.77395577395577,5.09554140127389,6.38977635782748,6.81818181818182,6.70241286863271
"363",7.12530712530713,5.20169851380042,6.38977635782748,4.54545454545455,1.34048257372654
"364",6.63390663390663,4.67091295116773,6.38977635782748,4.54545454545455,5.36193029490617
"365",6.14250614250614,5.4140127388535,6.38977635782748,6.81818181818182,5.36193029490617
"366",0,0.106157112526539,0,0,0
"367",6.38820638820639,5.62632696390658,6.38977635782748,4.54545454545455,6.70241286863271
"368",6.14250614250614,4.56475583864119,7.18849840255591,9.09090909090909,6.70241286863271
"369",6.75675675675676,5.83864118895966,4.79233226837061,2.27272727272727,6.70241286863271
"370",0,0,0,0,0
"371",6.14250614250614,4.45859872611465,5.59105431309904,6.81818181818182,4.02144772117963
"372",6.14250614250614,4.56475583864119,3.99361022364217,2.27272727272727,5.36193029490617
"373",5.65110565110565,6.15711252653928,7.98722044728434,6.81818181818182,6.70241286863271
"374",5.52825552825553,4.03397027600849,4.79233226837061,6.81818181818182,5.36193029490617
"375",5.28255528255528,4.67091295116773,7.18849840255591,9.09090909090909,6.70241286863271
"376",6.26535626535627,5.4140127388535,3.99361022364217,2.27272727272727,4.02144772117963
"377",5.52825552825553,5.09554140127389,7.98722044728434,6.81818181818182,6.70241286863271
"378",0,0,0,0,0
"379",6.38820638820639,4.56475583864119,5.59105431309904,6.81818181818182,5.36193029490617
"380",6.26535626535627,4.56475583864119,7.98722044728434,6.81818181818182,8.04289544235925
"381",0.122850122850123,0,0,0,0
"382",6.63390663390663,4.45859872611465,5.59105431309904,4.54545454545455,9.38337801608579
"383",5.28255528255528,4.24628450106157,3.19488817891374,9.09090909090909,8.04289544235925
"384",0,0,0,0,0
"385",6.01965601965602,5.30785562632696,5.59105431309904,4.54545454545455,4.02144772117963
"386",7.12530712530713,5.4140127388535,8.78594249201278,9.09090909090909,5.36193029490617
"387",5.52825552825553,5.62632696390658,6.38977635782748,11.3636363636364,9.38337801608579
"388",5.77395577395577,5.09554140127389,7.18849840255591,9.09090909090909,4.02144772117963
"389",0,0,0,0,0
"390",6.87960687960688,5.73248407643312,7.18849840255591,4.54545454545455,9.38337801608579
"391",6.63390663390663,4.56475583864119,7.98722044728434,2.27272727272727,6.70241286863271
"392",5.65110565110565,4.88322717622081,7.18849840255591,4.54545454545455,8.04289544235925
"393",5.77395577395577,5.73248407643312,7.18849840255591,9.09090909090909,6.70241286863271
"394",5.52825552825553,5.73248407643312,7.18849840255591,4.54545454545455,6.70241286863271
"395",4.54545454545455,5.83864118895966,4.79233226837061,4.54545454545455,5.36193029490617
"396",0,0,0,0,0
"397",5.8968058968059,5.09554140127389,4.79233226837061,2.27272727272727,5.36193029490617
"398",5.15970515970516,3.5031847133758,7.98722044728434,6.81818181818182,2.68096514745308
"399",5.77395577395577,5.30785562632696,7.18849840255591,6.81818181818182,4.02144772117963
"400",6.38820638820639,3.92781316348195,7.18849840255591,6.81818181818182,6.70241286863271
"401",5.52825552825553,5.09554140127389,7.18849840255591,6.81818181818182,6.70241286863271
"402",6.01965601965602,4.24628450106157,2.3961661341853,6.81818181818182,8.04289544235925
"403",6.26535626535627,5.4140127388535,6.38977635782748,4.54545454545455,9.38337801608579
"404",5.28255528255528,5.62632696390658,7.98722044728434,4.54545454545455,6.70241286863271
"405",0,0,0,0,0
"406",5.77395577395577,5.4140127388535,4.79233226837061,4.54545454545455,8.04289544235925
"407",5.77395577395577,5.30785562632696,3.19488817891374,9.09090909090909,9.38337801608579
"408",5.28255528255528,4.77707006369427,8.78594249201278,9.09090909090909,4.02144772117963
"409",5.15970515970516,5.52016985138004,7.18849840255591,9.09090909090909,6.70241286863271
"410",5.77395577395577,4.56475583864119,3.19488817891374,4.54545454545455,5.36193029490617
"411",0,0,0,0,0
"412",0,0,0,0,0
"413",4.66830466830467,4.03397027600849,3.19488817891374,6.81818181818182,6.70241286863271
"414",6.87960687960688,4.88322717622081,3.19488817891374,9.09090909090909,4.02144772117963
"415",5.28255528255528,5.20169851380042,5.59105431309904,9.09090909090909,8.04289544235925
"416",6.63390663390663,4.77707006369427,6.38977635782748,11.3636363636364,4.02144772117963
"417",4.91400491400491,4.77707006369427,6.38977635782748,6.81818181818182,8.04289544235925
"418",4.17690417690418,5.09554140127389,5.59105431309904,4.54545454545455,4.02144772117963
"419",7.37100737100737,4.77707006369427,4.79233226837061,4.54545454545455,6.70241286863271
"420",5.65110565110565,5.20169851380042,6.38977635782748,9.09090909090909,6.70241286863271
"421",4.42260442260442,4.98938428874735,11.1821086261981,6.81818181818182,9.38337801608579
"422",6.87960687960688,4.77707006369427,6.38977635782748,4.54545454545455,9.38337801608579
"423",0,0.106157112526539,0,0,0
"424",6.38820638820639,5.52016985138004,3.19488817891374,9.09090909090909,4.02144772117963
"425",5.15970515970516,5.20169851380042,3.19488817891374,4.54545454545455,5.36193029490617
"426",5.03685503685504,3.60934182590234,5.59105431309904,9.09090909090909,5.36193029490617
"427",4.79115479115479,4.35244161358811,6.38977635782748,6.81818181818182,2.68096514745308
"428",5.65110565110565,4.45859872611465,7.18849840255591,6.81818181818182,8.04289544235925
"429",6.14250614250614,5.52016985138004,5.59105431309904,9.09090909090909,6.70241286863271
"430",7.12530712530713,5.73248407643312,7.98722044728434,6.81818181818182,5.36193029490617
"431",6.51105651105651,5.83864118895966,7.98722044728434,4.54545454545455,12.0643431635389
"432",6.14250614250614,6.26326963906582,6.38977635782748,4.54545454545455,5.36193029490617
"433",6.51105651105651,4.88322717622081,3.99361022364217,4.54545454545455,8.04289544235925
"434",7.73955773955774,5.62632696390658,9.58466453674121,6.81818181818182,4.02144772117963
"435",6.75675675675676,4.67091295116773,7.18849840255591,4.54545454545455,4.02144772117963
"436",6.01965601965602,4.98938428874735,3.19488817891374,9.09090909090909,12.0643431635389
"437",7.002457002457,6.15711252653928,5.59105431309904,6.81818181818182,9.38337801608579
"438",5.52825552825553,5.62632696390658,7.98722044728434,6.81818181818182,5.36193029490617
"439",4.54545454545455,4.77707006369427,5.59105431309904,4.54545454545455,6.70241286863271
"440",5.8968058968059,4.77707006369427,9.58466453674121,4.54545454545455,4.02144772117963
"441",4.66830466830467,5.73248407643312,7.18849840255591,9.09090909090909,5.36193029490617
"442",6.51105651105651,4.56475583864119,7.98722044728434,11.3636363636364,12.0643431635389
"443",5.52825552825553,3.5031847133758,6.38977635782748,9.09090909090909,5.36193029490617
"444",6.75675675675676,5.52016985138004,7.18849840255591,4.54545454545455,6.70241286863271
"445",5.52825552825553,5.20169851380042,3.99361022364217,2.27272727272727,5.36193029490617
"446",4.79115479115479,5.30785562632696,5.59105431309904,4.54545454545455,8.04289544235925
"447",0,0.106157112526539,0,0,0
"448",7.24815724815725,5.62632696390658,7.98722044728434,4.54545454545455,5.36193029490617
"449",5.8968058968059,5.73248407643312,5.59105431309904,4.54545454545455,9.38337801608579
"450",6.26535626535627,6.58174097664544,6.38977635782748,6.81818181818182,9.38337801608579
"451",5.03685503685504,4.98938428874735,8.78594249201278,4.54545454545455,4.02144772117963
"452",0,0.106157112526539,0,0,0
"453",6.38820638820639,5.52016985138004,5.59105431309904,9.09090909090909,6.70241286863271
"454",6.38820638820639,5.62632696390658,4.79233226837061,4.54545454545455,5.36193029490617
"455",5.15970515970516,4.88322717622081,4.79233226837061,4.54545454545455,4.02144772117963
"456",7.12530712530713,4.67091295116773,4.79233226837061,11.3636363636364,5.36193029490617
"457",0,0,0,0,0
"458",6.26535626535627,4.35244161358811,5.59105431309904,6.81818181818182,8.04289544235925
"459",6.51105651105651,5.30785562632696,6.38977635782748,6.81818181818182,5.36193029490617
"460",4.2997542997543,4.45859872611465,10.3833865814696,6.81818181818182,5.36193029490617
"461",5.77395577395577,4.88322717622081,6.38977635782748,4.54545454545455,6.70241286863271
"462",5.52825552825553,5.4140127388535,3.99361022364217,9.09090909090909,8.04289544235925
"463",5.77395577395577,5.20169851380042,7.98722044728434,9.09090909090909,6.70241286863271
"464",0,0,0,0,0
"465",5.40540540540541,5.62632696390658,7.18849840255591,6.81818181818182,6.70241286863271
"466",5.77395577395577,4.77707006369427,7.18849840255591,4.54545454545455,5.36193029490617
"467",0.122850122850123,0,0,0,0
"468",4.91400491400491,5.20169851380042,5.59105431309904,6.81818181818182,4.02144772117963
"469",5.52825552825553,6.05095541401274,5.59105431309904,4.54545454545455,5.36193029490617
"470",6.38820638820639,5.30785562632696,3.99361022364217,6.81818181818182,4.02144772117963
"471",0,0,0,0,0
"472",0,0,0,0,0
"473",5.8968058968059,4.56475583864119,6.38977635782748,4.54545454545455,4.02144772117963
"474",5.65110565110565,3.82165605095541,3.99361022364217,11.3636363636364,2.68096514745308
"475",8.10810810810811,5.73248407643312,4.79233226837061,6.81818181818182,9.38337801608579
"476",0,0,0,0,0
"477",6.87960687960688,5.4140127388535,6.38977635782748,9.09090909090909,9.38337801608579
"478",6.38820638820639,4.14012738853503,7.18849840255591,4.54545454545455,2.68096514745308
"479",5.03685503685504,6.58174097664544,9.58466453674121,6.81818181818182,4.02144772117963
"480",6.51105651105651,5.4140127388535,7.98722044728434,4.54545454545455,6.70241286863271
"481",6.51105651105651,4.24628450106157,5.59105431309904,6.81818181818182,5.36193029490617
"482",6.01965601965602,5.09554140127389,4.79233226837061,6.81818181818182,2.68096514745308
"483",6.38820638820639,4.35244161358811,10.3833865814696,9.09090909090909,8.04289544235925
"484",6.38820638820639,5.30785562632696,9.58466453674121,9.09090909090909,8.04289544235925
"485",6.38820638820639,5.73248407643312,7.18849840255591,4.54545454545455,6.70241286863271
"486",6.75675675675676,5.52016985138004,7.98722044728434,6.81818181818182,9.38337801608579
"487",0,0,0,0,0
"488",5.8968058968059,5.30785562632696,5.59105431309904,11.3636363636364,8.04289544235925
"489",3.80835380835381,4.35244161358811,3.99361022364217,4.54545454545455,4.02144772117963
"490",4.91400491400491,5.4140127388535,4.79233226837061,9.09090909090909,5.36193029490617
"491",6.63390663390663,5.73248407643312,3.19488817891374,6.81818181818182,2.68096514745308
"492",7.37100737100737,4.77707006369427,9.58466453674121,9.09090909090909,6.70241286863271
"493",4.91400491400491,4.45859872611465,6.38977635782748,11.3636363636364,6.70241286863271
"494",6.26535626535627,4.98938428874735,7.98722044728434,4.54545454545455,5.36193029490617
"495",0,0,0,0,0
"496",5.65110565110565,4.56475583864119,6.38977635782748,9.09090909090909,5.36193029490617
"497",5.28255528255528,5.4140127388535,5.59105431309904,2.27272727272727,5.36193029490617
"498",6.87960687960688,5.4140127388535,11.1821086261981,6.81818181818182,9.38337801608579
"499",0.122850122850123,0,0,0,0
"500",4.91400491400491,3.5031847133758,4.79233226837061,6.81818181818182,1.34048257372654
