"","age1.S","age2_no_comorbid.S","age2_comorbid.S","age3_no_comorbid.S","age3_comorbid.S"
"1",288,516,71,29,49
"2",814,941,125,44,75
"3",812,941,124,44,75
"4",814,941,125,44,75
"5",814,941,125,44,75
"6",814,941,125,44,75
"7",812,941,123,44,75
"8",814,941,125,44,75
"9",256,514,61,32,52
"10",814,941,125,44,75
"11",255,484,63,24,45
"12",309,498,68,30,50
"13",814,941,125,44,75
"14",364,595,89,31,52
"15",814,941,125,44,75
"16",345,547,85,34,47
"17",814,941,125,44,75
"18",814,941,125,44,75
"19",813,939,124,44,75
"20",348,561,71,34,55
"21",814,941,125,44,75
"22",814,941,125,44,75
"23",812,937,125,44,75
"24",809,940,124,43,75
"25",266,487,62,27,48
"26",803,933,121,44,75
"27",326,508,74,23,51
"28",319,535,68,32,48
"29",254,469,63,30,45
"30",387,655,79,35,49
"31",814,941,125,44,75
"32",353,568,78,33,50
"33",345,549,66,26,57
"34",810,940,125,44,75
"35",814,941,125,44,75
"36",814,941,125,44,75
"37",811,941,124,44,75
"38",282,510,62,31,48
"39",369,589,69,31,59
"40",813,941,125,44,75
"41",305,484,61,29,49
"42",813,940,125,44,75
"43",379,599,81,35,54
"44",813,941,124,44,75
"45",312,487,63,30,53
"46",814,941,125,44,75
"47",344,573,68,29,57
"48",807,936,125,43,74
"49",259,488,73,33,38
"50",814,941,125,44,75
"51",814,941,125,44,75
"52",330,517,72,33,43
"53",814,941,125,44,75
"54",326,546,78,31,53
"55",289,483,66,23,50
"56",376,565,80,29,44
"57",249,468,57,28,48
"58",315,530,65,31,59
"59",317,541,74,30,53
"60",813,941,125,44,75
"61",270,477,70,25,43
"62",805,934,125,44,74
"63",802,938,124,44,75
"64",281,517,85,23,47
"65",814,940,124,44,75
"66",810,941,123,44,75
"67",814,941,125,44,75
"68",307,501,76,27,57
"69",233,437,66,25,44
"70",814,941,125,44,75
"71",270,462,61,26,50
"72",814,940,125,44,75
"73",814,941,125,44,75
"74",365,557,77,28,56
"75",801,935,123,44,75
"76",814,941,125,44,75
"77",310,578,78,29,55
"78",812,940,124,44,75
"79",301,532,66,29,59
"80",814,940,125,44,75
"81",814,938,124,44,74
"82",277,501,63,30,51
"83",283,492,75,27,50
"84",814,941,125,44,75
"85",311,559,71,33,53
"86",263,493,68,24,48
"87",814,941,124,44,75
"88",814,941,125,44,75
"89",312,475,69,31,46
"90",811,937,125,44,75
"91",298,514,70,30,46
"92",813,940,125,44,75
"93",266,507,70,30,51
"94",293,494,69,29,46
"95",814,941,125,44,75
"96",813,941,125,44,75
"97",292,517,67,31,45
"98",395,608,81,28,62
"99",813,941,125,44,75
"100",814,941,125,44,75
"101",814,941,125,44,75
"102",814,941,125,44,75
"103",294,520,68,27,44
"104",814,940,125,44,75
"105",295,502,70,24,55
"106",812,941,125,44,75
"107",814,941,125,44,75
"108",813,941,125,44,75
"109",349,540,68,28,59
"110",814,941,125,44,75
"111",276,447,60,27,47
"112",811,938,125,43,75
"113",811,937,125,44,75
"114",305,499,68,30,50
"115",814,941,125,44,75
"116",329,573,75,28,48
"117",298,503,71,29,53
"118",812,940,125,44,75
"119",814,941,125,44,75
"120",303,544,75,33,56
"121",813,941,125,44,75
"122",814,941,125,44,75
"123",814,941,125,44,75
"124",287,480,64,32,49
"125",265,495,68,27,55
"126",268,479,66,27,59
"127",814,941,125,44,75
"128",814,941,125,44,75
"129",300,529,53,32,53
"130",814,941,125,44,75
"131",814,941,125,44,75
"132",814,941,125,44,75
"133",329,554,67,28,48
"134",338,566,76,33,51
"135",813,940,125,44,75
"136",301,533,69,36,52
"137",814,941,125,44,75
"138",813,941,125,44,75
"139",814,940,125,44,75
"140",274,479,66,31,39
"141",814,941,125,44,75
"142",278,495,64,30,50
"143",814,941,125,44,75
"144",813,941,125,44,75
"145",276,535,66,32,46
"146",813,941,125,44,75
"147",330,587,74,38,53
"148",812,941,125,44,75
"149",285,508,58,25,56
"150",280,511,62,32,47
"151",813,940,125,44,75
"152",279,486,64,31,53
"153",273,470,67,29,55
"154",814,941,125,44,75
"155",253,471,58,26,49
"156",277,509,64,33,57
"157",287,502,72,32,52
"158",812,941,125,44,75
"159",264,500,68,27,37
"160",797,933,125,44,74
"161",275,495,64,30,51
"162",814,940,125,44,75
"163",813,939,125,44,75
"164",342,597,75,25,55
"165",363,573,68,30,53
"166",270,482,56,27,55
"167",289,524,63,27,61
"168",261,488,67,28,42
"169",813,934,122,44,75
"170",814,941,124,44,75
"171",814,940,125,44,75
"172",331,525,82,29,48
"173",814,941,125,44,75
"174",335,594,75,29,50
"175",813,941,125,44,75
"176",814,941,125,44,75
"177",278,492,62,25,45
"178",814,941,125,44,75
"179",814,941,125,44,75
"180",292,527,79,33,47
"181",813,940,125,44,75
"182",814,941,125,44,75
"183",265,498,59,31,43
"184",814,941,125,44,75
"185",814,941,125,44,75
"186",297,477,66,28,46
"187",300,495,65,27,48
"188",814,941,125,44,75
"189",224,459,54,30,42
"190",320,517,64,31,51
"191",428,613,73,29,55
"192",810,939,124,44,75
"193",251,443,60,30,42
"194",814,941,125,44,75
"195",813,941,125,44,75
"196",814,941,125,44,75
"197",280,498,65,30,49
"198",814,937,125,44,75
"199",814,941,125,44,75
"200",814,941,125,44,75
"201",813,941,124,44,75
"202",269,493,70,31,41
"203",814,941,125,44,75
"204",298,497,77,35,47
"205",814,941,125,44,75
"206",346,548,71,32,54
"207",340,551,77,35,51
"208",375,604,76,35,61
"209",278,478,62,31,50
"210",814,941,125,44,75
"211",248,438,50,33,46
"212",814,941,125,44,75
"213",814,941,125,44,75
"214",294,506,71,23,53
"215",814,941,125,44,75
"216",811,940,124,44,75
"217",354,567,72,29,51
"218",300,544,73,33,53
"219",814,941,125,44,75
"220",323,538,59,38,50
"221",323,526,71,33,55
"222",813,941,124,44,75
"223",808,936,125,44,74
"224",284,507,62,21,51
"225",814,941,125,44,75
"226",813,937,125,44,75
"227",265,516,77,36,53
"228",814,941,125,44,75
"229",309,561,63,26,59
"230",319,537,81,32,50
"231",814,941,125,44,75
"232",296,484,70,31,51
"233",814,941,125,44,75
"234",814,941,125,44,75
"235",814,941,125,44,75
"236",280,463,64,31,45
"237",270,481,59,27,55
"238",813,941,125,44,75
"239",306,575,67,32,57
"240",814,941,125,44,75
"241",814,941,125,43,75
"242",811,939,125,44,75
"243",286,521,75,33,52
"244",802,936,124,44,75
"245",814,941,125,44,75
"246",814,941,125,44,75
"247",811,940,125,44,75
"248",285,487,71,30,48
"249",325,552,76,34,45
"250",813,941,125,44,75
"251",813,941,125,44,75
"252",368,568,71,36,51
"253",814,941,125,44,75
"254",814,941,125,44,75
"255",814,941,125,44,75
"256",336,557,67,36,54
"257",278,434,61,29,51
"258",813,941,125,44,74
"259",814,941,125,44,75
"260",318,532,67,31,47
"261",814,941,125,44,75
"262",814,941,125,44,75
"263",321,539,77,32,48
"264",812,937,125,44,73
"265",316,506,62,31,48
"266",332,569,70,34,51
"267",813,937,125,44,75
"268",814,941,125,44,75
"269",813,941,125,44,75
"270",365,628,69,26,57
"271",256,477,68,24,41
"272",813,941,123,43,75
"273",814,941,125,44,75
"274",814,941,125,44,75
"275",814,941,125,44,75
"276",813,941,125,44,75
"277",336,539,66,32,50
"278",813,940,125,44,75
"279",314,543,69,27,53
"280",808,939,124,43,75
"281",813,941,125,44,75
"282",809,939,124,44,75
"283",275,505,73,29,50
"284",810,941,125,44,75
"285",296,522,66,30,51
"286",814,941,125,44,75
"287",814,941,125,44,75
"288",270,497,68,25,54
"289",352,574,72,28,51
"290",310,529,67,32,50
"291",283,506,57,23,48
"292",814,941,125,44,75
"293",814,941,125,44,75
"294",340,512,59,26,47
"295",341,520,71,28,48
"296",364,593,86,28,53
"297",814,939,125,44,75
"298",814,941,125,44,75
"299",318,534,67,29,44
"300",814,941,125,44,75
"301",813,940,125,44,75
"302",814,941,125,44,75
"303",812,937,125,44,75
"304",265,477,57,34,44
"305",275,500,66,30,56
"306",814,941,125,44,75
"307",812,940,124,43,75
"308",366,580,72,33,55
"309",814,940,125,44,75
"310",814,941,125,44,75
"311",812,941,125,44,75
"312",798,931,122,44,75
"313",814,941,125,44,75
"314",814,941,125,44,75
"315",814,941,125,44,75
"316",813,941,125,44,75
"317",303,534,74,32,52
"318",813,941,125,44,75
"319",814,941,125,44,75
"320",814,941,125,44,75
"321",813,940,124,44,75
"322",814,941,125,44,75
"323",252,484,54,29,53
"324",366,615,79,35,60
"325",343,561,84,36,58
"326",286,475,60,26,52
"327",814,941,125,44,75
"328",234,461,55,27,49
"329",814,941,125,44,75
"330",745,900,119,40,72
"331",315,531,72,25,45
"332",406,605,85,34,54
"333",270,466,64,24,54
"334",814,941,125,44,75
"335",292,532,69,27,50
"336",814,941,125,44,75
"337",381,612,77,33,62
"338",806,938,125,44,75
"339",322,531,70,31,47
"340",813,940,125,44,75
"341",275,492,67,33,49
"342",375,565,72,32,59
"343",802,935,125,44,75
"344",403,575,77,35,57
"345",339,574,71,31,58
"346",812,941,125,44,74
"347",343,569,82,27,55
"348",293,493,71,28,46
"349",813,940,125,44,75
"350",814,941,125,44,75
"351",301,511,63,25,46
"352",806,936,123,44,75
"353",237,492,64,27,44
"354",813,940,124,44,75
"355",814,941,125,44,75
"356",814,941,125,44,75
"357",336,521,77,27,53
"358",316,524,67,30,47
"359",287,527,65,31,56
"360",814,941,125,44,75
"361",814,941,125,44,75
"362",814,941,125,44,75
"363",806,938,125,44,75
"364",814,941,125,44,75
"365",814,941,125,44,75
"366",813,941,125,44,75
"367",813,941,125,44,75
"368",814,941,125,44,75
"369",814,941,125,44,75
"370",813,941,125,44,74
"371",812,940,125,44,75
"372",814,941,125,44,75
"373",814,941,125,44,75
"374",281,473,65,30,51
"375",814,941,125,44,75
"376",813,940,125,44,75
"377",814,941,125,44,74
"378",310,524,68,28,53
"379",814,941,125,44,74
"380",300,543,80,29,46
"381",813,941,124,43,75
"382",811,941,125,44,75
"383",808,935,122,44,74
"384",257,445,52,34,54
"385",813,941,125,44,75
"386",310,533,76,24,59
"387",814,941,125,44,75
"388",814,941,125,44,75
"389",814,941,125,44,75
"390",814,941,125,44,75
"391",812,940,124,44,75
"392",811,938,125,44,74
"393",331,544,64,31,53
"394",814,941,125,44,75
"395",814,940,124,44,75
"396",812,937,125,43,75
"397",280,497,72,30,50
"398",352,571,80,34,51
"399",811,940,125,44,75
"400",806,933,125,44,73
"401",814,941,125,44,75
"402",233,467,62,19,46
"403",306,496,71,28,55
"404",278,501,75,20,45
"405",814,940,124,44,75
"406",813,941,125,44,75
"407",282,508,58,29,43
"408",813,941,125,44,75
"409",295,538,70,35,47
"410",814,941,125,44,75
"411",330,556,74,31,45
"412",408,631,77,37,58
"413",814,939,124,44,75
"414",813,936,123,44,75
"415",298,504,58,23,51
"416",814,941,125,44,75
"417",278,503,71,29,48
"418",814,941,125,44,75
"419",331,548,72,29,48
"420",813,939,125,44,75
"421",236,441,58,28,46
"422",814,941,125,43,75
"423",814,941,125,44,75
"424",269,501,65,27,44
"425",812,939,125,44,75
"426",814,941,125,44,75
"427",814,941,125,44,75
"428",814,941,125,44,75
"429",813,941,125,44,75
"430",813,941,125,44,75
"431",316,516,69,23,49
"432",814,941,125,44,75
"433",814,941,125,43,75
"434",768,912,119,42,73
"435",302,478,72,33,51
"436",813,941,125,44,75
"437",330,570,81,29,53
"438",814,941,125,44,75
"439",809,939,124,44,75
"440",320,557,69,32,50
"441",811,941,125,44,75
"442",383,590,71,25,62
"443",351,577,84,23,50
"444",310,538,75,29,58
"445",286,501,71,26,43
"446",814,941,125,44,75
"447",313,509,86,26,45
"448",270,482,71,30,50
"449",330,541,71,34,52
"450",811,939,125,44,75
"451",293,538,63,29,53
"452",243,476,62,32,50
"453",812,941,125,44,75
"454",811,939,124,44,75
"455",814,940,125,44,75
"456",280,484,70,26,46
"457",814,941,125,44,75
"458",375,551,65,33,51
"459",814,941,125,44,75
"460",813,941,125,44,75
"461",814,941,125,44,75
"462",809,937,125,43,75
"463",336,565,79,35,57
"464",814,941,125,44,75
"465",814,941,125,44,75
"466",813,939,122,44,75
"467",314,481,64,32,46
"468",346,570,76,28,50
"469",811,940,125,44,75
"470",301,529,73,26,48
"471",814,941,125,44,75
"472",814,941,125,44,75
"473",814,941,125,44,75
"474",813,941,125,44,75
"475",814,941,125,43,75
"476",814,941,125,43,75
"477",813,941,125,44,75
"478",813,941,125,44,75
"479",813,940,125,44,75
"480",262,482,74,29,48
"481",814,941,125,44,75
"482",380,588,79,29,51
"483",286,497,50,31,50
"484",811,940,125,44,75
"485",814,941,125,44,75
"486",326,540,69,32,53
"487",814,941,125,44,75
"488",363,582,82,30,59
"489",776,911,123,44,73
"490",764,906,121,44,75
"491",814,941,125,44,75
"492",361,590,75,35,52
"493",267,459,63,32,47
"494",806,933,124,44,75
"495",287,554,68,27,50
"496",814,941,125,44,75
"497",814,941,125,44,75
"498",814,941,125,44,75
"499",811,941,125,43,75
"500",813,940,125,44,75
"501",814,940,125,44,75
"502",814,941,125,44,75
"503",255,463,63,28,48
"504",320,541,81,31,47
"505",814,941,125,44,75
"506",810,939,125,44,75
"507",274,456,65,24,50
"508",814,941,125,44,75
"509",299,472,79,22,46
"510",301,544,65,29,47
"511",346,523,68,32,54
"512",296,499,76,31,53
"513",273,491,57,27,45
"514",814,941,125,44,75
"515",366,581,77,33,61
"516",302,541,63,37,40
"517",261,468,60,23,51
"518",811,936,125,44,75
"519",814,941,124,44,75
"520",814,941,125,44,75
"521",814,940,125,44,75
"522",281,509,71,27,57
"523",814,941,125,44,75
"524",331,547,66,26,57
"525",814,940,125,44,75
"526",812,941,125,44,75
"527",814,941,125,44,75
"528",251,460,61,28,52
"529",814,941,125,44,75
"530",292,513,70,26,50
"531",310,521,68,31,53
"532",814,941,125,44,75
"533",814,941,125,44,75
"534",800,928,122,43,75
"535",814,941,125,44,75
"536",814,941,125,44,75
"537",290,507,74,29,49
"538",814,941,125,44,75
"539",311,511,62,29,47
"540",805,938,124,44,75
"541",814,941,125,44,75
"542",812,941,125,44,75
"543",814,941,125,44,75
"544",262,482,61,29,45
"545",814,940,125,43,75
"546",796,927,124,43,73
"547",814,941,125,44,75
"548",813,940,125,44,75
"549",277,481,61,26,46
"550",265,475,59,28,52
"551",814,941,125,44,75
"552",289,495,69,29,50
"553",814,941,124,44,75
"554",814,941,125,44,75
"555",814,941,125,44,75
"556",292,487,66,30,49
"557",810,940,125,44,75
"558",346,595,72,32,58
"559",814,941,125,44,75
"560",814,941,125,44,75
"561",299,529,60,28,51
"562",284,491,65,32,53
"563",814,941,125,44,75
"564",814,941,125,44,75
"565",363,588,78,34,52
"566",814,941,125,44,75
"567",814,941,125,44,75
"568",368,556,79,32,54
"569",221,434,69,27,44
"570",814,941,125,44,75
"571",814,941,125,44,75
"572",813,941,124,44,75
"573",814,941,125,44,75
"574",266,476,73,27,54
"575",271,494,60,33,52
"576",814,941,124,44,75
"577",283,491,61,23,49
"578",812,938,125,44,75
"579",300,540,71,28,52
"580",812,940,124,44,75
"581",814,940,124,44,75
"582",264,512,61,28,44
"583",303,544,73,27,42
"584",318,549,74,34,54
"585",814,941,125,44,75
"586",811,938,125,44,75
"587",289,501,72,31,50
"588",284,468,68,33,47
"589",798,931,124,43,75
"590",811,939,125,44,75
"591",814,941,125,44,75
"592",305,529,72,27,50
"593",812,940,124,44,75
"594",302,531,66,29,53
"595",814,941,125,43,75
"596",813,941,125,44,75
"597",814,941,125,44,75
"598",331,556,77,30,55
"599",814,941,124,44,75
"600",814,941,125,44,75
"601",813,941,125,44,75
"602",308,534,71,33,54
"603",814,941,125,44,75
"604",284,496,80,27,48
"605",791,923,123,43,73
"606",814,941,125,44,75
"607",802,937,125,44,75
"608",427,616,83,38,55
"609",814,941,125,44,75
"610",814,940,125,43,75
"611",814,941,125,44,75
"612",300,495,80,31,52
"613",301,548,69,36,51
"614",320,535,63,26,51
"615",813,941,125,44,75
"616",354,575,61,33,56
"617",814,941,125,44,75
"618",814,941,125,44,75
"619",814,941,125,44,75
"620",317,557,74,29,61
"621",814,941,125,44,74
"622",277,508,61,33,52
"623",244,483,65,27,49
"624",264,483,65,27,52
"625",814,941,125,44,75
"626",334,523,67,30,47
"627",813,940,125,44,75
"628",814,941,125,44,75
"629",812,940,125,44,75
"630",808,939,124,44,75
"631",419,621,75,31,57
"632",295,494,63,30,50
"633",322,515,75,28,51
"634",363,562,81,34,51
"635",813,939,125,44,75
"636",812,939,125,44,75
"637",814,941,125,44,75
"638",376,589,75,24,52
"639",814,941,125,44,75
"640",280,463,62,29,49
"641",812,941,125,44,75
"642",813,939,125,44,75
"643",814,941,125,44,75
"644",381,606,78,30,55
"645",814,941,125,44,75
"646",814,941,125,44,75
"647",812,938,125,44,75
"648",309,544,74,33,55
"649",810,941,125,44,74
"650",814,940,125,44,75
"651",814,941,125,44,75
"652",278,527,58,28,44
"653",379,609,81,35,53
"654",289,531,63,31,46
"655",309,519,78,30,45
"656",241,448,72,26,49
"657",290,499,54,31,46
"658",298,492,63,27,50
"659",282,497,76,28,49
"660",350,579,78,30,46
"661",814,938,125,44,75
"662",814,941,125,44,75
"663",814,941,125,44,75
"664",251,441,54,26,40
"665",813,938,125,44,75
"666",813,940,125,44,75
"667",814,940,125,44,75
"668",335,552,80,32,50
"669",814,940,125,44,75
"670",808,935,124,44,75
"671",286,490,69,26,49
"672",814,940,125,44,75
"673",814,941,125,44,75
"674",345,570,76,32,51
"675",813,941,125,44,75
"676",813,940,125,44,75
"677",814,941,125,44,74
"678",223,451,57,31,42
"679",814,941,125,44,75
"680",425,617,81,30,51
"681",293,499,65,22,43
"682",236,463,57,29,46
"683",308,504,70,25,52
"684",814,941,125,44,75
"685",814,941,125,44,75
"686",316,529,73,23,49
"687",814,940,125,44,75
"688",289,514,59,33,55
"689",814,941,125,44,75
"690",814,941,125,44,75
"691",814,941,125,44,75
"692",813,941,125,44,75
"693",814,941,124,44,75
"694",354,590,74,34,54
"695",814,941,125,44,75
"696",785,919,122,42,73
"697",814,941,125,44,75
"698",288,530,79,31,52
"699",814,941,125,44,75
"700",814,941,125,44,75
"701",811,940,125,44,75
"702",814,941,125,44,75
"703",814,941,125,44,75
"704",813,940,125,44,75
"705",296,499,66,30,49
"706",313,549,79,33,50
"707",814,941,125,44,75
"708",814,941,125,44,75
"709",814,940,125,44,75
"710",813,941,125,44,75
"711",813,940,125,44,75
"712",814,941,125,44,75
"713",814,941,125,44,75
"714",814,941,125,44,75
"715",348,546,77,33,53
"716",291,495,59,27,50
"717",301,530,68,32,56
"718",305,529,63,30,51
"719",813,939,125,44,75
"720",312,521,75,31,55
"721",814,941,125,44,75
"722",814,941,125,44,75
"723",814,941,125,44,75
"724",814,941,125,44,75
"725",811,940,124,44,75
"726",278,500,60,28,49
"727",806,935,125,43,75
"728",293,515,57,37,50
"729",814,941,125,44,75
"730",341,532,81,26,48
"731",247,459,66,27,49
"732",812,940,125,44,75
"733",814,940,125,44,75
"734",814,941,124,44,75
"735",378,569,70,32,54
"736",301,538,60,30,47
"737",335,535,68,29,52
"738",297,520,73,26,58
"739",262,532,78,26,51
"740",308,502,79,29,49
"741",344,597,69,35,54
"742",382,634,72,35,58
"743",814,941,125,44,75
"744",366,577,69,33,47
"745",348,543,78,29,57
"746",814,941,124,44,75
"747",280,518,69,29,54
"748",814,941,125,44,75
"749",814,941,125,44,75
"750",265,506,70,33,49
"751",268,449,60,30,51
"752",343,553,74,29,54
"753",308,489,59,31,46
"754",315,520,68,32,49
"755",814,940,125,44,75
"756",813,941,125,44,75
"757",814,941,125,44,75
"758",796,931,124,43,74
"759",814,941,125,44,75
"760",814,941,125,44,75
"761",298,513,73,30,46
"762",812,940,125,44,75
"763",814,940,123,44,75
"764",811,940,124,44,74
"765",813,941,125,44,75
"766",398,606,76,35,57
"767",374,597,86,28,53
"768",812,939,125,44,75
"769",814,941,125,44,75
"770",326,539,66,30,53
"771",814,941,125,44,75
"772",290,482,70,35,47
"773",814,941,125,44,75
"774",370,553,81,32,54
"775",261,498,70,33,45
"776",814,941,125,44,75
"777",814,941,125,44,75
"778",814,941,125,44,75
"779",263,457,80,32,61
"780",302,527,71,32,58
"781",312,537,70,28,53
"782",814,941,125,44,75
"783",283,528,70,29,48
"784",814,941,125,44,75
"785",814,941,125,44,75
"786",810,940,125,44,75
"787",300,515,70,27,52
"788",333,548,80,33,53
"789",814,941,125,44,75
"790",809,939,124,44,75
"791",814,941,125,44,75
"792",814,941,125,44,75
"793",814,941,125,44,75
"794",302,489,66,27,50
"795",219,481,76,25,44
"796",329,529,78,32,56
"797",814,941,125,44,75
"798",814,941,125,44,75
"799",346,585,70,36,50
"800",814,941,125,44,75
"801",295,518,64,31,50
"802",321,535,72,27,51
"803",252,445,55,24,55
"804",810,941,124,44,75
"805",814,941,125,44,75
"806",814,938,125,44,75
"807",297,497,59,25,48
"808",814,941,125,44,75
"809",814,941,125,44,75
"810",290,481,53,32,48
"811",810,939,125,44,74
"812",814,941,125,44,75
"813",381,587,70,34,51
"814",814,941,125,44,75
"815",318,515,67,28,50
"816",813,941,125,44,75
"817",334,558,76,28,45
"818",390,588,87,32,56
"819",813,940,124,44,75
"820",284,493,61,23,45
"821",279,532,74,27,58
"822",814,941,125,44,75
"823",813,939,125,44,75
"824",277,510,66,29,43
"825",329,517,69,35,41
"826",809,940,125,44,75
"827",257,469,71,25,51
"828",814,941,125,44,75
"829",814,941,125,44,75
"830",813,941,125,44,75
"831",814,941,125,44,75
"832",814,941,125,44,75
"833",294,529,63,31,57
"834",814,941,125,44,75
"835",228,469,74,30,40
"836",315,508,66,34,49
"837",795,929,125,44,75
"838",249,442,59,32,45
"839",814,941,125,44,75
"840",814,940,124,44,75
"841",350,588,69,35,54
"842",243,447,58,30,38
"843",280,511,67,34,52
"844",814,941,125,44,75
"845",216,420,64,27,57
"846",326,528,76,33,51
"847",316,529,64,33,55
"848",814,941,125,44,75
"849",814,941,125,44,75
"850",345,557,68,32,51
"851",283,512,62,26,52
"852",814,941,125,44,75
"853",362,568,71,31,51
"854",345,521,74,33,59
"855",811,939,125,44,75
"856",309,541,74,27,45
"857",310,522,78,30,50
"858",335,563,74,30,45
"859",275,482,69,29,49
"860",292,502,70,29,50
"861",362,590,77,32,57
"862",291,495,67,28,53
"863",812,940,125,44,75
"864",323,546,74,35,50
"865",287,473,58,27,50
"866",295,481,65,32,46
"867",237,449,61,26,48
"868",315,565,64,32,54
"869",312,536,78,34,53
"870",231,458,59,26,47
"871",814,941,125,44,75
"872",317,551,70,31,54
"873",814,941,125,44,75
"874",813,939,125,44,75
"875",814,941,125,44,75
"876",384,596,78,33,51
"877",813,940,125,44,75
"878",813,941,125,44,75
"879",813,941,125,43,75
"880",814,941,125,44,75
"881",279,535,67,27,45
"882",330,564,68,35,51
"883",814,941,125,44,75
"884",336,554,69,31,47
"885",814,941,125,44,75
"886",812,941,125,44,75
"887",814,941,125,44,75
"888",303,505,79,29,52
"889",369,571,74,31,49
"890",290,509,70,31,55
"891",334,552,72,28,53
"892",814,941,125,44,75
"893",814,941,125,44,75
"894",316,551,83,31,44
"895",814,941,125,44,75
"896",304,507,68,27,53
"897",813,941,124,44,75
"898",363,553,79,29,54
"899",808,940,124,44,75
"900",279,499,69,27,50
"901",814,940,125,44,75
"902",813,941,125,44,75
"903",319,542,73,28,48
"904",812,941,125,44,75
"905",264,479,62,29,52
"906",814,941,125,44,75
"907",814,940,125,44,75
"908",814,941,125,44,75
"909",277,517,69,24,46
"910",814,939,125,44,75
"911",377,588,82,28,52
"912",814,941,125,44,75
"913",810,939,125,44,75
"914",799,937,125,44,74
"915",250,501,71,32,49
"916",809,932,125,44,74
"917",814,941,125,44,75
"918",363,579,76,29,56
"919",323,567,77,35,47
"920",812,941,125,44,75
"921",814,941,125,44,75
"922",322,545,69,27,49
"923",814,941,125,44,75
"924",813,940,125,44,75
"925",317,549,76,33,54
"926",813,941,125,44,74
"927",328,534,68,32,52
"928",814,940,125,44,75
"929",253,470,60,29,48
"930",814,941,125,44,75
"931",814,940,124,44,75
"932",813,941,125,44,75
"933",275,480,61,28,51
"934",814,941,125,44,75
"935",814,941,125,44,75
"936",812,941,125,44,75
"937",814,941,125,44,75
"938",269,488,72,30,41
"939",262,463,65,27,48
"940",814,941,125,44,75
"941",813,941,125,44,75
"942",303,493,75,33,49
"943",814,941,125,44,75
"944",814,941,125,44,75
"945",252,475,81,25,44
"946",309,552,73,29,52
"947",275,478,65,32,46
"948",809,933,123,44,75
"949",813,940,125,44,75
"950",256,484,61,31,46
"951",814,941,125,44,75
"952",284,507,59,32,53
"953",814,941,125,44,75
"954",813,940,125,44,75
"955",813,939,125,44,75
"956",813,941,125,44,75
"957",813,941,125,43,75
"958",357,566,69,27,53
"959",262,500,73,30,48
"960",809,935,124,43,75
"961",389,615,86,32,50
"962",814,941,125,44,75
"963",814,941,125,44,75
"964",814,941,125,44,75
"965",814,941,125,44,75
"966",814,941,125,44,75
"967",814,941,125,44,75
"968",809,938,125,44,75
"969",814,941,125,44,75
"970",269,472,62,26,53
"971",814,941,125,44,75
"972",331,599,68,30,56
"973",813,941,125,44,75
"974",812,941,125,44,75
"975",306,517,72,26,47
"976",412,634,78,34,52
"977",310,534,67,32,51
"978",304,507,67,30,44
"979",812,941,125,44,75
"980",292,522,72,28,53
"981",814,941,125,44,75
"982",814,941,125,44,75
"983",814,940,125,44,75
"984",814,941,125,44,75
"985",814,941,125,44,75
"986",290,519,72,28,57
"987",301,498,67,28,41
"988",341,550,77,36,48
"989",814,941,125,44,75
"990",814,941,125,44,75
"991",313,528,66,31,51
"992",812,941,125,44,75
"993",316,534,74,30,47
"994",813,939,125,44,75
"995",333,545,69,29,52
"996",267,520,63,28,49
"997",797,927,123,44,74
"998",449,680,88,33,62
"999",296,524,63,35,52
"1000",810,940,125,44,75
"1001",275,507,69,28,49
"1002",369,581,78,33,58
"1003",285,508,67,33,45
"1004",261,480,67,28,50
"1005",813,940,125,44,75
"1006",318,522,70,28,50
"1007",304,510,61,27,50
"1008",325,548,67,33,53
"1009",314,561,75,32,49
"1010",812,940,124,44,75
"1011",813,941,125,44,75
"1012",327,563,79,29,59
"1013",814,941,125,44,75
"1014",460,666,85,32,52
"1015",284,511,71,29,54
"1016",263,489,65,25,45
"1017",813,941,125,44,75
"1018",812,941,125,44,75
"1019",310,554,68,26,50
"1020",810,939,125,44,75
"1021",814,941,125,44,75
"1022",814,941,125,44,75
"1023",345,565,67,28,49
"1024",802,937,125,44,74
"1025",353,580,79,29,55
"1026",813,941,125,43,75
"1027",813,939,125,44,75
"1028",323,511,73,31,53
"1029",809,941,125,44,75
"1030",339,573,77,29,43
"1031",330,551,68,25,47
"1032",282,488,66,28,51
"1033",286,510,70,30,45
"1034",814,941,125,44,75
"1035",317,523,58,28,52
"1036",278,552,65,29,54
"1037",814,941,125,44,75
"1038",810,939,120,44,75
"1039",246,456,54,22,46
"1040",814,941,125,44,75
"1041",810,939,124,43,75
"1042",316,510,57,31,57
"1043",325,517,79,29,54
"1044",811,941,125,44,75
"1045",813,941,125,44,75
"1046",337,557,80,30,48
"1047",813,940,125,44,74
"1048",297,522,61,30,53
"1049",384,580,72,35,53
"1050",813,941,125,44,75
"1051",814,941,125,44,75
"1052",352,590,83,38,50
"1053",814,941,125,44,75
"1054",814,941,125,44,75
"1055",814,941,125,44,75
"1056",318,509,72,31,56
"1057",271,439,67,30,45
"1058",330,569,69,33,51
"1059",810,938,123,44,74
"1060",814,941,125,44,75
"1061",335,564,70,32,57
"1062",814,941,125,44,75
"1063",813,941,125,44,75
"1064",306,517,63,33,52
"1065",809,941,124,44,75
"1066",814,941,125,44,75
"1067",812,939,125,44,75
"1068",813,940,124,44,75
"1069",814,941,125,44,75
"1070",305,521,72,32,50
"1071",814,941,125,44,75
"1072",814,941,125,44,75
"1073",372,578,74,34,48
"1074",814,941,125,44,75
"1075",290,521,64,23,46
"1076",365,544,71,27,46
"1077",243,451,61,30,48
"1078",814,940,125,44,75
"1079",339,548,57,29,52
"1080",812,939,125,44,75
"1081",306,534,77,26,52
"1082",280,479,65,27,49
"1083",299,544,69,30,57
"1084",814,941,125,44,75
"1085",317,529,68,34,47
"1086",288,510,70,32,39
"1087",297,497,65,28,48
"1088",289,522,73,31,45
"1089",336,621,72,31,52
"1090",262,469,65,25,45
"1091",814,941,125,44,75
"1092",328,542,78,29,47
"1093",271,482,72,30,47
"1094",809,938,123,44,74
"1095",814,941,125,44,75
"1096",811,941,125,44,75
"1097",814,941,125,44,75
"1098",293,508,81,30,53
"1099",381,608,82,31,50
"1100",329,568,68,30,55
"1101",814,941,125,44,75
"1102",814,941,125,44,75
"1103",333,545,70,35,46
"1104",270,472,65,27,51
"1105",814,941,125,44,75
"1106",255,455,55,27,48
"1107",304,505,73,33,49
"1108",264,504,75,30,53
"1109",813,939,125,44,75
"1110",814,941,125,44,75
"1111",325,551,74,29,47
"1112",796,934,121,42,75
"1113",343,549,71,36,50
"1114",328,544,62,29,47
"1115",813,937,125,44,75
"1116",814,941,124,44,75
"1117",813,939,125,44,75
"1118",248,437,58,35,46
"1119",814,941,125,44,75
"1120",273,466,60,33,45
"1121",814,941,125,44,75
"1122",812,941,125,44,75
"1123",294,534,66,30,49
"1124",323,524,77,29,50
"1125",812,940,124,44,75
"1126",811,938,125,44,75
"1127",814,941,125,44,75
"1128",282,507,68,30,49
"1129",261,483,57,32,40
"1130",812,940,125,44,75
"1131",812,939,125,44,75
"1132",813,941,125,44,75
"1133",813,940,124,43,75
"1134",811,939,125,44,75
"1135",812,940,125,44,75
"1136",814,941,125,44,75
"1137",814,941,125,44,75
"1138",814,941,125,44,75
"1139",337,516,68,29,53
"1140",797,931,124,43,74
"1141",811,939,125,44,75
"1142",270,469,65,31,41
"1143",814,941,125,44,75
"1144",814,941,125,44,75
"1145",271,457,67,29,50
"1146",814,941,125,44,75
"1147",270,523,63,27,52
"1148",319,571,65,32,48
"1149",298,510,61,26,57
"1150",327,505,62,25,52
"1151",811,941,124,44,75
"1152",808,938,125,44,75
"1153",293,498,66,28,50
"1154",813,941,125,44,75
"1155",814,941,125,44,75
"1156",814,941,125,44,75
"1157",331,539,82,33,58
"1158",813,939,125,44,75
"1159",802,932,124,43,75
"1160",814,940,125,44,75
"1161",814,941,125,44,75
"1162",311,487,64,26,46
"1163",814,941,125,44,75
"1164",814,941,125,44,75
"1165",299,537,70,33,53
"1166",813,940,125,44,75
"1167",814,941,125,44,75
"1168",814,941,125,44,75
"1169",807,940,124,44,75
"1170",814,941,125,44,75
"1171",814,941,125,44,75
"1172",814,941,125,44,74
"1173",336,580,75,27,59
"1174",262,467,55,32,55
"1175",814,941,125,44,75
"1176",814,941,125,44,75
"1177",814,941,125,44,75
"1178",814,941,125,44,75
"1179",311,502,63,27,49
"1180",278,509,70,31,55
"1181",814,941,125,44,75
"1182",293,564,64,30,49
"1183",814,941,125,44,75
"1184",814,941,125,44,75
"1185",814,941,125,44,75
"1186",814,940,125,44,75
"1187",812,940,125,44,75
"1188",814,941,125,44,75
"1189",388,577,76,35,51
"1190",281,505,66,30,48
"1191",813,941,125,44,75
"1192",814,936,125,44,75
"1193",814,941,125,44,75
"1194",302,478,68,36,50
"1195",814,941,125,44,75
"1196",810,939,124,44,75
"1197",814,941,125,44,75
"1198",384,614,75,31,58
"1199",812,941,125,44,74
"1200",814,941,125,44,75
"1201",813,940,125,44,75
"1202",814,940,125,44,75
"1203",311,536,74,25,49
"1204",814,941,125,44,75
"1205",280,507,70,27,56
"1206",810,939,125,44,75
"1207",814,941,125,44,75
"1208",813,941,125,44,75
"1209",812,941,125,44,75
"1210",272,494,65,33,44
"1211",814,941,125,44,75
"1212",814,941,125,44,75
"1213",814,941,125,44,75
"1214",332,560,80,31,46
"1215",814,941,125,44,75
"1216",814,941,125,44,75
"1217",814,941,125,44,75
"1218",319,552,66,30,50
"1219",814,939,125,44,75
"1220",311,506,75,24,61
"1221",291,510,72,33,51
"1222",360,568,79,33,49
"1223",813,941,125,44,75
"1224",814,941,125,44,75
"1225",812,941,125,44,75
"1226",814,941,125,44,75
"1227",310,547,64,32,47
"1228",814,941,125,44,75
"1229",409,633,80,29,59
"1230",292,520,68,33,52
"1231",279,477,58,28,48
"1232",814,941,125,44,75
"1233",279,479,80,32,54
"1234",263,488,64,33,48
"1235",813,940,124,44,75
"1236",814,941,125,44,75
"1237",814,941,125,44,75
"1238",813,941,125,44,75
"1239",814,941,125,44,75
"1240",344,561,80,25,49
"1241",814,941,125,44,75
"1242",814,941,125,44,75
"1243",253,474,68,24,46
"1244",322,554,78,31,47
"1245",302,524,66,28,48
"1246",276,487,65,25,53
"1247",811,941,125,44,75
"1248",814,941,125,44,75
"1249",345,583,71,37,47
"1250",814,941,125,44,75
"1251",296,529,66,26,55
"1252",342,528,70,36,48
"1253",320,541,79,34,47
"1254",795,929,123,44,74
"1255",813,941,125,44,75
"1256",814,941,125,44,75
"1257",814,940,125,44,75
"1258",812,940,125,44,75
"1259",811,937,125,44,75
"1260",811,941,125,44,75
"1261",291,480,67,34,59
"1262",339,544,69,24,54
"1263",814,941,125,43,75
"1264",260,481,56,26,48
"1265",814,941,125,44,75
"1266",811,940,125,44,75
"1267",277,481,63,30,51
"1268",814,941,125,44,75
"1269",811,940,125,44,75
"1270",382,619,83,30,51
"1271",814,941,125,44,75
"1272",814,941,125,44,74
"1273",814,941,125,44,75
"1274",814,941,125,44,75
"1275",296,584,71,29,57
"1276",354,579,66,27,62
"1277",305,546,73,29,52
"1278",814,941,125,44,75
"1279",277,463,68,26,55
"1280",814,941,125,44,75
"1281",314,509,72,27,49
"1282",814,941,125,44,75
"1283",808,936,124,44,75
"1284",814,941,125,44,75
"1285",814,941,125,44,75
"1286",814,940,125,44,75
"1287",356,547,71,28,47
"1288",814,941,125,44,75
"1289",320,522,80,32,52
"1290",354,555,66,31,55
"1291",374,588,79,33,52
"1292",309,545,71,32,56
"1293",814,941,125,44,75
"1294",810,940,125,44,75
"1295",814,941,125,44,75
"1296",814,941,125,44,75
"1297",814,941,125,44,75
"1298",812,941,125,44,75
"1299",813,941,125,44,75
"1300",814,941,125,44,75
"1301",274,438,58,31,55
"1302",814,940,125,44,75
"1303",814,941,125,44,75
"1304",379,570,82,34,50
"1305",813,941,125,44,75
"1306",814,941,125,44,75
"1307",814,941,125,44,75
"1308",814,941,125,44,75
"1309",813,940,125,44,75
"1310",298,501,65,32,49
"1311",813,940,125,44,75
"1312",814,941,125,44,75
"1313",814,941,125,44,75
"1314",288,507,71,22,46
"1315",814,941,125,44,75
"1316",299,524,71,30,58
"1317",814,941,124,44,75
"1318",814,941,125,44,75
"1319",814,941,125,44,75
"1320",814,941,125,44,75
"1321",273,505,65,28,43
"1322",814,940,125,44,75
"1323",814,941,125,44,75
"1324",814,941,125,44,75
"1325",813,940,125,44,75
"1326",814,941,125,44,75
"1327",814,941,125,44,75
"1328",814,941,125,44,75
"1329",811,940,125,44,75
"1330",309,551,72,26,56
"1331",814,941,125,44,75
"1332",265,461,67,32,53
"1333",329,540,74,29,48
"1334",814,941,125,44,75
"1335",237,487,71,24,49
"1336",255,483,63,20,41
"1337",364,575,68,30,50
"1338",379,586,80,32,59
"1339",813,941,125,44,75
"1340",813,940,125,44,75
"1341",810,940,125,44,74
"1342",285,486,54,26,57
"1343",814,941,125,44,75
"1344",280,508,69,32,49
"1345",814,941,125,44,75
"1346",812,941,125,43,75
"1347",288,524,62,27,47
"1348",325,556,76,32,53
"1349",811,937,125,44,75
"1350",303,530,62,27,51
"1351",813,940,125,44,75
"1352",285,516,82,31,53
"1353",814,941,125,44,75
"1354",373,573,75,29,48
"1355",814,941,125,44,75
"1356",351,592,76,31,53
"1357",291,511,63,27,49
"1358",810,939,123,44,74
"1359",313,534,65,35,52
"1360",814,941,125,44,75
"1361",266,493,58,28,47
"1362",793,928,125,43,72
"1363",810,941,125,44,75
"1364",812,941,125,44,75
"1365",814,941,125,44,75
"1366",325,557,65,31,50
"1367",813,941,125,44,75
"1368",310,532,69,34,53
"1369",813,940,125,44,75
"1370",805,938,124,44,75
"1371",328,575,75,31,46
"1372",814,941,125,44,75
"1373",406,644,81,37,60
"1374",330,503,70,28,51
"1375",814,941,125,44,75
"1376",814,941,125,44,75
"1377",814,940,124,44,75
"1378",814,941,125,44,75
"1379",312,502,76,26,55
"1380",814,941,125,44,75
"1381",814,941,125,44,75
"1382",806,938,125,43,75
"1383",360,589,78,35,53
"1384",421,607,77,30,61
"1385",811,940,125,44,75
"1386",813,941,125,44,75
"1387",290,519,70,26,43
"1388",813,941,125,44,75
"1389",813,941,125,44,75
"1390",248,474,65,30,58
"1391",813,940,125,44,75
"1392",348,552,70,33,47
"1393",813,939,125,44,74
"1394",814,941,125,44,75
"1395",814,941,125,44,75
"1396",814,941,125,44,75
"1397",812,941,125,44,75
"1398",241,454,68,30,50
"1399",814,941,125,44,75
"1400",797,934,123,44,73
"1401",814,941,125,44,75
"1402",809,936,125,44,75
"1403",318,575,63,35,50
"1404",804,934,124,44,74
"1405",331,539,75,31,51
"1406",814,941,125,44,75
"1407",280,503,67,29,45
"1408",352,565,72,27,51
"1409",814,941,125,44,75
"1410",813,940,125,44,75
"1411",813,941,125,44,75
"1412",814,940,125,44,75
"1413",813,941,125,44,75
"1414",265,480,71,27,51
"1415",266,466,64,26,47
"1416",339,529,71,33,50
"1417",252,479,66,26,46
"1418",814,941,125,44,75
"1419",359,615,71,36,58
"1420",253,438,61,29,52
"1421",814,941,125,44,75
"1422",333,543,68,34,48
"1423",814,941,125,44,75
"1424",811,938,125,43,75
"1425",814,941,125,44,75
"1426",814,941,125,44,75
"1427",241,441,61,27,46
"1428",805,934,124,44,75
"1429",814,941,125,44,75
"1430",814,940,125,44,75
"1431",814,941,125,44,75
"1432",322,533,62,33,48
"1433",813,941,125,44,75
"1434",814,941,125,44,75
"1435",813,941,125,44,75
"1436",343,567,78,31,53
"1437",813,941,124,44,75
"1438",814,941,125,44,75
"1439",813,941,125,44,75
"1440",808,938,123,44,75
"1441",347,549,79,37,51
"1442",814,941,125,44,75
"1443",289,523,66,27,48
"1444",814,941,125,44,75
"1445",810,940,124,44,75
"1446",814,941,125,44,75
"1447",262,496,73,26,52
"1448",251,478,62,25,45
"1449",814,941,125,44,75
"1450",812,940,125,44,75
"1451",804,939,124,44,75
"1452",814,941,125,44,75
"1453",812,939,125,44,75
"1454",364,594,75,36,55
"1455",814,941,125,44,75
"1456",814,941,125,44,75
"1457",814,941,125,44,75
"1458",813,941,125,44,75
"1459",813,940,125,44,75
"1460",814,941,125,44,75
"1461",280,490,67,35,46
"1462",813,941,125,44,75
"1463",812,939,124,44,74
"1464",814,941,125,44,75
"1465",813,941,125,44,75
"1466",814,941,125,44,75
"1467",256,461,63,28,52
"1468",267,460,67,24,44
"1469",320,537,70,22,52
"1470",814,941,125,44,75
"1471",814,941,125,44,75
"1472",309,519,62,29,50
"1473",334,520,74,35,46
"1474",813,941,125,44,75
"1475",813,940,125,44,75
"1476",813,940,125,44,75
"1477",814,941,125,44,75
"1478",814,941,125,44,75
"1479",252,437,60,26,41
"1480",814,941,125,44,75
"1481",814,941,125,44,75
"1482",813,941,125,44,75
"1483",330,574,75,27,53
"1484",257,505,68,28,54
"1485",814,941,125,44,75
"1486",302,513,66,29,50
"1487",812,938,125,44,75
"1488",338,546,65,29,54
"1489",813,939,124,44,75
"1490",273,498,61,32,49
"1491",814,941,125,44,75
"1492",362,525,66,32,54
"1493",814,939,125,44,75
"1494",322,542,78,23,53
"1495",813,940,125,44,75
"1496",814,941,125,44,75
"1497",814,941,125,44,75
"1498",335,510,78,27,55
"1499",315,533,62,28,44
"1500",814,941,125,44,75
"1501",814,941,125,44,75
"1502",814,941,125,44,75
"1503",814,941,125,44,75
"1504",812,938,124,44,75
"1505",273,502,62,27,53
"1506",364,543,65,30,54
"1507",805,937,123,44,74
"1508",814,941,125,44,75
"1509",371,582,82,35,50
"1510",814,941,125,44,75
"1511",262,476,56,32,58
"1512",330,501,65,29,54
"1513",310,545,66,33,48
"1514",814,941,125,44,75
"1515",814,941,125,44,75
"1516",287,501,77,28,47
"1517",814,941,125,44,75
"1518",807,936,124,44,75
"1519",290,535,71,28,48
"1520",814,941,125,44,75
"1521",814,941,125,44,75
"1522",814,941,125,44,75
"1523",810,941,125,44,75
"1524",373,567,75,38,55
"1525",813,941,125,44,75
"1526",293,533,69,33,43
"1527",809,939,125,44,74
"1528",333,585,71,30,55
"1529",340,556,78,29,53
"1530",814,941,125,44,75
"1531",293,497,56,32,49
"1532",319,519,73,26,57
"1533",814,941,125,44,75
"1534",813,940,125,44,75
"1535",255,515,67,25,46
"1536",254,479,59,27,49
"1537",305,518,72,35,51
"1538",253,482,59,28,53
"1539",309,519,72,31,51
"1540",813,941,125,44,75
"1541",319,518,70,28,52
"1542",811,939,125,43,75
"1543",814,941,125,44,75
"1544",813,941,125,44,75
"1545",814,941,125,44,74
"1546",814,941,125,44,75
"1547",814,941,125,44,75
"1548",814,940,125,44,75
"1549",243,485,60,25,47
"1550",813,941,125,44,75
"1551",814,941,125,44,75
"1552",803,932,123,44,73
"1553",814,941,125,44,75
"1554",812,941,125,44,75
"1555",810,941,125,44,75
"1556",814,941,125,44,75
"1557",308,517,64,27,49
"1558",273,490,61,31,45
"1559",315,551,65,37,51
"1560",814,941,125,44,75
"1561",814,941,125,44,75
"1562",814,940,125,44,75
"1563",366,569,63,30,53
"1564",296,478,56,36,50
"1565",296,475,60,29,50
"1566",297,537,71,26,52
"1567",814,941,125,44,75
"1568",814,941,125,44,75
"1569",295,513,71,29,44
"1570",814,941,125,44,75
"1571",350,586,70,33,58
"1572",285,513,65,27,56
"1573",813,941,125,44,75
"1574",351,533,73,32,49
"1575",808,938,124,44,75
"1576",814,941,125,44,75
"1577",814,940,125,44,75
"1578",814,941,125,44,75
"1579",814,941,125,44,75
"1580",276,510,68,26,47
"1581",304,555,75,30,53
"1582",814,941,125,44,75
"1583",814,941,124,44,74
"1584",322,567,76,20,48
"1585",307,493,76,32,46
"1586",331,541,80,32,51
"1587",303,491,71,30,53
"1588",285,511,74,29,55
"1589",814,941,125,44,75
"1590",218,430,57,26,45
"1591",814,939,125,44,75
"1592",292,487,72,34,49
"1593",349,600,71,38,57
"1594",814,941,125,44,75
"1595",814,941,125,44,75
"1596",318,541,67,27,50
"1597",242,472,62,24,47
"1598",813,940,125,44,75
"1599",380,556,66,31,57
"1600",814,941,125,44,75
"1601",270,518,73,29,58
"1602",812,939,125,44,75
"1603",814,941,125,44,75
"1604",412,644,81,38,60
"1605",346,549,81,29,58
"1606",240,484,63,26,51
"1607",260,465,70,27,50
"1608",253,443,65,28,51
"1609",354,562,75,32,50
"1610",814,940,125,44,75
"1611",269,495,64,31,49
"1612",298,507,57,27,50
"1613",312,524,73,29,55
"1614",363,550,75,32,53
"1615",395,576,84,28,48
"1616",814,941,125,44,75
"1617",814,941,125,44,75
"1618",261,492,69,31,57
"1619",249,432,57,29,43
"1620",352,598,77,30,59
"1621",809,937,125,44,75
"1622",814,940,125,44,75
"1623",811,941,125,44,75
"1624",814,941,125,44,75
"1625",316,519,73,30,49
"1626",814,941,125,44,75
"1627",314,540,66,29,58
"1628",807,939,125,44,75
"1629",810,936,124,44,75
"1630",814,941,125,44,75
"1631",341,574,72,27,49
"1632",290,495,60,30,48
"1633",814,941,125,44,75
"1634",311,544,70,31,52
"1635",813,941,125,44,75
"1636",813,941,125,44,75
"1637",375,578,69,37,50
"1638",252,495,73,33,50
"1639",814,941,125,44,75
"1640",814,941,125,43,75
"1641",282,524,65,31,49
"1642",392,620,89,36,54
"1643",814,941,125,44,75
"1644",323,497,70,31,50
"1645",343,543,67,31,51
"1646",282,558,66,29,54
"1647",260,495,62,29,43
"1648",328,542,66,32,53
"1649",814,941,125,44,75
"1650",313,507,68,31,55
"1651",316,542,76,30,47
"1652",814,941,125,44,75
"1653",256,479,64,25,48
"1654",316,517,66,29,47
"1655",325,561,69,24,46
"1656",813,941,124,44,75
"1657",813,941,125,44,75
"1658",226,441,65,27,43
"1659",280,471,62,27,54
"1660",295,502,67,26,48
"1661",814,941,125,44,75
"1662",289,519,67,27,47
"1663",259,500,71,35,57
"1664",814,941,125,44,75
"1665",349,551,70,33,59
"1666",814,941,125,44,75
"1667",814,941,125,44,75
"1668",254,428,58,27,48
"1669",304,559,70,26,57
"1670",285,490,63,32,39
"1671",814,940,125,44,75
"1672",807,932,124,44,74
"1673",814,941,125,44,75
"1674",320,535,77,27,49
"1675",315,529,72,31,52
"1676",813,941,125,44,75
"1677",812,940,125,44,75
"1678",814,941,125,44,75
"1679",811,939,125,44,75
"1680",814,941,125,44,75
"1681",814,941,124,44,74
"1682",813,940,125,44,75
"1683",295,522,66,37,54
"1684",814,941,125,44,75
"1685",813,940,125,44,75
"1686",249,475,61,25,45
"1687",230,465,66,22,47
"1688",311,536,71,26,51
"1689",313,548,73,34,52
"1690",814,941,125,44,75
"1691",321,539,72,21,51
"1692",303,515,62,29,48
"1693",814,940,125,44,75
"1694",805,937,125,44,75
"1695",811,938,125,44,74
"1696",814,941,125,44,75
"1697",308,504,65,28,53
"1698",814,941,125,44,75
"1699",812,939,125,44,75
"1700",328,497,76,30,49
"1701",814,941,125,44,75
"1702",808,938,124,44,75
"1703",814,941,125,44,75
"1704",814,941,125,44,75
"1705",814,940,124,44,75
"1706",814,940,125,44,75
"1707",813,941,125,44,75
"1708",808,938,124,42,75
"1709",814,941,125,44,75
"1710",349,571,82,34,46
"1711",814,941,125,44,75
"1712",349,567,73,28,59
"1713",814,941,125,44,75
"1714",298,503,77,30,48
"1715",814,941,125,44,75
"1716",811,940,125,44,75
"1717",810,941,125,44,75
"1718",309,526,70,32,46
"1719",304,508,68,27,53
"1720",814,940,125,44,75
"1721",813,941,125,44,75
"1722",814,941,125,44,75
"1723",812,939,125,44,75
"1724",814,941,125,43,75
"1725",339,552,75,23,48
"1726",812,941,124,44,75
"1727",323,557,69,30,48
"1728",306,524,75,29,46
"1729",814,941,125,44,75
"1730",813,936,125,44,74
"1731",814,941,125,44,75
"1732",812,940,125,44,75
"1733",811,941,125,44,75
"1734",809,935,125,44,75
"1735",245,448,68,29,48
"1736",814,941,125,44,75
"1737",812,941,125,44,75
"1738",814,941,125,44,75
"1739",813,939,125,44,75
"1740",303,534,65,33,47
"1741",810,939,124,44,75
"1742",292,498,63,34,56
"1743",814,941,125,44,75
"1744",813,941,125,44,75
"1745",814,941,125,44,75
"1746",812,941,125,44,75
"1747",422,631,88,30,59
"1748",319,481,65,29,51
"1749",814,941,125,44,75
"1750",814,941,125,44,75
"1751",332,534,67,31,51
"1752",250,464,70,21,54
"1753",247,462,61,28,44
"1754",305,514,79,31,52
"1755",324,533,60,25,53
"1756",279,441,65,33,52
"1757",814,941,125,44,75
"1758",814,941,125,44,75
"1759",814,941,125,44,75
"1760",813,941,125,44,74
"1761",282,489,62,32,43
"1762",814,941,125,44,75
"1763",814,941,125,44,75
"1764",814,941,125,44,75
"1765",814,941,125,44,75
"1766",327,569,70,25,50
"1767",814,941,125,44,75
"1768",814,941,125,44,75
"1769",813,941,125,44,75
"1770",327,508,71,28,51
"1771",814,941,125,44,75
"1772",284,491,69,27,52
"1773",813,941,125,44,75
"1774",311,526,70,30,48
"1775",288,487,65,32,52
"1776",813,941,125,44,75
"1777",334,531,74,30,51
"1778",814,941,125,44,75
"1779",312,528,67,25,48
"1780",809,940,125,44,75
"1781",814,941,125,44,75
"1782",813,940,125,44,75
"1783",813,941,125,44,75
"1784",338,559,68,30,53
"1785",799,932,124,43,73
"1786",287,503,62,38,49
"1787",810,941,125,44,74
"1788",270,497,55,26,40
"1789",813,940,124,44,75
"1790",814,941,125,44,75
"1791",281,492,67,23,49
"1792",313,542,55,35,57
"1793",289,473,64,32,39
"1794",814,940,125,44,75
"1795",813,941,125,44,75
"1796",814,940,125,44,75
"1797",814,941,125,44,75
"1798",811,938,125,44,75
"1799",302,511,64,23,53
"1800",814,941,125,44,75
"1801",814,941,125,44,75
"1802",814,941,125,44,75
"1803",814,941,125,44,75
"1804",306,502,59,32,54
"1805",321,540,82,28,52
"1806",814,941,125,44,75
"1807",814,941,125,44,75
"1808",319,530,66,25,55
"1809",814,941,125,44,75
"1810",813,941,125,44,75
"1811",334,562,70,32,46
"1812",342,542,80,31,51
"1813",314,542,74,35,55
"1814",812,939,125,44,75
"1815",800,936,124,44,75
"1816",282,499,71,27,49
"1817",814,941,125,44,75
"1818",814,941,125,44,75
"1819",814,941,125,44,75
"1820",355,587,84,32,43
"1821",311,519,71,34,58
"1822",274,483,63,23,40
"1823",360,575,65,25,50
"1824",263,507,79,22,47
"1825",462,642,90,31,61
"1826",341,547,78,30,56
"1827",814,941,125,44,75
"1828",812,940,124,44,75
"1829",362,540,71,23,57
"1830",280,486,62,28,47
"1831",814,941,125,44,75
"1832",794,922,121,44,74
"1833",333,566,65,29,55
"1834",814,941,125,44,75
"1835",314,481,66,28,53
"1836",315,528,59,31,52
"1837",813,941,125,44,75
"1838",814,941,125,44,75
"1839",805,937,124,44,74
"1840",809,939,125,44,75
"1841",297,511,55,28,52
"1842",814,941,125,44,75
"1843",324,501,68,31,57
"1844",814,941,125,44,75
"1845",802,934,121,44,75
"1846",814,941,125,44,75
"1847",330,569,77,30,52
"1848",813,941,125,44,75
"1849",814,941,125,44,75
"1850",814,941,125,44,75
"1851",263,453,73,27,49
"1852",814,940,125,44,75
"1853",302,502,71,33,50
"1854",814,941,125,44,75
"1855",814,941,125,44,75
"1856",814,940,125,44,75
"1857",814,940,125,44,75
"1858",814,941,125,44,75
"1859",812,939,124,44,75
"1860",321,526,64,27,48
"1861",814,941,124,44,74
"1862",814,941,125,44,75
"1863",323,530,75,36,53
"1864",813,941,124,44,75
"1865",813,940,125,44,75
"1866",332,536,70,22,54
"1867",469,674,88,34,59
"1868",812,939,125,44,75
"1869",814,939,125,44,75
"1870",321,560,73,29,50
"1871",803,934,124,44,75
"1872",290,507,67,22,59
"1873",814,939,125,44,75
"1874",285,521,69,29,48
"1875",814,940,125,44,75
"1876",814,941,125,44,75
"1877",296,546,76,27,55
"1878",328,529,70,29,51
"1879",363,589,76,29,44
"1880",814,941,125,44,75
"1881",298,510,72,31,49
"1882",814,940,125,44,75
"1883",810,940,125,44,74
"1884",814,941,125,44,75
"1885",253,485,54,27,46
"1886",813,941,124,44,75
"1887",256,446,62,22,45
"1888",813,941,125,44,75
"1889",814,941,125,44,75
"1890",813,939,125,44,74
"1891",319,543,78,33,52
"1892",795,932,125,44,73
"1893",802,928,123,43,75
"1894",274,497,61,28,46
"1895",309,516,74,29,47
"1896",308,537,72,27,55
"1897",814,941,125,44,75
"1898",299,548,72,32,51
"1899",808,940,125,44,75
"1900",813,940,125,44,73
"1901",812,940,125,44,75
"1902",814,941,125,44,75
"1903",814,941,125,44,75
"1904",814,940,124,44,75
"1905",814,941,124,44,75
"1906",813,941,125,44,74
"1907",814,941,125,44,75
"1908",811,941,125,44,74
"1909",368,610,70,31,49
"1910",814,941,125,44,75
"1911",810,936,124,44,75
"1912",308,492,64,33,53
"1913",813,941,125,44,75
"1914",814,941,125,44,75
"1915",306,531,66,29,54
"1916",312,568,75,22,55
"1917",814,941,125,44,75
"1918",333,538,68,33,52
"1919",283,516,66,23,50
"1920",813,941,125,44,75
"1921",814,941,125,44,75
"1922",814,941,125,44,75
"1923",287,502,66,30,47
"1924",814,941,125,44,75
"1925",814,941,125,44,75
"1926",814,941,125,44,75
"1927",303,535,65,26,51
"1928",314,541,65,24,53
"1929",813,941,125,44,75
"1930",814,941,125,44,75
"1931",809,935,124,43,75
"1932",811,936,125,44,75
"1933",809,934,124,44,75
"1934",814,941,125,44,75
"1935",814,941,125,44,75
"1936",313,531,66,32,57
"1937",814,941,125,44,75
"1938",310,531,67,28,49
"1939",813,940,125,44,75
"1940",814,941,124,44,75
"1941",814,941,125,44,75
"1942",250,476,62,34,42
"1943",814,941,125,44,75
"1944",810,940,125,44,75
"1945",281,489,63,32,47
"1946",322,570,69,28,50
"1947",279,516,71,26,55
"1948",322,564,75,30,47
"1949",814,941,125,44,75
"1950",813,939,125,44,75
"1951",294,501,72,30,55
"1952",814,941,125,44,75
"1953",808,937,124,44,75
"1954",290,495,58,25,45
"1955",277,501,71,26,57
"1956",353,552,71,32,50
"1957",349,546,85,32,51
"1958",814,940,125,44,75
"1959",814,941,125,44,75
"1960",814,941,125,44,75
"1961",341,537,77,37,53
"1962",341,573,78,28,55
"1963",808,939,125,44,75
"1964",814,941,125,44,75
"1965",812,940,125,44,75
"1966",231,508,59,28,46
"1967",814,941,125,44,75
"1968",349,557,81,35,56
"1969",813,941,125,44,75
"1970",268,478,72,28,50
"1971",320,542,82,27,50
"1972",813,940,125,43,75
"1973",814,939,125,43,75
"1974",814,941,125,44,75
"1975",379,618,75,34,57
"1976",811,941,125,44,75
"1977",810,937,125,44,75
"1978",316,538,67,31,54
"1979",337,537,71,34,54
"1980",267,513,74,20,49
"1981",291,526,64,33,52
"1982",814,941,125,44,75
"1983",812,940,125,44,75
"1984",282,504,68,27,47
"1985",814,941,125,44,75
"1986",812,941,125,44,75
"1987",283,516,79,28,54
"1988",814,941,125,44,75
"1989",814,941,125,44,75
"1990",814,941,125,44,75
"1991",811,939,124,44,75
"1992",814,941,125,44,75
"1993",334,551,73,26,52
"1994",813,941,125,44,75
"1995",281,494,62,29,49
"1996",296,522,60,28,57
"1997",814,941,125,44,75
"1998",814,940,125,44,75
"1999",351,589,78,36,60
"2000",814,941,125,44,75
"2001",351,553,74,38,56
"2002",813,940,124,44,75
"2003",814,941,125,44,75
"2004",319,535,77,27,51
"2005",814,941,125,44,75
"2006",813,935,125,44,75
"2007",813,936,124,44,75
"2008",814,940,125,44,75
"2009",814,941,124,44,75
"2010",219,449,64,26,50
"2011",355,582,81,34,48
"2012",390,644,76,29,57
"2013",814,941,125,44,75
"2014",814,941,125,44,74
"2015",286,493,72,30,51
"2016",814,941,125,44,75
"2017",813,939,125,44,75
"2018",280,480,61,26,52
"2019",360,548,72,23,57
"2020",804,936,125,43,74
"2021",281,464,64,31,43
"2022",811,937,124,43,75
"2023",813,940,125,44,75
"2024",814,941,125,44,75
"2025",288,515,66,30,51
"2026",299,537,72,30,44
"2027",280,548,62,20,46
"2028",811,936,125,44,75
"2029",814,941,125,44,75
"2030",814,941,125,44,75
"2031",370,598,73,29,50
"2032",814,941,125,44,75
"2033",246,454,64,31,48
"2034",322,524,76,32,54
"2035",813,939,124,44,75
"2036",813,940,124,44,74
"2037",814,941,125,44,75
"2038",231,466,60,30,45
"2039",813,940,125,44,75
"2040",420,629,74,35,56
"2041",814,941,125,44,75
"2042",814,940,125,44,75
"2043",814,941,125,44,75
"2044",814,941,125,43,75
"2045",812,940,125,44,75
"2046",811,940,124,44,75
"2047",810,939,124,43,75
"2048",812,941,125,44,75
"2049",309,540,63,25,51
"2050",334,563,71,37,45
"2051",814,941,125,44,75
"2052",342,585,81,36,56
"2053",326,512,72,30,48
"2054",814,941,125,44,75
"2055",253,460,56,25,45
"2056",811,937,124,44,75
"2057",814,941,125,44,75
"2058",272,483,62,29,52
"2059",814,941,125,44,75
"2060",813,940,125,44,75
"2061",365,569,71,26,58
"2062",281,456,67,27,42
"2063",305,520,69,31,52
"2064",330,585,73,30,52
"2065",814,941,125,44,75
"2066",346,569,64,32,51
"2067",812,939,125,44,75
"2068",812,941,125,43,75
"2069",814,941,125,44,75
"2070",814,940,125,44,75
"2071",351,561,68,32,53
"2072",814,941,125,44,75
"2073",814,941,125,44,75
"2074",287,502,73,34,47
"2075",304,492,69,30,59
"2076",253,503,60,31,50
"2077",814,941,125,44,75
"2078",814,940,125,44,75
"2079",814,941,125,44,75
"2080",304,568,69,33,44
"2081",298,514,70,25,51
"2082",420,637,84,38,54
"2083",814,941,125,44,75
"2084",324,512,66,27,48
"2085",446,634,97,34,53
"2086",269,485,72,32,57
"2087",339,540,68,27,58
"2088",334,550,69,34,53
"2089",812,938,124,44,75
"2090",279,487,62,34,43
"2091",811,938,124,44,75
"2092",797,929,120,43,75
"2093",799,931,124,44,75
"2094",810,940,125,44,75
"2095",813,939,125,44,75
"2096",813,941,125,44,74
"2097",269,493,63,32,45
"2098",278,488,69,26,50
"2099",814,941,125,44,75
"2100",319,567,73,30,50
"2101",405,598,75,34,54
"2102",300,553,79,32,52
"2103",233,456,67,30,54
"2104",812,940,123,44,75
"2105",305,560,67,28,51
"2106",813,941,125,44,75
"2107",814,941,125,44,75
"2108",334,512,61,27,46
"2109",812,941,125,44,75
"2110",287,493,70,25,51
"2111",349,558,78,33,53
"2112",333,555,68,33,52
"2113",814,941,125,44,75
"2114",813,941,125,44,75
"2115",814,941,125,44,75
"2116",813,939,124,44,75
"2117",286,531,65,36,52
"2118",811,938,124,44,74
"2119",813,941,125,44,75
"2120",323,554,76,29,48
"2121",814,941,125,44,75
"2122",322,542,77,35,53
"2123",811,939,125,44,75
"2124",358,551,82,31,49
"2125",814,941,125,44,75
"2126",812,940,125,44,75
"2127",299,512,80,37,54
"2128",813,941,125,44,75
"2129",339,525,72,36,47
"2130",814,941,125,44,75
"2131",310,546,64,29,48
"2132",814,941,125,44,75
"2133",814,941,125,44,75
"2134",809,940,125,44,75
"2135",273,540,57,28,48
"2136",273,462,65,32,49
"2137",814,941,125,44,75
"2138",814,941,125,44,75
"2139",273,462,80,31,46
"2140",321,519,70,29,49
"2141",814,941,125,44,75
"2142",276,490,70,26,48
"2143",496,682,84,34,62
"2144",814,941,125,44,75
"2145",387,594,75,35,55
"2146",813,940,125,44,75
"2147",342,526,75,32,53
"2148",814,941,125,44,75
"2149",311,559,73,33,44
"2150",814,941,125,44,75
"2151",814,941,125,44,75
"2152",243,474,58,28,46
"2153",814,941,125,44,74
"2154",812,941,124,44,75
"2155",814,941,125,44,75
"2156",363,570,69,32,57
"2157",807,940,125,44,75
"2158",813,941,125,44,75
"2159",812,939,125,44,75
"2160",329,559,71,34,56
"2161",328,515,68,28,51
"2162",814,941,125,44,75
"2163",814,941,125,44,75
"2164",812,940,125,44,75
"2165",814,941,124,44,75
"2166",813,941,125,44,75
"2167",813,939,125,44,75
"2168",259,504,71,31,58
"2169",342,584,68,28,47
"2170",814,941,125,44,75
"2171",814,941,125,44,75
"2172",813,941,125,44,75
"2173",306,537,71,31,50
"2174",814,941,125,44,75
"2175",814,941,125,43,75
"2176",814,941,125,44,75
"2177",814,941,125,44,75
"2178",814,940,125,44,75
"2179",284,504,64,25,51
"2180",298,537,70,26,54
"2181",813,938,125,44,75
"2182",315,508,79,25,55
"2183",810,940,125,44,75
"2184",813,941,125,44,75
"2185",814,940,125,44,75
"2186",354,587,77,41,55
"2187",786,931,123,44,75
"2188",814,941,125,43,75
"2189",814,940,125,44,75
"2190",321,517,64,29,52
"2191",813,940,125,44,75
"2192",814,941,125,44,75
"2193",813,941,125,44,75
"2194",814,941,125,44,75
"2195",814,941,125,44,75
"2196",392,601,71,31,57
"2197",814,941,125,44,75
"2198",814,941,125,44,75
"2199",814,941,125,43,75
"2200",349,521,72,30,53
"2201",352,585,74,33,52
"2202",814,941,125,44,75
"2203",814,941,125,44,75
"2204",813,941,124,44,75
"2205",813,941,125,44,75
"2206",212,413,62,24,52
"2207",406,619,86,34,56
"2208",310,517,71,25,53
"2209",814,941,123,44,75
"2210",813,941,125,44,75
"2211",322,526,69,27,52
"2212",814,941,125,44,75
"2213",811,940,125,44,75
"2214",814,941,125,44,75
"2215",332,590,75,33,54
"2216",814,940,125,44,75
"2217",811,941,125,44,74
"2218",314,487,68,33,55
"2219",813,940,125,44,75
"2220",805,934,123,43,75
"2221",813,941,125,44,75
"2222",457,662,85,40,59
"2223",314,534,68,26,51
"2224",388,566,69,33,55
"2225",814,941,125,44,75
"2226",326,538,76,30,50
"2227",814,941,125,44,75
"2228",814,941,125,44,75
"2229",812,941,125,44,75
"2230",814,941,125,44,75
"2231",287,472,67,27,42
"2232",814,941,125,44,75
"2233",258,459,64,28,43
"2234",391,609,71,32,54
"2235",324,559,74,33,49
"2236",813,941,125,44,75
"2237",359,599,76,31,54
"2238",243,524,62,24,51
"2239",814,941,125,44,75
"2240",231,488,56,27,53
"2241",802,934,125,43,75
"2242",294,502,66,26,55
"2243",317,548,76,28,56
"2244",814,941,125,44,75
"2245",368,582,87,31,56
"2246",814,940,125,44,75
"2247",811,941,125,43,74
"2248",812,941,125,44,75
"2249",253,476,53,26,50
"2250",813,941,125,44,75
"2251",814,941,125,44,75
"2252",307,527,78,28,51
"2253",803,938,123,43,75
"2254",814,941,125,44,75
"2255",813,941,125,43,75
"2256",814,940,125,44,75
"2257",814,941,125,44,75
"2258",288,480,69,30,50
"2259",814,941,125,44,75
"2260",813,941,125,44,75
"2261",277,485,59,32,45
"2262",397,641,85,37,60
"2263",253,479,55,25,51
"2264",814,941,125,44,75
"2265",352,574,71,26,51
"2266",266,532,65,27,48
"2267",808,933,124,44,75
"2268",814,941,125,44,75
"2269",310,516,76,31,47
"2270",814,941,125,44,75
"2271",814,941,125,44,75
"2272",813,941,125,44,75
"2273",813,941,125,44,75
"2274",813,941,125,44,75
"2275",814,941,125,44,75
"2276",812,941,125,43,75
"2277",813,940,125,44,75
"2278",329,558,60,28,46
"2279",333,532,70,22,47
"2280",814,941,124,44,75
"2281",392,627,74,36,51
"2282",814,941,124,44,75
"2283",297,517,77,31,47
"2284",281,502,65,27,41
"2285",814,941,125,44,75
"2286",310,563,59,26,45
"2287",813,941,125,44,75
"2288",296,527,62,30,52
"2289",814,941,125,44,75
"2290",814,941,125,44,75
"2291",814,941,125,44,75
"2292",813,941,125,44,75
"2293",400,587,70,33,61
"2294",318,544,69,35,53
"2295",317,515,78,24,52
"2296",312,528,70,33,51
"2297",389,598,76,33,54
"2298",380,574,76,28,53
"2299",814,939,125,44,75
"2300",311,511,72,29,49
"2301",801,935,125,44,74
"2302",814,941,125,44,75
"2303",311,568,71,31,49
"2304",803,931,124,44,75
"2305",814,941,125,44,75
"2306",811,940,125,44,75
"2307",266,464,57,28,46
"2308",298,529,76,24,43
"2309",814,941,125,44,75
"2310",814,941,125,44,75
"2311",814,941,125,44,75
"2312",296,485,73,23,45
"2313",814,941,125,44,75
"2314",813,941,124,44,75
"2315",814,941,125,44,75
"2316",390,621,75,30,59
"2317",814,941,125,44,75
"2318",813,940,125,44,75
"2319",814,941,125,44,75
"2320",814,941,125,44,75
"2321",341,552,80,30,56
"2322",814,941,125,44,75
"2323",239,489,69,27,51
"2324",806,937,125,44,75
"2325",235,432,59,20,48
"2326",813,941,125,44,74
"2327",814,941,125,44,75
"2328",307,506,65,33,52
"2329",813,941,125,44,75
"2330",796,928,122,44,74
"2331",811,939,125,44,73
"2332",264,473,67,27,44
"2333",336,522,70,34,50
"2334",814,940,125,44,75
"2335",279,477,71,24,51
"2336",814,940,125,44,75
"2337",239,459,68,31,48
"2338",814,941,125,44,75
"2339",811,940,125,44,75
"2340",809,940,124,43,75
"2341",813,941,125,44,75
"2342",339,555,76,31,49
"2343",814,941,125,43,74
"2344",814,941,125,44,75
"2345",814,941,125,44,75
"2346",376,566,75,29,57
"2347",324,550,64,37,47
"2348",337,575,81,31,53
"2349",814,941,125,44,75
"2350",814,940,125,44,75
"2351",814,941,125,44,75
"2352",330,567,76,31,58
"2353",368,597,81,32,53
"2354",289,499,67,31,52
"2355",323,548,78,31,49
"2356",811,941,125,44,75
"2357",814,940,125,44,75
"2358",812,941,125,44,75
"2359",814,941,125,44,75
"2360",808,939,125,44,75
"2361",813,940,125,44,75
"2362",812,940,125,44,75
"2363",805,940,125,44,75
"2364",803,936,125,43,73
"2365",813,940,125,44,75
"2366",814,941,125,44,75
"2367",809,929,122,43,74
"2368",813,941,125,44,75
"2369",281,513,64,25,50
"2370",301,544,70,30,54
"2371",284,475,65,27,45
"2372",297,480,64,32,53
"2373",814,941,125,44,75
"2374",814,941,125,44,75
"2375",814,941,125,44,75
"2376",285,517,60,33,46
"2377",814,941,125,44,75
"2378",297,516,69,32,52
"2379",265,447,65,25,46
"2380",813,941,125,44,75
"2381",812,939,125,44,75
"2382",811,939,125,44,75
"2383",421,632,85,34,56
"2384",814,940,125,44,75
"2385",258,457,65,27,46
"2386",314,534,67,26,48
"2387",814,941,125,44,75
"2388",301,504,74,27,54
"2389",813,940,124,44,75
"2390",814,941,125,44,75
"2391",814,941,125,44,75
"2392",372,602,65,29,61
"2393",265,449,66,31,45
"2394",814,941,125,44,75
"2395",311,563,73,26,53
"2396",350,536,67,28,55
"2397",288,500,61,25,49
"2398",813,940,125,44,75
"2399",814,941,125,44,75
"2400",298,503,59,34,53
"2401",814,941,125,44,75
"2402",805,930,122,44,75
"2403",814,939,125,44,75
"2404",814,941,125,44,75
"2405",348,553,76,23,56
"2406",814,941,125,44,75
"2407",263,460,66,30,51
"2408",807,935,123,44,75
"2409",308,535,73,30,45
"2410",245,495,65,32,44
"2411",292,529,78,25,52
"2412",814,941,125,44,75
"2413",809,937,124,44,75
"2414",304,481,75,30,46
"2415",809,939,122,44,75
"2416",305,550,63,30,49
"2417",382,592,77,27,48
"2418",814,941,124,44,75
"2419",814,941,125,44,75
"2420",814,941,125,44,75
"2421",357,620,54,32,52
"2422",270,512,68,25,49
"2423",814,941,125,44,75
"2424",285,520,69,35,49
"2425",814,941,125,44,75
"2426",813,941,125,44,75
"2427",813,941,125,44,75
"2428",302,550,75,26,59
"2429",814,940,125,44,75
"2430",291,523,68,28,55
"2431",814,941,125,44,75
"2432",286,476,55,26,52
"2433",814,941,125,44,75
"2434",280,503,75,24,52
"2435",814,941,125,44,75
"2436",814,941,125,44,75
"2437",812,941,125,44,75
"2438",814,941,125,44,75
"2439",814,941,125,44,75
"2440",278,470,67,24,52
"2441",814,941,125,44,75
"2442",295,516,68,30,51
"2443",353,564,73,30,50
"2444",814,941,125,44,75
"2445",237,475,64,30,46
"2446",270,499,68,28,46
"2447",813,938,124,44,75
"2448",248,470,75,31,49
"2449",255,475,71,31,48
"2450",336,575,69,30,54
"2451",805,939,124,44,75
"2452",814,939,125,44,75
"2453",810,940,125,44,75
"2454",321,550,77,30,52
"2455",814,941,125,44,75
"2456",814,941,125,44,75
"2457",803,930,124,42,75
"2458",814,941,125,44,75
"2459",814,941,125,44,75
"2460",814,938,125,44,75
"2461",382,591,70,34,56
"2462",814,941,125,44,75
"2463",814,941,125,44,75
"2464",814,941,124,44,75
"2465",812,940,125,44,75
"2466",814,941,125,43,75
"2467",814,941,125,44,75
"2468",306,549,80,32,47
"2469",330,550,73,30,57
"2470",315,529,70,30,54
"2471",337,576,63,32,58
"2472",814,940,125,44,75
"2473",814,941,125,44,75
"2474",806,938,125,44,75
"2475",796,931,124,44,74
"2476",813,940,125,44,75
"2477",813,941,125,44,75
"2478",370,522,69,33,58
"2479",358,601,80,28,51
"2480",809,941,125,44,75
"2481",229,471,66,31,49
"2482",814,941,125,44,74
"2483",814,941,125,44,75
"2484",795,925,123,44,75
"2485",813,940,125,44,75
"2486",350,544,70,35,56
"2487",382,618,77,27,59
"2488",814,940,125,44,75
"2489",338,570,71,32,55
"2490",321,538,66,26,49
"2491",814,941,125,44,75
"2492",813,941,125,44,75
"2493",814,941,125,44,75
"2494",307,525,71,26,46
"2495",814,941,125,44,75
"2496",810,941,125,44,75
"2497",813,941,125,44,75
"2498",289,525,65,26,53
"2499",326,517,69,28,51
"2500",814,941,125,44,75
