"","age1_orange.A","age1_green.A","age2_no_comorbid_orange.A","age2_no_comorbid_green.A","age2_comorbid_green.A","age3_no_comorbid_green.A","age3_comorbid_green.A"
"1",40.7820116111668,0,42.6522353740774,0,0,0,0
"2",29.4616606737216,0,40.2591602976722,0,0,0,0
"3",34.9308349304749,56.6438960322694,43.4984479572144,48.2745139646276,58.3144044726729,53.9744745364608,66.5368936830501
"4",49.4474549431509,136.782018097364,51.5000101707572,146.447203328737,130.411658231535,107.000004309458,148.834744102832
"5",47.8976786940921,0,53.9705404821664,0,0,0,0
"6",33.8676634148455,0,38.697570927507,0,0,0,0
"7",30.7897331256392,0,45.7771033728756,0,0,0,0
"8",45.7300143473082,0,62.5907399152856,0,0,0,0
"9",0,0,0,0,0,0,0
"10",0,0,0.879960607241389,0,0,0,0
"11",40.8110498104026,0,48.3705980738847,0,0,0,0
"12",54.0295889570975,0,59.3958048986988,0,0,0,0
"13",0,0,0,0,0,0,0
"14",72.3081277817562,0,83.5129708889103,0,0,0,0
"15",43.9002067751526,0,41.2794975947623,0,0,0,0
"16",48.8859429004204,0,48.8236427604404,0,0,0,0
"17",42.4869513663739,0,46.5573683088828,0,0,0,0
"18",45.8910867711647,0,44.4025965119015,0,0,0,0
"19",58.3785416085128,126.333853245397,64.4113126804948,119.628926505607,127.333766268312,147.735155871001,144.160902609034
"20",37.5589597819045,0,33.7536355028097,0,0,0,0
"21",42.5870211875623,0,44.6459537338165,0,0,0,0
"22",27.9341925295834,0,39.7230099422599,0,0,0,0
"23",38.3302509379786,98.5756984122394,55.9692603466211,93.4587084111412,97.3991168076581,87.6152811869835,90.4791646812
"24",0,0,0,0,0,0,0
"25",43.9158047544595,63.6157175393374,47.4529606386073,84.7293220392462,60.7850640816436,52.5178771780498,66.2713674548946
"26",48.156556537723,0,44.0478307659269,0,0,0,0
"27",60.0853659105749,0,63.060707785182,0,0,0,0
"28",61.0162140852224,0,59.8077361062139,0,0,0,0
"29",51.6616123924291,0,51.9367211494685,0,0,0,0
"30",37.473529390725,75.0077342199985,36.0011344758427,58.3767244851951,60.9986580085332,37.2259787009247,65.1497097852522
"31",45.9457310037891,80.0005938420705,49.5432744134356,75.4208802513878,90.1999203803284,88.3534891655604,101.219227184946
"32",51.3450281065482,0,49.2904223723948,0,0,0,0
"33",44.625685809886,0,43.698547433745,0,0,0,0
"34",53.0451295281721,120.446604822452,56.7840756204643,135.648534921197,128.561745164802,133.226586367435,136.065460902268
"35",47.5911899487868,0,47.4267929091677,0,0,0,0
"36",36.0931816272024,114.103044337646,40.9766434394595,80.3118674093269,117.800193905105,116.891345834203,119.986278687459
"37",43.6102970872337,0,45.7552716434364,0,0,0,0
"38",42.4839765295493,0,48.8711603502684,0,0,0,0
"39",46.0943000978015,71.5130461933514,43.2319209320146,85.2947689959309,71.7080614212283,100.987021523577,79.6002978820277
"40",46.0483607593215,103.186695220233,49.5834484629866,85.6647927561718,88.627872293275,87.8724706307354,82.5689927956964
"41",60.7437352496151,0,56.9441747734938,0,0,0,0
"42",50.3960058623593,0,60.6556347059646,0,0,0,0
"43",44.7163893591931,0,54.2256827619474,0,0,0,0
"44",41.9896556770686,37.4195886270633,44.7353651876924,39.8268643906865,61.8822763845339,49.764910762943,46.0464074930223
"45",37.9106387427114,103.86594098742,38.6576584427492,90.4236582956848,114.764083406565,48.6822181514888,86.2296028703505
"46",43.3788475463135,0,35.7368669165688,0,0,0,0
"47",0,0,0,0,0,0,0
"48",60.2575745772789,113.760873174476,55.9462983320304,109.857258951399,94.0290495822809,94.3472445849461,104.811614289675
"49",39.1124776570033,69.6736731223621,43.6230094957783,82.4775092621944,78.000090173889,60.563852207117,80.3682393169727
"50",0,0,0,0,0,0,0
"51",33.6583703647986,0,48.130261001512,0,0,0,0
"52",0,0,0,0,0,0,0
"53",51.2325744071674,0,48.1654729241761,0,0,0,0
"54",44.3664469363443,0,51.673470390431,0,0,0,0
"55",54.8955420701904,79.9173977448251,53.3736859404459,76.883547325183,92.0584584119105,105.299381186839,78.6338324134414
"56",59.8438497570159,96.1176219914484,64.664949253119,94.7765296867189,106.304082675543,76.3321257366901,138.30247253764
"57",0,0,0,0,0,0,0
"58",0,0,0,0,0,0,0
"59",48.5345592376281,82.7313653056108,54.0562966639397,75.931669307359,84.0043795045334,72.889214280301,74.9526223941695
"60",40.7222565334597,0,44.1949366588004,0,0,0,0
"61",50.5550148750846,0,53.3252473908233,0,0,0,0
"62",39.9286663194311,0,36.3963786009918,0,0,0,0
"63",52.7079690713073,71.9449230343394,46.2739781562558,90.0090261077606,97.5332892267486,89.843432434284,89.2220619515496
"64",0,0,0,0,0,0,0
"65",0,0,0,0,0,0,0
"66",0,0,0,0,0,0,0
"67",34.0338891169239,0,42.6127833623849,0,0,0,0
"68",40.0032294351864,0,50.0021614426263,0,0,0,0
"69",48.1170380188357,82.3778290373174,45.8372889958456,94.8603575689498,99.0021418945614,0,106.738489187348
"70",57.4096260708568,0,64.9738768100406,0,0,0,0
"71",49.2248954116442,35.5192767007702,34.6793640110205,54.1212297041289,70.0497989319091,58.6024168259826,36.4089420952205
"72",53.3395359323047,0,56.0972413886629,0,0,0,0
"73",53.7674947660376,0,47.590037381535,0,0,0,0
"74",50.1798627838947,102.911152726321,54.9212847457688,97.8326777029343,107.107859762034,116.557414668656,120.323270007435
"75",42.149948916605,72.7201101503779,52.5339339175472,98.353103910485,91.18744309571,87.320310082794,105.046196142512
"76",35.4228738057458,0,49.606393033719,0,0,0,0
"77",55.4020728308085,0,62.105614937319,0,0,0,0
"78",0,0,0,0,0,0,0
"79",0,0,0,0,0,0,0
"80",71.2453853484631,81.8132951176134,74.3710690179222,93.6910087907062,93.404545779067,94.970238259782,72.1124246374118
"81",52.8924916465353,0,51.7241517178274,0,0,0,0
"82",54.2844676675119,0,45.183057243089,0,0,0,0
"83",58.9186162464103,0,61.9988580939243,0,0,0,0
"84",49.1423719739486,0,51.9775241972448,0,0,0,0
"85",48.1547052273087,0,48.7309050412666,0,0,0,0
"86",52.9475539954593,126.610617217142,53.1995049392716,149.352333428803,141.611093959824,139.226023074414,159.450130675993
"87",45.1318019173121,74.2432226124681,55.9427640084715,73.9329254552458,103.808843873154,92.5632526605686,110.764267102509
"88",50.3167144146249,0,49.6956909070127,0,0,0,0
"89",52.8088984322321,0,58.8359390370807,0,0,0,0
"90",39.8010786046242,0,53.9518004990001,0,0,0,0
"91",0,0,8.897518452598,0,0,0,0
"92",0,0,0,0,0,0,0
"93",0,0,0,0,0,0,0
"94",35.148181513488,94.8672242369962,37.8845127604788,94.8643262391937,98.4233820912199,102.084744569345,38.1373301353366
"95",50.8187592985771,0,47.2137914121195,0,0,0,0
"96",66.5010754952183,124.893367035849,78.6623867939288,120.982418446292,131.030358253232,137.311238238076,140.501382266367
"97",58.6315324821244,0,59.9932437746713,0,0,0,0
"98",43.3925542797422,86.2277983699563,49.9916594405287,62.162464573026,86.7520668622805,91.9959805564735,99.769221157993
"99",53.778602915593,0,59.3011827569073,0,0,0,0
"100",39.1716069245377,87.8071274951638,45.8938863765331,96.940798625063,93.6918179576595,85.4064595412584,102.12445537574
"101",44.9073272307951,120.625881067725,55.4972013193968,101.987417567701,158.486030324963,114.256201915164,120.626692756848
"102",66.9165942130554,0,66.5908758203917,0,0,0,0
"103",34.4952883994211,48.9093922845561,40.0672376210462,89.6764412394596,84.3457173155296,103.695584395233,57.0228892868904
"104",50.7523359979226,0,53.6938297030291,0,0,0,0
"105",53.0970245140848,0,48.4294717668534,0,0,0,0
"106",49.9794515674821,0,53.2301998422265,0,0,0,0
"107",47.7861430699228,0,49.4112646597272,0,0,0,0
"108",49.3495219448921,127.039431984633,54.2920797655878,133.829741737889,134.94647551306,135.515346698601,127.002516886088
"109",0,0,0,0,0,0,0
"110",45.7601147896933,80.2314282573006,50.150265383977,93.6480555542812,92.5214310769309,84.7754726144127,79.4859970407146
"111",36.5667093432551,100.152510076804,44.1497516379491,90.5392039670475,110.77547102426,108.173671723547,113.686416941746
"112",47.8576959584769,93.0413819170993,43.7188827596633,94.474570278354,98.8529170822215,74.8156142351963,87.0020151371797
"113",80.2918111549545,108.006226649753,80.380107471879,0,0,0,94.7746084834871
"114",34.7633410291544,0,53.0517372306368,0,0,0,0
"115",42.4108557806635,0,45.0447865285986,0,0,0,0
"116",44.720969829589,72.1649222841676,48.4701654372728,85.776358492966,107.32163568992,110.494980513922,116.955363141224
"117",36.5221268023075,68.5756482450411,42.6824489470931,102.031962058916,80.4709610835983,87.3917813810634,71.7591026707611
"118",52.4260244820587,0,48.6517930967192,0,0,0,0
"119",45.7167312463305,116.867647065837,50.7429087347041,114.961722161398,122.786141604941,165.360660067136,129.479973446279
"120",45.0266957544829,0,59.6838358836745,0,0,0,0
"121",55.8431782570311,63.880153583755,55.6288054624252,84.7529701757069,73.951830444323,76.1595114830041,61.7833018424683
"122",39.0548251808955,75.1075597068775,42.6287148750908,83.4997972868085,75.872362061629,66.4323200217224,91.2140255923825
"123",54.6363635442881,0,59.9745242028568,0,0,0,0
"124",47.9111128515838,0,52.9444800357827,0,0,0,0
"125",55.196570423394,137.693170841557,51.1677388788197,141.023795585134,173.580327710688,122.143719146951,149.224373016298
"126",0,0,0,0,0,0,0
"127",55.1587955257792,0,56.1548503101869,0,0,0,0
"128",57.8282716219751,0,58.7641353052378,0,0,0,0
"129",53.0983920749212,0,48.0541079595652,0,0,0,0
"130",44.6466114571678,0,47.9923587922004,0,0,0,0
"131",0,0,0,0,0,0,0
"132",48.8306987245781,0,46.892669091326,0,0,0,0
"133",0,0,0,0,0,0,0
"134",41.2164578259169,0,58.9745259445954,0,42.6869989559183,0,0
"135",52.2089193454953,0,61.5726024551838,0,0,0,0
"136",36.9027752709121,0,36.4967276995829,0,0,0,0
"137",45.5697577466385,0,55.483125733684,0,0,0,0
"138",39.6893732980481,0,44.4024133151813,0,0,0,0
"139",50.7076160510808,86.298648449583,53.2572479780035,87.4544790762275,84.5797810655934,81.7084976141607,84.2309257468324
"140",49.1403550655593,0,54.1335488600914,0,0,0,0
"141",53.3934350482045,116.142570711044,61.6319562351746,128.167324784734,124.276455373713,118.081811185422,119.358590997499
"142",79.2234341959471,0,79.0414898762407,0,0,0,0
"143",43.7466262384095,0,48.2107545960827,0,0,0,0
"144",58.6797056755836,0,59.3302761112872,0,0,0,0
"145",0,0,0,0,0,0,0
"146",14.6592348727465,0,0,0,0,0,0
"147",42.4214681957684,76.6293274224214,43.9298250681934,82.9689071597466,63.0727902014996,86.2713244929351,78.6292434412568
"148",48.829652702675,0,40.8316213278187,0,0,0,0
"149",0,0,1.3399854885824,0,0,0,0
"150",45.1640231498613,0,52.1648562936783,0,0,0,0
"151",44.6734814523392,0,48.640449198667,0,0,0,0
"152",45.4228780567886,0,45.1715007049123,0,0,0,0
"153",0,0,0,0,0,0,0
"154",50.2364586955898,0,48.6907366971401,0,0,0,0
"155",49.5910149849355,73.328644109515,48.4525906396049,101.473287400821,113.493283237552,104.693610027081,71.139352758118
"156",0,0,0,0,0,0,0
"157",43.5785230118951,0,39.8923164808384,0,0,0,0
"158",56.6160115376289,0,56.2588465457913,0,0,0,0
"159",0,0,0,0,0,0,0
"160",0,0,0,0,0,0,0
"161",51.7621301184513,0,56.0827793146653,0,0,0,0
"162",48.6516580056599,60.0365527515509,48.3210834610928,54.6152464984526,78.4492501663203,55.2908774289705,62.1635751649786
"163",38.6641694581958,0,44.0607757528561,0,0,0,0
"164",0,0,0,0,0,0,0
"165",48.264018275782,0,50.6505173191354,0,0,30.006188433415,0
"166",44.8806026233627,0,52.9760061948436,90.7328332091303,107.890153127277,89.7075066641148,72.6704152426412
"167",43.7109182607507,119.531424530829,51.4750566064893,119.006960401938,93.4487796679236,73.5515093229431,64.9854087988868
"168",50.8856336733819,104.889863107125,65.9994819596678,108.133238568741,96.1088987954619,89.0583034148834,104.588497315272
"169",39.8146029697786,68.0302219882278,42.6335392665776,72.9383761835812,71.507010830483,55.9134449287202,78.930897305415
"170",48.1391872609199,0,51.4249094725968,0,0,0,0
"171",38.235207012297,0,50.8661884957492,0,0,0,0
"172",46.1887618290911,0,58.8524168183617,0,0,0,0
"173",41.1867918900515,50.1046283596155,44.7376369915431,62.9246860314317,49.5229497615853,0,77.4823429513111
"174",45.596973664598,0,54.8419102166232,0,0,0,0
"175",42.0220413771625,90.7709441631409,47.6206801933676,87.252631842697,90.762621022742,79.2538223481624,137.829437314962
"176",59.0791129817188,146.533302942265,69.4518612232888,138.883538149035,140.108472956137,150.369364119333,137.852765917592
"177",59.6782777414676,114.089501659495,61.0730326248832,109.085170847643,110.134462698942,133.438574478842,113.247084835531
"178",40.4177750232029,0,38.3238319339257,0,0,0,0
"179",51.7740499653021,0,55.3257833965016,0,0,0,0
"180",50.5938511799445,117.023211551179,48.2182576099634,131.387166326751,122.131022318762,120.047445116398,131.481007131814
"181",40.5878470198813,0,50.8810021655966,0,0,0,0
"182",51.7780553318746,0,57.4542835774953,0,0,0,0
"183",55.3182596004083,53.237303927495,49.1918433730449,53.2256565629242,66.5833168788682,70.6234592669137,50.1390885766476
"184",43.9707944870514,110.260003104944,49.1182075840301,97.5780905951952,97.5959899420665,88.0837531061352,104.365375167739
"185",32.7995680960229,81.1729769976994,39.8285118074261,89.4082565648188,108.683074411779,104.116479125465,89.3177676139709
"186",52.191673633564,94.0894275617685,43.8127846224969,95.223548530754,107.556936582111,118.590024336256,121.015706415203
"187",47.8636115575459,0,43.0998567132303,0,0,0,0
"188",44.4864207955146,0,46.5677058485705,0,0,0,0
"189",54.8279860236673,0,58.4604161398493,0,0,0,0
"190",37.8449376619771,85.295681758721,52.6136059389027,63.4456539546155,60.3112406394532,0,76.3577444482695
"191",43.4708371970158,90.6020003598451,41.6923661461794,124.100360869021,97.2339148109357,108.52538975558,111.04230034271
"192",38.6475039999387,0,40.1577225581451,0,0,0,39.5213989893165
"193",51.3938439079407,0,50.4361282815069,0,0,0,0
"194",53.6268411382754,0,46.2472054689535,0,0,0,0
"195",58.2614666949786,138.889803393235,53.9572417902269,122.928507718991,108.355353517117,130.303314144316,133.678652118648
"196",49.2767288062097,0,57.0275299264488,0,0,0,0
"197",44.8449669807763,0,45.7079566010943,0,0,0,0
"198",0,0,0,0,0,0,0
"199",0,0,0,0,0,0,0
"200",58.1614355900597,113.779873749139,64.8286427410841,92.332436028037,103.720707720965,106.242859868994,111.703731322633
"201",44.2990381682421,0,48.4077422064134,0,0,0,0
"202",41.6356081229799,0,46.6728712378796,0,0,0,0
"203",41.6126841477214,0,41.1585509738386,0,0,0,0
"204",0,0,0,0,0,0,0
"205",57.6589502623413,0,48.9854689579339,0,0,0,0
"206",40.6041153170679,54.6425984777996,42.7046910436348,106.832586869184,74.4798656504021,72.3662032671363,132.949897378253
"207",39.8619161752534,0,33.1160415344273,0,0,0,0
"208",0,0,0,0,0,0,0
"209",0,0,0.675477465142731,0,0,0,0
"210",38.4711534797037,73.7298852324136,39.1607670915556,96.3341625409926,91.0390657263034,82.468832454168,84.6273605561779
"211",0,0,0,0,0,0,0
"212",37.3210912540725,0,39.1855218273639,0,0,0,0
"213",73.3692486227634,0,68.3866921989564,0,0,0,0
"214",42.6765861440109,67.6493562113179,43.7564969200721,80.694612503445,94.9840959517712,96.6819664176931,90.3143464687326
"215",0,0,0,0,0,0,0
"216",56.2655822334843,72.7664254962394,54.9925333851965,92.9278517292743,99.5916224959054,100.185980526462,71.0004535974589
"217",38.6635978553308,0,47.4066126025362,0,0,0,0
"218",55.4726080072751,0,55.8452189354326,0,0,0,0
"219",53.946039217959,0,52.6465248354924,0,0,0,0
"220",48.008391282898,104.917157138797,51.0132440481781,89.0336548039484,104.05813309835,91.2888971239461,110.969851418818
"221",52.6906201216953,0,59.7109069766743,0,0,0,0
"222",43.556794824569,0,43.4404178035406,0,0,0,0
"223",45.5160368516479,0,51.9827113485673,0,0,0,0
"224",54.9198175782511,98.4302438412908,58.5549998758433,99.2033125629285,94.567594455026,97.113124895725,109.387246301883
"225",56.8662518050806,95.84370970663,52.2089534530404,99.9261677851771,119.492131660559,93.1565226078724,107.220571878694
"226",0,0,11.8146601160936,0,0,0,0
"227",40.4453308677403,62.5517108593657,46.9940613372546,74.6715592373776,72.8192848583991,85.5478162859924,73.5613747252801
"228",51.8224461230066,86.5964699209769,57.4756948817871,109.18921767013,85.548114714107,100.991715385534,87.3870328950712
"229",48.5091166164158,0,46.551530471685,0,0,0,0
"230",0,0,0,0,0,0,0
"231",28.5669885750816,0,43.3244674374472,0,0,0,0
"232",46.6542866091486,0,43.8190711827305,0,54.2415418440341,0,0
"233",50.4281098999241,95.6914980632116,43.3202302023772,103.713886664818,113.307873265903,105.692753132649,90.6625018477911
"234",52.506126239036,93.7059282857931,56.2764564208751,89.5968949102456,77.018813863623,88.0425183918009,98.3566401486388
"235",39.4420130713619,100.667409794714,39.1611903381493,105.5982737419,102.553432265701,124.232542414917,91.9441278761255
"236",50.4477912951754,94.7722947847825,50.0873028524416,93.4733132827699,82.1824627676012,65.4767834510739,94.4865874028636
"237",50.2125743389114,0,46.3658249346727,0,0,0,0
"238",51.6573369426415,83.5904085443689,44.137441903135,103.72850933687,114.063278358693,87.9607812398045,77.6019256262201
"239",0,0,0.815668688136202,0,0,0,0
"240",43.5254709565368,0,48.1241670190732,0,0,0,0
"241",41.6753384736316,0,41.3338028344765,0,0,0,0
"242",89.1417761654807,163.049735512607,95.7381304745032,169.383902920076,168.670427985442,184.039907513807,150.945304006475
"243",57.7082833184921,88.3581945401403,61.1153685182384,89.9318590191828,74.7625162177237,83.7144673857394,85.0704238898595
"244",0,0,3.556835365888,0,0,0,0
"245",49.6524167045676,0,50.1269793629323,0,0,0,0
"246",45.9655146167845,0,52.7342551699072,0,0,0,0
"247",36.7047159634006,82.9847888313288,36.128431695608,93.1745510135418,98.3993780226231,85.1115745439559,97.4901028207125
"248",0,0,0,0,0,0,0
"249",10.8463867649545,0,0,0,0,0,0
"250",55.9836718946804,114.650361031885,52.9521695876455,114.894651100745,104.550605536109,140.575863718991,97.4570772509171
"251",48.1838159993365,0,46.3279732823202,0,0,0,0
"252",43.1666102976223,0,48.8443232391699,0,0,0,0
"253",53.1441969256347,82.0345645163882,48.0581475175483,54.1724125796897,87.1995854604404,73.1353795999931,67.4518125985211
"254",0,0,2.98896306347355,0,0,0,0
"255",37.3888374771221,108.474069702929,31.9814377082961,98.4653458187139,115.070258513142,72.7020696896365,113.73626111444
"256",0,0,2.42763604305209,0,0,0,0
"257",0,0,0.731268732970279,0,0,0,0
"258",41.0718105095224,0,39.2827281798095,0,0,0,0
"259",43.1763110580617,0,56.7014710986713,0,0,0,0
"260",0,0,4.79598549002604,0,0,0,0
"261",41.0726209526131,0,40.2805693611205,0,0,0,0
"262",40.8841434888704,0,52.6509761828285,0,0,101.388957731389,0
"263",0,0,0,0,0,0,0
"264",0,0,0,0,0,0,0
"265",47.0684405168863,92.8952752718271,50.3816042399,94.5036457675795,77.5183950124375,90.8129264117728,81.1597862472397
"266",36.8180951134506,79.1776428731369,50.434179157043,82.0830849087363,82.2741433890259,94.7885392862076,100.840946584336
"267",0,0,0,0,0,0,0
"268",53.8436113838448,0,57.4529965026961,0,0,0,0
"269",45.1498500854947,0,47.2723186197728,0,0,0,0
"270",51.6988139191439,0,55.4413426144119,0,0,0,0
"271",36.0926933801422,0,37.0201579102904,0,0,0,0
"272",43.3866940679305,115.050368713739,49.3095959744974,86.8302233190465,85.3497527635258,105.814371184777,67.4222022439469
"273",52.2296497178896,0,60.3241041545044,0,0,0,0
"274",0,0,0,0,0,0,0
"275",59.0277066811549,0,55.0867807147235,0,0,0,0
"276",52.1907442197897,0,48.3817884507894,0,0,0,0
"277",33.9270000748397,0,45.9922624745271,0,0,0,0
"278",42.1589307056726,0,44.4871631675867,0,0,0,0
"279",49.9218360189447,0,51.4998078207498,0,0,0,0
"280",0,0,0.664829005324734,0,0,0,0
"281",56.8416331007621,0,64.3598611759338,0,0,0,0
"282",47.3794758813611,0,40.1510459844297,0,0,0,0
"283",40.23052770357,0,52.1633630733643,0,0,0,0
"284",47.1135229198565,88.0226862488206,47.6195643732389,101.384217084754,101.471120302342,75.6978833505546,104.27693491304
"285",34.2855656826681,0,43.7659090631575,0,0,0,0
"286",56.9501780994783,0,58.7758536397119,0,0,0,0
"287",39.5450916737228,104.183070765213,46.7542750126942,111.395900286741,114.548503781377,105.987274957444,103.950758422208
"288",50.0069917633336,0,51.7240852286344,0,0,0,0
"289",34.8561766510314,73.3913920512614,54.7148519400362,74.2190270700157,90.6472919442567,90.9444604416858,54.9937264072687
"290",41.6069118911823,0,48.966852546081,0,0,0,0
"291",36.744011618732,0,39.4733718091277,0,0,0,0
"292",50.2083318056673,0,39.7365777486921,0,0,0,0
"293",0,0,1.26188949555672,0,0,0,0
"294",61.8639932730082,0,74.3297507948301,0,0,0,0
"295",0,0,0,0,0,0,0
"296",49.9783129295533,0,54.3960190905962,0,0,0,0
"297",41.2214286539059,0,49.7451920879133,0,0,0,0
"298",42.2956508642944,0,41.9760534827713,0,0,0,0
"299",51.6791294884338,0,51.1806963411422,0,0,0,0
"300",45.5250582404297,0,50.1660603543195,0,0,0,0
"301",55.2813745952807,0,57.4761588262045,0,0,0,0
"302",53.7897102518606,71.8793578980124,49.2577046313789,94.8247112672126,99.7442396533002,0,113.906015271463
"303",50.8358620993494,65.9621977362264,53.9907397328694,95.7136014978735,109.928438092426,94.4924319540426,112.153422598024
"304",38.3474779524368,109.59480837372,44.120407170569,105.731094542317,93.3194183489272,111.33641912956,121.229992952141
"305",38.1477848402963,0,41.1385084542706,0,0,0,0
"306",54.0124362133654,0,49.4555824214871,0,0,0,0
"307",51.0547855024583,0,61.3286954602742,0,0,0,0
"308",46.6993481248124,0,60.6539371819349,0,0,0,0
"309",47.0081177172471,98.0364684482506,62.5738832833507,110.104477271196,111.632405942749,115.891049694547,91.7376015302412
"310",33.3596496309352,0,36.782977671797,0,0,0,0
"311",42.3977702895474,0,46.4605153439304,0,0,0,0
"312",0,0,0,0,0,0,0
"313",42.8577740476815,0,45.1548593944166,0,0,0,0
"314",54.7244415884477,121.96093966339,53.5163259164543,108.62461946534,128.136163513456,95.1938054746707,89.6974236565353
"315",52.5739804758453,0,50.6313465633998,0,0,0,0
"316",42.4624949596941,52.216530774061,40.020632547779,61.7193952256566,71.6260693358933,61.4673999847183,45.1136229567655
"317",42.570725587099,0,52.2534648523028,0,0,0,0
"318",0,0,9.38828721975459,0,0,0,0
"319",34.4385218000263,81.8435382081593,43.160529800832,111.831446452885,94.3672545056796,120.36251932748,98.258940184472
"320",51.3973832465198,0,54.5280654694825,0,68.5248259317483,0,0
"321",67.8238880020583,90.7041319341906,66.1122291613038,86.2599519834251,91.4071541261604,0,89.8654078265246
"322",41.920255275684,90.4251921409649,50.3132614696936,105.804828660528,127.499450876119,93.2018857043074,107.164433305946
"323",51.3729437537012,37.6250122194968,47.5289020486096,54.9702061957938,40.51578098089,82.6469537590658,64.3499945399367
"324",45.3947511631725,79.5816849402813,54.9828830973445,95.5315020355802,86.089548488645,0,76.8953774630442
"325",0,0,0,0,0,0,0
"326",47.0478443781487,0,52.3723839036692,0,0,0,0
"327",61.7743348825613,0,67.2224484826595,0,0,0,0
"328",52.8837037031006,55.6340102142057,51.3121236527345,85.7092601467334,76.2159513128726,64.0515760781347,64.5069239425767
"329",47.1978867387299,0,44.5896463555944,0,0,0,0
"330",47.071278229658,0,56.7499719238183,0,0,0,0
"331",50.2588343804175,0,49.5207753015729,0,0,0,0
"332",0,0,0,0,0,0,0
"333",56.5478879900013,69.1408958334066,65.7891031733445,114.87819641094,110.097976961787,107.872537438779,113.965656814162
"334",0,0,0,0,0,0,0
"335",39.3392622750881,0,43.0667166618858,0,0,0,0
"336",58.8489424014569,69.8006519406351,65.5495319329825,121.795777150014,96.9147422316653,103.447013893104,106.635838772625
"337",38.9887275652819,0,44.4015318738796,0,0,0,0
"338",0,0,0,0,0,0,0
"339",39.9893812340381,83.2169058297267,41.1763587443727,98.9324843639929,106.416905427298,87.184345401407,105.26554512931
"340",44.8235923448297,35.1835911870836,42.5728724260258,61.2194371412706,68.6628668887948,62.986184222794,66.7879272196183
"341",36.7319867808179,0,38.518391634348,0,0,0,0
"342",39.7228279642975,0,39.7191853572287,0,0,0,0
"343",50.646532121364,68.9777867783619,40.5069857998359,71.4224734788737,86.9461439695283,59.7555480023716,71.3406367771228
"344",43.7361953550436,88.2401385911824,43.173580232485,62.1449755331103,84.7572705777402,0,57.4800140831995
"345",0,0,2.5800174653838,0,0,0,0
"346",27.3905845578023,0,33.5209813894647,0,0,0,0
"347",58.5131912244727,35.4363024780022,68.1443630969658,46.8645927564246,32.3248752550368,76.2893137215271,54.829390976884
"348",0,0,0,0,0,0,0
"349",39.0271136491169,68.6258551071378,48.0803459396632,70.4281482279231,95.6775716976026,129.780925012046,80.93072635178
"350",42.3523666871312,94.2418726153159,50.6053678047246,92.9940239021588,114.96670514628,68.6371937473369,95.8789675486108
"351",44.7928021096952,81.6701705893645,46.9829695114907,92.5626580799664,98.3916675068388,0,60.6876460860117
"352",49.2501357411657,0,45.7595514597003,0,0,0,0
"353",34.6787848643923,0,34.3874466481872,0,0,0,0
"354",42.0756025752966,45.2090517986331,50.4755393701467,47.4675792964663,50.0048294955891,56.3549311630663,41.3734356498093
"355",46.3125046245906,81.1194520508334,41.3918594620312,97.7214024628931,101.744532561225,109.662725427909,94.0319748081441
"356",44.2493511830866,83.8116633457398,48.6698039185906,93.8551277815925,99.9516574347237,109.292235915218,88.2681774134175
"357",52.2123775421157,0,48.9012323013151,0,0,0,0
"358",56.7518604016098,0,61.2619393301418,0,0,0,0
"359",38.2256125250141,0,43.0589640123339,0,41.0055345524767,0,0
"360",0,0,0,0,0,0,0
"361",50.6505527320231,90.8417066156995,60.9348914602623,112.728589703909,115.372642844335,124.021937079538,123.147850448183
"362",38.7440355486354,0,32.9842756264049,0,0,0,0
"363",40.0960766330624,92.7271234875573,43.8355372920644,80.7317858754775,94.7867448032222,83.0593763286672,95.1464891518548
"364",47.8226063164477,0,48.2367586967534,47.6966686910366,0,0,0
"365",42.9901072970405,66.0366167597566,34.9069200462622,81.3891024179851,56.5725701270721,79.4231085400115,56.9725157311258
"366",51.8631067476275,0,53.8535663637506,0,0,0,0
"367",49.9007228839933,0,59.6621304773119,0,0,0,0
"368",40.2285293600307,0,45.642951178929,0,0,0,0
"369",43.9730386726504,0,51.1792558166435,0,0,0,0
"370",47.7311326050475,0,41.220468520829,0,0,0,0
"371",0,0,0,0,0,0,0
"372",43.2381788649481,0,45.335561719879,0,0,0,0
"373",51.9733563316805,0,64.0974304158142,0,0,0,0
"374",45.8933485126915,0,67.4510031873076,0,0,0,0
"375",0,0,0,0,0,0,0
"376",32.914703580879,84.0997828099641,37.2600933802081,81.8917991038938,95.9296041279347,77.6837720831874,64.2871700542546
"377",46.2784251479374,0,54.9016796353794,0,0,0,0
"378",56.0894808815452,107.387545033822,56.6574979136324,105.527194053022,114.349450169317,131.189748005539,93.0108966380666
"379",43.108558135075,67.0606762578215,43.6891116568721,76.8508172714972,91.068119567816,91.3202396582946,66.2961330072151
"380",52.1263548225661,0,56.7630311916831,0,0,0,0
"381",41.7849485261835,0,36.6637914042981,0,0,0,0
"382",43.7763527836491,66.7428392578388,46.0682194289073,62.0071518696602,61.7401452278048,63.7234876475078,73.7705363402794
"383",37.64064536292,0,33.2070623438169,0,0,0,0
"384",0,0,0,0,0,0,0
"385",59.5569211553993,0,64.2519414345382,0,0,0,0
"386",52.6796695265155,0,56.706101361263,0,0,0,0
"387",55.023427843946,0,53.2761219670639,0,0,0,0
"388",35.0836318333169,0,34.2530367768191,0,0,0,0
"389",55.6075465171423,0,63.0242963244088,0,0,0,0
"390",51.0904818934906,0,50.9622131527034,0,0,65.3016495818554,0
"391",48.485379203308,0,43.6741107135086,0,0,0,0
"392",65.7573973916455,111.132450483358,67.1736198009611,133.662833240284,138.006502204295,145.608330999009,126.188660731541
"393",0,0,16.7741321875864,0,0,0,0
"394",47.4927122246228,0,55.3435173413552,0,0,0,0
"395",59.9646156965987,0,60.4689794993565,0,0,0,0
"396",51.2148925481852,0,49.108676887894,0,0,0,0
"397",47.0440925452894,80.7894950280757,45.5220968005364,48.6514110357201,72.1312379977897,84.5108430894763,75.3406718369886
"398",49.7920789645794,0,44.7262196178411,0,0,0,0
"399",51.4748643962071,0,58.7311581942367,0,0,0,0
"400",45.6953934886703,0,45.0662630855097,0,0,0,0
"401",55.2253639757532,0,62.2966100714612,0,0,0,0
"402",43.6283100774721,0,49.4900632126054,0,0,0,0
"403",0,0,7.19734123626703,0,0,0,0
"404",44.75602849172,64.0538579602818,48.4695460143062,91.1630443840263,83.1562882169316,88.8399790412272,105.77380730224
"405",47.5699799813781,0,49.0508841073812,0,0,0,0
"406",59.4693694717711,80.5737256176879,64.6510861534036,89.9870551240155,91.1827457250291,96.4850734934043,79.2305934829797
"407",35.0388413728291,0,45.4142437627421,0,0,0,0
"408",43.7637691923504,0,50.5753911941252,0,0,0,0
"409",40.6774050941943,97.9856205141713,53.8986284420493,110.264716743088,94.563175733423,81.5881278015875,109.788604348383
"410",41.1447277791519,0,43.6719188845955,0,0,0,0
"411",48.0425094431046,97.5342575803948,59.8361757121347,102.890114429434,122.576106290497,133.908626980894,124.430166783723
"412",34.4480678484611,42.2431162428634,37.0632162836227,0,0,0,0
"413",52.5032103441854,88.1944016466866,49.8724582678895,115.921905354315,123.168956638234,110.193721781993,69.5524221546339
"414",41.9562839563575,51.5582740663507,44.0481913413235,65.8475615343919,63.1219370474552,75.6262757668023,50.123443239405
"415",0,0,0,0,0,0,0
"416",0,0,0,0,0,0,0
"417",0,0,0,0,0,0,0
"418",47.4305614141587,0,59.839771454771,0,0,0,0
"419",48.3895423713431,0,48.0816376373641,0,47.1695701555027,0,0
"420",42.5791199184765,0,47.1561353994062,0,0,0,0
"421",47.844130616209,0,56.390634559321,0,0,0,0
"422",46.4943300137121,77.796575246844,53.0924569331789,78.9972130271895,76.0327221659511,0,81.9138109251898
"423",35.8324101412034,102.515013810373,38.3344168593777,93.7393414093184,126.63422497055,95.6758751201664,121.654860577266
"424",35.840745399526,110.743492378206,36.7008125065914,118.310159219983,113.028839958872,130.53096425286,120.624061246162
"425",47.5737343217908,0,41.2234272343297,0,0,0,0
"426",39.9300220854322,39.9480571858865,45.3791487535099,43.1380900003079,66.9768745731491,46.4818664065274,72.7280226145778
"427",0,0,0,0,0,0,0
"428",41.7435565200613,97.3849918252824,47.2829863962635,101.698959474262,99.3823006924345,99.1819445536204,85.9647757769001
"429",32.4473842030643,48.7173916019898,38.2901979927247,99.5052575115933,88.1876437109992,88.4377477083983,61.2609352609208
"430",51.3654219940948,0,59.3678820885597,0,0,0,0
"431",0,0,0,0,0,0,0
"432",41.440092840742,0,35.4511422454579,0,0,0,0
"433",43.1227129049241,0,46.3162182317259,0,0,0,0
"434",0,0,0,0,0,0,0
"435",53.4322292957109,115.628928759976,55.2636579460245,130.960515884977,107.837518498435,118.11383901982,133.010596394164
"436",48.7166747729027,0,52.9814504083031,0,0,0,0
"437",50.6534118389146,111.651291883426,55.2648907916907,115.704727984126,117.755443881386,131.728453141368,129.577525842404
"438",59.0647328216927,0,49.8625276979558,0,0,0,0
"439",29.9322526956719,0,43.9896325240459,0,0,0,0
"440",0,0,0,0,0,0,0
"441",53.9343633718574,0,54.9607626235429,0,0,0,0
"442",36.7507528164669,0,41.3311211272459,0,0,0,0
"443",49.5833874362158,97.9652498114376,59.1060254214653,100.117787611558,93.4599866944019,93.9075724007061,106.562270297811
"444",74.5666964523842,0,78.1411869713857,0,0,0,0
"445",0,0,0,0,0,0,0
"446",55.5698790318376,0,49.0440185423308,0,0,0,0
"447",67.0362725924016,0,66.5804074277759,0,0,0,0
"448",43.4869608787718,0,48.5902305979928,0,0,0,0
"449",0,0,0,0,0,0,0
"450",55.3685109611392,0,51.9504460565996,0,0,0,0
"451",53.9800666868599,90.0684320976163,56.2529386658758,110.066660133857,80.604033924447,83.620876506554,89.0224211127506
"452",41.1754664296065,0,39.8605021719606,0,0,0,0
"453",0,0,0,0,0,0,0
"454",55.6530149626259,79.7321934479733,64.7687449779796,94.1660020460016,96.7304341952296,107.237836275677,88.1345826298708
"455",37.8864870183219,58.0544838357067,43.2378705747034,67.2939622778764,73.2758758355848,58.7080992049299,62.0233856417553
"456",41.1626005728322,0,42.7281458422011,0,0,0,0
"457",51.1068574048182,88.0378415627839,47.5241543855581,93.5182707793256,109.707959770952,71.8955253538427,96.9975320058691
"458",36.4158088364821,0,52.6541262516139,0,0,0,0
"459",0,0,0.46065468917869,0,0,0,0
"460",53.8186923453348,0,54.1164484865563,0,0,0,0
"461",42.0254778086975,0,44.3135467420442,0,0,0,0
"462",37.2003375131668,71.996815485847,46.3989375341167,60.1587200239501,78.3285892268887,86.8300611496705,74.5424097248951
"463",0,0,0,0,0,0,0
"464",46.931097397705,0,47.2208271014517,0,0,0,0
"465",50.9673844553877,95.6213497598804,56.3675780238207,96.283216638782,92.3686743963267,87.6691243227462,96.6262956667898
"466",49.233137445621,85.1663644582352,48.0948539730212,107.451964654955,94.6361916210148,84.7746740720789,91.2036481472677
"467",44.9924757731932,77.6414162979531,39.5665082240557,92.0235095070858,99.6158574570875,87.4986687355051,76.6872049028906
"468",0,0,0,0,0,0,0
"469",63.5238339691812,108.07278067624,71.9398591463439,107.223839957458,102.50644556351,114.509806761168,97.0050932031291
"470",35.4120527670898,74.8558152928213,45.7791286940183,60.1926008140348,94.2007392842174,96.4631621289998,87.7964684117166
"471",81.2711858502607,0,69.4729211534423,0,0,0,0
"472",46.26091339324,55.3117470407893,48.4821943231375,51.844670665691,68.0734557450951,63.3107972037009,62.0871354593544
"473",0,0,0,0,0,0,0
"474",0,0,0,0,0,0,0
"475",38.3894806753477,72.8352978592237,49.5272333266853,94.9536813890923,90.1013479225034,112.617300001074,64.5057226235041
"476",37.9950652135301,0,42.9844600028824,0,0,0,0
"477",37.5850258161649,0,44.7977575512255,0,0,0,0
"478",58.0098278548315,77.7021302929021,70.1739602917456,83.3599670312289,104.932988387689,85.7078818663833,90.9603800353316
"479",46.3044724227244,0,46.6405385313059,0,0,0,0
"480",52.2233192059631,130.608506809743,54.1633893701004,118.771561761104,110.323737764686,132.158687443661,118.50381093123
"481",46.774111729217,0,49.0303004723731,0,0,0,0
"482",46.0163793138823,82.5300709089858,52.468254158743,80.3908554927725,71.3647825648296,90.0297536287246,81.0359027875516
"483",52.2087253381084,0,56.4503849583961,0,0,0,0
"484",41.1548397319208,70.1975805340964,50.3554722284089,61.1096558298939,71.6870975246868,52.4543778495077,78.7801303244713
"485",45.4830685032746,47.704426392512,48.3478886043703,0,0,0,0
"486",35.875063588682,0,40.0784377229787,0,0,0,0
"487",37.4900169580468,91.0507300704085,45.0181699802542,104.27168690424,88.5440233704796,57.6902765537148,0
"488",33.5405607982076,0,38.3094140786292,0,0,0,0
"489",43.1900652777759,0,46.7307557910425,0,0,0,0
"490",46.44791501795,89.7267639052781,58.5404543982281,80.2621480394428,81.2628919906254,0,93.7417624390657
"491",48.9324457545603,0,54.4300900190097,0,0,0,0
"492",0,0,0,0,0,0,0
"493",44.8930981562598,0,52.9933026166793,0,0,0,0
"494",51.5194980285078,0,58.3405973418088,0,29.1550115031619,0,0
"495",42.9366237808601,0,48.7432740295007,0,0,0,0
"496",42.2789888274119,0,51.9579266356142,0,0,0,0
"497",57.3958562036669,0,54.3124909166504,0,0,0,0
"498",0,0,0,0,0,0,0
"499",34.7047460131043,0,44.8780410984911,0,0,0,0
"500",46.1776914850538,0,54.4994354274345,0,0,0,0
