"","age1_orange.S","age1_green.S","age2_no_comorbid_orange.S","age2_no_comorbid_green.S","age2_comorbid_green.S","age3_no_comorbid_green.S","age3_comorbid_green.S"
"1",0.806680772907071,0.926337842536632,5.75032706608367,6.69047219040767,6.69047219040768,17.9804486713369,17.9804486713369
"2",1.19818529179663,1.11909202706739,7.27352641281216,7.48055602257987,7.48055602257986,19.3405042496459,19.340504249646
"3",1.53609983554345,1.76577547797419,8.42067924092085,9.70916636724381,9.70916636724381,22.7669663672783,22.7669663672782
"4",2.7592587129244,4.67472566807821,11.9116717061578,17.0141831778537,17.0141831778537,32.4592549773017,32.4592549773017
"5",0.187881487986785,0.143813626043407,2.42643617251436,2.2850722713223,2.2850722713223,9.10858351486618,9.10858351486619
"6",3.30419811971111,6.05945403756754,13.2559104705937,19.7712856854561,19.7712856854561,35.7137618213118,35.7137618213118
"7",1.17185690760352,0.948035349635884,7.17472251575649,6.78843220057174,6.78843220057175,18.1652777742421,18.1652777742422
"8",1.50134332935543,1.70602927538224,8.30995477778968,9.52787194275633,9.52787194275631,22.5164870630132,22.5164870630133
"9",5.08913733488072,6.75647003935868,17.1230730107251,21.0834190720641,21.0834190720641,37.243601028925,37.2436010289249
"10",0.827835463110823,1.24333747866096,5.83862995664437,7.92300651891044,7.92300651891047,20.0004824028812,20.0004824028812
"11",0.289615228354192,0.16275465466424,3.1381866977323,2.46252194892355,2.46252194892354,9.57861793872439,9.57861793872441
"12",0.4820194976296,0.466604690002363,4.23805026626081,4.5021172600899,4.50211726008988,13.9846304009267,13.9846304009267
"13",2.32110615118447,2.20744058666807,10.756256678651,11.0603736488497,11.0603736488498,24.7576953525314,24.7576953525314
"14",4.23134962939542,3.1621962970991,15.3580432981777,13.6408235908131,13.6408235908131,28.3313037754393,28.3313037754392
"15",1.34099055857325,1.29398239137509,7.77235766334288,8.12534763361126,8.12534763361127,20.3609848002468,20.3609848002468
"16",1.77439959229207,1.81891867604843,9.17117123904146,9.87807222205365,9.87807222205365,23.0197933770168,23.0197933770169
"17",1.71990325960356,1.93666449268911,9.00619362049143,10.2507048888228,10.2507048888228,23.58323577725,23.58323577725
"18",1.02821794443902,0.577799407429278,6.64147332040679,5.10728294810106,5.10728294810107,15.1843533865503,15.1843533865503
"19",1.13157419810077,1.13113636972711,7.02666928954245,7.51073668462656,7.51073668462655,19.3537840146429,19.3537840146429
"20",0.435767761505453,0.347563611217133,3.99350605539057,3.8030396482914,3.80303964829142,12.5799598343237,12.5799598343237
"21",1.02348071961132,0.667829740914769,6.62312846852654,5.55056786115914,5.55056786115915,16.001930818543,16.001930818543
"22",1.34267990216262,1.30685380129652,7.77994221310943,8.17759388375529,8.17759388375531,20.4561848157173,20.4561848157173
"23",2.10994605617526,1.939944838641,10.1652993508565,10.2655844339218,10.2655844339218,23.6146007842345,23.6146007842345
"24",1.8181287823627,1.96746068821874,9.30970475738844,10.3535474506532,10.3535474506531,23.750924369162,23.750924369162
"25",1.32434415660843,1.08205267058422,7.71782525144592,7.3385513620088,7.33855136200878,19.1113492380119,19.1113492380119
"26",10.1781379921242,18.525068904643,25.818892256575,37.7362275196515,37.7362275196515,53.8589421050817,53.8589421050818
"27",0.554296880061842,0.495110987677113,4.60253450854766,4.65621545147886,4.65621545147885,14.2790277746655,14.2790277746655
"28",1.30463692622499,1.40136058069487,7.64897042640124,8.51348169569871,8.51348169569872,20.9838772818843,20.9838772818843
"29",1.67988153512879,1.82615162730622,8.8802962214408,9.90536915830909,9.90536915830912,23.069467604166,23.069467604166
"30",2.16231448842433,2.47065599556825,10.3150002572915,11.8021190326335,11.8021190326335,25.7948816566941,25.7948816566941
"31",0.499236544177468,0.218223708682718,4.32830375568177,2.90991070543196,2.90991070543197,10.6259701334936,10.6259701334936
"32",4.44919852644959,5.33633430908819,15.818758783031,18.4242699338988,18.4242699338987,34.2344937992245,34.2344937992246
"33",0.444208789211512,0.525930079191245,4.03675875657423,4.81821973464183,4.81821973464183,14.5835853468176,14.5835853468176
"34",0.434914057972975,0.504725261595497,3.99065654076299,4.72019229842405,4.72019229842405,14.434855708317,14.4348557083171
"35",1.8768678593984,2.32322206623614,9.48765308778746,11.3969371227025,11.3969371227025,25.2427672030373,25.2427672030373
"36",2.14254812757128,1.51551461846367,10.2627527412285,8.9190367006865,8.91903670068647,21.6369902836117,21.6369902836117
"37",4.30919473224792,4.33966106818591,15.5249459054322,16.3671081173557,16.3671081173556,31.7855846326265,31.7855846326266
"38",1.13934949396423,1.50774906667407,7.05884247156241,8.8755156591371,8.87551565913712,21.5340586262941,21.5340586262941
"39",4.00504129799158,4.59089649777798,14.8656276903696,16.9005623340493,16.9005623340494,32.4267161600005,32.4267161600008
"40",0.632354759477392,0.711358902194492,4.97708833355773,5.74090385842568,5.7409038584257,16.3089558946568,16.3089558946568
"41",1.38239249729783,1.21956639073447,7.91039260306861,7.84379145700758,7.84379145700758,19.8923611921925,19.8923611921925
"42",3.02455214483933,2.73376350854551,12.5829205700192,12.5182900685868,12.5182900685868,26.7877993703314,26.7877993703313
"43",0.588057192563251,0.706517308320692,4.7713707056587,5.73167153519866,5.73167153519866,16.3252751332007,16.3252751332008
"44",1.23182929905279,0.878085287123186,7.39292367863622,6.50412411088657,6.50412411088657,17.7016780989169,17.7016780989169
"45",0.815755704858112,0.598327967732515,5.78818151211468,5.20182015993152,5.20182015993152,15.3377855194558,15.3377855194558
"46",0.59250100836353,0.650632630970888,4.78740709515215,5.44786182336637,5.44786182336637,15.7641612917157,15.7641612917157
"47",1.26075008267303,1.30618604952048,7.49461790970306,8.17221368852151,8.1722136885215,20.4412119416483,20.4412119416482
"48",1.54952210974549,1.84704830182296,8.46892365198344,9.98155308024682,9.9815530802468,23.2037367960186,23.2037367960186
"49",1.50187158707248,1.63996047733489,8.31351251349408,9.3202386155831,9.3202386155831,22.218965963665,22.2189659636649
"50",2.24692863629766,2.22529223249806,10.5611905074357,11.14366587045,11.1436658704501,24.9372507377253,24.9372507377253
"51",0.643097021183863,0.586864262649158,5.03054228657721,5.15057336891142,5.15057336891142,15.2585812391869,15.2585812391869
"52",1.05748447273395,1.70952843087817,6.74975368347452,9.520552869302,9.52055286930198,22.4675156601802,22.4675156601802
"53",0.779698371289476,0.942652539535072,5.63473657158863,6.75425128031894,6.75425128031895,18.0796540831398,18.0796540831398
"54",1.77247084393344,1.17341342412569,9.17245910777836,7.69477041908205,7.69477041908206,19.7046157067375,19.7046157067375
"55",0.770450617806865,0.44901608535733,5.5987645607627,4.41675688134325,4.41675688134325,13.8523780179291,13.8523780179291
"56",1.93157399675826,1.89188150885077,9.64776132552772,10.1184179195395,10.1184179195395,23.4003279693211,23.400327969321
"57",2.02200673039139,1.55128170448975,9.91111936699479,9.02265866585951,9.02265866585954,21.7598679287448,21.7598679287449
"58",0.72004952731264,0.635690774842243,5.37502866365849,5.38261929562122,5.38261929562121,15.6626929475711,15.6626929475711
"59",1.04577006620245,1.0868221699464,6.70814301973929,7.34593887409223,7.34593887409222,19.0981646466108,19.0981646466108
"60",2.0549323637763,1.41774741734841,10.0120027046203,8.58228030015136,8.58228030015139,21.1156617574383,21.1156617574382
"61",3.29883307160193,3.7516767541683,13.2490211647376,15.0294458330988,15.0294458330988,30.0816517275277,30.0816517275277
"62",1.10570073293105,0.837083382127631,6.93064611590288,6.31475547898527,6.31475547898527,17.3440386347172,17.3440386347171
"63",2.9813604649513,5.59108168054348,12.4729925161031,18.874070919799,18.874070919799,34.6777107409268,34.6777107409268
"64",1.9090395133948,3.41080578204819,9.57778120218125,14.1861808893593,14.1861808893593,28.9314203464245,28.9314203464244
"65",6.13167034228028,7.76507085483091,19.1219995880961,22.8529349019091,22.8529349019091,39.204895130947,39.2048951309471
"66",2.00058276323522,3.5965702583308,9.85013435782616,14.6413534857388,14.6413534857388,29.5411611007909,29.5411611007909
"67",0.576422072748047,0.611085487774508,4.71276520835207,5.26385114045498,5.26385114045497,15.449153328603,15.449153328603
"68",0.423339149840327,0.296952976623464,3.926574694661,3.47599766834848,3.47599766834847,11.8925647559583,11.8925647559584
"69",0.23275622670432,0.0829186378949466,2.75597407653157,1.66748223154087,1.66748223154086,7.47766857522454,7.47766857522453
"70",1.62158656121747,0.909568184446813,8.69743390677808,6.63474161093376,6.63474161093376,17.9191907122894,17.9191907122894
"71",0.906544075253122,0.669125795810895,6.16455476826343,5.55716345841372,5.55716345841373,16.014962797698,16.0149627976979
"72",1.74404170715467,1.51607403864374,9.08266855236612,8.9096783676947,8.90967836769472,21.5989508028044,21.5989508028045
"73",1.32029092824198,1.2782241085233,7.70259228376408,8.07292298174755,8.07292298174753,20.288149081017,20.288149081017
"74",0.289325988139034,0.0755176069935188,3.13528664086884,1.581184790163,1.581184790163,7.23519552641907,7.23519552641906
"75",2.55675722639707,2.48857674309723,11.3986314709552,11.8801121153156,11.8801121153157,25.9570464913151,25.9570464913153
"76",0.870159861472258,0.747185285550028,6.0153948677653,5.91675328242126,5.91675328242125,16.6498781250928,16.6498781250928
"77",0.429156723833529,0.300082276639536,3.95705531064832,3.49343407019879,3.49343407019879,11.9195276277259,11.9195276277259
"78",1.74996097961463,1.80352557101906,9.09680149991646,9.83181327026474,9.83181327026472,22.9556324773811,22.955632477381
"79",5.43057897825969,6.7039634209551,17.7980469274621,21.006620022959,21.006620022959,37.1850603948251,37.1850603948252
"80",0.891380825034046,0.877680867726451,6.09950020354807,6.48362053896036,6.48362053896038,17.6221002758631,17.6221002758631
"81",0.5965626356452,0.517579291261463,4.80925991612898,4.78337508980993,4.78337508980993,14.5416402409198,14.5416402409198
"82",0.863612139885839,0.63547376510161,5.98633793882922,5.38421877983913,5.38421877983912,15.6723528096314,15.6723528096314
"83",1.53560223132963,4.10199320680882,8.42259282906129,15.7869438348709,15.7869438348708,30.970599593947,30.9705995939471
"84",0.585828727588701,0.262538236987287,4.75765056267053,3.23613755903287,3.23613755903288,11.3617296371764,11.3617296371764
"85",0.676899930738219,0.76496391160862,5.18311119897168,5.99126433524024,5.99126433524023,16.7670775618148,16.7670775618148
"86",0.857876816148306,0.189854423326925,5.97433733077707,2.7016958388186,2.70169583881882,10.1916650892,10.1916650892008
"87",1.8339699110779,1.81776427216131,9.35484247084959,9.88359025933401,9.88359025933402,23.0464090777412,23.0464090777412
"88",2.0743167832099,2.01058530945157,10.0676885088473,10.4929992201061,10.4929992201061,23.9711126460575,23.9711126460576
"89",4.15876310539192,5.00775356925658,15.2064039343155,17.7895153596683,17.7895153596682,33.5293335932772,33.5293335932772
"90",8.56643628625381,14.5899290480826,23.3135619911503,32.8856432353554,32.8856432353555,49.3722517409476,49.3722517409474
"91",0.331102470830375,0.28461501216272,3.3958021463296,3.3937865711532,3.3937865711532,11.7192020703404,11.7192020703403
"92",0.83241172371632,1.09594958105461,5.85872088105991,7.37226352771444,7.37226352771443,19.1207967048149,19.120796704815
"93",0.219796343604995,0.208491994367703,2.66193736321796,2.82801057298825,2.82801057298825,10.4154361216636,10.4154361216636
"94",3.740247854788,4.65136236182194,14.2759521459045,17.0277075333193,17.0277075333195,32.5794821283878,32.5794821283877
"95",0.418216014249919,0.105650298107857,3.90117846949039,1.92158738194473,1.92158738194472,8.19510008131857,8.19510008131859
"96",0.570024750088332,0.451607211534646,4.68342570144455,4.42786034488598,4.42786034488597,13.8647027690813,13.8647027690813
"97",0.896326983432855,0.944257107227588,6.12300484627074,6.77413518100414,6.77413518100413,18.1441119283206,18.1441119283206
"98",1.48126208276407,1.66116462893374,8.24704129826934,9.39368484449016,9.39368484449018,22.3381445081823,22.3381445081824
"99",1.65195289630869,2.40384476455259,8.7992489618121,11.6299219556312,11.6299219556312,25.5806846196334,25.5806846196334
"100",2.33572645330587,2.47561097419986,10.7963521376995,11.8147040231887,11.8147040231887,25.8102888186761,25.810288818676
"101",0.55402553629896,0.598029358004626,4.60150264980492,5.19174316084813,5.19174316084811,15.2970875190165,15.2970875190165
"102",1.35477292714291,1.7242527656353,7.8231206352442,9.5984371879797,9.59843718797967,22.6464560455805,22.6464560455804
"103",1.85296328939236,2.18719131688592,9.41679487644343,11.0111391977358,11.0111391977358,24.7061302792246,24.7061302792246
"104",11.691818514707,20.5095989506467,28.0330701816349,40.0503935789045,40.0503935789045,55.9669451910458,55.9669451910459
"105",0.26766095472282,0.212473943852371,2.99062839743249,2.85783858711656,2.85783858711655,10.4810391529068,10.4810391529068
"106",1.87174324089047,1.91107561501314,9.46709678396524,10.168131426488,10.168131426488,23.4543025810133,23.4543025810134
"107",3.97860395987806,6.20863962030676,14.8049807536247,20.0938729987602,20.0938729987603,36.1490805665845,36.1490805665844
"108",1.58802244702037,2.42018519610751,8.59028427135117,11.6496765635847,11.6496765635847,25.5591547367708,25.5591547367708
"109",0.445381639714662,0.310309202549284,4.04608567630563,3.56462983029304,3.56462983029303,12.0815938280291,12.0815938280291
"110",5.66171515596953,5.06080887277889,18.2476110129254,17.8864106682039,17.8864106682039,33.6259705002242,33.6259705002241
"111",1.66427775798413,2.0694280856367,8.83146548541332,10.6445067838954,10.6445067838955,24.1414121757686,24.1414121757686
"112",0.663186001449889,0.608283313653519,5.12027516626232,5.24963509715734,5.24963509715735,15.4220092382458,15.4220092382458
"113",0.413424368234382,0.629880940490429,3.86902474520427,5.3458938481627,5.34589384816269,15.5740007105694,15.5740007105693
"114",1.052618284164,0.915590685270719,6.73356076479772,6.65422061173347,6.65422061173347,17.9388746157903,17.9388746157903
"115",0.128535686455253,0.136832006910111,1.93623164468405,2.21332481012228,2.21332481012227,8.90173240884643,8.90173240884643
"116",1.46860934365897,0.518356088701993,8.2066795270892,4.80817958635525,4.80817958635524,14.6439111331647,14.6439111331647
"117",1.06393773538161,1.17242191295535,6.77690095490354,7.67367122554171,7.67367122554173,19.6319254138163,19.6319254138163
"118",0.737955095838978,0.783558007865027,5.45717715599483,6.082766663882,6.082766663882,16.9478994330185,16.9478994330185
"119",2.19933976508694,3.65684843249733,10.4187319680013,14.7862192878285,14.7862192878285,29.73255074814,29.73255074814
"120",0.309370041044966,0.228701441784896,3.25910117279205,2.98408703445788,2.98408703445787,10.779089853883,10.779089853883
"121",3.11428524437269,4.01922891400142,12.8066740222609,15.64198786392,15.6419878639201,30.8579118446977,30.8579118446975
"122",1.63137260648427,2.24280691725743,8.7273575562855,11.1470592857363,11.1470592857363,24.85101393198,24.8510139319799
"123",0.571014808071882,0.585086954684754,4.68728124300813,5.13621976278724,5.13621976278724,15.2179211948265,15.2179211948265
"124",1.2152658546294,0.75135893649024,7.33001373301269,5.93646485985362,5.93646485985364,16.6865825283401,16.6865825283401
"125",3.71666766704891,3.7676019005421,14.226753691349,15.097624812833,15.0976248128328,30.222502413565,30.2225024135653
"126",3.61393063330005,2.56845146338671,13.9921402154683,12.1084604002651,12.1084604002649,26.2904302038732,26.2904302038732
"127",0.446337795949538,0.28001055421304,4.04963390589357,3.35601977908851,3.35601977908851,11.6184554110362,11.6184554110362
"128",2.53733285389297,2.01442727778971,11.3459983600867,10.5156084499062,10.5156084499062,24.0256913334092,24.0256913334091
"129",0.650591758564585,0.298437587906519,5.06645581834529,3.49275721384896,3.49275721384896,11.9488489432929,11.948848943293
"130",2.56585971082304,3.69738974363256,11.4137590045535,14.8818155978837,14.8818155978837,29.8563051343167,29.8563051343166
"131",1.02325844700862,1.59172018970851,6.62355810013557,9.1545854409128,9.15458544091278,21.9545452380625,21.9545452380625
"132",1.81090693603346,1.94884206525809,9.29251943312193,10.3134941236728,10.3134941236728,23.7257804143351,23.7257804143351
"133",0.646870966059509,0.500772042482208,5.04805311342982,4.70136747431062,4.7013674743106,14.4050620005491,14.4050620005491
"134",2.863403225565,1.82764250248561,12.1873889442013,9.94338141354996,9.94338141354998,23.1929295599965,23.1929295599966
"135",0.995619277178999,1.03694846830027,6.51573312077347,7.14942909197198,7.14942909197198,18.7727586590467,18.7727586590468
"136",6.52427062191876,11.2922546234097,19.8515988051427,28.4170419248138,28.4170419248138,45.0793836521787,45.0793836521786
"137",4.46952510018287,5.92786526284102,15.8587427362646,19.5614222639866,19.5614222639866,35.5346073964029,35.534607396403
"138",2.55108570619457,4.90793058415607,11.3734188967628,17.5066113847086,17.5066113847086,33.0638814317043,33.0638814317043
"139",1.55545340852372,1.98129285111956,8.48818734978536,10.3930656020086,10.3930656020086,23.8035265109409,23.8035265109409
"140",3.72141068412794,4.77762099110123,14.2273342229949,17.2679625468684,17.2679625468684,32.8288560341952,32.8288560341953
"141",0.209690506918078,0.157044990230615,2.5890449837956,2.40304641009486,2.40304641009487,9.40008314341717,9.40008314341718
"142",2.85544685668013,3.48105021082879,12.1653230627985,14.398401818264,14.398401818264,29.2830624737028,29.2830624737028
"143",6.14804542081817,7.4342945415159,19.1505031528087,22.2814475626245,22.2814475626244,38.574044132388,38.5740441323881
"144",0.936620730488696,0.795219084571031,6.28203970054017,6.1295968765213,6.12959687652131,17.0178049325814,17.0178049325813
"145",1.86408445482376,2.36968467807845,9.44432307924743,11.5079274696171,11.5079274696171,25.3600477793635,25.3600477793634
"146",0.370606795843375,0.24743121515569,3.62839102061564,3.12694543470358,3.12694543470359,11.1161296468593,11.1161296468593
"147",0.919975716583256,0.856875483276271,6.21426197111875,6.3939559096135,6.39395590961351,17.4660861143236,17.4660861143236
"148",2.69719401809383,2.807350594396,11.7558966290807,12.7020857176045,12.7020857176046,27.0186831711428,27.0186831711428
"149",0.439163456673621,0.276525347746978,4.01202859364053,3.33448407916979,3.33448407916979,11.5791231046799,11.5791231046799
"150",3.17968511972071,3.70770341761899,12.9628849978215,14.9244066997967,14.9244066997968,29.9428534354876,29.9428534354876
"151",1.29820493517661,1.90911840303447,7.6239437475157,10.1596978197445,10.1596978197445,23.4371462560559,23.4371462560559
"152",3.58836536767926,2.60600956406524,13.9275063446836,12.1937626326333,12.1937626326333,26.3765976191413,26.3765976191413
"153",0.747242180981048,0.971772022277386,5.49507347803226,6.87468835315081,6.8746883531508,18.2850957030387,18.2850957030388
"154",0.606940902507278,0.728762508413951,4.85597749301728,5.81472619612646,5.81472619612647,16.4248335601756,16.4248335601757
"155",0.231530214813462,0.152081837195176,2.74652830992667,2.36206922618981,2.36206922618982,9.30892509604883,9.30892509604884
"156",2.75779774563763,2.86398596592011,11.9146243460549,12.8597848629236,12.8597848629236,27.2499117889168,27.249911788917
"157",0.778976031194124,0.53375567106854,5.63489235866371,4.87765339789678,4.87765339789678,14.7450047070773,14.7450047070774
"158",1.94573349912272,1.63781077311164,9.68838178969373,9.30935702060527,9.30935702060522,22.1945916650502,22.1945916650503
"159",0.368678416759309,0.350290506678696,3.61803824137511,3.8221674016523,3.8221674016523,12.625561867324,12.625561867324
"160",3.72027812973852,3.33708789902073,14.2316337988151,14.0690015936584,14.0690015936582,28.8875744099081,28.8875744099079
"161",0.440749797808692,0.200204783307646,4.02104185568294,2.76977415088653,2.76977415088653,10.3021923493622,10.3021923493622
"162",4.16912863260723,3.38270146830204,15.2205339698148,14.170060172863,14.1700601728629,29.0018547565708,29.0018547565709
"163",1.76285135666817,1.56650796568849,9.14253972513552,9.08534308894306,9.08534308894306,21.8799125937552,21.8799125937551
"164",5.76152728613662,6.77211800575949,18.4287442927213,21.1171254898277,21.1171254898277,37.2897917992702,37.2897917992701
"165",1.52387329736681,1.7758675188669,8.38836639689797,9.76810408307535,9.76810408307533,22.9092241064072,22.9092241064072
"166",2.12732867493952,2.50911384164269,10.2114227997632,11.8907023113274,11.8907023113274,25.8851593160274,25.8851593160274
"167",1.04103311038409,1.11441147764748,6.69196403018668,7.45891373217413,7.45891373217413,19.2970378248559,19.2970378248558
"168",3.21793860115423,2.99353420039301,13.0554213121302,13.1976569638696,13.1976569638696,27.7110550222259,27.7110550222259
"169",0.527512810219755,0.497376946274735,4.47219398206494,4.67659543205559,4.67659543205559,14.340099214623,14.340099214623
"170",0.903632763068145,0.842569340131835,6.14992817442728,6.33615321510731,6.33615321510729,17.3754384202876,17.3754384202876
"171",3.24928993287125,3.45456924213586,13.1249625403903,14.311928743553,14.3119287435529,29.1306496860987,29.1306496860987
"172",1.00663330288761,1.02700537134514,6.55640815944633,7.10361626242849,7.1036162624285,18.6824138398812,18.6824138398812
"173",0.623412673707279,0.328213234018269,4.93804557164277,3.68458870218394,3.68458870218395,12.3454121855201,12.3454121855201
"174",0.537379833719457,0.400769961012807,4.52347181819189,4.13550389077957,4.13550389077957,13.2845045577877,13.2845045577877
"175",0.297329211162879,0.148446381569759,3.18386267705879,2.32783282350175,2.32783282350176,9.21814115193476,9.21814115193476
"176",0.218866016023817,0.178460385380705,2.65635890218379,2.58905262715889,2.58905262715889,9.8614607537082,9.8614607537082
"177",1.90816803820362,1.34775986664361,9.57638809915224,8.31938442989699,8.31938442989699,20.6695041100426,20.6695041100426
"178",1.33787085256643,1.45161987748527,7.76581384834197,8.69542168804584,8.69542168804584,21.281852751054,21.281852751054
"179",0.555487092881582,0.307009602697043,4.61347032190098,3.54842734009358,3.54842734009358,12.0636336254589,12.0636336254589
"180",2.65493324877259,3.04932392209679,11.6485884998228,13.3281230862704,13.3281230862704,27.8645184734117,27.8645184734118
"181",19.1463403863797,30.8151354787221,37.5423520912783,50.6744716709865,50.6744716709865,64.983306199751,64.9833061997512
"182",1.10402280396566,0.83586584167641,6.92556613941713,6.31263700251377,6.31263700251378,17.3479451874126,17.3479451874126
"183",0.524830720553606,0.566492109346744,4.45804292040424,5.03784517211694,5.03784517211693,15.0234767996056,15.0234767996056
"184",0.548804716118951,0.280449311364756,4.57836462856264,3.36354429736459,3.36354429736458,11.6484643207829,11.648464320783
"185",0.167329535551998,0.121521930185454,2.26411979165201,2.0696479871078,2.0696479871078,8.5411924988086,8.54119249880862
"186",0.80095978338673,0.798302292630909,5.72494446287732,6.13765453770889,6.13765453770888,17.0184288983243,17.0184288983243
"187",7.95737868820508,11.3968236780912,22.3186892039321,28.5345238228527,28.5345238228528,45.1506533929347,45.1506533929347
"188",4.77142969577634,4.83112623656374,16.4859092025417,17.396726874395,17.3967268743951,33.0124035922012,33.0124035922012
"189",0.952475421518665,0.69619233748455,6.34825264380901,5.68758895251004,5.68758895251002,16.2565002805813,16.2565002805814
"190",2.40181993692134,4.44553929861323,10.9737903330895,16.5328336027266,16.5328336027266,31.882965719299,31.882965719299
"191",2.54863487394297,3.25609553988112,11.3692500282565,13.8362928882824,13.8362928882824,28.5220711189551,28.522071118955
"192",0.534347056696117,0.393687715000193,4.50566276876291,4.08593861229242,4.08593861229243,13.1631868993723,13.1631868993723
"193",0.72805198082775,0.358456349249746,5.41395252210355,3.87879841498163,3.87879841498163,12.7593279869985,12.7593279869985
"194",0.882528542357497,0.663409431247458,6.06438028854437,5.52142130002908,5.52142130002907,15.9288673867195,15.9288673867195
"195",5.74082876553124,7.95966471787451,18.3953935839448,23.1979897227743,23.1979897227743,39.6030091969427,39.6030091969425
"196",3.00474326684576,3.71091979048492,12.5294143934296,14.9060237221737,14.9060237221737,29.8745785680522,29.8745785680522
"197",0.66544533453872,0.761539693682014,5.13340165294684,5.98426105014751,5.9842610501475,16.7752701365508,16.7752701365507
"198",1.25030397911033,1.48993118439114,7.45674324265898,8.81115942295061,8.81115942295062,21.4272562442186,21.4272562442187
"199",0.209021040208173,0.0937179460294116,2.58480639036115,1.78666424750065,1.78666424750065,7.80106143708586,7.80106143708585
"200",1.40678111213856,1.53670533313185,7.99416511552975,8.96461882152868,8.96461882152869,21.652220965263,21.652220965263
"201",0.588089895758236,0.315092996976279,4.77096367642798,3.60003666964761,3.60003666964761,12.1685780349779,12.1685780349779
"202",6.73569384836441,8.55394292910801,20.2134142730463,24.1546012862157,24.1546012862157,40.5897775734257,40.5897775734258
"203",1.99537151627209,2.94577440117674,9.83532633478716,13.0550762726786,13.0550762726785,27.4833229768109,27.4833229768109
"204",5.61952593645367,8.11751319742855,18.1600558063692,23.4418796465549,23.4418796465548,39.8361339305408,39.8361339305409
"205",0.973825136360964,1.18322486454821,6.42935590435498,7.70736234046143,7.70736234046143,19.6709367831921,19.6709367831922
"206",0.565429150784464,0.344972529640671,4.65760885982444,3.78365484810951,3.78365484810951,12.5306717125138,12.5306717125138
"207",2.41029300641891,2.63924174199809,11.0038425643462,12.275205098881,12.275205098881,26.4730235030802,26.4730235030801
"208",0.279688303181146,0.147132872842665,3.07085548110329,2.31628361121273,2.31628361121272,9.19037132990138,9.19037132990139
"209",0.307563762752151,0.386106464592701,3.24841212906369,4.03582111805542,4.03582111805542,13.0480197599053,13.0480197599053
"210",0.834891279826898,1.89281799197355,5.8712963500724,10.1076329170073,10.1076329170073,23.3571405457499,23.3571405457498
"211",0.29299721552573,0.240744599174082,3.15672223077502,3.07586467838733,3.07586467838733,10.9944408999343,10.9944408999343
"212",0.910823526502896,0.511487046653292,6.18617715008008,4.77137032374975,4.77137032374976,14.5729462270995,14.5729462270995
"213",1.03703070234188,0.839438316640899,6.67551741389578,6.33319174548324,6.33319174548324,17.3955947476521,17.3955947476521
"214",0.71916633791741,0.69635725970605,5.37282994944374,5.67793017358241,5.67793017358239,16.2132084321037,16.2132084321037
"215",2.84248295732766,3.87574917504183,12.1303520468553,15.3067451540458,15.3067451540457,30.4191035487971,30.4191035487971
"216",1.30151853180334,1.21486107734416,7.64096388630395,7.85082242712805,7.85082242712805,19.9576505065393,19.9576505065393
"217",0.931387268114994,0.321259670219809,6.26660459738283,3.64760192588083,3.64760192588083,12.2908820878414,12.2908820878414
"218",3.23883551614209,5.2087715520652,13.1031425742125,18.1384662424555,18.1384662424555,33.8480192673479,33.8480192673479
"219",1.1359329321421,1.01238939833882,7.04585523288279,7.05625034773383,7.05625034773383,18.6288990172879,18.6288990172878
"220",1.07940269908457,1.83677791812458,6.83647424445063,9.94187981965187,9.94187981965187,23.1299370822716,23.1299370822716
"221",0.417463061979113,0.337581260719396,3.89473418555936,3.74367515557127,3.74367515557127,12.4668982789573,12.4668982789573
"222",0.790585917044023,1.63594138187841,5.68432119771299,9.29114038529671,9.2911403852967,22.1421433048309,22.1421433048309
"223",1.16018464956353,1.34895302497496,7.13395081642227,8.32145610075161,8.32145610075162,20.6681046605673,20.6681046605673
"224",1.00050571106222,0.757168327798367,6.53254781000152,5.96026842100534,5.96026842100534,16.7225543784825,16.7225543784825
"225",2.45820517043491,1.89345748594028,11.1304160022348,10.1336168855678,10.1336168855678,23.4432982725658,23.4432982725658
"226",0.902579106550062,0.863278764304328,6.14745926729715,6.43100513221531,6.4310051322153,17.5526341223472,17.5526341223472
"227",0.630803330951125,0.447115310550894,4.97314630954003,4.40358411542229,4.40358411542231,13.8197220238495,13.8197220238496
"228",0.0602481345178034,0.0290187715847624,1.23667908572598,0.906514882034211,0.906514882034212,5.06669323507662,5.06669323507662
"229",6.2689763241652,8.17200044999221,19.3781183393594,23.550447352267,23.5504473522669,39.9792495802387,39.9792495802387
"230",0.403982173513219,0.437954567555189,3.8162530692279,4.33634892793911,4.33634892793913,13.6449563239797,13.6449563239797
"231",2.0976656045352,1.97114701599985,10.1313813977803,10.3638480921583,10.3638480921583,23.7641205766132,23.7641205766132
"232",0.859830411327982,0.905802974395213,5.97212882426679,6.6067745645945,6.60677456459449,17.8429425220198,17.8429425220198
"233",0.436611593987757,0.364940763228754,3.99643359471692,3.90647053950563,3.90647053950563,12.7810330560944,12.7810330560943
"234",3.46740970230588,3.70858220228539,13.6431070450409,14.9216491058463,14.9216491058462,29.9310021227797,29.9310021227797
"235",4.42204805025988,4.24636764096878,15.7551250345724,16.1338827446748,16.1338827446748,31.4484744956633,31.4484744956634
"236",1.17484620339499,1.10144596678598,7.18946832860316,7.41276963448356,7.41276963448357,19.2304197211273,19.2304197211273
"237",5.90191548965658,7.58586691843125,18.6969834844403,22.5568343743121,22.5568343743122,38.8968688493663,38.8968688493664
"238",0.294219641693876,0.264083619506549,3.16318380993838,3.24001224448275,3.24001224448275,11.3487968548185,11.3487968548185
"239",1.80431205922918,1.68423552287442,9.26453721660869,9.45752320638939,9.45752320638941,22.4111758166932,22.4111758166932
"240",2.56202504399363,2.65953194117194,11.405793996377,12.3200370968198,12.3200370968198,26.5164467108957,26.5164467108957
"241",1.12846260922063,0.841727270426944,7.02117786417929,6.35273198087806,6.35273198087805,17.4523829136915,17.4523829136915
"242",1.68804024131981,1.7787456345789,8.90617251067765,9.75796015019312,9.7579601501931,22.8550204904487,22.8550204904487
"243",0.552325259495013,0.255565893306186,4.59609052130415,3.18916435433609,3.18916435433609,11.2658511673666,11.2658511673666
"244",0.483427072908261,0.22971188170781,4.24721429744876,2.9982420215598,2.99824202155979,10.8320012706716,10.8320012706716
"245",0.86084141817628,0.996404565010273,5.9733877893165,6.96877974761622,6.96877974761621,18.4296354053498,18.4296354053498
"246",3.24597356231066,3.9233942003937,13.1254645747818,15.4307328395228,15.4307328395228,30.601937375909,30.6019373759091
"247",0.803039440595744,0.718241362986973,5.73596113996306,5.78243333588126,5.78243333588125,16.4070516734128,16.4070516734129
"248",1.82969794436833,1.10238889902167,9.34790757559309,7.42655336855946,7.42655336855945,19.2758567265896,19.2758567265895
"249",1.33303756521076,1.49856361875364,7.74635781971933,8.84600026770406,8.84600026770407,21.4922799811979,21.4922799811979
"250",0.766268269597366,0.335957412587308,5.5794680376473,3.7350504902381,3.73505049023811,12.4538254146615,12.4538254146615
"251",3.17109477555744,4.15673376275724,12.9359860521789,15.9139236014358,15.9139236014358,31.1379262335282,31.1379262335283
"252",1.49492653658486,2.10393172692018,8.28779456214647,10.7444664263134,10.7444664263134,24.280702410893,24.280702410893
"253",1.02506066677807,1.72518244896532,6.62939040437872,9.58371028579922,9.58371028579921,22.5882728678994,22.5882728678995
"254",1.12623419685645,0.854553484882726,7.01113450059688,6.40313231079406,6.40313231079408,17.5274592033156,17.5274592033155
"255",0.813238456004326,0.63484144703244,5.77883705661811,5.38566559376155,5.38566559376154,15.6865146425761,15.6865146425761
"256",0.922250999613451,0.732771540115946,6.22744092324115,5.85523871918633,5.85523871918633,16.5513127227743,16.5513127227743
"257",1.06312748164821,1.3795112877057,6.77139590691899,8.41694082198202,8.41694082198202,20.790656176763,20.7906561767631
"258",1.40021691399099,1.3727974902934,7.97436404132594,8.40888589410586,8.40888589410584,20.811517963876,20.811517963876
"259",3.16622589286297,5.29715239886727,12.9285277317722,18.3145707411382,18.3145707411382,34.0544514205502,34.0544514205503
"260",0.908952471341893,1.19166202066991,6.16940591469254,7.72718102586424,7.72718102586425,19.676828175876,19.676828175876
"261",1.09208770581304,1.19040989432924,6.88114104723982,7.73672574647699,7.73672574647696,19.7236656776433,19.7236656776432
"262",1.9548477271831,0.994711426854696,9.71824731215243,6.9938986546972,6.99389865469719,18.545149951614,18.5451499516141
"263",0.937504558426417,0.971668838813305,6.286788668032,6.88286505465175,6.88286505465176,18.3187092119861,18.318709211986
"264",1.46873037450966,0.810727334633816,8.20925302815198,6.22487519899536,6.22487519899535,17.2487885598168,17.2487885598168
"265",1.41116231211618,1.19656010400504,8.00785144364662,7.75972424356518,7.75972424356516,19.7606781109303,19.7606781109304
"266",4.04817123289105,7.18192356166255,14.9539251630123,21.8305683072974,21.8305683072974,38.0607345700017,38.0607345700017
"267",0.679071622670559,0.791225070542098,5.19504183940236,6.11636030654737,6.11636030654737,17.005509866848,17.005509866848
"268",2.97043420882001,3.48949959040158,12.4531554402788,14.4198447888638,14.4198447888638,29.3129412053825,29.3129412053825
"269",0.356869859783465,0.383380258237835,3.54625345876187,4.01645888889917,4.01645888889918,13.0001633664747,13.0001633664747
"270",2.38478348862825,2.31720619038734,10.937385339968,11.3981574880586,11.3981574880587,25.2796017462649,25.2796017462649
"271",2.01226218458991,1.59972564064215,9.89566974436869,9.22070345125733,9.22070345125723,22.1372585209148,22.1372585209146
"272",3.44244760904827,4.20928843755542,13.5913182245037,16.0737716672854,16.0737716672854,31.4103228619793,31.4103228619793
"273",0.63633114566528,0.578441030935968,4.99789101832498,5.10393450544302,5.10393450544302,15.161015348645,15.161015348645
"274",0.335506765274453,0.406103650063373,3.41941506663914,4.15298296164059,4.1529829616406,13.2807348355677,13.2807348355677
"275",0.542637639257396,0.584927060876422,4.54814952472734,5.13578050215646,5.13578050215646,15.2180469688431,15.2180469688432
"276",0.706714253855802,0.795704302187745,5.31820070764504,6.13298082768212,6.13298082768212,17.0267183867346,17.0267183867345
"277",5.76294346391796,7.41401171652178,18.4372479759188,22.2695676256148,22.2695676256148,38.5958954052681,38.5958954052682
"278",4.64865212783892,5.47702791823787,16.2301842087204,18.6857556141001,18.6857556141001,34.5138621403373,34.5138621403374
"279",0.660461015952852,0.388822516994366,5.10956038124855,4.06193156581401,4.06193156581402,13.1287486006282,13.1287486006281
"280",0.940523068409333,1.10878743645469,6.29616765586616,7.41652052764748,7.41652052764748,19.1812216115086,19.1812216115086
"281",4.56837364421168,4.52268807552693,16.0600520248007,16.7249064583245,16.7249064583245,32.1623168089453,32.1623168089452
"282",7.67778006739574,18.3190495119466,21.8525400858972,37.4901461322635,37.4901461322635,53.6320322434847,53.6320322434846
"283",0.825863948923903,0.674436515784654,5.83193886916397,5.5770159831606,5.57701598316059,16.0373364137634,16.0373364137635
"284",0.494694913120216,0.365049840009036,4.3070757714752,3.9185232052473,3.9185232052473,12.8383044922001,12.8383044922001
"285",0.72156537587738,0.830146938557691,5.38427540129594,6.28519446139172,6.28519446139171,17.2942123219563,17.2942123219563
"286",2.80333199242629,3.48594991821047,12.0292997675169,14.3938901720298,14.3938901720298,29.2487064496337,29.2487064496337
"287",2.67894994494382,3.26137322741459,11.7078969098122,13.8425402421177,13.8425402421177,28.5182891543304,28.5182891543304
"288",0.414507434263603,0.466951214421599,3.87787036857652,4.51027614477106,4.51027614477106,14.0174578545947,14.0174578545947
"289",2.38149557800636,2.04433327062552,10.9188312171912,10.5762425908932,10.5762425908932,24.0558764421683,24.0558764421683
"290",1.82263500134642,2.65090551212574,9.32001700132203,12.2767585835085,12.2767585835085,26.4197339291722,26.4197339291723
"291",1.53089134843468,1.38501382739753,8.40683839944342,8.45264055959114,8.45264055959115,20.8814961448774,20.8814961448774
"292",0.164927446567078,0.189110211476924,2.24525968856731,2.67100826174445,2.67100826174446,10.0382209510023,10.0382209510023
"293",0.189095641008908,0.0898737484981693,2.43756000748877,1.74730628184178,1.74730628184179,7.70438986166426,7.70438986166428
"294",5.80084567177943,7.94338235250864,18.5059651648556,23.1580821221282,23.1580821221283,39.5413219207175,39.5413219207175
"295",0.896280462092002,0.855999383881885,6.12337340937397,6.40401224925411,6.40401224925411,17.5162710274853,17.5162710274853
"296",3.83440611073318,2.92067760431935,14.4912245676432,13.0385118224353,13.0385118224353,27.5486780195912,27.5486780195912
"297",1.3319418210091,2.04384363066252,7.73996890493455,10.5636597146974,10.5636597146974,24.0158425355959,24.0158425355959
"298",4.48239482688725,7.26995930070545,15.8858367533014,21.9976651908917,21.9976651908917,38.2647539874197,38.2647539874197
"299",1.30753871603878,1.55448756990804,7.65344452984455,9.01632004445977,9.01632004445977,21.7144949875226,21.7144949875226
"300",0.457453646364437,0.311677563652369,4.11055781423075,3.57352746481375,3.57352746481375,12.1002196951771,12.1002196951771
"301",0.486389760735081,0.2808658425094,4.26188548323196,3.3643769759227,3.3643769759227,11.6441521608668,11.6441521608668
"302",1.00258209003586,1.35106285491396,6.54297306903636,8.32637083486458,8.32637083486457,20.6702554460753,20.6702554460752
"303",0.799957566800003,0.620789050113018,5.72003933565285,5.30889507039554,5.30889507039553,15.5250743708163,15.5250743708163
"304",0.999765012398153,1.05811589186311,6.53055762101132,7.22888166131334,7.22888166131333,18.8947029525223,18.8947029525224
"305",1.69094205310103,2.5036573495431,8.91797946849387,11.890143014033,11.890143014033,25.9115361732996,25.9115361732995
"306",2.01998790558848,1.88784224611532,9.90473793865882,10.1000315938276,10.1000315938276,23.3615211535489,23.3615211535488
"307",11.2911249562891,15.4802147757622,27.458042916128,34.0577419319358,34.0577419319358,50.5167364928564,50.5167364928564
"308",3.25258728962712,5.39936016269365,13.1367154052039,18.5204028611442,18.5204028611442,34.3008188183603,34.3008188183603
"309",1.1026959009775,1.97736219055271,6.92335167221101,10.3726590611418,10.3726590611418,23.7570224879018,23.7570224879018
"310",2.03580670185645,1.66515227821749,9.94917032177043,9.39244463464557,9.39244463464552,22.3069976132506,22.3069976132506
"311",2.25817543949052,2.42338417762108,10.5821103213647,11.6681377065765,11.6681377065765,25.6030155440645,25.6030155440646
"312",3.03891022573378,5.40206116263441,12.6183469595316,18.5218741316505,18.5218741316506,34.2963405345568,34.2963405345568
"313",2.15406901989197,2.31425654335047,10.2881210088007,11.3538294725166,11.3538294725165,25.1482490700938,25.1482490700939
"314",2.08247460760975,1.90145344486964,10.0861255352221,10.1458679853242,10.1458679853242,23.4363932751058,23.4363932751058
"315",1.05426636881124,0.472194228074861,6.74414736060337,4.5545288176656,4.55452881766561,14.1450575174414,14.1450575174414
"316",2.76462252873334,3.1174771757214,11.9324055174256,13.5039931836914,13.5039931836914,28.1055259566061,28.1055259566061
"317",0.989487809358495,1.02686790385189,6.48694896169945,7.09238164760484,7.09238164760485,18.6393578729976,18.6393578729976
"318",0.785131107819593,1.04360061253515,5.65896358764494,7.16543693297356,7.16543693297356,18.7757364362058,18.7757364362058
"319",1.49304604543015,1.951839724122,8.28411325767554,10.3003092061354,10.3003092061354,23.6620771270457,23.6620771270456
"320",1.27111876433177,1.89640493804105,7.53170232527454,10.1304013079595,10.1304013079595,23.4139119150952,23.4139119150953
"321",1.12496171346934,0.965340987655749,7.0036992422285,6.86020395616466,6.86020395616464,18.2879344186033,18.2879344186033
"322",0.662549490186828,0.883510156621881,5.11918952850797,6.51447245315949,6.51447245315947,17.6894078902623,17.6894078902623
"323",1.62287756362703,1.42101322699576,8.70052094356632,8.57350590498268,8.57350590498269,21.0590425119357,21.0590425119357
"324",0.902456333601804,0.685198235526671,6.14869060131406,5.63525421786976,5.63525421786975,16.160757470858,16.1607574708579
"325",2.52288149011824,3.11367770529237,11.3055060237645,13.5015916419258,13.5015916419257,28.1151742065462,28.1151742065462
"326",0.572780638860063,0.70711188836917,4.69516290493456,5.72513737030292,5.72513737030292,16.290478074347,16.290478074347
"327",0.980962573800528,1.08365410233118,6.45549509266509,7.32132907999239,7.32132907999241,19.0300073163306,19.0300073163305
"328",6.74392430255658,10.3462256056201,20.2418659229894,27.0106284717414,27.0106284717413,43.6426446954485,43.6426446954486
"329",5.61708572890264,6.77472175520038,18.1514326042043,21.1116699780397,21.1116699780397,37.2681797469329,37.268179746933
"330",2.27010287743731,1.59305116763265,10.6219448150627,9.18418569846595,9.18418569846596,22.0519244011588,22.0519244011588
"331",3.23864090124498,2.70573274115457,13.102965472793,12.4458378382932,12.4458378382932,26.6927782872712,26.6927782872712
"332",1.38754435916005,1.22825047003465,7.93297842773185,7.89171051750442,7.89171051750442,20.0038103368104,20.0038103368103
"333",1.56249636188351,1.19346847328372,8.50930615108413,7.75946761875305,7.75946761875306,19.7852745087592,19.7852745087592
"334",4.17701199465883,4.97589701647435,15.2350787847448,17.6832297025315,17.6832297025316,33.335476886314,33.335476886314
"335",3.74981769188517,5.14062574618676,14.2928198109855,18.0163371308378,18.0163371308379,33.728098887734,33.7280988877341
"336",0.739488457770195,0.503971298148557,5.46301917379627,4.71624905513014,4.71624905513015,14.4275427290106,14.4275427290106
"337",0.572221206228109,0.445834490389032,4.69407806810603,4.39515881174654,4.39515881174654,13.7998727399408,13.7998727399409
"338",1.11264971417785,2.13654018168766,6.96546349381039,10.8711920652954,10.8711920652955,24.5222426450436,24.5222426450435
"339",1.25753162042794,1.36035055728965,7.48357279178029,8.36648638158725,8.36648638158725,20.7486198096103,20.7486198096103
"340",0.190917586091819,0.12775208959192,2.44770865735839,2.12971548615285,2.12971548615286,8.69558511214989,8.6955851121499
"341",0.632546957161111,0.579495095720987,4.97820272543237,5.10279002104685,5.10279002104684,15.1420934775311,15.1420934775311
"342",2.28557324059418,2.55096801929791,10.6594069747943,12.0231612026768,12.0231612026768,26.1020880162984,26.1020880162984
"343",2.36198200298699,1.70942802566699,10.8723378723712,9.559425587131,9.55942558713096,22.6059199983387,22.6059199983388
"344",4.633517920908,4.5542874889709,16.204123276417,16.8220523373167,16.8220523373167,32.3301967845385,32.3301967845386
"345",3.76669684976778,4.69297948561568,14.3281100981367,17.0858986532553,17.0858986532552,32.6011178484636,32.6011178484636
"346",0.144715474735749,0.0693321492169549,2.07784526192886,1.49858510337146,1.49858510337145,6.96716495867451,6.96716495867452
"347",0.798390396443371,1.01539379924559,5.71735204484257,7.06119805723396,7.06119805723396,18.6208885664721,18.620888566472
"348",0.749506432948368,0.621769221322417,5.50871950948914,5.32821908249658,5.32821908249658,15.597616288778,15.597616288778
"349",0.911572313538231,0.810393202599481,6.18413280110585,6.20283666613111,6.2028366661311,17.1607951200622,17.1607951200622
"350",9.97917073104032,24.3961236171971,25.5242158486358,44.2373319648878,44.2373319648877,59.5693668116348,59.5693668116349
"351",3.57280950024178,4.92508818600654,13.8872466967901,17.567461597455,17.567461597455,33.178485773995,33.1784857739951
"352",0.496257599514061,0.406165821066175,4.31251281474155,4.15916231776559,4.15916231776559,13.3093602509092,13.3093602509092
"353",0.617829094740062,0.506437928746197,4.90913808341255,4.72145191578372,4.72145191578372,14.4161847506092,14.4161847506092
"354",0.468043982018722,0.376297145238377,4.16660710071513,3.98284609589744,3.98284609589743,12.9576181481089,12.9576181481089
"355",0.861873976435057,1.10631275555238,5.98221911988546,7.41881009799995,7.41881009799995,19.2115530593225,19.2115530593224
"356",0.431632168110305,0.439101259453935,3.96963203347385,4.34600786140278,4.34600786140279,13.6726444758596,13.6726444758596
"357",0.457081910532122,0.512607765249417,4.10659294965182,4.7512091113597,4.75120911135971,14.4648499030214,14.4648499030214
"358",0.231173936268105,0.101500991871319,2.74422390823735,1.87200343104231,1.87200343104231,8.03943695954553,8.03943695954552
"359",1.44273605177332,1.33196423072761,8.11511907680885,8.25891547030842,8.25891547030845,20.5654428272159,20.5654428272159
"360",2.88697043587365,3.36159582952798,12.2423337608623,14.1036699732868,14.1036699732874,28.8885350357942,28.8885350357936
"361",1.78512106810922,1.23301075812718,9.2103693173128,7.91531700737824,7.91531700737824,20.0548205145438,20.0548205145438
"362",0.611658470803364,0.455551470420524,4.88113703104987,4.44526849838886,4.44526849838886,13.8860418462865,13.8860418462865
"363",3.26234524122786,3.6476541289925,13.1642063363543,14.795806742635,14.795806742635,29.7989674227719,29.7989674227719
"364",1.30649469446774,1.46285889025093,7.65544679985842,8.72664784766798,8.72664784766799,21.3142438492607,21.3142438492607
"365",0.886538802347546,0.56915716143971,6.08154740149958,5.05759561780072,5.05759561780072,15.0764842567622,15.0764842567622
"366",1.53897535762937,1.50989767761055,8.43294934629639,8.88269381383663,8.88269381383666,21.5448434618533,21.5448434618533
"367",1.95807194294344,2.80360603761579,9.7238236984087,12.6791218208384,12.6791218208384,26.9634392106406,26.9634392106405
"368",1.14864038815462,1.35005883972351,7.09270308274586,8.32843375033738,8.32843375033737,20.6856246291803,20.6856246291803
"369",0.580090866926774,0.661752520285338,4.7317085635567,5.51507823553819,5.51507823553819,15.921348124493,15.921348124493
"370",2.04861397661617,2.43353423892284,9.98917357585662,11.6944757918999,11.6944757918999,25.6361263408174,25.6361263408174
"371",0.607025495133871,0.474480499533675,4.86146357877986,4.55698800899658,4.55698800899659,14.1223582635653,14.1223582635653
"372",0.633572184225752,0.488571797778211,4.98406605151812,4.62852916796744,4.62852916796743,14.2462400745517,14.2462400745518
"373",1.31843617141817,1.21958877210694,7.69012130889786,7.83857095076257,7.83857095076259,19.872303841059,19.872303841059
"374",4.10136767029512,7.44990123342249,15.0678439970798,22.2848345064932,22.2848345064932,38.5424146157967,38.5424146157968
"375",0.808866749133857,0.484176429993846,5.76119077082119,4.60997692317819,4.60997692317819,14.2248091358385,14.2248091358385
"376",0.396381770879791,0.455698709124562,3.78057309396881,4.46150898375499,4.46150898375498,13.9599379134658,13.9599379134658
"377",0.34132545334191,0.278774601671555,3.4550133154833,3.34641438210337,3.34641438210338,11.5942630161531,11.5942630161531
"378",5.05805053375986,10.6440376283967,17.059346037829,27.36710743338,27.36710743338,43.8823783095607,43.8823783095609
"379",6.60925037188035,8.81474029227245,19.9956569967135,24.6071433056099,24.6071433056099,41.1137452964967,41.1137452964968
"380",0.684637502127081,0.488603312874319,5.21786485154006,4.62846854133306,4.62846854133305,14.245510373455,14.245510373455
"381",1.03511737000893,0.75478834460862,6.66665682934272,5.95312857048717,5.95312857048715,16.7188114662125,16.7188114662126
"382",0.290798737414899,0.24529730279504,3.14291799950312,3.10989598930634,3.10989598930635,11.0731970255914,11.0731970255913
"383",2.06458529375897,1.17338974601931,10.0393615667033,7.69602574382671,7.69602574382671,19.7096328332187,19.7096328332187
"384",1.56312778802579,1.64828566808218,8.50939640593773,9.33684231777111,9.33684231777113,22.2220166622464,22.2220166622463
"385",1.51354430189223,1.83110888456728,8.34881937086873,9.91982954343857,9.91982954343858,23.0886831039576,23.0886831039575
"386",3.82300209304982,5.08100408790765,14.4557563860956,17.8900105712672,17.8900105712673,33.5692159266614,33.5692159266615
"387",0.836390285003799,0.734467538303158,5.87619296435536,5.85869912525871,5.85869912525869,16.5468604002794,16.5468604002794
"388",1.18041406870419,2.15596335101702,7.20637791346075,10.8937981771063,10.8937981771063,24.4877150320789,24.487715032079
"389",0.884566344657917,0.565478237624889,6.07598651370998,5.04490559051641,5.04490559051642,15.0685580573584,15.0685580573584
"390",1.3435101772524,1.52466080954526,7.78014374731194,8.92656600389963,8.92656600389962,21.5992889677175,21.5992889677175
"391",1.45594565696425,1.17159316965163,8.1613278566682,7.67800699547847,7.67800699547846,19.6555029919109,19.655502991911
"392",5.85843036530336,9.38014351175436,18.6293550290333,25.5529291350484,25.5529291350484,42.1751166420697,42.1751166420696
"393",2.3515739196362,3.37476753318158,10.8424373233501,14.1315081342933,14.1315081342932,28.9174976580225,28.9174976580224
"394",1.45599187530767,1.27865175665506,8.16596455828881,8.08790558923866,8.08790558923865,20.3412815481553,20.3412815481552
"395",1.68866316054431,2.40236348565931,8.91201963487612,11.6158065268454,11.6158065268454,25.5419902549423,25.5419902549422
"396",1.14623173161375,0.803278527109099,7.08098802264275,6.16978578883899,6.16978578883899,17.0990381260103,17.0990381260102
"397",2.25766789337,3.79889987743707,10.5854630201536,15.1333862237804,15.1333862237804,30.2047457990596,30.2047457990596
"398",1.39367690035412,1.57090209110066,7.95204612338424,9.08602279522864,9.08602279522863,21.851739227038,21.851739227038
"399",6.31691248804178,8.42051822394579,19.4728656127283,23.9901650112668,23.9901650112667,40.4930454015894,40.4930454015895
"400",6.51911851856147,12.8231079251331,19.8344429540331,30.5275758820008,30.5275758820006,47.1022701774063,47.1022701774062
"401",0.89767461097403,0.599023133556234,6.13599117154504,5.23280422862328,5.2328042286232,15.4660846091354,15.4660846091357
"402",6.50266498205031,9.48569681524174,19.8041881763963,25.6669789291285,25.6669789291285,42.220902325168,42.220902325168
"403",1.07444791628748,0.776389385216254,6.8146812200794,6.04873696038096,6.04873696038097,16.8832964187882,16.8832964187883
"404",2.22608618468169,1.99316925792932,10.5063303616561,10.4691120965703,10.4691120965699,23.9934491670569,23.9934491670571
"405",0.256506895882064,0.132194963836164,2.91735584859309,2.1772703230517,2.17727032305169,8.8360845630128,8.83608456301282
"406",1.84969361894072,2.5858981139345,9.40771955952951,12.1278817847018,12.1278817847018,26.2646558818477,26.2646558818477
"407",3.27141351912904,4.14395479309939,13.1780832612261,15.8919151658705,15.8919151658705,31.1212295798397,31.1212295798396
"408",1.41672737950635,2.38708244545343,8.03165354206163,11.5682926040534,11.5682926040533,25.4665534381813,25.4665534381813
"409",0.878311959800665,0.599716819780604,6.04733739672727,5.21014496907585,5.21014496907585,15.3568346002743,15.3568346002743
"410",2.51936072121934,2.41607809393112,11.2935153436125,11.6595472846551,11.6595472846551,25.6133943444237,25.6133943444238
"411",1.2253589647017,1.8581945541129,7.36477967917753,9.98955366492093,9.98955366492089,23.1618684792026,23.1618684792027
"412",1.57720402456928,1.31120114986356,8.5540032780152,8.1834204555166,8.18342045551659,20.444084423885,20.444084423885
"413",3.85691830387636,6.48510328174386,14.5258066052614,20.5571611613917,20.5571611613917,36.6004400813816,36.6004400813816
"414",2.86022021266768,3.69963918529311,12.1730729788847,14.8948418603544,14.8948418603544,29.8864295992383,29.8864295992382
"415",4.84003162053132,10.8559326539231,16.6246588662212,27.7044187071633,27.7044187071633,44.2578185290427,44.2578185290427
"416",0.399734819948785,0.356389922213355,3.79504328400567,3.85934483185465,3.85934483185465,12.7001249245413,12.7001249245413
"417",2.5031708911013,2.23028147684514,11.2594539401686,11.1626770862991,11.1626770862993,24.9731132841718,24.9731132841717
"418",0.172360528533936,0.0698887822702897,2.30498373189832,1.50689226050267,1.50689226050266,6.99711541649033,6.99711541649033
"419",0.221322590797369,0.118889696394137,2.6733501881339,2.04794544939098,2.04794544939098,8.49975427081828,8.49975427081828
"420",0.645222453959672,0.606761929610603,5.04270213703564,5.25777210499291,5.25777210499292,15.4772217812579,15.4772217812579
"421",1.5581929666001,1.50222217885782,8.49493504190011,8.85620419846959,8.85620419846957,21.5032606199647,21.5032606199646
"422",0.491975963477182,0.498707850641055,4.29027473664554,4.67999420388327,4.67999420388328,14.3365608346177,14.3365608346177
"423",2.33896505118241,2.52443942658583,10.8016279508834,11.935701492105,11.935701492105,25.9531120957087,25.9531120957087
"424",0.475458407688282,0.531106284591263,4.20557287357432,4.85652754908934,4.85652754908934,14.6858233126615,14.6858233126615
"425",0.562733154989477,0.569112113561592,4.64523777145258,5.04939322067221,5.04939322067222,15.0404227089543,15.0404227089543
"426",2.7648194480321,1.88614544631641,11.9359013780119,10.1214545828203,10.1214545828203,23.4464452117072,23.4464452117072
"427",0.326060689431044,0.417962947914673,3.36278256381571,4.22486198055635,4.22486198055635,13.4322729577792,13.4322729577792
"428",0.303032776326633,0.292176109579744,3.21988528321937,3.4372415967969,3.4372415967969,11.7894305978091,11.7894305978092
"429",0.309227360713796,0.190784222809683,3.26086505649459,2.69500612593308,2.69500612593308,10.129056382607,10.129056382607
"430",1.2463120695893,1.67480682847119,7.44212977697329,9.42242846642898,9.422428466429,22.349196666872,22.3491966668719
"431",3.51154977512139,7.19473640658736,13.7466223565639,21.8486437615648,21.8486437615648,38.0740698959484,38.0740698959485
"432",0.774787646181396,0.836112467565623,5.61609595698101,6.31217045942026,6.31217045942027,17.3434373303889,17.3434373303888
"433",10.1528406038442,12.811144281457,25.7903913418757,30.5680160482704,30.5680160482704,47.2179271240627,47.2179271240627
"434",1.55956783519398,1.11515312772828,8.50227074369829,7.46870712179858,7.46870712179856,19.3286265186884,19.3286265186885
"435",1.22143536970364,1.93275105033015,7.35125215416072,10.2200880428346,10.2200880428346,23.501403989946,23.5014039899459
"436",3.09280351722738,3.20845172885922,12.754493050537,13.741008463949,13.741008463949,28.4367621367573,28.4367621367572
"437",0.246870839280515,0.214985241810619,2.85291641117743,2.88323078180934,2.88323078180934,10.5588204361222,10.5588204361222
"438",1.93866934089775,2.29568140515009,9.6675885837897,11.3054530749588,11.3054530749588,25.0885594303734,25.0885594303734
"439",0.299283258431559,0.260500911105487,3.1951231063252,3.21417914314647,3.21417914314647,11.2901804792013,11.2901804792012
"440",3.80350014388547,4.85633443980364,14.4105964212978,17.4247799155603,17.4247799155603,33.0062862965842,33.0062862965841
"441",0.516851501526645,0.380493171052139,4.41809068236409,4.00737281626429,4.00737281626428,13.0051588776614,13.0051588776615
"442",1.7179403761537,1.28094759913518,9.00019242002206,8.08127062556433,8.08127062556431,20.2980253552798,20.2980253552798
"443",0.129176815236298,0.0830956631508508,1.94302014283987,1.66377005708001,1.66377005708001,7.44478410902592,7.44478410902593
"444",2.28884529161021,4.01366524272966,10.6726778366423,15.6244914801302,15.6244914801302,30.8275002156318,30.8275002156318
"445",0.808026183579805,0.577008207530156,5.76019750937977,5.1064736460616,5.10647364606161,15.1911370800635,15.1911370800636
"446",0.599782394721267,0.317428614331273,4.82689675730183,3.61545062170098,3.61545062170096,12.2016922777824,12.2016922777823
"447",0.203202566835838,0.0688671555769271,2.5419649458317,1.4962568772174,1.4962568772174,6.97431621397237,6.97431621397236
"448",3.03647605644436,2.50305533386127,12.6203207716441,11.9229915734586,11.9229915734586,26.0221164855584,26.0221164855586
"449",2.41122298289835,2.84322847549981,11.0017928680642,12.7954237180724,12.7954237180724,27.1441381611372,27.1441381611372
"450",2.32013511598781,1.81866530581945,10.7671686036108,9.9325976848663,9.93259768486629,23.2122834549082,23.2122834549082
"451",0.931995935958238,0.803145444921585,6.26496091330002,6.1685323587613,6.16853235876129,17.0952605360231,17.0952605360231
"452",0.895791399833982,0.842606921982073,6.1204665416361,6.34315541412974,6.34315541412975,17.4038608015302,17.4038608015302
"453",0.905863345871065,1.02132691101303,6.16144993056891,7.08689252560596,7.08689252560596,18.6681589169077,18.6681589169077
"454",1.55225298437095,1.75848361195055,8.47652268362718,9.6988863093187,9.69888630931867,22.777880682501,22.777880682501
"455",0.28011016700836,0.413548899866753,3.07186546341866,4.1912702229842,4.1912702229842,13.3430661639735,13.3430661639735
"456",3.65752780753197,3.87903868553985,14.0829570662447,15.3199180377922,15.3199180377923,30.4454699305155,30.4454699305155
"457",0.480036356261847,0.510423301262733,4.22740860727502,4.73966852451155,4.73966852451155,14.4429880016161,14.4429880016161
"458",0.517881909879879,0.436675035083808,4.42617664350953,4.34645642353895,4.34645642353896,13.7127321253634,13.7127321253634
"459",0.846278655106903,1.06339852561786,5.91440398767019,7.23837293313261,7.23837293313261,18.8848153661983,18.8848153661983
"460",0.19863759004205,0.266401826433251,2.50645752303335,3.25349060873633,3.25349060873632,11.369889142125,11.369889142125
"461",0.80730823010029,0.975603414268296,5.75322391252807,6.89387138685992,6.89387138685993,18.3255966559791,18.325596655979
"462",1.59184094816814,1.54651255081449,8.60826453194675,9.02268752104269,9.02268752104267,21.7935204511174,21.7935204511174
"463",2.43920914074298,3.99283906064086,11.0735813467451,15.5384595582389,15.5384595582389,30.6528502317439,30.6528502317438
"464",3.73344300327564,7.99394285896747,14.2540055040937,23.2121996329689,23.2121996329689,39.554320578542,39.5543205785421
"465",2.88822308217583,5.45533042633436,12.2508838377678,18.660406592079,18.6604065920789,34.512078661417,34.5120786614173
"466",4.8523176996795,5.65764077749654,16.6400295291028,19.0109333399161,19.010933339916,34.8487745476778,34.8487745476778
"467",0.292415869751141,0.161814204266522,3.15170074961467,2.44412803647853,2.44412803647853,9.49900537079166,9.49900537079164
"468",0.477835522726049,0.365624922771701,4.21795354563771,3.91740791661229,3.91740791661229,12.822731913655,12.822731913655
"469",1.01721870224827,0.792340078593508,6.59779661973205,6.120609777311,6.120609777311,17.0112528081982,17.0112528081982
"470",0.28357682772309,0.310358958843739,3.09542835446275,3.55705331749245,3.55705331749245,12.0420940743547,12.0420940743547
"471",0.555862282018134,0.3571092084429,4.61466539571659,3.86935702413849,3.86935702413849,12.7366893586301,12.73668935863
"472",2.42985570812269,2.89575547379493,11.0523406185481,12.9321211190598,12.9321211190598,27.3289826536485,27.3289826536485
"473",0.158909748734362,0.0919720401934192,2.19725734238088,1.76599072509955,1.76599072509955,7.73847505072214,7.73847505072214
"474",2.94909942618381,3.55514717285582,12.3937317071229,14.550871898241,14.550871898241,29.437751278174,29.4377512781741
"475",1.13988877829822,1.34458954593548,7.05871279030242,8.30175896780533,8.30175896780535,20.6281504968679,20.6281504968678
"476",0.5588537375486,0.49453621656808,4.62558611221174,4.65526413290923,4.65526413290924,14.2829416787029,14.2829416787029
"477",0.451671256827507,0.3588018435784,4.07968465467337,3.87499656382757,3.87499656382757,12.7344422818047,12.7344422818047
"478",0.650590125059668,0.639539269660266,5.06187720062241,5.40111557904522,5.40111557904521,15.6960950729135,15.6960950729136
"479",1.06090472789908,1.48021204053765,6.76353523176958,8.76719158088579,8.76719158088578,21.3367648615768,21.3367648615767
"480",1.96240285301107,2.05573362136859,9.73575702069821,10.6040719064631,10.6040719064631,24.0838223849389,24.0838223849389
"481",0.454382815054986,0.388836407237017,4.09442002773956,4.05929050091424,4.05929050091425,13.1157116585264,13.1157116585264
"482",0.490650307095664,0.513014934668559,4.28377346617753,4.75795176392192,4.75795176392191,14.4898928452334,14.4898928452334
"483",2.30901173322731,4.97678352368354,10.724647851197,17.6620416437064,17.6620416437065,33.2726165718501,33.27261657185
"484",0.951770034803552,0.931285169841694,6.34120702519501,6.71027501409201,6.71027501409203,18.0122708737313,18.0122708737313
"485",0.649870635216118,0.6753500766626,5.06168731773985,5.58365348885306,5.58365348885305,16.0551155762909,16.0551155762909
"486",1.07517200432591,1.68483876468657,6.82362701245712,9.47337770177631,9.47337770177631,22.4635133684868,22.4635133684868
"487",0.787900327027183,0.781080693595158,5.67257639403572,6.07105941062625,6.07105941062626,16.9257836812083,16.9257836812082
"488",0.313346926138007,0.199265603881309,3.28520493313234,2.76007203738577,2.76007203738577,10.2722342848808,10.2722342848808
"489",0.951227656009384,0.906184176585648,6.34133018467866,6.61285578509773,6.61285578509773,17.8638629789687,17.8638629789687
"490",0.84996518247531,0.574841943344276,5.9319796299993,5.08696470851696,5.08696470851696,15.1326148796818,15.1326148796819
"491",0.346124357125314,0.272544168427972,3.48396893201175,3.30402375570835,3.30402375570836,11.5039449008359,11.5039449008359
"492",1.0906931314277,1.43069813129158,6.87370634167679,8.59122418622736,8.59122418622734,21.0527408395887,21.0527408395888
"493",0.509960138826225,0.179260448595731,4.38516312754419,2.60214358667621,2.60214358667621,9.91412774629539,9.91412774629541
"494",0.729999450917816,1.00794440842796,5.42168009149333,7.02872808194408,7.02872808194408,18.5608123091555,18.5608123091555
"495",1.10844588164247,1.07788613136326,6.94307692217503,7.31087070572273,7.31087070572274,19.0400150312778,19.0400150312778
"496",1.2667169488628,0.787346777044772,7.51420020478292,6.10372403589434,6.10372403589434,16.9945306012943,16.9945306012943
"497",0.270748436621225,0.172061671399405,3.01404816762301,2.53877308002484,2.53877308002484,9.75200892203778,9.75200892203774
"498",3.42759658098173,3.64082296957021,13.5489775586915,14.7598620554938,14.7598620554938,29.718273348707,29.718273348707
"499",4.95890797836234,6.74921445911401,16.8638863274238,21.0762229326597,21.0762229326596,37.2445394560729,37.2445394560729
"500",0.307666079349165,0.302387632234666,3.24825662074204,3.50372712480006,3.50372712480005,11.926524560843,11.926524560843
