"","age1.H","age2_no_comorbid.H","age2_comorbid.H","age3_no_comorbid.H","age3_comorbid.H"
"1",9,8,5,3,9
"2",6,13,12,3,12
"3",0,0,0,0,0
"4",12,7,5,2,10
"5",13,7,4,2,9
"6",0,0,0,0,0
"7",13,11,5,3,7
"8",8,10,6,3,10
"9",7,13,7,3,12
"10",6,13,6,3,8
"11",11,9,6,3,6
"12",12,8,9,5,10
"13",0,0,0,0,0
"14",11,21,5,1,12
"15",6,12,7,3,9
"16",11,8,13,2,11
"17",7,8,5,2,9
"18",8,9,4,2,14
"19",9,10,10,3,9
"20",8,13,11,4,7
"21",8,9,8,3,7
"22",8,7,8,2,7
"23",7,8,6,4,11
"24",10,10,3,4,7
"25",0,0,0,0,0
"26",8,11,9,2,8
"27",10,13,8,4,7
"28",9,8,9,2,9
"29",6,8,8,2,13
"30",5,11,6,3,9
"31",0,0,0,0,0
"32",0,0,0,0,0
"33",8,8,7,2,11
"34",10,10,5,5,10
"35",11,9,9,4,11
"36",0,0,0,0,0
"37",10,11,4,3,12
"38",0,0,0,0,0
"39",0,0,0,0,0
"40",0,0,0,0,0
"41",14,10,8,2,11
"42",8,8,8,3,8
"43",6,14,6,2,10
"44",12,9,6,2,10
"45",7,13,8,1,6
"46",9,8,6,2,12
"47",7,12,7,2,12
"48",5,8,8,4,11
"49",8,8,9,3,9
"50",6,8,7,3,11
"51",0,0,0,0,0
"52",11,14,5,2,9
"53",5,9,6,2,11
"54",5,10,13,2,14
"55",8,7,7,2,8
"56",6,7,7,3,13
"57",8,11,8,4,11
"58",7,9,6,3,12
"59",11,14,7,3,8
"60",0,0,0,0,0
"61",8,10,7,4,11
"62",8,15,5,3,13
"63",0,0,0,0,0
"64",9,6,5,1,7
"65",8,8,10,2,7
"66",15,10,7,2,8
"67",7,11,6,3,6
"68",6,9,8,4,8
"69",7,10,8,3,10
"70",0,0,0,0,0
"71",5,11,6,3,8
"72",5,9,5,2,8
"73",10,5,9,3,12
"74",10,9,7,5,10
"75",8,8,7,3,10
"76",8,12,8,2,9
"77",15,7,7,2,11
"78",9,11,8,2,10
"79",8,8,8,3,15
"80",6,11,7,5,14
"81",8,13,7,3,8
"82",11,10,5,3,12
"83",12,11,12,2,11
"84",7,11,7,1,8
"85",6,13,5,1,9
"86",10,14,5,1,7
"87",7,7,9,3,10
"88",13,5,5,3,5
"89",13,7,6,4,10
"90",8,7,11,3,10
"91",9,10,7,4,7
"92",10,10,6,2,11
"93",9,13,7,3,8
"94",0,0,0,0,0
"95",9,11,5,2,9
"96",11,11,8,2,8
"97",9,8,6,4,8
"98",9,9,5,2,15
"99",10,9,6,3,7
"100",7,9,9,2,12
"101",9,12,7,1,7
"102",6,7,9,2,9
"103",6,8,7,2,13
"104",6,10,11,2,6
"105",10,10,7,4,9
"106",11,13,8,4,11
"107",11,9,6,3,8
"108",10,11,7,1,9
"109",11,10,9,1,11
"110",12,13,7,7,6
"111",6,10,6,2,8
"112",11,13,8,2,12
"113",14,12,10,2,7
"114",9,8,8,2,7
"115",9,8,6,4,8
"116",0,0,0,0,0
"117",8,9,9,2,8
"118",14,8,6,3,11
"119",7,10,8,3,10
"120",0,0,0,0,0
"121",0,0,0,0,0
"122",6,9,8,3,9
"123",9,11,8,2,8
"124",9,11,6,5,8
"125",10,6,7,2,8
"126",8,7,6,4,9
"127",12,11,10,4,8
"128",11,10,6,3,6
"129",9,10,7,0,11
"130",6,7,7,2,10
"131",7,14,4,4,11
"132",10,9,11,1,8
"133",6,8,10,2,8
"134",8,9,7,3,9
"135",9,12,6,3,7
"136",6,12,6,1,7
"137",0,0,0,0,0
"138",0,0,0,0,0
"139",6,11,8,3,10
"140",0,0,0,0,0
"141",5,8,7,2,7
"142",6,12,10,2,8
"143",6,11,4,1,8
"144",7,10,7,1,6
"145",12,10,9,3,11
"146",13,13,6,3,9
"147",9,11,9,4,10
"148",0,0,0,0,0
"149",0,0,0,0,0
"150",13,10,5,2,9
"151",7,14,6,2,17
"152",0,0,0,0,0
"153",7,11,11,2,10
"154",7,7,9,4,8
"155",8,7,7,1,8
"156",8,10,6,2,9
"157",6,9,6,1,8
"158",9,8,8,3,10
"159",9,9,7,1,9
"160",12,13,5,2,10
"161",11,4,7,4,13
"162",8,8,6,3,7
"163",9,11,6,2,10
"164",7,11,7,3,12
"165",10,10,8,3,9
"166",9,7,7,4,9
"167",16,11,11,2,9
"168",0,0,0,0,0
"169",0,0,0,0,0
"170",0,0,0,0,0
"171",10,13,5,3,16
"172",0,0,0,0,0
"173",10,10,10,1,6
"174",8,11,10,3,8
"175",8,8,8,2,11
"176",6,8,10,1,11
"177",7,7,5,1,9
"178",11,8,9,4,11
"179",13,17,6,2,9
"180",0,0,0,0,0
"181",10,10,10,1,11
"182",10,11,9,2,8
"183",8,7,8,2,10
"184",8,9,7,2,10
"185",13,8,8,3,9
"186",11,13,8,1,7
"187",8,9,8,2,11
"188",8,7,8,2,5
"189",13,13,7,1,10
"190",0,0,0,0,0
"191",8,9,7,3,9
"192",8,8,8,1,9
"193",0,0,0,0,0
"194",9,12,7,2,8
"195",10,15,5,4,6
"196",0,0,0,0,0
"197",8,13,9,2,7
"198",7,8,4,5,8
"199",7,13,7,3,12
"200",10,10,9,3,8
"201",8,6,6,1,16
"202",6,10,6,2,13
"203",12,9,7,2,8
"204",7,10,5,4,10
"205",7,8,5,1,8
"206",7,8,8,2,13
"207",7,6,9,4,8
"208",0,0,0,0,0
"209",12,11,9,3,15
"210",0,0,0,0,0
"211",0,0,0,0,0
"212",6,5,10,2,9
"213",0,0,0,0,0
"214",8,7,7,2,10
"215",7,10,6,1,7
"216",10,18,8,4,8
"217",0,1,0,0,0
"218",10,11,7,3,13
"219",12,12,7,4,9
"220",0,0,0,0,0
"221",7,9,4,3,9
"222",14,11,7,1,8
"223",12,8,10,3,10
"224",7,6,8,3,6
"225",8,10,13,2,6
"226",15,10,7,2,12
"227",0,0,0,0,0
"228",13,10,9,3,10
"229",0,0,0,0,0
"230",11,9,10,3,7
"231",8,9,5,2,13
"232",11,11,7,3,7
"233",8,11,10,2,8
"234",15,10,6,4,8
"235",10,11,12,3,7
"236",10,12,5,3,9
"237",9,6,7,3,9
"238",0,0,0,0,0
"239",13,12,7,4,9
"240",13,12,9,2,9
"241",11,8,8,2,12
"242",21,11,9,5,9
"243",6,10,6,2,10
"244",10,8,5,5,7
"245",10,8,7,3,8
"246",9,12,5,2,10
"247",12,7,7,3,7
"248",6,7,4,3,10
"249",10,7,5,4,9
"250",0,0,0,0,0
"251",6,9,6,0,12
"252",6,9,5,3,10
"253",11,8,6,2,12
"254",5,10,3,2,11
"255",12,14,11,2,10
"256",10,9,11,3,12
"257",8,8,6,3,10
"258",9,11,7,1,8
"259",0,0,0,0,0
"260",0,0,0,0,0
"261",8,10,6,2,14
"262",6,11,7,3,7
"263",8,11,9,2,7
"264",5,10,8,4,8
"265",0,0,0,0,0
"266",7,20,6,3,11
"267",0,0,0,0,0
"268",10,9,8,2,8
"269",8,6,8,5,8
"270",0,0,0,0,0
"271",0,1,0,0,0
"272",9,10,9,4,11
"273",9,9,8,2,10
"274",0,0,0,0,0
"275",0,0,0,0,0
"276",7,13,7,4,8
"277",14,8,10,2,10
"278",8,12,8,4,11
"279",5,9,8,2,9
"280",11,14,11,2,11
"281",0,0,0,0,0
"282",11,10,4,3,11
"283",7,12,6,1,12
"284",13,10,8,4,8
"285",0,0,0,0,0
"286",11,13,7,2,9
"287",14,10,10,2,6
"288",6,10,5,2,11
"289",9,8,10,2,10
"290",0,0,0,0,0
"291",10,6,6,1,8
"292",7,8,7,4,9
"293",16,8,8,3,9
"294",8,9,8,4,12
"295",9,10,5,0,10
"296",6,8,7,3,16
"297",10,10,12,5,8
"298",0,0,0,0,0
"299",6,10,13,1,12
"300",8,8,4,1,13
"301",13,10,7,2,10
"302",12,10,5,3,6
"303",9,9,8,4,8
"304",9,16,7,5,11
"305",7,9,7,2,8
"306",9,9,9,2,11
"307",6,10,6,3,8
"308",0,0,0,0,0
"309",11,12,6,2,9
"310",8,8,6,1,15
"311",10,8,8,1,13
"312",12,9,10,2,8
"313",7,13,9,2,8
"314",13,10,5,3,7
"315",9,11,6,4,11
"316",8,8,7,2,7
"317",13,8,8,2,6
"318",10,6,7,5,9
"319",9,11,12,1,11
"320",10,18,5,1,8
"321",6,7,6,3,8
"322",10,7,3,5,6
"323",9,8,11,3,9
"324",7,6,8,1,12
"325",10,8,9,3,10
"326",11,6,5,3,11
"327",14,10,5,1,11
"328",6,7,6,4,12
"329",6,9,11,1,5
"330",11,14,5,3,14
"331",9,10,8,2,9
"332",8,14,9,2,10
"333",9,11,8,1,7
"334",8,7,8,2,13
"335",8,11,4,2,9
"336",10,8,10,2,14
"337",7,13,5,1,15
"338",9,11,9,3,9
"339",5,9,7,5,6
"340",0,0,0,0,0
"341",12,10,7,4,10
"342",10,9,7,4,4
"343",8,6,5,1,7
"344",7,12,4,3,8
"345",6,9,10,3,9
"346",8,13,8,6,11
"347",7,8,13,2,11
"348",8,8,8,2,8
"349",8,10,7,5,10
"350",0,0,0,0,0
"351",8,8,5,3,8
"352",6,11,5,3,8
"353",0,0,0,0,0
"354",0,0,0,0,0
"355",8,11,7,3,14
"356",0,0,0,0,0
"357",8,12,8,3,9
"358",5,9,7,3,10
"359",11,12,6,3,10
"360",0,0,0,0,0
"361",8,8,8,2,7
"362",13,9,8,3,9
"363",0,0,0,0,0
"364",9,7,8,3,8
"365",6,12,7,5,11
"366",6,8,8,2,11
"367",16,9,8,2,8
"368",9,12,7,2,7
"369",9,11,7,1,13
"370",8,11,7,4,9
"371",6,9,6,2,7
"372",9,13,6,3,11
"373",12,10,10,2,13
"374",7,10,9,1,10
"375",8,11,7,2,8
"376",10,9,7,4,6
"377",7,10,10,3,8
"378",6,6,6,2,8
"379",11,10,5,2,11
"380",10,12,10,2,10
"381",5,6,7,3,8
"382",6,7,5,2,9
"383",7,9,8,5,10
"384",8,10,5,2,8
"385",7,12,7,2,9
"386",8,15,7,2,8
"387",9,8,5,4,9
"388",8,7,6,3,8
"389",6,11,6,3,11
"390",7,13,5,3,10
"391",10,8,7,3,10
"392",10,8,9,2,10
"393",8,7,6,2,9
"394",11,8,8,4,8
"395",10,10,7,2,7
"396",9,12,6,3,7
"397",0,0,0,0,0
"398",0,0,0,0,0
"399",0,0,0,0,0
"400",0,0,0,0,0
"401",10,11,4,3,11
"402",11,6,5,3,10
"403",0,0,0,0,0
"404",11,13,5,2,11
"405",0,0,0,0,0
"406",10,10,9,7,7
"407",11,13,6,3,9
"408",10,9,9,3,8
"409",1,0,0,0,0
"410",8,10,6,4,7
"411",7,11,7,2,10
"412",5,8,4,3,6
"413",12,10,10,1,9
"414",8,11,8,3,13
"415",9,12,5,3,9
"416",0,0,0,0,0
"417",11,11,4,4,6
"418",6,6,5,1,10
"419",8,14,7,1,11
"420",12,10,14,3,11
"421",8,10,8,4,7
"422",0,0,0,0,0
"423",5,7,7,3,7
"424",10,13,8,2,6
"425",10,13,6,2,12
"426",12,12,6,3,9
"427",8,10,4,2,10
"428",8,8,10,3,10
"429",0,0,0,0,0
"430",10,9,6,2,11
"431",7,11,6,3,9
"432",4,10,7,2,8
"433",10,6,7,4,8
"434",7,9,6,2,9
"435",0,0,0,0,0
"436",9,10,10,3,8
"437",10,9,4,2,11
"438",6,8,4,3,10
"439",11,8,8,2,8
"440",7,11,6,3,7
"441",5,11,5,3,7
"442",8,9,7,2,11
"443",9,6,7,3,4
"444",10,13,11,3,10
"445",0,0,0,0,0
"446",12,10,11,3,8
"447",0,0,0,0,0
"448",9,12,13,1,10
"449",8,11,9,2,10
"450",11,7,7,1,7
"451",8,11,6,3,9
"452",11,8,5,1,9
"453",8,9,7,5,12
"454",8,9,7,1,10
"455",10,10,6,2,13
"456",0,0,0,0,0
"457",16,15,10,3,11
"458",7,10,8,2,11
"459",8,11,11,3,12
"460",0,0,0,0,0
"461",6,9,6,2,11
"462",11,15,6,4,8
"463",11,8,5,3,9
"464",7,10,10,5,9
"465",12,11,7,1,12
"466",11,9,5,1,7
"467",12,15,7,3,9
"468",12,9,7,1,9
"469",8,6,9,2,7
"470",7,9,6,2,11
"471",6,11,8,4,10
"472",12,10,7,3,9
"473",9,11,5,1,8
"474",8,16,6,4,8
"475",12,10,8,2,13
"476",0,0,0,0,0
"477",8,15,9,2,10
"478",0,0,0,0,0
"479",0,0,0,0,0
"480",9,10,8,3,8
"481",0,0,0,0,0
"482",9,7,8,3,10
"483",8,12,4,2,12
"484",6,14,7,4,8
"485",0,0,0,0,0
"486",7,8,7,2,10
"487",9,9,8,3,9
"488",10,7,7,2,10
"489",0,0,0,0,0
"490",6,8,6,3,8
"491",9,12,10,2,10
"492",0,0,0,0,0
"493",9,7,6,4,11
"494",9,16,7,3,9
"495",7,10,9,2,11
"496",5,12,6,3,11
"497",15,9,8,1,8
"498",9,8,6,2,7
"499",10,9,8,3,10
"500",8,14,9,2,8
"501",9,12,7,2,12
"502",8,11,9,4,6
"503",7,8,5,2,8
"504",0,0,0,0,0
"505",9,7,5,2,10
"506",9,7,9,2,8
"507",7,14,11,5,12
"508",9,7,10,2,10
"509",9,8,7,3,9
"510",12,11,6,2,8
"511",9,12,8,2,10
"512",9,8,9,3,7
"513",10,8,9,2,8
"514",14,9,8,3,6
"515",9,9,8,2,8
"516",9,14,6,1,7
"517",0,0,0,0,0
"518",5,10,7,2,11
"519",12,11,6,2,8
"520",8,15,10,3,12
"521",5,9,11,3,10
"522",12,11,6,3,9
"523",6,9,6,2,8
"524",8,14,4,3,11
"525",9,11,4,2,10
"526",10,6,6,1,9
"527",0,0,0,0,0
"528",8,7,5,3,10
"529",8,12,6,2,10
"530",11,8,6,1,13
"531",13,15,6,2,7
"532",9,9,5,1,15
"533",0,0,0,0,0
"534",9,8,7,4,9
"535",0,0,0,0,0
"536",9,8,6,3,12
"537",8,8,7,2,12
"538",9,11,5,2,9
"539",8,7,10,1,9
"540",0,0,0,0,0
"541",0,0,0,0,0
"542",7,5,9,6,13
"543",7,7,8,3,8
"544",9,10,8,1,10
"545",10,11,8,2,10
"546",10,15,11,5,9
"547",7,8,5,4,9
"548",0,0,0,0,0
"549",12,10,7,1,13
"550",10,11,5,2,9
"551",6,9,8,2,12
"552",0,0,0,0,0
"553",0,0,0,0,0
"554",9,10,8,3,10
"555",4,9,12,3,11
"556",11,10,9,1,6
"557",6,10,8,2,12
"558",7,11,10,2,9
"559",7,9,8,2,4
"560",9,10,6,4,9
"561",6,9,7,3,10
"562",9,11,11,2,10
"563",9,11,11,4,8
"564",0,0,0,0,0
"565",9,10,10,3,11
"566",9,5,4,2,10
"567",8,8,7,3,13
"568",13,7,7,1,5
"569",10,11,9,2,10
"570",6,14,7,2,6
"571",0,0,0,0,0
"572",12,11,8,2,7
"573",11,9,5,3,10
"574",9,4,9,2,10
"575",12,6,5,3,10
"576",11,10,9,5,12
"577",7,9,6,2,10
"578",4,10,4,2,8
"579",8,7,5,2,13
"580",8,7,8,4,6
"581",13,8,9,1,11
"582",10,13,10,6,10
"583",9,14,8,4,9
"584",0,0,0,0,0
"585",12,9,7,3,6
"586",0,0,0,0,0
"587",9,7,5,3,9
"588",0,0,0,0,0
"589",10,11,7,1,8
"590",5,10,2,3,9
"591",0,0,0,0,0
"592",0,0,0,0,0
"593",0,0,0,0,0
"594",0,0,0,0,0
"595",12,11,8,6,6
"596",9,8,8,2,9
"597",10,8,7,4,6
"598",0,0,0,0,0
"599",6,9,8,3,8
"600",7,10,6,2,8
"601",0,0,0,0,0
"602",7,11,9,4,9
"603",8,8,7,2,10
"604",8,11,9,2,11
"605",7,8,9,3,13
"606",9,10,5,2,8
"607",10,11,6,1,9
"608",6,8,11,3,13
"609",7,9,6,4,8
"610",0,0,0,0,0
"611",0,0,0,0,0
"612",14,11,8,3,9
"613",8,13,3,4,8
"614",16,9,5,2,5
"615",5,7,5,2,6
"616",9,9,6,2,12
"617",11,9,4,3,9
"618",8,8,4,2,10
"619",9,7,6,2,11
"620",0,0,0,0,0
"621",16,9,6,2,11
"622",7,17,7,2,7
"623",0,0,0,0,0
"624",8,9,7,2,11
"625",0,0,0,0,0
"626",5,7,7,5,10
"627",0,0,0,0,0
"628",9,11,9,4,10
"629",0,0,0,0,0
"630",9,8,8,1,4
"631",0,0,0,0,0
"632",6,7,6,2,8
"633",8,11,8,4,6
"634",10,7,5,4,10
"635",9,10,9,5,5
"636",10,13,9,3,8
"637",0,0,0,0,0
"638",0,0,0,0,0
"639",7,10,6,3,7
"640",8,13,8,1,8
"641",0,0,0,0,0
"642",8,12,7,6,8
"643",9,11,7,3,12
"644",6,8,8,3,7
"645",12,12,8,1,9
"646",12,12,5,2,8
"647",7,11,8,3,8
"648",8,9,5,3,8
"649",9,15,8,1,7
"650",11,11,7,2,10
"651",14,9,7,3,7
"652",6,11,9,2,6
"653",10,14,6,4,10
"654",9,6,6,2,11
"655",0,0,0,0,0
"656",11,12,7,4,10
"657",14,8,7,3,9
"658",12,8,7,2,12
"659",8,10,10,1,11
"660",10,9,6,1,9
"661",7,11,6,3,11
"662",0,0,0,0,0
"663",9,8,5,4,13
"664",9,13,10,2,13
"665",8,12,4,3,8
"666",9,12,8,3,9
"667",7,7,8,2,7
"668",8,9,6,2,12
"669",10,5,6,4,11
"670",12,10,5,3,9
"671",7,10,8,3,13
"672",9,12,5,4,10
"673",4,9,7,2,12
"674",11,9,5,3,8
"675",9,9,4,2,11
"676",0,0,0,0,0
"677",0,0,0,0,0
"678",9,10,8,4,9
"679",0,0,0,0,0
"680",10,11,8,4,13
"681",7,8,6,2,13
"682",0,0,0,0,0
"683",13,11,13,3,8
"684",0,0,0,0,0
"685",7,9,8,2,7
"686",10,9,4,3,9
"687",7,11,9,3,11
"688",0,0,0,0,0
"689",7,10,5,2,9
"690",0,0,0,0,0
"691",11,10,8,2,13
"692",5,12,6,3,11
"693",8,10,9,3,12
"694",11,7,10,3,9
"695",12,8,9,2,11
"696",6,11,4,3,9
"697",0,0,0,0,0
"698",5,12,5,3,9
"699",0,0,0,0,0
"700",0,0,0,0,0
"701",9,12,5,2,8
"702",10,13,6,2,14
"703",10,9,8,2,6
"704",12,7,10,3,11
"705",0,0,0,0,0
"706",0,0,0,0,0
"707",9,8,11,2,11
"708",9,10,5,1,11
"709",9,10,8,4,10
"710",9,8,4,3,10
"711",6,10,10,1,6
"712",0,0,0,0,0
"713",8,11,9,3,10
"714",6,12,4,3,9
"715",11,10,9,3,10
"716",7,9,6,1,7
"717",13,9,7,3,12
"718",8,8,8,4,8
"719",9,11,9,3,11
"720",0,0,0,0,0
"721",7,15,4,3,6
"722",9,7,9,4,10
"723",11,14,5,3,11
"724",0,0,0,0,0
"725",9,9,7,1,8
"726",7,7,9,5,7
"727",11,10,8,5,8
"728",6,8,9,3,8
"729",12,12,7,2,9
"730",13,8,8,2,10
"731",0,0,0,0,0
"732",9,10,10,4,10
"733",10,6,6,2,12
"734",0,0,0,0,0
"735",7,9,5,3,10
"736",4,4,6,2,8
"737",11,14,8,4,9
"738",0,0,0,0,0
"739",10,10,11,4,14
"740",9,12,7,2,9
"741",9,7,7,2,9
"742",10,13,8,2,10
"743",7,6,11,2,11
"744",8,8,8,2,9
"745",11,9,8,2,12
"746",7,12,7,2,8
"747",9,9,8,3,6
"748",9,9,5,3,10
"749",12,13,13,3,9
"750",10,11,9,3,11
"751",8,10,6,5,9
"752",5,8,6,3,10
"753",12,10,10,2,11
"754",10,11,6,4,8
"755",0,0,0,0,0
"756",6,8,5,1,7
"757",11,10,6,3,11
"758",9,9,7,2,8
"759",7,5,10,4,7
"760",0,0,0,0,0
"761",7,9,10,2,7
"762",10,9,6,3,11
"763",10,9,6,3,11
"764",7,5,6,2,10
"765",0,0,0,0,0
"766",9,9,7,2,8
"767",7,12,6,3,8
"768",10,10,8,4,8
"769",6,10,7,4,6
"770",11,9,10,2,10
"771",0,0,0,0,0
"772",8,8,6,2,11
"773",14,7,11,5,8
"774",6,9,10,3,8
"775",0,0,0,0,0
"776",0,0,0,0,0
"777",11,7,7,1,15
"778",11,13,7,5,12
"779",9,8,9,4,13
"780",11,12,10,2,7
"781",12,9,4,2,9
"782",4,10,7,2,10
"783",12,16,8,2,6
"784",13,9,6,2,10
"785",13,10,6,2,12
"786",10,12,10,4,12
"787",8,10,11,3,11
"788",6,9,5,2,8
"789",0,0,0,0,0
"790",8,10,8,2,10
"791",11,9,8,2,8
"792",6,11,7,1,11
"793",10,9,8,2,11
"794",9,13,7,5,6
"795",5,13,8,3,10
"796",14,10,7,3,10
"797",6,10,8,1,8
"798",10,10,7,3,13
"799",8,14,5,3,8
"800",9,19,8,2,8
"801",9,6,5,1,9
"802",9,8,9,3,13
"803",9,10,4,4,10
"804",0,0,0,0,0
"805",0,0,0,0,0
"806",0,0,0,0,0
"807",0,0,0,0,0
"808",6,8,5,2,18
"809",6,9,5,1,11
"810",7,7,6,3,13
"811",5,12,8,2,12
"812",0,0,0,0,0
"813",12,8,5,1,11
"814",6,8,8,2,9
"815",0,0,0,0,0
"816",8,8,10,3,9
"817",8,10,5,1,12
"818",11,10,5,1,9
"819",6,9,9,3,11
"820",12,10,11,3,9
"821",0,0,0,0,0
"822",10,7,12,2,10
"823",8,8,9,2,9
"824",7,6,6,1,10
"825",14,9,8,2,8
"826",5,10,9,3,8
"827",1,0,0,0,0
"828",6,10,5,1,11
"829",7,13,5,2,11
"830",0,0,0,0,0
"831",0,0,0,0,0
"832",8,7,8,1,10
"833",9,10,7,2,10
"834",10,9,8,2,8
"835",10,11,8,3,9
"836",0,0,0,0,0
"837",4,11,11,3,10
"838",8,13,9,2,10
"839",0,0,0,0,0
"840",0,0,0,0,0
"841",8,11,5,2,13
"842",5,10,7,3,11
"843",12,13,8,2,12
"844",9,8,7,3,9
"845",10,8,5,3,8
"846",8,11,7,3,10
"847",14,8,9,1,12
"848",8,12,8,2,9
"849",0,0,0,0,0
"850",6,10,11,1,10
"851",8,10,5,3,9
"852",8,14,8,4,6
"853",12,9,5,4,15
"854",6,11,5,2,7
"855",8,10,7,3,12
"856",12,7,8,3,9
"857",11,9,7,1,11
"858",10,9,7,2,9
"859",6,6,7,5,9
"860",8,8,4,4,9
"861",8,8,4,2,9
"862",5,6,6,2,10
"863",10,11,11,2,10
"864",7,7,11,2,11
"865",13,10,7,1,12
"866",13,9,5,2,9
"867",0,0,0,0,0
"868",8,12,8,3,10
"869",13,9,10,4,10
"870",7,10,6,1,12
"871",0,0,0,0,0
"872",11,10,6,4,9
"873",8,9,10,1,10
"874",11,10,8,2,10
"875",10,8,7,3,11
"876",5,13,9,2,14
"877",7,6,10,3,8
"878",7,8,7,5,8
"879",9,10,8,4,9
"880",8,13,9,3,10
"881",5,4,3,3,9
"882",9,11,7,3,11
"883",7,11,6,3,8
"884",0,0,0,0,0
"885",10,10,8,3,7
"886",11,15,9,4,9
"887",9,13,8,5,10
"888",11,12,6,2,9
"889",0,0,0,0,0
"890",11,14,10,5,13
"891",9,12,6,5,11
"892",6,10,10,6,8
"893",12,13,7,2,13
"894",11,12,11,3,8
"895",0,0,0,0,0
"896",6,8,6,2,8
"897",7,7,9,3,11
"898",0,0,0,0,0
"899",0,0,0,0,0
"900",0,0,0,0,0
"901",7,13,8,4,8
"902",0,0,0,0,0
"903",0,0,0,0,0
"904",7,15,5,2,13
"905",12,9,9,2,10
"906",0,0,0,0,0
"907",7,12,7,3,9
"908",0,0,0,0,0
"909",8,9,5,4,8
"910",11,11,8,3,5
"911",13,11,7,3,7
"912",0,1,0,0,0
"913",9,8,5,1,12
"914",0,0,0,0,0
"915",6,8,9,2,11
"916",9,8,8,3,8
"917",8,9,9,5,10
"918",8,10,6,2,9
"919",8,13,4,3,7
"920",10,9,5,2,8
"921",10,9,8,2,13
"922",12,8,7,1,10
"923",16,7,8,2,9
"924",9,8,8,1,7
"925",6,6,7,5,9
"926",9,10,6,2,10
"927",8,6,9,5,12
"928",6,8,4,3,10
"929",7,7,7,2,12
"930",14,11,5,2,10
"931",0,0,0,0,0
"932",8,12,11,2,8
"933",11,8,7,4,11
"934",7,11,6,1,9
"935",6,9,7,3,9
"936",0,0,0,0,0
"937",12,13,6,3,10
"938",12,8,8,1,9
"939",7,9,5,2,9
"940",8,9,5,2,6
"941",8,7,6,2,9
"942",7,12,9,3,8
"943",7,7,4,2,4
"944",12,11,15,3,10
"945",10,7,8,1,6
"946",7,9,5,6,10
"947",8,8,7,4,8
"948",0,0,0,0,0
"949",6,15,7,2,8
"950",9,9,6,4,10
"951",9,7,7,4,7
"952",0,0,0,0,0
"953",0,0,0,0,0
"954",10,13,7,4,11
"955",6,10,9,2,8
"956",10,14,4,1,13
"957",14,11,6,3,7
"958",9,11,7,2,11
"959",12,6,8,3,10
"960",6,10,5,1,14
"961",9,14,12,3,11
"962",10,13,6,3,9
"963",7,9,4,3,7
"964",14,9,8,1,7
"965",7,7,6,3,8
"966",9,10,2,2,4
"967",0,0,0,0,0
"968",9,8,10,2,10
"969",11,8,4,3,10
"970",0,0,0,0,0
"971",6,10,8,3,13
"972",15,11,5,2,8
"973",10,9,7,3,10
"974",10,8,8,3,5
"975",10,10,7,4,9
"976",8,10,7,3,4
"977",8,8,6,4,10
"978",8,4,9,2,10
"979",10,9,8,3,5
"980",7,14,11,3,11
"981",0,0,0,0,0
"982",8,9,7,3,12
"983",6,12,9,2,5
"984",10,9,9,2,13
"985",5,9,7,2,9
"986",8,13,6,2,11
"987",0,0,0,0,0
"988",9,6,11,2,9
"989",10,8,5,1,8
"990",0,0,0,0,0
"991",7,9,8,3,10
"992",10,12,6,2,10
"993",8,10,5,2,8
"994",18,10,7,2,14
"995",12,8,8,2,15
"996",9,9,7,4,10
"997",11,9,11,3,13
"998",12,8,5,2,9
"999",4,5,7,5,7
"1000",0,0,0,0,0
"1001",0,0,0,0,0
"1002",0,0,0,0,0
"1003",12,8,5,2,9
"1004",0,0,0,0,0
"1005",16,8,6,2,6
"1006",0,0,0,0,0
"1007",7,8,7,2,13
"1008",11,11,5,1,8
"1009",8,15,5,3,15
"1010",9,12,9,1,8
"1011",7,10,6,2,13
"1012",0,0,0,0,0
"1013",10,12,7,2,12
"1014",0,0,0,0,0
"1015",9,14,7,3,9
"1016",0,0,0,0,0
"1017",0,0,0,0,0
"1018",7,8,6,2,7
"1019",8,12,8,2,7
"1020",0,0,0,0,0
"1021",11,8,7,2,9
"1022",6,13,10,1,15
"1023",14,7,7,3,8
"1024",10,9,7,3,7
"1025",12,10,6,2,10
"1026",7,13,10,1,9
"1027",8,8,5,4,11
"1028",5,9,9,4,9
"1029",7,9,5,2,7
"1030",11,12,8,4,10
"1031",8,7,5,4,7
"1032",10,13,8,4,9
"1033",0,0,0,0,0
"1034",8,10,7,1,11
"1035",9,10,5,2,7
"1036",0,0,0,0,0
"1037",4,10,9,3,10
"1038",8,15,7,3,14
"1039",7,10,7,1,10
"1040",10,9,9,4,5
"1041",12,9,8,2,9
"1042",0,0,0,0,0
"1043",11,12,6,3,11
"1044",12,10,9,3,13
"1045",0,0,0,0,0
"1046",0,0,0,0,0
"1047",0,0,0,0,0
"1048",6,11,8,2,6
"1049",8,11,10,3,12
"1050",11,9,7,3,10
"1051",11,10,4,1,5
"1052",5,9,9,4,13
"1053",9,13,10,2,9
"1054",9,9,6,1,7
"1055",7,17,5,2,10
"1056",0,0,0,0,0
"1057",7,8,8,4,6
"1058",9,12,7,4,15
"1059",6,8,8,2,8
"1060",7,9,7,1,11
"1061",0,0,0,0,0
"1062",6,6,6,3,8
"1063",0,0,0,0,0
"1064",0,0,0,0,0
"1065",10,6,8,4,7
"1066",7,9,6,4,10
"1067",7,11,7,3,9
"1068",6,10,11,1,13
"1069",9,9,7,2,9
"1070",7,8,5,4,7
"1071",0,0,0,0,0
"1072",0,0,0,0,0
"1073",8,14,7,4,8
"1074",9,7,9,2,9
"1075",7,7,10,3,10
"1076",8,7,6,1,9
"1077",14,11,6,3,7
"1078",5,11,11,3,11
"1079",8,11,8,4,6
"1080",12,10,7,2,9
"1081",0,0,0,0,0
"1082",0,0,0,0,0
"1083",10,8,7,2,14
"1084",15,4,10,1,11
"1085",0,0,0,0,0
"1086",8,9,7,4,12
"1087",8,14,8,2,11
"1088",8,11,7,5,7
"1089",0,0,0,0,0
"1090",9,16,7,1,10
"1091",0,0,0,0,0
"1092",10,8,8,3,11
"1093",7,8,11,2,11
"1094",10,14,6,3,7
"1095",12,6,7,3,10
"1096",8,8,6,4,15
"1097",8,9,8,2,10
"1098",0,0,0,0,0
"1099",10,6,8,3,7
"1100",9,9,8,3,10
"1101",0,0,0,0,0
"1102",0,0,0,0,0
"1103",0,0,0,0,0
"1104",8,9,9,2,8
"1105",11,9,8,2,14
"1106",0,0,0,0,0
"1107",6,7,6,7,7
"1108",6,10,4,5,10
"1109",5,10,10,4,15
"1110",7,10,6,3,7
"1111",10,12,5,3,12
"1112",12,9,12,2,7
"1113",10,14,10,1,8
"1114",0,0,0,0,0
"1115",12,12,7,3,8
"1116",0,0,0,0,0
"1117",10,10,10,2,9
"1118",8,11,7,4,8
"1119",9,9,5,3,8
"1120",0,0,0,0,0
"1121",7,5,6,2,8
"1122",9,8,5,1,9
"1123",7,11,5,3,6
"1124",12,12,6,3,6
"1125",7,8,9,3,12
"1126",10,10,5,3,5
"1127",12,8,4,3,12
"1128",9,13,4,4,12
"1129",11,12,10,3,7
"1130",7,8,6,3,9
"1131",0,0,0,0,0
"1132",7,8,10,4,14
"1133",7,11,7,3,9
"1134",0,0,0,0,0
"1135",0,0,0,0,0
"1136",7,10,7,6,14
"1137",12,13,9,3,8
"1138",8,9,6,1,6
"1139",8,13,6,2,12
"1140",5,13,6,1,6
"1141",10,9,8,3,10
"1142",0,0,0,0,0
"1143",14,8,8,1,8
"1144",9,12,5,3,9
"1145",12,8,8,2,7
"1146",6,11,8,2,10
"1147",12,10,6,4,7
"1148",8,7,8,2,8
"1149",7,6,7,4,7
"1150",8,7,5,2,9
"1151",0,0,0,0,0
"1152",8,7,8,2,8
"1153",7,9,10,6,11
"1154",6,8,6,3,15
"1155",7,8,6,2,13
"1156",0,0,0,0,0
"1157",9,7,7,3,10
"1158",0,0,0,0,0
"1159",9,11,10,2,8
"1160",7,13,7,3,8
"1161",0,0,0,0,0
"1162",7,13,9,4,13
"1163",0,0,0,0,0
"1164",11,12,3,2,8
"1165",0,0,0,0,0
"1166",7,10,5,2,12
"1167",7,10,9,2,10
"1168",8,9,4,1,10
"1169",11,9,12,2,9
"1170",8,7,6,2,11
"1171",0,0,0,0,0
"1172",13,9,6,7,11
"1173",8,6,6,3,9
"1174",9,11,6,3,12
"1175",10,13,8,1,11
"1176",6,10,6,3,8
"1177",12,8,7,2,9
"1178",7,6,5,2,8
"1179",7,14,7,5,12
"1180",11,10,11,1,10
"1181",12,9,9,3,10
"1182",8,8,6,5,8
"1183",0,0,0,0,0
"1184",0,0,0,0,0
"1185",0,0,0,0,0
"1186",5,10,8,4,18
"1187",7,11,6,2,10
"1188",0,0,0,0,0
"1189",0,0,0,0,0
"1190",0,0,0,0,0
"1191",8,11,6,2,12
"1192",5,8,7,3,9
"1193",0,0,0,0,0
"1194",10,7,7,4,7
"1195",7,8,7,2,13
"1196",7,8,7,1,8
"1197",0,0,0,0,0
"1198",11,13,7,2,7
"1199",8,13,6,2,16
"1200",10,9,8,4,9
"1201",9,14,6,2,7
"1202",10,13,3,6,8
"1203",8,10,6,3,10
"1204",10,9,7,1,10
"1205",0,0,0,0,0
"1206",8,11,8,3,7
"1207",7,10,10,4,9
"1208",10,8,9,3,11
"1209",8,9,4,2,9
"1210",11,13,9,3,12
"1211",0,0,0,0,0
"1212",6,9,9,3,8
"1213",10,11,8,2,9
"1214",7,9,6,4,13
"1215",0,0,0,0,0
"1216",0,0,0,0,0
"1217",0,0,0,0,0
"1218",11,12,8,1,12
"1219",10,9,9,3,11
"1220",9,11,5,3,10
"1221",11,7,6,1,10
"1222",8,6,6,2,11
"1223",7,9,9,3,6
"1224",11,9,5,3,11
"1225",9,12,6,4,5
"1226",4,6,6,5,8
"1227",6,12,9,3,10
"1228",0,0,0,0,0
"1229",7,11,7,2,9
"1230",13,7,8,1,7
"1231",9,10,13,4,14
"1232",8,8,6,4,5
"1233",9,5,6,2,10
"1234",16,10,7,3,8
"1235",5,9,6,2,9
"1236",7,7,9,3,11
"1237",6,10,7,4,8
"1238",0,0,0,0,0
"1239",8,9,7,3,6
"1240",8,14,7,4,8
"1241",8,10,5,2,12
"1242",0,0,0,0,0
"1243",11,8,6,7,8
"1244",6,7,7,3,10
"1245",9,7,13,3,9
"1246",0,0,0,0,0
"1247",4,9,4,2,11
"1248",6,10,5,2,7
"1249",9,11,6,1,13
"1250",9,11,7,2,7
"1251",0,0,0,0,0
"1252",11,6,11,2,12
"1253",13,8,6,3,8
"1254",10,9,6,3,10
"1255",9,9,8,2,11
"1256",10,7,6,3,11
"1257",9,13,5,5,9
"1258",7,9,8,5,8
"1259",0,0,0,0,0
"1260",10,8,8,3,11
"1261",0,0,0,0,0
"1262",10,9,6,5,11
"1263",11,11,9,3,14
"1264",9,8,9,2,8
"1265",0,0,0,0,0
"1266",10,9,4,3,9
"1267",7,8,7,3,10
"1268",8,7,7,3,8
"1269",7,8,8,3,7
"1270",0,0,0,0,0
"1271",12,10,9,2,10
"1272",7,7,7,2,8
"1273",12,16,7,2,11
"1274",10,6,6,3,14
"1275",5,12,7,1,9
"1276",10,12,9,2,8
"1277",0,0,0,0,0
"1278",6,6,8,1,7
"1279",10,10,5,3,6
"1280",10,11,5,1,9
"1281",9,11,10,3,14
"1282",0,0,0,0,0
"1283",12,10,5,2,8
"1284",10,9,5,2,8
"1285",8,10,6,3,9
"1286",12,12,8,2,7
"1287",9,9,7,1,7
"1288",0,0,0,0,0
"1289",9,10,7,4,11
"1290",6,6,11,4,9
"1291",9,6,7,1,7
"1292",14,9,9,2,8
"1293",6,9,8,2,7
"1294",11,6,6,3,12
"1295",0,0,0,0,0
"1296",5,8,6,3,6
"1297",12,5,6,4,7
"1298",9,10,7,2,11
"1299",9,9,6,6,10
"1300",9,8,8,4,11
"1301",0,0,0,0,0
"1302",12,6,5,3,7
"1303",7,8,7,3,8
"1304",0,0,0,0,0
"1305",0,0,0,0,0
"1306",8,6,10,2,6
"1307",10,11,6,3,7
"1308",11,10,9,5,6
"1309",0,0,0,0,0
"1310",9,10,9,2,7
"1311",0,0,0,0,0
"1312",6,8,4,3,6
"1313",8,13,11,3,8
"1314",11,6,8,2,8
"1315",7,7,11,4,5
"1316",8,12,8,3,9
"1317",11,10,5,2,7
"1318",0,0,0,0,0
"1319",9,12,5,1,13
"1320",6,6,9,3,10
"1321",7,12,7,1,9
"1322",10,11,7,3,10
"1323",0,0,0,0,0
"1324",11,10,6,2,8
"1325",11,7,5,3,11
"1326",8,11,6,3,10
"1327",0,0,0,0,0
"1328",8,15,8,1,7
"1329",8,15,6,2,8
"1330",7,4,8,5,9
"1331",7,9,4,2,9
"1332",13,15,8,2,9
"1333",8,9,9,3,12
"1334",13,12,9,1,7
"1335",7,11,4,3,8
"1336",12,10,9,3,11
"1337",0,0,0,0,0
"1338",6,14,11,2,15
"1339",6,7,7,2,8
"1340",8,11,11,3,8
"1341",8,7,7,2,9
"1342",12,9,6,3,14
"1343",10,11,5,3,10
"1344",0,0,0,0,0
"1345",10,8,7,2,15
"1346",0,0,0,0,0
"1347",8,12,7,2,5
"1348",0,0,0,0,0
"1349",6,10,7,3,12
"1350",10,8,11,3,16
"1351",11,9,5,3,11
"1352",0,0,0,0,0
"1353",7,10,7,3,12
"1354",0,0,0,0,0
"1355",10,11,7,4,9
"1356",9,10,6,4,6
"1357",6,12,4,2,13
"1358",6,8,9,2,9
"1359",7,8,10,4,5
"1360",0,0,0,0,0
"1361",10,11,6,2,10
"1362",10,10,9,2,6
"1363",7,9,7,2,7
"1364",10,6,5,3,9
"1365",7,7,6,1,7
"1366",12,11,4,3,11
"1367",9,6,7,2,11
"1368",8,6,7,2,11
"1369",14,10,5,3,13
"1370",5,12,6,5,10
"1371",10,13,8,3,10
"1372",8,10,8,3,11
"1373",7,10,9,4,7
"1374",9,9,5,2,9
"1375",12,8,6,1,12
"1376",6,10,5,1,6
"1377",7,10,9,1,8
"1378",10,9,12,2,6
"1379",0,0,0,0,0
"1380",12,11,5,2,12
"1381",9,13,7,3,6
"1382",10,13,6,2,11
"1383",7,11,10,5,11
"1384",6,9,8,2,6
"1385",10,9,8,3,11
"1386",8,13,7,5,12
"1387",9,10,10,4,7
"1388",6,7,9,1,9
"1389",9,7,7,2,11
"1390",0,0,0,0,0
"1391",10,10,4,3,13
"1392",9,8,9,4,9
"1393",11,10,8,2,11
"1394",0,0,0,0,0
"1395",0,0,0,0,0
"1396",8,11,7,3,12
"1397",0,0,0,0,0
"1398",10,14,8,5,8
"1399",9,10,11,3,11
"1400",12,10,11,3,9
"1401",0,0,0,0,0
"1402",7,7,7,4,6
"1403",10,8,8,3,9
"1404",10,8,6,3,11
"1405",9,11,7,2,8
"1406",11,8,9,3,7
"1407",0,0,0,0,0
"1408",0,0,0,0,0
"1409",8,11,8,2,6
"1410",5,7,8,3,7
"1411",11,8,12,2,8
"1412",9,7,8,4,14
"1413",7,11,4,3,7
"1414",0,0,0,0,0
"1415",9,9,10,3,11
"1416",7,9,5,2,8
"1417",0,0,0,0,0
"1418",0,0,0,0,0
"1419",13,8,4,3,8
"1420",9,11,10,1,7
"1421",12,10,6,3,9
"1422",8,10,7,3,10
"1423",7,11,7,2,7
"1424",10,10,6,2,6
"1425",7,11,8,2,11
"1426",9,8,10,3,9
"1427",8,12,5,1,8
"1428",6,9,10,3,12
"1429",11,11,7,2,9
"1430",9,11,5,2,10
"1431",7,9,7,3,7
"1432",5,8,6,4,14
"1433",9,12,4,4,10
"1434",9,12,9,1,13
"1435",9,15,7,1,12
"1436",0,0,0,0,0
"1437",8,10,7,2,9
"1438",7,13,9,1,9
"1439",8,6,5,2,9
"1440",0,0,0,0,0
"1441",8,10,5,2,13
"1442",6,14,8,2,13
"1443",11,12,10,3,10
"1444",7,8,5,2,10
"1445",6,9,7,3,11
"1446",8,11,6,3,8
"1447",10,10,6,3,9
"1448",8,10,10,3,13
"1449",9,12,13,1,11
"1450",0,0,0,0,0
"1451",0,0,0,0,0
"1452",6,9,8,2,6
"1453",5,7,8,2,6
"1454",0,0,0,0,0
"1455",0,0,0,0,0
"1456",10,8,8,3,7
"1457",7,11,6,2,8
"1458",7,9,5,2,11
"1459",10,7,11,2,9
"1460",10,10,8,4,12
"1461",0,0,0,0,0
"1462",10,10,7,4,7
"1463",0,0,0,0,0
"1464",8,10,7,5,12
"1465",9,14,7,3,14
"1466",10,15,10,2,9
"1467",7,12,6,4,11
"1468",7,10,6,1,9
"1469",9,9,6,2,9
"1470",7,12,4,2,9
"1471",7,9,7,2,3
"1472",12,9,7,3,7
"1473",0,0,0,0,0
"1474",0,0,0,0,0
"1475",9,10,9,2,11
"1476",11,7,7,2,6
"1477",8,13,3,2,13
"1478",4,12,6,2,13
"1479",0,0,0,0,0
"1480",7,8,6,2,8
"1481",10,6,8,2,8
"1482",6,10,9,2,11
"1483",9,13,6,4,9
"1484",0,0,0,0,0
"1485",11,9,3,3,11
"1486",13,10,9,5,10
"1487",9,15,6,3,10
"1488",10,10,8,2,10
"1489",6,15,5,1,6
"1490",10,12,6,1,11
"1491",8,8,8,3,8
"1492",0,0,0,0,0
"1493",10,9,9,2,9
"1494",0,0,0,0,0
"1495",7,17,6,4,10
"1496",11,8,7,4,12
"1497",9,11,9,1,13
"1498",7,10,4,2,12
"1499",8,6,9,4,12
"1500",8,10,8,3,8
"1501",14,10,5,3,11
"1502",12,14,9,3,12
"1503",7,14,5,1,10
"1504",0,0,0,0,0
"1505",13,11,10,3,9
"1506",11,6,6,5,10
"1507",8,13,5,3,8
"1508",10,9,7,3,9
"1509",6,15,7,3,7
"1510",9,10,10,2,9
"1511",9,12,5,3,9
"1512",10,9,7,4,5
"1513",8,11,7,3,8
"1514",8,7,6,2,12
"1515",9,9,6,3,12
"1516",6,8,7,2,7
"1517",8,9,8,3,9
"1518",0,0,0,0,0
"1519",9,12,6,2,6
"1520",0,0,0,0,0
"1521",7,8,11,1,7
"1522",9,8,7,1,5
"1523",8,11,10,2,10
"1524",8,7,9,2,9
"1525",6,10,10,4,11
"1526",5,7,6,4,6
"1527",0,0,0,0,0
"1528",5,10,5,2,8
"1529",0,0,0,0,0
"1530",0,0,0,0,0
"1531",0,0,0,0,0
"1532",7,11,7,3,11
"1533",5,10,7,4,8
"1534",5,7,15,4,13
"1535",8,10,6,3,11
"1536",10,10,10,2,12
"1537",0,0,0,0,0
"1538",10,12,7,3,10
"1539",11,11,8,2,7
"1540",8,11,6,3,8
"1541",0,0,0,0,0
"1542",10,7,6,3,13
"1543",0,0,0,0,0
"1544",11,12,7,2,6
"1545",0,0,0,0,0
"1546",11,6,8,2,13
"1547",8,11,5,4,9
"1548",0,0,0,0,0
"1549",6,8,9,1,14
"1550",8,7,6,0,11
"1551",0,0,0,0,0
"1552",9,12,7,2,9
"1553",5,9,7,3,5
"1554",11,8,9,4,8
"1555",8,8,6,2,11
"1556",8,7,6,1,7
"1557",7,11,7,2,9
"1558",0,0,0,0,0
"1559",7,8,8,4,11
"1560",8,10,8,2,6
"1561",9,8,6,2,9
"1562",8,10,7,2,9
"1563",9,12,6,2,7
"1564",10,15,6,3,12
"1565",9,8,8,2,10
"1566",6,8,8,3,11
"1567",7,9,6,4,10
"1568",0,0,0,0,0
"1569",9,10,6,1,8
"1570",0,1,0,0,0
"1571",10,13,5,3,10
"1572",10,13,5,2,10
"1573",5,9,9,2,9
"1574",0,0,0,0,0
"1575",7,11,7,4,7
"1576",8,7,8,5,11
"1577",0,0,0,0,0
"1578",9,10,7,2,9
"1579",10,6,7,3,9
"1580",10,10,7,2,11
"1581",0,0,0,0,0
"1582",6,12,5,4,13
"1583",9,8,7,3,13
"1584",11,9,7,3,10
"1585",8,9,7,2,11
"1586",8,10,7,4,9
"1587",8,7,11,4,11
"1588",0,0,0,0,0
"1589",9,7,10,3,9
"1590",7,8,8,3,12
"1591",11,9,8,2,7
"1592",8,6,6,4,8
"1593",0,0,0,0,0
"1594",7,12,9,3,12
"1595",9,11,6,2,6
"1596",0,0,0,0,0
"1597",5,7,6,5,6
"1598",9,5,8,3,9
"1599",0,0,0,0,0
"1600",17,10,12,5,11
"1601",5,7,6,3,11
"1602",0,0,0,0,0
"1603",10,14,6,3,7
"1604",6,7,7,4,11
"1605",11,9,11,5,7
"1606",9,10,6,3,13
"1607",8,16,6,2,9
"1608",7,10,7,6,9
"1609",0,0,0,0,0
"1610",5,14,5,1,8
"1611",10,12,9,4,10
"1612",0,0,0,0,0
"1613",10,10,8,2,9
"1614",9,12,7,1,10
"1615",11,13,9,2,11
"1616",6,9,5,2,10
"1617",8,8,9,4,8
"1618",16,9,6,2,7
"1619",9,9,7,2,11
"1620",10,8,9,3,6
"1621",10,13,5,3,11
"1622",9,7,10,3,9
"1623",8,12,8,5,10
"1624",7,9,6,2,11
"1625",6,10,5,3,7
"1626",8,11,5,3,6
"1627",7,13,7,2,10
"1628",0,0,0,0,0
"1629",0,0,0,0,0
"1630",0,0,0,0,0
"1631",5,7,5,2,10
"1632",7,10,7,3,10
"1633",12,6,6,3,10
"1634",9,6,4,1,10
"1635",0,0,0,0,0
"1636",0,0,0,0,0
"1637",10,14,5,4,13
"1638",0,0,0,0,0
"1639",0,0,0,0,0
"1640",5,9,6,3,9
"1641",6,7,8,3,10
"1642",0,0,0,0,0
"1643",11,19,9,3,6
"1644",6,8,6,2,8
"1645",10,9,9,3,12
"1646",12,8,9,5,14
"1647",6,9,6,2,9
"1648",13,8,5,1,9
"1649",0,0,0,0,0
"1650",11,9,8,4,12
"1651",0,0,0,0,0
"1652",7,10,7,4,9
"1653",0,0,0,0,0
"1654",5,12,5,3,9
"1655",12,16,6,2,11
"1656",12,5,5,2,13
"1657",6,8,7,4,10
"1658",13,12,7,2,11
"1659",7,10,8,5,7
"1660",0,0,0,0,0
"1661",9,11,8,5,13
"1662",9,5,8,3,9
"1663",0,0,0,0,0
"1664",6,8,7,2,11
"1665",0,0,0,0,0
"1666",9,9,6,4,11
"1667",11,7,7,2,10
"1668",10,12,5,2,7
"1669",0,0,0,0,0
"1670",11,12,8,3,10
"1671",11,8,5,2,9
"1672",8,15,4,2,9
"1673",7,9,5,3,10
"1674",10,8,7,3,11
"1675",0,0,0,0,0
"1676",9,7,9,2,6
"1677",0,0,0,0,0
"1678",10,11,9,1,8
"1679",11,7,10,2,11
"1680",8,8,7,2,13
"1681",0,0,0,0,0
"1682",0,0,0,0,0
"1683",10,9,9,3,10
"1684",0,0,0,0,0
"1685",6,12,5,3,14
"1686",7,15,6,4,14
"1687",11,9,7,2,7
"1688",8,8,9,2,12
"1689",0,0,0,0,0
"1690",11,11,11,3,10
"1691",11,8,7,3,9
"1692",4,10,9,3,10
"1693",0,0,0,0,0
"1694",8,10,6,4,9
"1695",8,7,6,3,5
"1696",9,18,7,4,10
"1697",8,10,10,2,6
"1698",0,1,0,0,0
"1699",0,0,0,0,0
"1700",10,4,8,1,10
"1701",9,7,6,3,8
"1702",7,9,7,1,14
"1703",11,8,13,4,10
"1704",7,6,9,4,5
"1705",0,0,0,0,0
"1706",7,5,7,3,12
"1707",10,8,3,2,8
"1708",9,14,9,4,14
"1709",0,0,0,0,0
"1710",14,11,9,3,8
"1711",7,10,6,2,12
"1712",8,11,7,2,9
"1713",14,12,5,3,10
"1714",7,9,12,4,14
"1715",8,14,7,2,11
"1716",10,13,15,4,11
"1717",11,11,9,2,9
"1718",14,6,3,1,9
"1719",8,8,5,4,8
"1720",8,8,5,4,10
"1721",9,9,10,4,9
"1722",0,0,0,0,0
"1723",6,10,5,2,12
"1724",8,12,9,3,10
"1725",8,9,3,3,8
"1726",7,11,6,1,13
"1727",9,8,8,4,11
"1728",8,12,6,2,7
"1729",10,7,7,2,10
"1730",7,12,6,2,12
"1731",9,6,5,3,8
"1732",8,8,5,3,10
"1733",7,8,3,4,12
"1734",5,12,6,1,8
"1735",8,8,5,2,8
"1736",12,9,6,2,12
"1737",4,8,7,3,11
"1738",0,0,0,0,0
"1739",10,8,5,2,8
"1740",11,9,7,4,11
"1741",10,11,7,3,9
"1742",6,10,7,4,12
"1743",0,0,0,0,0
"1744",11,8,5,2,9
"1745",0,0,0,0,0
"1746",0,0,0,0,0
"1747",0,0,0,0,0
"1748",7,9,7,2,9
"1749",0,0,0,0,0
"1750",12,9,12,3,8
"1751",11,11,9,2,9
"1752",10,16,7,1,9
"1753",10,15,7,2,11
"1754",6,10,7,3,14
"1755",0,0,0,0,0
"1756",11,10,9,4,10
"1757",0,0,0,0,0
"1758",6,8,9,2,10
"1759",13,7,7,2,9
"1760",5,13,7,2,12
"1761",11,13,6,1,8
"1762",7,8,6,2,9
"1763",12,11,12,3,9
"1764",8,10,7,2,12
"1765",7,12,6,1,11
"1766",10,9,9,2,9
"1767",12,11,8,4,9
"1768",12,8,7,2,8
"1769",0,0,0,0,0
"1770",8,11,5,1,14
"1771",8,10,8,4,8
"1772",8,7,6,2,13
"1773",8,11,7,2,11
"1774",0,0,0,0,0
"1775",9,10,9,2,14
"1776",9,7,9,1,10
"1777",9,17,4,2,7
"1778",8,17,7,2,14
"1779",10,7,5,3,7
"1780",9,6,10,2,14
"1781",6,10,5,3,11
"1782",6,14,9,3,9
"1783",13,12,10,3,7
"1784",0,0,0,0,0
"1785",0,0,0,0,0
"1786",11,12,9,3,9
"1787",8,9,6,4,6
"1788",7,11,9,3,11
"1789",11,11,7,4,9
"1790",0,0,0,0,0
"1791",0,0,0,0,0
"1792",7,7,7,3,8
"1793",11,5,7,3,10
"1794",8,8,5,2,9
"1795",8,9,6,3,12
"1796",8,9,7,3,7
"1797",10,8,8,4,8
"1798",0,0,0,0,0
"1799",9,10,7,3,8
"1800",11,6,7,2,9
"1801",7,8,5,2,4
"1802",12,8,6,2,7
"1803",6,14,4,3,6
"1804",0,0,0,0,0
"1805",11,8,6,4,12
"1806",7,12,6,1,13
"1807",9,10,9,3,10
"1808",7,10,6,1,7
"1809",8,9,8,3,8
"1810",10,9,8,3,10
"1811",8,11,6,2,11
"1812",0,0,0,0,0
"1813",7,10,8,3,11
"1814",6,11,4,2,11
"1815",8,10,6,2,11
"1816",12,12,8,3,5
"1817",12,8,8,3,12
"1818",0,0,0,0,0
"1819",0,0,0,0,0
"1820",10,6,7,2,8
"1821",6,8,7,4,5
"1822",5,10,7,1,10
"1823",7,10,8,3,7
"1824",9,9,5,3,12
"1825",7,10,10,2,8
"1826",12,10,6,2,10
"1827",0,0,0,0,0
"1828",8,10,7,2,11
"1829",9,6,8,2,8
"1830",0,0,0,0,0
"1831",9,7,7,2,10
"1832",8,9,8,4,10
"1833",0,0,0,0,0
"1834",5,8,8,2,10
"1835",13,10,6,2,10
"1836",10,10,9,5,8
"1837",7,7,9,3,8
"1838",0,0,0,0,0
"1839",10,8,7,2,12
"1840",10,7,10,3,9
"1841",10,7,8,2,8
"1842",7,13,11,4,9
"1843",6,10,7,4,7
"1844",8,8,6,3,15
"1845",9,8,7,2,8
"1846",9,11,5,3,12
"1847",0,0,0,0,0
"1848",9,15,7,2,10
"1849",8,12,6,3,9
"1850",0,0,0,0,0
"1851",8,13,10,3,9
"1852",11,9,7,3,10
"1853",0,0,0,0,0
"1854",7,8,9,3,8
"1855",9,9,8,3,8
"1856",0,0,0,0,0
"1857",11,12,7,4,9
"1858",8,9,8,2,9
"1859",7,11,8,4,11
"1860",10,9,5,5,11
"1861",8,11,9,3,11
"1862",0,0,0,0,0
"1863",6,10,8,2,10
"1864",10,13,10,5,8
"1865",8,6,3,3,9
"1866",11,8,6,2,8
"1867",8,7,9,3,12
"1868",8,9,8,3,9
"1869",0,0,0,0,0
"1870",9,10,7,2,14
"1871",7,12,7,1,10
"1872",0,0,0,0,0
"1873",8,10,9,1,7
"1874",12,9,4,3,12
"1875",17,9,10,3,8
"1876",7,10,10,1,10
"1877",8,10,5,3,11
"1878",8,6,6,2,9
"1879",7,10,8,2,10
"1880",0,0,0,0,0
"1881",10,11,4,2,9
"1882",15,10,4,3,16
"1883",6,9,6,6,8
"1884",8,13,11,6,10
"1885",0,0,0,0,0
"1886",9,11,11,2,7
"1887",0,0,0,0,0
"1888",15,8,7,3,8
"1889",13,11,6,3,9
"1890",0,0,0,0,0
"1891",7,10,11,3,8
"1892",11,12,13,2,10
"1893",0,0,0,0,0
"1894",4,7,7,1,9
"1895",0,0,0,0,0
"1896",7,11,5,3,12
"1897",8,10,11,4,9
"1898",8,10,11,2,11
"1899",0,0,0,0,0
"1900",0,0,0,0,0
"1901",8,9,9,2,7
"1902",12,10,5,2,9
"1903",12,11,6,3,6
"1904",0,0,0,0,0
"1905",8,10,10,2,10
"1906",8,14,6,3,11
"1907",6,6,6,1,10
"1908",6,8,8,5,11
"1909",10,14,6,6,16
"1910",9,12,5,2,8
"1911",0,0,0,0,0
"1912",7,11,9,2,12
"1913",8,12,10,2,11
"1914",8,9,4,2,7
"1915",9,13,6,2,9
"1916",5,8,9,2,7
"1917",6,9,9,3,12
"1918",8,6,7,1,10
"1919",11,7,7,3,9
"1920",13,6,12,3,5
"1921",8,11,9,3,9
"1922",8,9,10,2,12
"1923",0,0,0,0,0
"1924",0,0,0,0,0
"1925",0,0,0,0,0
"1926",12,9,9,2,10
"1927",9,14,5,3,9
"1928",8,11,7,2,10
"1929",6,7,7,2,10
"1930",0,0,0,0,0
"1931",9,14,7,6,10
"1932",9,9,7,3,8
"1933",10,5,4,2,10
"1934",0,0,0,0,0
"1935",6,13,9,1,13
"1936",10,13,9,2,10
"1937",9,11,6,3,12
"1938",8,11,10,3,10
"1939",5,11,11,1,14
"1940",0,0,0,0,0
"1941",11,9,6,2,12
"1942",8,8,6,2,8
"1943",7,11,9,3,10
"1944",10,9,4,3,11
"1945",7,8,5,5,10
"1946",7,16,8,3,11
"1947",9,11,6,3,10
"1948",7,11,7,1,11
"1949",12,11,6,3,10
"1950",11,9,7,4,6
"1951",12,7,10,2,11
"1952",0,1,0,0,0
"1953",10,12,5,2,9
"1954",9,14,9,3,12
"1955",10,7,7,2,11
"1956",5,7,11,3,11
"1957",7,12,9,3,8
"1958",9,15,4,2,11
"1959",9,8,8,2,10
"1960",0,0,0,0,0
"1961",0,0,0,0,0
"1962",6,11,6,4,11
"1963",7,7,3,3,12
"1964",11,13,4,3,10
"1965",0,0,0,0,0
"1966",9,8,5,3,8
"1967",8,7,9,2,7
"1968",0,0,0,0,0
"1969",0,0,0,0,0
"1970",0,0,0,0,0
"1971",10,7,5,3,8
"1972",0,0,0,0,0
"1973",5,14,6,3,10
"1974",0,0,0,0,0
"1975",10,15,11,3,6
"1976",0,0,0,0,0
"1977",7,11,10,3,6
"1978",6,15,7,3,9
"1979",6,12,10,4,10
"1980",7,8,7,3,9
"1981",0,0,0,0,0
"1982",8,12,8,4,8
"1983",5,15,6,1,7
"1984",7,9,9,4,8
"1985",0,0,0,0,0
"1986",8,15,7,4,9
"1987",10,11,8,4,10
"1988",5,9,6,2,8
"1989",11,11,9,1,14
"1990",6,10,7,1,8
"1991",8,9,5,2,9
"1992",9,11,5,3,10
"1993",5,6,7,3,9
"1994",9,14,3,2,7
"1995",9,6,7,2,10
"1996",11,11,5,4,9
"1997",6,10,6,6,9
"1998",7,7,9,2,11
"1999",6,6,8,1,9
"2000",5,7,7,6,9
"2001",6,12,10,4,13
"2002",7,11,7,5,9
"2003",6,8,4,3,6
"2004",8,12,8,2,7
"2005",8,8,5,3,7
"2006",13,12,8,2,9
"2007",10,10,4,2,10
"2008",11,8,8,1,8
"2009",0,0,0,0,0
"2010",8,8,10,3,11
"2011",13,13,8,2,7
"2012",7,11,5,4,6
"2013",7,10,5,3,9
"2014",8,8,5,2,14
"2015",0,0,0,0,0
"2016",7,11,6,2,9
"2017",8,10,9,3,13
"2018",0,0,0,0,0
"2019",12,15,4,2,10
"2020",8,10,3,3,9
"2021",7,8,6,3,8
"2022",7,7,7,2,9
"2023",11,11,6,4,12
"2024",11,13,7,3,9
"2025",10,8,8,3,12
"2026",9,7,8,3,9
"2027",10,11,8,3,7
"2028",8,6,7,2,12
"2029",11,8,10,4,12
"2030",8,9,8,3,7
"2031",6,9,8,2,7
"2032",4,9,7,3,10
"2033",7,7,5,3,12
"2034",10,15,6,2,10
"2035",8,9,10,3,14
"2036",7,8,7,2,11
"2037",9,8,6,3,7
"2038",0,0,0,0,0
"2039",0,0,0,0,0
"2040",7,8,6,3,10
"2041",0,0,0,0,0
"2042",13,9,8,3,9
"2043",10,8,8,3,7
"2044",7,9,7,4,10
"2045",9,9,9,1,13
"2046",7,11,7,4,8
"2047",11,9,10,4,10
"2048",8,8,7,3,13
"2049",8,10,4,2,11
"2050",9,11,8,3,8
"2051",9,11,7,2,5
"2052",12,7,6,4,8
"2053",0,0,0,0,0
"2054",10,6,4,1,12
"2055",0,0,0,0,0
"2056",6,10,10,3,9
"2057",0,0,0,0,0
"2058",8,9,8,5,10
"2059",9,8,6,3,7
"2060",6,12,8,5,11
"2061",9,8,9,3,7
"2062",10,14,6,4,6
"2063",0,0,0,0,0
"2064",10,15,7,3,13
"2065",10,11,7,2,10
"2066",8,14,8,2,11
"2067",8,7,8,2,10
"2068",0,0,0,0,0
"2069",0,0,0,0,0
"2070",10,9,10,1,11
"2071",9,12,6,2,10
"2072",8,12,6,3,10
"2073",0,0,0,0,0
"2074",17,9,7,2,9
"2075",7,8,6,4,10
"2076",6,7,4,1,11
"2077",9,12,6,3,10
"2078",12,8,7,2,13
"2079",13,7,11,2,7
"2080",6,5,8,1,12
"2081",0,0,0,0,0
"2082",7,9,8,2,9
"2083",9,15,6,3,8
"2084",0,0,0,0,0
"2085",0,0,0,0,0
"2086",11,7,9,2,9
"2087",0,0,0,0,0
"2088",10,15,7,3,10
"2089",9,8,9,2,13
"2090",0,0,0,0,0
"2091",0,0,0,0,0
"2092",10,10,6,3,10
"2093",10,9,7,3,11
"2094",0,0,0,0,0
"2095",11,10,11,4,9
"2096",7,14,9,4,9
"2097",4,9,7,3,10
"2098",8,7,9,2,9
"2099",8,8,5,3,10
"2100",13,9,6,3,7
"2101",0,0,0,0,0
"2102",7,9,5,2,7
"2103",9,16,7,3,6
"2104",7,7,7,5,15
"2105",8,10,7,2,8
"2106",10,10,6,4,9
"2107",10,9,8,3,12
"2108",8,9,9,4,9
"2109",8,8,9,2,7
"2110",8,8,7,2,12
"2111",0,0,0,0,0
"2112",11,11,8,3,7
"2113",8,10,9,3,8
"2114",10,12,6,2,7
"2115",6,10,7,4,8
"2116",9,13,7,3,10
"2117",7,9,9,4,13
"2118",11,9,9,2,11
"2119",9,10,6,1,10
"2120",7,8,7,3,6
"2121",9,11,5,2,7
"2122",8,13,6,3,7
"2123",5,17,9,3,11
"2124",12,11,8,2,7
"2125",10,11,8,4,10
"2126",6,10,5,3,7
"2127",12,9,5,4,8
"2128",9,9,7,1,7
"2129",9,9,3,3,9
"2130",8,8,8,4,13
"2131",4,12,4,3,11
"2132",8,8,6,3,10
"2133",7,14,8,3,8
"2134",7,12,7,3,9
"2135",9,17,5,1,5
"2136",7,9,5,5,9
"2137",8,14,10,4,6
"2138",7,6,13,2,10
"2139",0,0,0,0,0
"2140",0,0,0,0,0
"2141",10,8,6,3,11
"2142",8,10,8,3,9
"2143",13,9,6,2,10
"2144",0,0,0,0,0
"2145",9,8,8,1,11
"2146",0,0,0,0,0
"2147",11,13,4,4,14
"2148",6,10,8,4,8
"2149",10,12,8,2,7
"2150",6,9,6,2,6
"2151",7,7,4,2,10
"2152",14,7,6,2,10
"2153",11,11,5,2,12
"2154",6,10,7,1,9
"2155",4,8,6,2,11
"2156",6,10,7,2,8
"2157",14,15,4,2,7
"2158",9,11,4,1,10
"2159",11,11,5,3,9
"2160",6,8,6,1,8
"2161",8,11,6,2,8
"2162",6,11,6,5,8
"2163",9,10,8,2,10
"2164",7,8,6,2,9
"2165",8,10,9,1,6
"2166",9,7,4,4,13
"2167",9,13,6,2,10
"2168",11,8,8,4,12
"2169",0,0,0,0,0
"2170",5,8,10,3,13
"2171",8,9,7,3,9
"2172",9,9,9,2,11
"2173",9,7,10,1,10
"2174",0,0,0,0,0
"2175",0,0,0,0,0
"2176",7,12,9,1,13
"2177",9,11,3,4,9
"2178",0,0,0,0,0
"2179",9,9,6,4,10
"2180",0,0,0,0,0
"2181",14,12,9,3,9
"2182",14,9,10,2,13
"2183",8,13,6,2,13
"2184",9,10,6,3,10
"2185",7,6,7,3,10
"2186",10,10,8,1,14
"2187",11,14,8,3,13
"2188",10,14,7,3,10
"2189",9,14,9,2,9
"2190",9,9,9,2,11
"2191",8,10,6,2,12
"2192",6,9,7,3,10
"2193",6,5,7,3,8
"2194",0,0,0,0,0
"2195",0,0,0,0,0
"2196",11,8,10,1,10
"2197",0,0,0,0,0
"2198",8,11,8,2,8
"2199",7,8,7,3,9
"2200",9,8,6,1,8
"2201",12,7,6,3,7
"2202",6,14,7,3,12
"2203",12,19,4,3,12
"2204",1,0,0,0,0
"2205",0,0,0,0,0
"2206",6,8,9,4,9
"2207",8,13,6,1,9
"2208",9,8,7,1,9
"2209",7,7,6,2,9
"2210",5,8,11,3,9
"2211",0,0,0,0,0
"2212",7,9,5,3,9
"2213",4,9,10,2,10
"2214",7,7,5,4,8
"2215",0,0,0,0,0
"2216",10,14,6,2,8
"2217",13,10,12,3,15
"2218",5,10,4,6,10
"2219",0,0,0,0,0
"2220",0,0,0,0,0
"2221",6,7,7,2,11
"2222",8,13,5,2,9
"2223",12,6,8,2,7
"2224",13,9,5,4,7
"2225",9,10,7,2,14
"2226",9,11,12,1,8
"2227",10,11,6,2,12
"2228",0,0,0,0,0
"2229",6,10,4,4,10
"2230",8,8,5,3,10
"2231",12,11,7,3,16
"2232",6,13,6,4,6
"2233",6,11,8,3,6
"2234",0,0,0,0,0
"2235",9,9,8,3,11
"2236",10,10,11,3,10
"2237",14,11,5,1,13
"2238",9,11,8,2,11
"2239",6,7,9,3,13
"2240",11,11,4,3,10
"2241",10,13,7,4,11
"2242",12,11,5,2,6
"2243",10,12,8,3,10
"2244",12,10,5,2,8
"2245",0,0,0,0,0
"2246",9,4,6,2,11
"2247",4,9,7,3,7
"2248",12,15,8,3,7
"2249",8,12,8,3,12
"2250",13,6,11,5,14
"2251",0,0,0,0,0
"2252",8,6,8,3,9
"2253",9,9,7,2,7
"2254",0,0,0,0,0
"2255",10,11,4,4,11
"2256",0,0,0,0,0
"2257",0,0,0,0,0
"2258",12,12,8,2,8
"2259",10,11,10,2,9
"2260",5,11,12,2,9
"2261",11,10,7,4,9
"2262",11,6,5,2,7
"2263",0,0,0,0,0
"2264",9,10,6,3,9
"2265",9,15,7,3,10
"2266",9,10,7,3,12
"2267",0,0,0,0,0
"2268",8,12,6,2,9
"2269",12,10,7,3,12
"2270",7,7,10,4,8
"2271",11,9,9,2,7
"2272",9,13,6,4,7
"2273",9,9,9,4,9
"2274",4,12,9,3,11
"2275",10,9,7,3,8
"2276",9,10,6,1,14
"2277",3,6,6,3,9
"2278",11,6,9,3,7
"2279",10,13,6,2,8
"2280",0,0,0,0,0
"2281",11,9,12,4,5
"2282",0,0,0,0,0
"2283",10,13,9,2,10
"2284",8,11,9,3,9
"2285",10,7,6,4,10
"2286",0,0,0,0,0
"2287",8,10,7,2,13
"2288",8,10,8,4,8
"2289",8,10,7,4,7
"2290",11,9,8,3,9
"2291",10,10,5,2,6
"2292",9,12,9,1,12
"2293",8,9,3,3,8
"2294",9,10,8,1,11
"2295",0,0,0,0,0
"2296",10,6,7,3,9
"2297",7,7,7,3,6
"2298",6,8,9,2,13
"2299",0,0,0,0,0
"2300",9,9,6,3,9
"2301",7,11,5,3,7
"2302",8,11,7,2,11
"2303",8,15,5,2,9
"2304",6,8,6,2,12
"2305",10,11,6,2,14
"2306",10,11,7,2,8
"2307",5,11,7,1,7
"2308",7,9,6,2,8
"2309",11,11,9,3,9
"2310",0,0,0,0,0
"2311",7,10,9,2,9
"2312",9,8,10,3,8
"2313",0,0,0,0,0
"2314",7,7,9,4,9
"2315",9,11,8,3,9
"2316",7,10,6,2,8
"2317",0,0,0,0,0
"2318",7,11,5,1,7
"2319",15,12,7,5,9
"2320",0,0,0,0,0
"2321",12,11,9,3,15
"2322",0,0,0,0,0
"2323",9,9,8,3,9
"2324",6,11,10,1,10
"2325",8,10,8,2,8
"2326",10,9,7,1,9
"2327",9,12,5,3,11
"2328",9,10,6,3,13
"2329",7,13,8,3,12
"2330",9,8,10,4,13
"2331",10,5,8,3,10
"2332",10,14,9,7,9
"2333",10,10,8,4,10
"2334",6,6,9,3,11
"2335",0,0,0,0,0
"2336",8,9,7,4,11
"2337",5,15,8,3,8
"2338",8,11,6,1,6
"2339",7,9,7,2,10
"2340",9,14,4,2,11
"2341",8,11,7,2,11
"2342",10,14,5,3,10
"2343",0,0,0,0,0
"2344",13,9,8,2,10
"2345",12,7,6,4,7
"2346",11,7,7,3,9
"2347",11,8,9,2,15
"2348",8,8,11,4,13
"2349",0,0,0,0,0
"2350",8,10,8,1,9
"2351",0,0,0,0,0
"2352",7,13,12,2,9
"2353",11,9,7,4,10
"2354",0,0,0,0,0
"2355",0,0,0,0,0
"2356",9,7,8,2,10
"2357",6,12,7,2,9
"2358",7,9,7,5,8
"2359",7,10,8,2,7
"2360",0,0,0,0,0
"2361",0,0,0,0,0
"2362",9,9,7,6,8
"2363",8,13,8,2,11
"2364",5,9,7,2,11
"2365",11,11,6,3,12
"2366",8,9,11,4,10
"2367",4,10,8,3,6
"2368",8,11,7,2,8
"2369",10,9,4,3,6
"2370",5,13,5,4,11
"2371",4,12,3,2,7
"2372",0,0,0,0,0
"2373",8,12,9,3,7
"2374",5,16,7,2,11
"2375",4,13,11,4,8
"2376",10,10,15,3,10
"2377",10,12,4,2,8
"2378",7,6,10,2,13
"2379",11,9,9,2,8
"2380",0,0,0,0,0
"2381",11,13,5,5,11
"2382",8,10,7,2,6
"2383",5,11,9,3,8
"2384",7,7,6,4,9
"2385",8,5,7,3,10
"2386",11,6,10,2,6
"2387",12,11,3,1,12
"2388",8,11,7,3,12
"2389",10,8,7,1,10
"2390",8,6,6,2,6
"2391",9,13,10,3,7
"2392",10,11,4,3,10
"2393",9,8,5,2,12
"2394",9,10,8,2,7
"2395",9,11,9,3,8
"2396",0,0,0,0,0
"2397",0,0,0,0,0
"2398",7,11,10,1,7
"2399",9,6,8,5,8
"2400",11,9,7,3,8
"2401",9,8,7,1,12
"2402",8,9,6,3,9
"2403",9,10,7,3,8
"2404",9,8,8,5,9
"2405",5,10,9,3,8
"2406",12,13,8,4,9
"2407",9,9,8,1,12
"2408",8,8,6,1,11
"2409",11,8,9,3,9
"2410",11,9,6,2,8
"2411",0,0,0,0,0
"2412",9,7,5,3,8
"2413",12,10,9,2,7
"2414",8,12,9,2,7
"2415",9,9,6,4,9
"2416",0,0,0,0,0
"2417",9,7,5,3,7
"2418",15,11,8,3,10
"2419",8,8,9,1,9
"2420",7,8,6,1,8
"2421",0,0,0,0,0
"2422",6,10,7,3,5
"2423",8,12,10,3,9
"2424",0,0,0,0,0
"2425",7,11,8,3,12
"2426",13,11,7,5,10
"2427",0,0,0,0,0
"2428",12,6,7,3,9
"2429",10,13,8,2,11
"2430",12,12,7,4,11
"2431",11,8,6,1,9
"2432",0,0,0,0,0
"2433",0,0,0,0,0
"2434",0,0,0,0,0
"2435",6,11,5,2,8
"2436",13,11,5,2,9
"2437",0,0,0,0,0
"2438",13,12,9,4,5
"2439",10,19,6,4,9
"2440",10,10,9,1,13
"2441",7,10,8,4,10
"2442",9,12,5,3,8
"2443",0,0,0,0,0
"2444",7,7,6,3,10
"2445",5,9,8,3,11
"2446",6,5,6,2,10
"2447",9,12,11,3,8
"2448",10,8,3,3,10
"2449",0,0,0,0,0
"2450",12,13,8,3,8
"2451",9,11,8,1,10
"2452",0,0,0,0,0
"2453",6,8,7,5,7
"2454",7,9,9,2,9
"2455",0,1,0,0,0
"2456",0,0,0,0,0
"2457",7,12,8,2,9
"2458",8,11,9,1,11
"2459",7,9,11,1,10
"2460",9,9,8,5,12
"2461",9,8,10,2,9
"2462",11,10,9,2,7
"2463",0,0,0,0,0
"2464",12,15,7,4,8
"2465",12,13,11,3,7
"2466",8,10,7,2,11
"2467",9,12,5,5,7
"2468",10,6,5,2,9
"2469",0,0,0,0,0
"2470",12,13,6,2,10
"2471",9,10,7,3,10
"2472",12,9,4,5,8
"2473",7,11,8,1,8
"2474",8,7,10,2,12
"2475",9,8,11,4,9
"2476",8,12,6,2,12
"2477",10,11,10,1,13
"2478",9,8,7,2,7
"2479",0,0,0,0,0
"2480",15,9,11,3,6
"2481",8,10,8,4,7
"2482",10,10,9,6,9
"2483",7,10,8,2,9
"2484",10,9,6,4,9
"2485",9,10,7,4,12
"2486",0,0,0,0,0
"2487",8,8,6,2,6
"2488",11,7,8,4,11
"2489",9,8,8,3,5
"2490",12,9,8,2,7
"2491",8,12,5,2,10
"2492",9,10,4,3,8
"2493",0,0,0,0,0
"2494",7,10,6,2,8
"2495",7,11,10,3,8
"2496",9,11,11,5,9
"2497",0,0,0,0,0
"2498",8,10,6,3,8
"2499",11,8,7,5,8
"2500",7,15,8,2,9
