"","age1.S","age2_no_comorbid.S","age2_comorbid.S","age3_no_comorbid.S","age3_comorbid.S"
"1",4,48,5,7,16
"2",8,37,8,5,8
"3",6,55,8,6,16
"4",1,57,1,7,12
"5",8,56,7,4,19
"6",813,941,125,44,75
"7",9,55,12,5,13
"8",8,60,6,3,13
"9",2,66,4,9,8
"10",14,53,14,7,12
"11",11,68,5,6,12
"12",814,941,125,44,75
"13",5,47,6,9,9
"14",8,51,4,4,11
"15",814,941,125,44,75
"16",8,57,6,4,7
"17",8,62,7,7,15
"18",7,74,6,8,12
"19",6,54,14,7,17
"20",813,941,125,44,75
"21",814,941,125,44,75
"22",7,75,7,7,14
"23",7,52,8,7,10
"24",7,65,10,11,11
"25",10,63,9,8,16
"26",7,64,5,8,8
"27",12,62,11,3,15
"28",814,941,125,44,75
"29",5,61,11,10,9
"30",10,58,9,7,8
"31",2,61,10,4,13
"32",814,940,125,44,75
"33",5,54,9,5,5
"34",814,941,125,44,75
"35",3,57,7,4,12
"36",813,941,125,44,75
"37",8,53,6,9,8
"38",11,59,7,3,9
"39",9,49,9,7,9
"40",6,65,12,7,12
"41",5,51,7,7,14
"42",8,59,8,5,10
"43",6,48,7,3,10
"44",10,54,11,6,10
"45",6,55,8,4,9
"46",2,50,8,4,11
"47",9,54,9,13,17
"48",3,49,6,7,18
"49",3,59,8,8,14
"50",8,63,9,6,8
"51",9,52,6,5,8
"52",13,79,5,7,18
"53",9,49,6,4,12
"54",8,54,6,8,12
"55",4,49,7,9,6
"56",7,65,9,9,12
"57",6,52,5,6,7
"58",814,941,125,44,75
"59",814,941,125,44,75
"60",9,38,6,6,7
"61",814,941,125,44,75
"62",6,54,12,6,13
"63",8,58,7,8,11
"64",11,49,9,9,11
"65",7,61,10,6,7
"66",3,57,8,5,11
"67",6,31,9,8,13
"68",814,941,125,44,75
"69",14,62,8,6,21
"70",5,57,9,9,12
"71",9,61,8,5,18
"72",814,941,125,44,75
"73",813,941,125,44,75
"74",7,44,4,8,11
"75",4,62,3,6,11
"76",814,941,125,44,75
"77",13,55,6,2,12
"78",9,45,15,6,11
"79",814,941,125,44,75
"80",9,65,8,5,12
"81",814,941,125,44,75
"82",9,41,6,11,9
"83",9,39,6,7,12
"84",8,68,8,5,16
"85",5,53,6,9,15
"86",9,50,6,5,6
"87",814,941,125,44,75
"88",4,49,12,8,10
"89",7,47,6,8,12
"90",11,57,3,9,16
"91",1,53,7,5,8
"92",4,50,5,7,10
"93",814,941,125,44,75
"94",8,52,5,9,12
"95",11,54,4,2,13
"96",16,52,4,3,12
"97",13,56,14,3,14
"98",814,941,125,44,75
"99",8,52,6,6,13
"100",12,58,10,9,16
"101",814,939,125,44,75
"102",8,49,9,6,10
"103",814,941,125,44,75
"104",814,941,125,44,75
"105",814,940,125,44,75
"106",2,46,6,9,11
"107",6,70,2,1,13
"108",8,64,13,4,15
"109",7,54,4,7,11
"110",7,65,4,9,12
"111",7,47,5,1,13
"112",6,65,11,3,11
"113",12,58,13,6,15
"114",5,68,10,7,9
"115",3,40,6,6,11
"116",814,941,125,44,75
"117",9,49,8,8,8
"118",814,941,125,44,75
"119",4,48,7,3,8
"120",4,71,8,8,15
"121",7,60,6,5,14
"122",5,42,4,9,9
"123",2,62,5,3,7
"124",12,40,5,9,14
"125",4,48,6,3,13
"126",8,44,9,8,12
"127",7,60,8,8,13
"128",11,53,11,4,14
"129",9,59,7,6,6
"130",12,45,5,6,5
"131",8,59,5,1,11
"132",6,58,9,6,8
"133",1,63,4,4,9
"134",814,941,125,44,75
"135",10,39,6,9,15
"136",6,55,9,3,13
"137",9,68,7,6,8
"138",4,45,7,7,10
"139",11,47,5,4,10
"140",1,50,10,5,10
"141",6,54,3,4,14
"142",8,57,12,5,5
"143",814,941,125,44,75
"144",4,49,6,9,11
"145",9,70,11,8,11
"146",6,56,10,8,12
"147",4,40,1,7,11
"148",4,54,7,7,16
"149",7,56,6,6,7
"150",814,941,125,44,75
"151",9,63,8,9,11
"152",4,48,11,4,10
"153",7,52,4,7,12
"154",5,56,9,7,19
"155",6,38,6,4,14
"156",814,941,125,44,75
"157",10,50,2,9,11
"158",814,941,125,44,75
"159",5,57,7,6,7
"160",7,60,11,6,12
"161",9,65,12,5,12
"162",4,59,8,5,13
"163",1,47,7,7,12
"164",11,77,11,9,11
"165",7,54,6,5,14
"166",4,79,6,8,15
"167",8,69,9,10,16
"168",814,941,125,44,75
"169",8,60,8,1,15
"170",15,64,14,7,7
"171",7,76,6,9,11
"172",6,51,6,6,17
"173",8,56,12,4,12
"174",12,51,7,9,14
"175",814,941,125,44,75
"176",814,941,125,44,75
"177",5,40,6,7,5
"178",11,60,10,4,14
"179",10,79,5,7,11
"180",4,46,9,6,12
"181",814,941,125,44,75
"182",10,58,6,9,12
"183",14,69,10,10,13
"184",5,59,9,7,15
"185",814,941,125,44,75
"186",9,55,9,6,6
"187",814,941,125,44,75
"188",12,65,8,10,11
"189",10,65,9,9,10
"190",5,49,7,2,8
"191",5,52,4,4,13
"192",8,87,8,13,12
"193",5,54,6,5,11
"194",6,66,5,1,6
"195",814,941,125,44,75
"196",8,82,7,10,13
"197",4,71,10,4,11
"198",814,941,125,44,75
"199",6,57,11,6,13
"200",7,54,4,7,11
"201",10,61,8,8,12
"202",5,52,9,5,11
"203",10,73,10,10,9
"204",814,941,125,44,75
"205",9,63,9,13,16
"206",2,52,10,3,8
"207",5,58,10,10,13
"208",7,45,13,3,11
"209",4,62,7,8,9
"210",814,941,125,44,75
"211",4,52,5,4,9
"212",814,941,125,44,75
"213",813,941,125,44,75
"214",6,65,8,4,7
"215",14,66,9,7,12
"216",8,56,6,9,5
"217",4,47,4,5,6
"218",6,50,10,2,17
"219",814,941,125,44,75
"220",12,42,7,5,10
"221",11,76,9,9,18
"222",814,941,125,44,75
"223",7,57,11,7,11
"224",4,54,7,2,10
"225",12,70,6,5,8
"226",3,44,7,10,7
"227",8,50,8,9,13
"228",10,57,9,10,7
"229",814,941,125,44,75
"230",814,941,125,44,75
"231",7,67,4,3,13
"232",8,59,7,8,12
"233",13,81,9,5,12
"234",9,45,16,7,13
"235",6,56,4,5,18
"236",2,50,8,5,8
"237",7,46,6,4,14
"238",814,941,125,44,75
"239",5,54,4,7,13
"240",6,57,8,4,12
"241",7,64,4,6,8
"242",5,45,4,8,10
"243",10,50,5,7,10
"244",7,49,10,4,12
"245",7,46,9,5,7
"246",5,65,9,8,15
"247",14,80,6,8,12
"248",8,64,10,8,12
"249",8,51,4,8,14
"250",12,62,6,9,10
"251",5,57,9,8,9
"252",3,53,6,10,10
"253",813,940,125,44,75
"254",813,941,125,44,75
"255",12,59,5,8,11
"256",7,50,5,5,13
"257",10,60,15,4,11
"258",6,57,10,8,10
"259",10,58,8,5,12
"260",7,62,4,9,16
"261",8,41,7,2,9
"262",6,53,7,6,8
"263",13,64,8,8,12
"264",15,35,4,10,14
"265",4,48,11,7,13
"266",8,62,9,7,11
"267",6,64,10,13,9
"268",4,66,4,4,14
"269",8,57,2,7,11
"270",5,57,5,9,13
"271",9,71,9,9,14
"272",814,941,125,44,75
"273",11,74,8,10,9
"274",4,66,8,1,15
"275",13,51,12,6,8
"276",8,65,5,5,16
"277",8,57,11,7,10
"278",814,941,125,44,75
"279",6,52,7,8,14
"280",6,49,12,0,12
"281",7,43,8,4,10
"282",4,46,5,5,9
"283",10,51,8,8,6
"284",813,941,125,44,75
"285",3,63,5,6,12
"286",7,40,7,4,16
"287",5,60,9,4,14
"288",7,54,7,11,12
"289",15,59,6,8,8
"290",4,56,3,8,16
"291",13,58,10,6,16
"292",7,61,9,9,17
"293",10,46,8,8,14
"294",7,44,6,3,11
"295",4,55,2,5,10
"296",8,49,4,6,9
"297",3,42,9,6,8
"298",4,61,3,6,9
"299",814,940,125,44,75
"300",4,55,7,5,14
"301",11,68,8,7,12
"302",814,941,125,44,75
"303",9,48,9,6,13
"304",10,75,9,6,14
"305",11,75,12,6,8
"306",7,58,10,4,9
"307",10,52,5,5,9
"308",11,64,13,8,11
"309",5,55,10,10,12
"310",9,54,10,8,12
"311",9,73,9,8,16
"312",6,54,11,7,13
"313",11,65,9,4,9
"314",8,53,7,9,12
"315",8,43,7,5,16
"316",814,941,125,44,75
"317",5,62,5,6,13
"318",6,50,8,3,6
"319",813,941,125,44,75
"320",5,70,7,8,16
"321",814,941,125,44,75
"322",8,64,6,7,11
"323",3,53,9,5,12
"324",5,61,7,6,10
"325",6,71,6,2,21
"326",9,51,4,13,12
"327",11,71,12,12,13
"328",9,51,9,10,14
"329",5,66,10,7,8
"330",814,941,125,44,75
"331",9,40,10,3,10
"332",4,69,5,5,14
"333",11,71,14,5,9
"334",9,66,7,6,13
"335",814,941,125,44,75
"336",6,51,10,11,13
"337",814,941,125,44,75
"338",814,940,125,44,75
"339",4,51,10,11,9
"340",8,57,4,4,14
"341",814,941,125,44,75
"342",4,61,7,7,10
"343",814,941,125,44,75
"344",6,48,7,8,15
"345",814,941,125,44,75
"346",6,41,11,9,11
"347",7,43,8,7,17
"348",9,74,9,4,16
"349",814,941,125,44,75
"350",6,47,2,9,3
"351",6,42,11,5,10
"352",10,56,8,5,15
"353",9,71,7,8,7
"354",10,47,7,7,7
"355",8,65,12,10,12
"356",2,44,7,11,7
"357",10,57,5,12,12
"358",4,64,9,5,10
"359",7,51,6,4,7
"360",5,58,6,5,12
"361",3,56,3,4,14
"362",4,51,10,7,11
"363",9,56,13,9,14
"364",14,54,7,11,14
"365",4,49,4,4,12
"366",814,941,125,44,75
"367",814,940,125,44,75
"368",5,65,12,5,11
"369",812,939,125,44,75
"370",9,68,6,7,17
"371",7,75,10,11,13
"372",5,68,13,5,10
"373",814,941,125,44,75
"374",814,941,125,44,75
"375",8,45,8,5,6
"376",11,70,15,7,13
"377",5,72,6,9,15
"378",8,50,6,10,13
"379",814,941,125,44,75
"380",5,74,10,10,11
"381",7,38,7,7,14
"382",9,63,9,10,18
"383",9,63,7,9,5
"384",9,46,6,4,12
"385",11,53,8,4,12
"386",814,941,125,44,75
"387",8,63,8,7,14
"388",5,56,3,6,13
"389",8,47,6,7,12
"390",7,58,5,14,11
"391",6,57,9,7,13
"392",9,70,9,11,15
"393",10,62,7,4,10
"394",814,941,125,44,75
"395",10,59,12,4,7
"396",7,42,7,7,7
"397",2,55,4,4,17
"398",11,67,9,14,14
"399",5,63,7,10,8
"400",7,66,3,10,12
"401",9,58,10,8,17
"402",813,940,125,44,75
"403",11,74,10,5,15
"404",6,70,6,4,13
"405",7,43,7,5,13
"406",11,70,7,9,14
"407",8,71,10,12,11
"408",814,941,125,44,75
"409",6,46,1,4,6
"410",814,941,125,44,75
"411",6,49,8,5,7
"412",13,57,9,8,4
"413",5,43,6,8,16
"414",6,55,6,5,11
"415",3,42,11,8,11
"416",15,89,8,7,8
"417",6,49,12,10,12
"418",8,63,7,9,9
"419",3,49,5,8,21
"420",10,72,9,7,12
"421",814,940,125,44,75
"422",6,55,8,6,14
"423",7,48,7,5,13
"424",6,41,4,6,10
"425",6,52,10,6,12
"426",813,940,125,44,75
"427",814,941,125,44,75
"428",814,941,125,44,75
"429",8,50,5,6,12
"430",6,38,9,7,16
"431",12,54,10,9,11
"432",10,57,8,8,11
"433",5,41,9,11,15
"434",11,60,8,6,6
"435",6,44,6,1,10
"436",814,941,125,44,75
"437",9,61,9,8,13
"438",3,57,10,8,4
"439",18,81,10,5,10
"440",4,53,6,7,8
"441",7,51,11,8,12
"442",10,62,7,6,7
"443",8,41,6,5,14
"444",12,53,7,9,11
"445",7,46,12,6,9
"446",10,52,9,7,6
"447",814,941,125,44,75
"448",814,941,125,44,75
"449",13,58,5,8,12
"450",11,66,9,7,18
"451",13,70,10,11,10
"452",7,61,9,13,12
"453",7,67,8,3,14
"454",814,941,125,44,75
"455",814,941,125,44,75
"456",4,42,5,7,13
"457",14,70,12,7,21
"458",9,59,2,2,10
"459",814,941,125,44,75
"460",9,63,8,8,10
"461",10,50,11,5,14
"462",814,941,125,44,75
"463",4,36,4,6,13
"464",814,941,125,44,75
"465",814,941,125,44,75
"466",14,61,12,7,15
"467",6,65,5,4,14
"468",814,941,125,44,75
"469",10,58,4,8,15
"470",9,66,16,8,13
"471",7,41,8,7,10
"472",5,45,4,4,12
"473",814,941,125,44,75
"474",5,45,6,11,6
"475",8,40,8,6,14
"476",2,49,4,8,13
"477",6,60,12,11,14
"478",814,941,125,44,75
"479",8,51,8,5,10
"480",4,60,9,11,16
"481",6,48,3,12,10
"482",7,55,6,6,9
"483",13,58,6,11,14
"484",5,56,8,8,4
"485",15,63,6,3,11
"486",814,941,125,44,75
"487",12,59,3,12,7
"488",11,75,9,8,7
"489",8,50,4,6,5
"490",8,48,4,8,12
"491",6,63,5,5,11
"492",6,50,9,7,12
"493",814,941,125,44,75
"494",7,63,9,6,13
"495",6,48,10,9,5
"496",814,941,125,44,75
"497",6,54,7,6,13
"498",814,941,125,44,75
"499",10,68,10,4,17
"500",5,52,7,6,18
"501",813,938,125,44,75
"502",11,60,6,6,13
"503",8,50,9,9,13
"504",15,61,8,10,9
"505",7,68,7,12,15
"506",5,57,6,8,11
"507",7,50,6,6,13
"508",7,67,17,7,9
"509",5,50,14,6,16
"510",9,55,6,5,7
"511",6,71,9,6,9
"512",8,59,11,5,15
"513",814,941,125,44,75
"514",814,941,125,44,75
"515",8,62,5,6,7
"516",11,69,7,1,11
"517",6,59,7,2,11
"518",5,56,6,6,12
"519",814,941,125,44,75
"520",814,941,125,44,75
"521",12,57,9,9,14
"522",7,54,10,10,20
"523",814,941,125,44,75
"524",10,58,5,8,15
"525",8,62,8,7,11
"526",7,49,5,5,8
"527",11,68,1,5,7
"528",2,51,5,6,8
"529",814,940,125,44,75
"530",7,69,13,6,12
"531",814,941,125,44,75
"532",7,52,13,7,10
"533",8,72,9,10,12
"534",13,73,6,8,11
"535",11,48,4,8,3
"536",5,56,6,13,8
"537",814,941,125,44,75
"538",814,941,125,44,75
"539",7,43,8,7,8
"540",5,58,11,3,8
"541",3,62,3,6,13
"542",8,65,5,12,17
"543",9,72,14,14,14
"544",2,53,4,3,11
"545",8,71,11,3,8
"546",814,941,125,44,75
"547",10,67,6,6,14
"548",4,42,4,4,11
"549",2,59,6,9,12
"550",2,57,8,5,7
"551",7,59,7,8,11
"552",814,941,125,44,75
"553",7,67,6,6,13
"554",7,42,6,8,6
"555",814,941,125,44,75
"556",5,68,2,8,17
"557",4,41,6,4,12
"558",7,63,4,4,13
"559",6,45,6,7,11
"560",813,941,125,44,75
"561",814,941,125,44,75
"562",8,52,7,10,14
"563",8,32,7,6,11
"564",5,44,8,6,7
"565",2,52,11,9,15
"566",8,61,5,2,12
"567",7,60,4,9,11
"568",814,941,125,44,75
"569",7,66,9,9,5
"570",8,67,9,7,12
"571",8,36,7,5,8
"572",3,63,10,8,9
"573",8,62,11,7,16
"574",8,50,8,5,12
"575",12,53,5,8,10
"576",7,46,7,7,17
"577",4,53,5,4,13
"578",7,60,13,5,7
"579",7,51,9,8,14
"580",814,941,125,44,75
"581",2,39,9,5,9
"582",12,57,12,8,11
"583",814,941,125,44,75
"584",9,65,9,8,12
"585",9,54,10,7,10
"586",3,49,9,4,15
"587",814,941,125,44,75
"588",9,55,6,10,11
"589",6,44,9,5,6
"590",5,54,5,6,8
"591",6,47,4,5,8
"592",17,75,10,10,10
"593",14,54,15,8,16
"594",9,55,11,11,14
"595",9,40,7,10,12
"596",10,54,13,8,15
"597",3,42,6,6,11
"598",12,72,5,5,13
"599",5,46,9,2,11
"600",9,62,6,6,7
"601",814,941,125,44,75
"602",813,941,125,44,75
"603",10,52,9,11,10
"604",7,59,5,10,11
"605",11,72,11,9,14
"606",10,58,5,8,10
"607",6,61,6,9,14
"608",814,941,125,44,75
"609",10,55,6,5,10
"610",6,48,5,7,15
"611",814,941,125,44,75
"612",8,75,15,4,12
"613",6,52,6,7,8
"614",11,59,9,7,15
"615",11,57,10,5,13
"616",4,57,8,7,6
"617",9,63,6,4,12
"618",4,52,11,8,11
"619",7,68,13,7,10
"620",814,938,125,44,75
"621",7,73,14,7,12
"622",8,65,12,10,7
"623",15,69,11,9,12
"624",12,62,1,3,17
"625",4,55,7,7,11
"626",814,941,125,44,75
"627",8,58,14,6,9
"628",4,57,5,11,6
"629",8,45,7,5,10
"630",2,42,10,5,13
"631",5,55,7,5,17
"632",814,941,125,44,75
"633",814,941,125,44,75
"634",10,57,9,8,11
"635",4,71,4,7,13
"636",814,941,125,44,75
"637",6,69,12,6,13
"638",9,69,8,10,10
"639",814,940,125,44,75
"640",9,47,10,10,13
"641",2,55,7,7,12
"642",6,45,6,8,15
"643",6,53,6,5,12
"644",10,73,10,4,16
"645",7,42,4,8,10
"646",7,55,2,6,6
"647",13,73,11,8,16
"648",9,52,5,6,16
"649",9,48,7,7,14
"650",8,53,2,9,11
"651",5,57,4,6,11
"652",814,941,125,44,75
"653",814,941,125,44,75
"654",10,56,10,3,12
"655",2,45,3,4,9
"656",6,55,11,4,7
"657",814,941,125,44,75
"658",7,43,11,2,3
"659",9,46,2,8,12
"660",4,65,7,6,5
"661",814,941,125,44,75
"662",7,72,7,6,10
"663",8,79,13,6,17
"664",8,55,10,5,11
"665",814,941,125,44,75
"666",4,40,6,4,12
"667",814,941,125,44,75
"668",7,46,7,2,20
"669",814,941,125,44,75
"670",814,941,125,44,75
"671",8,49,8,9,15
"672",4,47,5,3,9
"673",6,68,9,5,9
"674",1,53,7,9,12
"675",4,50,10,9,13
"676",10,53,10,10,13
"677",10,70,7,7,13
"678",814,941,125,44,75
"679",13,59,4,6,17
"680",13,81,13,9,17
"681",2,51,5,9,10
"682",5,57,6,5,9
"683",5,41,10,7,10
"684",13,57,9,11,11
"685",813,941,125,44,75
"686",9,60,5,2,7
"687",8,49,6,6,8
"688",814,941,125,44,75
"689",7,62,5,4,15
"690",17,72,9,9,20
"691",6,52,6,6,8
"692",11,74,6,6,8
"693",9,49,8,5,7
"694",7,49,7,2,7
"695",6,59,10,7,10
"696",6,66,6,10,10
"697",5,45,5,10,10
"698",814,941,125,44,75
"699",814,940,125,44,75
"700",814,941,125,44,75
"701",10,85,11,5,10
"702",4,59,9,5,14
"703",9,57,5,6,16
"704",6,64,4,7,14
"705",814,941,125,44,75
"706",814,941,125,44,75
"707",10,46,10,3,13
"708",814,941,125,44,75
"709",7,58,9,3,8
"710",3,53,10,3,14
"711",3,53,9,10,10
"712",9,45,8,5,12
"713",814,941,125,44,75
"714",8,42,4,8,10
"715",814,941,125,44,75
"716",7,54,8,8,14
"717",4,44,9,6,6
"718",4,63,9,4,20
"719",813,941,125,44,75
"720",3,64,9,6,11
"721",14,81,16,12,13
"722",814,941,125,44,75
"723",814,941,125,44,75
"724",6,55,8,13,11
"725",3,48,6,9,11
"726",7,48,9,6,17
"727",5,52,11,5,11
"728",814,941,125,44,75
"729",7,51,8,6,8
"730",13,58,10,7,20
"731",11,66,8,8,13
"732",8,59,12,7,21
"733",8,61,6,8,13
"734",8,61,10,8,12
"735",8,57,10,6,10
"736",7,56,15,6,11
"737",9,58,7,4,4
"738",8,78,10,9,12
"739",10,58,11,6,12
"740",7,52,4,9,8
"741",814,941,125,44,75
"742",11,57,3,9,15
"743",10,77,7,1,7
"744",4,44,8,6,8
"745",6,50,11,6,16
"746",5,50,8,5,8
"747",4,57,5,9,10
"748",814,941,125,44,75
"749",8,62,10,4,14
"750",813,940,125,44,75
"751",814,941,125,44,75
"752",10,77,10,6,16
"753",3,51,2,6,11
"754",2,50,11,5,4
"755",814,941,125,44,75
"756",5,57,7,10,9
"757",9,68,4,5,11
"758",7,88,7,8,9
"759",3,37,1,4,10
"760",8,60,7,6,16
"761",11,47,8,6,8
"762",10,51,7,6,18
"763",11,79,7,6,9
"764",7,78,7,7,16
"765",814,941,125,44,75
"766",6,51,7,4,11
"767",6,63,7,12,17
"768",8,73,3,3,12
"769",9,40,6,6,14
"770",6,41,9,3,5
"771",2,39,10,7,17
"772",2,62,11,10,15
"773",15,85,6,0,17
"774",5,68,8,6,10
"775",13,60,5,7,15
"776",6,61,5,7,14
"777",814,941,125,44,75
"778",12,55,5,9,16
"779",5,37,8,2,10
"780",9,58,10,9,10
"781",814,941,125,44,75
"782",814,941,125,44,75
"783",13,57,9,8,11
"784",814,941,125,44,75
"785",814,941,125,44,75
"786",14,77,8,6,14
"787",6,58,4,9,8
"788",11,64,11,10,17
"789",10,56,10,9,14
"790",8,59,7,7,17
"791",814,941,125,44,75
"792",5,50,8,3,16
"793",6,47,5,7,13
"794",12,59,10,8,14
"795",10,74,9,6,10
"796",814,941,125,44,75
"797",7,55,5,4,10
"798",814,941,125,44,74
"799",9,53,8,3,15
"800",9,45,8,5,10
"801",6,48,5,4,7
"802",9,51,7,5,10
"803",9,56,5,9,14
"804",5,56,9,11,12
"805",15,42,9,6,10
"806",9,50,4,2,11
"807",5,51,8,4,17
"808",12,39,6,8,11
"809",6,52,8,5,19
"810",14,85,2,7,12
"811",9,69,6,4,15
"812",8,65,13,9,16
"813",10,69,8,9,11
"814",14,74,12,13,9
"815",5,71,11,5,14
"816",814,941,125,44,75
"817",8,41,13,7,10
"818",8,65,6,2,11
"819",814,941,125,44,75
"820",7,54,13,6,18
"821",9,67,9,13,8
"822",10,59,7,5,9
"823",5,64,9,8,6
"824",814,941,125,44,75
"825",6,60,8,6,12
"826",7,63,9,6,11
"827",11,63,8,6,10
"828",5,65,5,5,13
"829",8,61,10,5,8
"830",814,941,125,44,75
"831",7,55,9,8,10
"832",10,64,8,11,10
"833",11,57,10,5,11
"834",10,51,11,6,13
"835",7,48,14,7,14
"836",814,941,125,44,75
"837",9,42,10,13,16
"838",7,64,10,5,7
"839",8,50,8,6,15
"840",10,64,11,5,14
"841",5,49,9,8,12
"842",12,59,6,7,14
"843",3,48,9,5,12
"844",814,941,125,44,75
"845",8,60,7,5,13
"846",7,65,8,6,13
"847",814,941,125,44,75
"848",10,47,5,9,11
"849",12,52,4,2,10
"850",10,61,4,11,5
"851",7,63,7,5,11
"852",8,58,5,5,11
"853",814,941,125,44,75
"854",6,38,8,6,9
"855",10,63,6,7,12
"856",4,63,3,5,6
"857",9,62,9,3,14
"858",8,46,5,3,14
"859",11,61,6,10,12
"860",10,61,6,8,13
"861",7,54,6,6,12
"862",14,89,10,4,14
"863",1,57,7,6,10
"864",8,62,6,8,9
"865",3,56,5,8,16
"866",5,46,4,7,7
"867",11,67,8,4,9
"868",11,55,8,7,9
"869",9,60,7,10,10
"870",7,53,9,5,13
"871",3,54,5,5,15
"872",11,60,8,9,6
"873",9,71,10,6,13
"874",13,56,8,8,7
"875",814,941,125,44,75
"876",9,79,6,7,11
"877",814,941,125,44,75
"878",5,64,7,5,17
"879",9,61,6,11,11
"880",15,68,8,8,13
"881",3,62,14,7,5
"882",3,49,7,8,14
"883",7,67,4,4,18
"884",5,49,2,7,15
"885",7,52,6,6,16
"886",7,61,6,9,11
"887",7,36,2,9,10
"888",4,58,7,9,12
"889",7,55,5,8,9
"890",13,69,8,8,11
"891",2,48,6,8,11
"892",6,51,9,4,13
"893",8,47,3,9,14
"894",4,42,10,7,11
"895",6,61,6,3,11
"896",5,52,5,8,8
"897",4,50,12,9,10
"898",814,941,125,44,75
"899",10,61,8,5,10
"900",11,65,5,10,15
"901",5,65,11,7,6
"902",814,941,125,44,75
"903",814,941,125,44,75
"904",814,941,125,44,75
"905",8,74,9,4,15
"906",814,941,125,44,75
"907",5,54,7,9,12
"908",11,75,9,8,10
"909",8,47,9,8,12
"910",5,64,3,5,9
"911",10,60,8,5,14
"912",8,55,7,5,10
"913",6,39,5,5,11
"914",12,52,11,10,8
"915",8,58,6,8,9
"916",1,51,4,6,7
"917",11,68,9,4,13
"918",814,941,125,44,75
"919",12,57,9,8,14
"920",12,58,3,8,11
"921",15,75,12,11,18
"922",12,55,5,7,17
"923",5,59,2,6,15
"924",10,63,9,8,13
"925",7,45,10,13,10
"926",11,43,8,4,10
"927",2,45,5,4,9
"928",11,67,8,8,13
"929",12,70,7,6,6
"930",814,941,125,44,75
"931",5,68,7,6,10
"932",814,941,125,44,75
"933",6,57,8,4,8
"934",8,54,6,11,10
"935",4,54,8,6,8
"936",8,47,7,4,9
"937",8,67,9,6,6
"938",10,56,6,4,8
"939",11,50,3,6,11
"940",4,55,10,5,5
"941",7,44,8,3,9
"942",5,46,3,3,9
"943",4,48,8,3,14
"944",7,41,7,7,9
"945",7,64,8,10,16
"946",7,50,5,9,13
"947",14,77,9,11,22
"948",8,51,11,4,14
"949",9,70,7,11,9
"950",813,940,125,44,75
"951",11,66,6,9,11
"952",10,58,2,9,11
"953",10,53,6,4,9
"954",814,941,125,44,75
"955",23,67,11,11,13
"956",814,941,125,44,75
"957",14,82,13,4,13
"958",6,43,5,7,13
"959",5,48,12,8,14
"960",12,54,11,12,13
"961",814,941,125,44,75
"962",5,55,1,5,16
"963",11,51,5,5,14
"964",11,53,9,7,12
"965",6,49,10,5,7
"966",6,41,6,5,10
"967",814,941,125,44,75
"968",6,41,9,3,4
"969",6,52,8,5,11
"970",6,46,4,9,14
"971",813,941,125,44,75
"972",5,62,7,5,10
"973",6,53,4,5,9
"974",9,57,6,2,10
"975",1,43,5,8,12
"976",9,64,10,8,15
"977",4,46,2,7,11
"978",8,73,11,11,7
"979",814,941,125,44,75
"980",8,53,7,7,14
"981",5,67,9,8,15
"982",4,44,5,4,6
"983",13,53,7,7,10
"984",814,941,125,44,75
"985",814,941,125,44,75
"986",814,941,125,44,75
"987",14,64,16,13,10
"988",8,65,19,11,9
"989",10,62,2,8,11
"990",16,75,12,7,10
"991",814,941,125,44,75
"992",814,939,125,44,75
"993",9,53,9,11,9
"994",814,940,125,44,75
"995",4,67,8,8,11
"996",814,941,125,44,75
"997",7,58,13,5,10
"998",5,62,8,8,8
"999",8,57,4,4,14
"1000",6,70,10,9,10
"1001",814,941,125,44,75
"1002",9,70,9,6,9
"1003",3,35,6,7,6
"1004",10,43,10,7,4
"1005",3,36,5,5,17
"1006",814,941,125,44,75
"1007",814,941,125,44,75
"1008",7,62,6,7,12
"1009",9,77,4,8,7
"1010",814,941,125,44,75
"1011",814,941,125,44,75
"1012",814,941,125,44,75
"1013",11,61,5,11,13
"1014",9,66,10,5,14
"1015",12,71,9,11,7
"1016",13,73,12,8,13
"1017",814,941,125,44,75
"1018",7,65,6,10,9
"1019",8,78,6,7,13
"1020",3,34,1,4,13
"1021",6,45,6,6,15
"1022",9,52,6,3,9
"1023",13,69,8,8,13
"1024",5,60,7,5,15
"1025",4,47,13,5,9
"1026",3,41,2,8,13
"1027",11,64,7,7,14
"1028",4,63,2,7,13
"1029",8,59,7,8,7
"1030",5,47,4,8,10
"1031",7,58,9,12,9
"1032",6,51,9,6,9
"1033",814,940,125,44,75
"1034",6,53,6,7,13
"1035",12,57,5,5,5
"1036",9,36,4,4,13
"1037",9,70,9,6,6
"1038",6,63,9,7,9
"1039",1,48,4,2,16
"1040",5,52,2,7,9
"1041",4,53,5,8,7
"1042",11,56,10,4,7
"1043",11,62,9,3,11
"1044",11,59,8,4,9
"1045",4,64,1,8,10
"1046",9,85,5,15,15
"1047",7,53,6,6,12
"1048",4,57,10,13,12
"1049",8,56,6,5,7
"1050",10,74,5,5,11
"1051",10,61,15,6,11
"1052",813,937,125,44,75
"1053",9,48,4,5,4
"1054",2,50,5,7,7
"1055",6,47,10,7,10
"1056",814,941,125,44,75
"1057",8,54,11,9,10
"1058",7,56,5,9,7
"1059",6,58,5,10,8
"1060",814,941,125,44,75
"1061",8,59,10,9,17
"1062",814,941,125,44,75
"1063",813,941,125,44,75
"1064",8,41,9,6,9
"1065",9,39,5,4,21
"1066",8,56,10,6,18
"1067",9,36,8,7,7
"1068",12,46,6,5,8
"1069",5,44,7,4,12
"1070",7,48,9,6,20
"1071",5,50,8,4,11
"1072",814,940,125,44,75
"1073",11,70,10,10,12
"1074",3,62,11,4,11
"1075",17,70,7,12,13
"1076",5,43,6,6,16
"1077",8,56,7,5,13
"1078",4,47,4,8,12
"1079",814,941,125,44,75
"1080",814,941,125,44,75
"1081",812,941,125,44,75
"1082",6,60,5,5,10
"1083",5,61,8,8,11
"1084",8,56,6,7,8
"1085",9,49,9,8,6
"1086",9,64,9,12,7
"1087",8,50,1,8,11
"1088",5,42,5,5,9
"1089",5,53,6,2,8
"1090",814,941,125,44,75
"1091",6,56,7,7,11
"1092",3,74,10,6,14
"1093",5,52,9,5,13
"1094",9,70,7,10,7
"1095",7,51,4,3,15
"1096",8,63,5,10,10
"1097",7,74,11,9,10
"1098",814,941,125,44,75
"1099",814,941,125,44,75
"1100",8,40,6,8,15
"1101",9,60,9,6,7
"1102",7,56,6,13,10
"1103",813,941,125,44,75
"1104",6,53,10,7,6
"1105",814,941,125,44,75
"1106",12,65,13,6,14
"1107",5,58,5,7,11
"1108",9,64,7,7,9
"1109",814,941,125,44,75
"1110",11,49,9,7,10
"1111",7,53,4,5,10
"1112",8,50,5,3,13
"1113",4,44,3,5,10
"1114",814,941,125,44,75
"1115",5,49,4,5,10
"1116",12,87,10,8,12
"1117",10,48,10,4,14
"1118",6,47,9,9,13
"1119",13,63,9,8,12
"1120",14,55,8,6,10
"1121",9,64,6,4,16
"1122",11,54,13,5,11
"1123",3,70,6,7,12
"1124",813,941,125,44,75
"1125",9,60,6,3,11
"1126",3,65,6,10,7
"1127",8,59,4,3,6
"1128",813,940,125,44,75
"1129",8,60,5,5,11
"1130",813,941,125,44,75
"1131",6,63,7,6,19
"1132",3,51,4,9,13
"1133",8,47,6,10,8
"1134",814,941,125,44,75
"1135",814,941,125,44,75
"1136",2,43,5,4,14
"1137",11,60,7,8,14
"1138",9,64,6,6,7
"1139",4,57,6,7,13
"1140",2,62,4,7,16
"1141",6,52,8,8,8
"1142",6,72,8,10,15
"1143",10,66,10,6,12
"1144",15,72,4,4,16
"1145",9,66,9,10,13
"1146",7,48,7,5,10
"1147",10,49,8,8,10
"1148",7,59,7,7,16
"1149",6,52,9,9,14
"1150",814,941,125,44,75
"1151",5,50,7,3,11
"1152",814,940,125,44,75
"1153",814,940,125,44,75
"1154",814,941,125,44,75
"1155",2,44,7,7,10
"1156",2,62,5,5,8
"1157",6,63,11,7,18
"1158",814,941,125,44,75
"1159",6,57,8,5,10
"1160",10,58,5,4,13
"1161",9,62,7,9,11
"1162",5,82,14,7,15
"1163",6,66,6,9,11
"1164",10,55,9,7,13
"1165",4,43,4,6,11
"1166",10,73,12,5,11
"1167",5,50,11,7,16
"1168",10,65,9,4,15
"1169",10,60,8,7,16
"1170",4,47,5,6,9
"1171",5,58,9,11,13
"1172",8,40,8,5,12
"1173",8,60,10,10,12
"1174",5,63,13,10,17
"1175",11,55,7,3,11
"1176",10,77,7,8,9
"1177",8,66,8,5,11
"1178",7,57,14,6,13
"1179",6,50,6,10,15
"1180",0,48,9,7,6
"1181",5,61,4,3,13
"1182",814,941,125,44,75
"1183",12,71,9,7,10
"1184",9,46,3,7,10
"1185",6,45,7,4,9
"1186",5,52,8,4,12
"1187",9,44,9,8,13
"1188",2,50,7,7,13
"1189",7,59,6,7,8
"1190",8,55,6,6,19
"1191",9,76,6,8,12
"1192",5,47,7,7,10
"1193",814,941,125,44,75
"1194",5,52,8,10,7
"1195",5,36,5,10,10
"1196",11,64,9,8,12
"1197",11,66,9,9,8
"1198",7,56,5,4,14
"1199",814,941,125,44,75
"1200",814,941,125,44,75
"1201",9,80,14,8,12
"1202",17,64,7,11,8
"1203",814,941,125,44,75
"1204",9,52,13,9,16
"1205",7,71,8,12,15
"1206",11,52,9,5,12
"1207",8,49,2,5,10
"1208",4,37,7,9,11
"1209",814,941,125,44,75
"1210",11,62,13,6,12
"1211",9,58,7,9,10
"1212",814,941,125,44,75
"1213",6,44,9,5,6
"1214",11,62,5,8,10
"1215",6,45,9,5,13
"1216",814,941,125,44,75
"1217",8,64,8,7,7
"1218",6,65,8,10,17
"1219",5,60,8,8,10
"1220",6,60,6,6,11
"1221",813,940,125,44,75
"1222",2,52,4,3,9
"1223",9,47,6,2,10
"1224",814,941,125,44,75
"1225",6,46,8,6,9
"1226",6,51,6,5,12
"1227",5,59,10,8,14
"1228",5,40,5,6,7
"1229",11,74,14,7,11
"1230",814,941,125,44,75
"1231",814,941,125,44,75
"1232",12,56,8,7,13
"1233",5,45,8,7,13
"1234",4,63,7,6,8
"1235",10,49,4,6,14
"1236",10,62,6,5,12
"1237",814,941,125,44,75
"1238",4,67,11,7,12
"1239",12,43,8,8,12
"1240",8,46,7,8,8
"1241",6,53,3,6,8
"1242",10,63,7,6,8
"1243",13,74,6,9,16
"1244",7,49,7,10,8
"1245",7,62,12,11,8
"1246",4,50,6,12,21
"1247",814,941,125,44,75
"1248",12,45,6,8,7
"1249",7,48,8,10,13
"1250",6,60,8,10,14
"1251",814,941,125,44,75
"1252",7,55,6,3,13
"1253",7,65,13,6,15
"1254",8,66,7,4,10
"1255",10,57,8,12,7
"1256",9,57,10,6,16
"1257",6,51,8,9,12
"1258",4,59,7,6,12
"1259",814,941,125,44,75
"1260",5,43,8,3,17
"1261",814,941,125,44,75
"1262",7,41,10,8,9
"1263",8,62,6,13,5
"1264",6,64,10,1,13
"1265",11,50,4,7,14
"1266",813,940,125,44,75
"1267",9,48,8,2,13
"1268",5,56,5,6,7
"1269",814,940,125,44,75
"1270",7,40,7,5,8
"1271",6,50,9,5,16
"1272",9,56,4,7,8
"1273",13,71,4,6,11
"1274",7,53,6,6,11
"1275",814,941,125,44,75
"1276",6,62,6,7,16
"1277",10,65,8,3,13
"1278",6,62,6,3,9
"1279",8,45,7,7,10
"1280",6,68,9,9,12
"1281",814,940,125,44,75
"1282",8,64,15,10,17
"1283",7,40,7,6,5
"1284",4,56,7,4,7
"1285",6,45,5,13,13
"1286",10,59,6,5,8
"1287",813,941,125,44,75
"1288",8,60,7,2,5
"1289",8,47,7,5,4
"1290",814,941,125,44,75
"1291",11,66,4,12,13
"1292",9,52,9,9,15
"1293",8,68,5,7,8
"1294",6,46,8,3,17
"1295",8,41,4,4,6
"1296",814,941,125,44,75
"1297",7,66,14,7,11
"1298",1,55,5,9,11
"1299",4,59,6,6,13
"1300",4,54,7,7,12
"1301",6,47,4,12,11
"1302",8,46,4,6,14
"1303",5,62,3,5,11
"1304",4,46,8,5,11
"1305",7,47,7,6,11
"1306",5,56,4,6,10
"1307",10,67,11,10,8
"1308",13,82,10,6,11
"1309",7,50,10,8,9
"1310",9,69,4,3,11
"1311",11,63,8,4,8
"1312",8,54,5,8,9
"1313",11,49,10,5,16
"1314",8,68,2,4,14
"1315",9,45,6,7,12
"1316",12,72,8,6,17
"1317",8,39,6,8,10
"1318",6,76,10,13,10
"1319",9,53,10,8,8
"1320",11,51,8,10,12
"1321",14,63,12,6,12
"1322",15,76,8,4,11
"1323",2,41,7,8,11
"1324",813,940,125,44,75
"1325",5,33,3,6,12
"1326",7,60,5,6,11
"1327",15,67,7,8,13
"1328",814,941,125,44,75
"1329",9,73,8,10,10
"1330",12,56,8,9,20
"1331",9,52,8,2,11
"1332",8,48,8,8,7
"1333",9,50,4,10,9
"1334",8,70,12,6,13
"1335",4,57,8,4,12
"1336",7,54,5,3,10
"1337",7,53,6,5,9
"1338",11,72,9,8,7
"1339",814,941,125,44,75
"1340",814,941,125,44,75
"1341",814,941,125,44,75
"1342",814,941,125,44,75
"1343",6,51,9,4,5
"1344",6,58,5,8,9
"1345",13,64,7,9,18
"1346",814,941,125,44,75
"1347",813,941,125,44,75
"1348",10,54,9,7,9
"1349",14,62,10,12,15
"1350",814,940,125,44,75
"1351",13,48,6,1,12
"1352",8,60,10,10,16
"1353",5,52,7,7,13
"1354",814,941,125,44,75
"1355",2,46,7,3,8
"1356",8,50,7,6,10
"1357",6,58,8,13,10
"1358",4,64,4,11,10
"1359",4,45,11,3,17
"1360",6,63,6,7,11
"1361",4,66,8,8,11
"1362",7,66,11,8,12
"1363",11,66,6,5,11
"1364",11,59,5,5,16
"1365",9,53,5,3,12
"1366",7,43,7,6,9
"1367",5,54,8,4,9
"1368",6,61,6,6,8
"1369",5,47,9,10,10
"1370",7,63,8,7,13
"1371",4,56,9,6,9
"1372",4,46,6,7,5
"1373",10,66,13,5,14
"1374",3,52,5,6,14
"1375",14,55,7,9,8
"1376",11,52,6,12,10
"1377",6,54,7,8,11
"1378",6,51,4,9,11
"1379",812,940,125,44,74
"1380",8,64,7,10,13
"1381",5,69,8,7,15
"1382",10,62,8,5,11
"1383",814,941,125,44,75
"1384",814,941,125,44,75
"1385",5,39,5,2,8
"1386",8,55,4,7,10
"1387",14,49,12,7,11
"1388",6,48,5,3,10
"1389",9,47,7,3,9
"1390",11,60,6,7,10
"1391",11,65,10,9,13
"1392",3,49,3,6,11
"1393",813,941,125,44,75
"1394",11,69,11,9,15
"1395",5,58,1,6,19
"1396",13,65,14,8,11
"1397",4,54,11,6,14
"1398",8,63,11,5,10
"1399",4,54,3,5,9
"1400",4,58,9,12,14
"1401",8,57,7,11,11
"1402",814,941,125,44,75
"1403",12,57,9,6,12
"1404",6,63,11,8,12
"1405",14,63,6,13,16
"1406",814,941,125,44,75
"1407",11,85,6,8,16
"1408",814,939,125,44,75
"1409",814,941,125,44,75
"1410",11,72,4,5,11
"1411",5,64,12,8,16
"1412",10,51,6,2,9
"1413",6,49,6,5,7
"1414",814,941,125,44,75
"1415",3,66,6,9,10
"1416",9,63,13,8,13
"1417",10,58,6,7,14
"1418",2,52,7,5,14
"1419",814,941,125,44,75
"1420",10,58,7,6,16
"1421",8,56,5,5,9
"1422",4,57,5,7,9
"1423",7,60,12,8,15
"1424",9,42,7,4,11
"1425",814,941,125,44,75
"1426",4,61,7,8,9
"1427",4,48,6,5,13
"1428",10,58,7,10,14
"1429",9,53,7,5,13
"1430",3,58,6,3,12
"1431",8,57,10,7,12
"1432",5,54,11,7,14
"1433",5,57,8,8,19
"1434",5,51,5,5,10
"1435",9,51,5,11,11
"1436",2,50,4,4,10
"1437",814,941,125,44,75
"1438",8,69,2,6,11
"1439",7,49,13,7,10
"1440",10,68,8,11,15
"1441",9,48,8,5,16
"1442",9,43,7,9,13
"1443",13,45,8,8,6
"1444",8,82,9,11,10
"1445",6,52,8,10,12
"1446",3,47,11,7,13
"1447",5,43,4,6,9
"1448",5,68,11,6,13
"1449",6,61,7,7,17
"1450",814,941,125,44,75
"1451",5,53,9,7,9
"1452",814,941,125,44,75
"1453",12,58,7,10,14
"1454",10,62,8,10,10
"1455",6,66,12,9,11
"1456",1,39,10,10,7
"1457",7,50,6,11,12
"1458",7,61,9,9,8
"1459",9,65,9,6,12
"1460",5,49,5,8,16
"1461",8,72,8,9,15
"1462",6,49,4,7,18
"1463",4,38,6,5,11
"1464",11,51,8,7,15
"1465",5,32,6,7,9
"1466",11,64,9,6,10
"1467",12,59,6,7,13
"1468",8,55,9,5,12
"1469",7,51,4,3,7
"1470",5,55,5,10,8
"1471",8,57,9,11,9
"1472",5,54,4,4,7
"1473",6,51,2,6,9
"1474",10,58,8,5,13
"1475",7,46,3,6,13
"1476",814,941,125,44,75
"1477",5,58,8,5,11
"1478",7,61,10,10,15
"1479",14,68,9,9,7
"1480",814,941,125,44,75
"1481",6,62,6,6,13
"1482",11,39,11,7,11
"1483",9,55,9,8,7
"1484",814,941,125,44,75
"1485",6,63,7,10,8
"1486",10,44,9,10,9
"1487",8,63,6,3,12
"1488",814,941,125,44,75
"1489",4,52,5,8,10
"1490",813,941,125,43,75
"1491",813,941,125,44,75
"1492",8,61,3,12,9
"1493",18,72,5,12,14
"1494",814,941,125,44,75
"1495",8,38,8,6,9
"1496",12,58,8,7,12
"1497",4,67,6,8,6
"1498",5,63,10,6,8
"1499",3,52,5,5,11
"1500",10,59,7,6,17
"1501",7,57,6,4,10
"1502",814,941,125,44,75
"1503",9,51,7,3,18
"1504",813,941,125,44,75
"1505",4,66,9,7,9
"1506",10,71,10,8,17
"1507",11,50,6,4,10
"1508",5,56,10,12,15
"1509",10,66,12,4,9
"1510",9,74,7,7,13
"1511",6,61,8,7,11
"1512",7,62,5,8,10
"1513",7,56,10,5,13
"1514",8,63,5,7,10
"1515",7,59,6,9,16
"1516",814,941,125,44,75
"1517",5,49,8,4,12
"1518",10,55,10,7,5
"1519",4,59,7,8,13
"1520",7,51,5,8,6
"1521",9,77,5,7,14
"1522",814,941,125,44,75
"1523",7,45,7,3,14
"1524",814,940,125,44,75
"1525",13,54,5,5,11
"1526",13,64,12,8,15
"1527",9,73,10,2,11
"1528",814,941,125,44,75
"1529",4,53,6,4,10
"1530",10,65,4,8,11
"1531",7,61,7,2,14
"1532",6,43,3,8,14
"1533",814,938,125,44,75
"1534",814,940,125,44,75
"1535",2,48,5,9,10
"1536",8,60,7,8,15
"1537",10,77,7,5,11
"1538",814,940,125,44,75
"1539",1,58,4,4,11
"1540",2,42,6,3,7
"1541",814,939,125,44,75
"1542",5,44,7,2,10
"1543",11,59,7,6,13
"1544",8,72,6,5,13
"1545",5,55,10,5,10
"1546",7,52,5,7,16
"1547",5,51,8,7,11
"1548",10,56,5,6,14
"1549",814,941,125,44,75
"1550",814,941,125,44,75
"1551",814,941,125,44,75
"1552",6,37,5,5,11
"1553",3,73,7,5,9
"1554",6,57,7,8,9
"1555",9,59,9,5,10
"1556",814,941,125,44,75
"1557",5,58,9,6,11
"1558",3,42,7,3,10
"1559",6,51,8,7,12
"1560",812,940,125,44,75
"1561",7,79,14,4,11
"1562",11,46,8,5,9
"1563",10,55,6,7,17
"1564",8,62,10,7,15
"1565",9,64,7,3,10
"1566",7,69,13,6,5
"1567",10,51,7,11,10
"1568",11,62,8,9,14
"1569",8,70,9,7,9
"1570",7,62,3,7,9
"1571",4,54,6,7,12
"1572",814,941,125,44,75
"1573",14,66,5,11,10
"1574",10,57,5,7,14
"1575",15,50,8,5,12
"1576",6,52,6,9,11
"1577",12,38,7,7,6
"1578",11,52,6,8,11
"1579",6,65,13,7,21
"1580",8,45,6,5,15
"1581",6,40,5,8,13
"1582",3,54,7,4,10
"1583",13,62,11,5,16
"1584",814,941,125,44,75
"1585",4,45,3,4,8
"1586",6,46,7,9,10
"1587",814,941,125,44,75
"1588",14,69,5,3,19
"1589",11,58,7,5,8
"1590",16,74,7,2,15
"1591",4,41,3,8,10
"1592",4,57,4,5,11
"1593",10,63,4,11,19
"1594",8,47,3,0,11
"1595",814,941,125,44,75
"1596",814,941,125,44,75
"1597",7,63,4,8,7
"1598",11,62,9,7,18
"1599",9,53,11,14,10
"1600",12,57,8,11,8
"1601",6,66,7,2,18
"1602",7,64,8,7,8
"1603",813,941,125,44,75
"1604",16,71,6,8,14
"1605",6,60,5,6,10
"1606",15,72,7,8,14
"1607",6,78,10,10,14
"1608",7,49,4,1,11
"1609",814,941,125,44,75
"1610",9,60,13,12,9
"1611",10,54,7,4,5
"1612",6,49,8,2,15
"1613",4,51,5,4,15
"1614",10,55,5,6,16
"1615",3,44,7,6,14
"1616",9,77,7,10,10
"1617",3,50,7,7,12
"1618",814,941,125,44,75
"1619",814,940,125,44,75
"1620",13,79,18,4,14
"1621",12,64,7,7,14
"1622",6,51,7,9,10
"1623",3,57,4,3,16
"1624",2,45,7,4,15
"1625",10,60,10,5,13
"1626",8,66,9,9,14
"1627",6,63,14,8,7
"1628",8,54,6,7,16
"1629",11,69,4,6,2
"1630",5,49,5,5,14
"1631",814,941,125,44,75
"1632",814,941,125,44,75
"1633",4,58,11,5,13
"1634",3,51,4,6,9
"1635",9,74,3,9,14
"1636",12,59,4,10,8
"1637",4,45,4,6,5
"1638",7,53,7,5,16
"1639",10,66,11,8,11
"1640",9,47,4,5,11
"1641",10,61,2,5,11
"1642",3,48,9,8,10
"1643",814,941,125,44,75
"1644",13,63,9,4,12
"1645",10,53,3,5,9
"1646",9,62,6,4,17
"1647",9,73,8,5,17
"1648",0,58,11,6,14
"1649",10,71,8,7,16
"1650",4,53,12,13,9
"1651",11,52,10,8,11
"1652",2,66,9,5,9
"1653",7,47,11,3,6
"1654",11,68,11,6,16
"1655",6,46,5,6,10
"1656",814,941,125,44,75
"1657",14,60,8,7,9
"1658",7,40,9,7,13
"1659",8,48,6,6,10
"1660",11,58,10,7,14
"1661",8,55,5,7,12
"1662",6,59,8,6,9
"1663",9,51,4,6,11
"1664",7,44,7,3,9
"1665",1,52,6,9,7
"1666",8,58,11,4,5
"1667",6,57,9,4,12
"1668",8,55,10,7,9
"1669",814,941,125,44,75
"1670",4,53,4,4,13
"1671",7,60,10,11,12
"1672",814,941,125,44,75
"1673",12,47,8,3,10
"1674",8,59,5,10,11
"1675",8,45,5,3,11
"1676",11,64,12,9,9
"1677",6,52,9,10,10
"1678",7,57,12,4,10
"1679",7,47,5,6,10
"1680",7,62,8,8,12
"1681",10,62,8,5,16
"1682",6,78,6,8,12
"1683",8,69,10,5,13
"1684",813,941,125,44,75
"1685",5,68,6,3,9
"1686",12,70,10,6,11
"1687",10,66,9,8,11
"1688",6,43,8,10,7
"1689",13,59,10,7,13
"1690",7,41,6,12,13
"1691",5,52,5,6,19
"1692",5,56,4,9,19
"1693",10,55,7,7,7
"1694",11,55,6,6,15
"1695",5,55,8,12,14
"1696",812,941,125,44,75
"1697",15,82,8,9,17
"1698",7,55,6,7,15
"1699",9,70,13,6,13
"1700",7,52,8,11,7
"1701",814,941,125,44,75
"1702",814,941,125,44,75
"1703",3,70,13,9,16
"1704",10,54,15,4,11
"1705",6,53,9,8,12
"1706",7,58,5,7,14
"1707",814,941,125,44,75
"1708",12,64,7,5,8
"1709",7,48,11,7,7
"1710",12,73,4,9,15
"1711",11,55,6,3,15
"1712",4,46,6,6,12
"1713",6,55,4,10,13
"1714",10,59,10,11,13
"1715",4,57,4,9,11
"1716",6,58,10,10,9
"1717",814,941,125,44,75
"1718",6,51,7,8,11
"1719",5,51,9,9,9
"1720",8,61,8,9,7
"1721",11,61,7,8,14
"1722",814,941,125,44,75
"1723",7,65,7,7,12
"1724",814,941,125,44,75
"1725",9,60,13,8,13
"1726",6,58,10,8,12
"1727",3,49,9,5,11
"1728",4,48,7,8,9
"1729",13,72,8,7,16
"1730",4,57,4,10,13
"1731",9,60,11,5,14
"1732",8,66,13,7,6
"1733",10,47,8,7,11
"1734",4,72,7,5,6
"1735",5,50,8,11,12
"1736",6,47,14,6,11
"1737",11,55,5,6,15
"1738",7,67,8,6,11
"1739",11,67,5,9,9
"1740",4,51,5,6,17
"1741",3,44,4,11,8
"1742",14,62,8,7,9
"1743",3,48,6,8,11
"1744",6,46,7,7,10
"1745",7,61,4,8,15
"1746",3,54,4,5,7
"1747",6,48,11,9,9
"1748",8,63,6,7,16
"1749",10,59,9,9,14
"1750",813,941,125,44,75
"1751",9,50,8,7,14
"1752",814,941,125,44,75
"1753",9,50,7,8,10
"1754",12,61,11,9,12
"1755",8,64,5,8,8
"1756",0,35,3,7,15
"1757",7,49,2,4,8
"1758",12,51,5,9,9
"1759",12,45,6,12,12
"1760",6,45,4,5,14
"1761",814,941,125,44,75
"1762",4,51,6,3,7
"1763",814,941,125,44,75
"1764",13,62,12,7,13
"1765",11,67,9,3,10
"1766",7,59,12,10,19
"1767",18,78,11,8,11
"1768",7,51,6,7,16
"1769",7,52,7,6,17
"1770",12,48,5,6,8
"1771",11,69,9,6,20
"1772",9,56,9,8,11
"1773",7,71,2,5,8
"1774",6,47,5,7,9
"1775",814,941,125,44,75
"1776",9,43,3,2,9
"1777",5,65,4,6,14
"1778",14,52,4,8,8
"1779",12,60,13,6,13
"1780",9,59,8,6,12
"1781",814,941,125,44,75
"1782",13,60,7,6,16
"1783",6,49,5,7,13
"1784",11,58,9,9,12
"1785",7,53,7,5,5
"1786",8,57,8,4,7
"1787",6,46,9,4,8
"1788",7,57,7,2,14
"1789",814,941,125,44,75
"1790",9,48,4,4,10
"1791",9,51,4,7,10
"1792",813,941,125,44,75
"1793",814,941,125,44,75
"1794",4,56,4,6,10
"1795",814,941,125,44,75
"1796",4,46,6,7,11
"1797",5,61,4,9,11
"1798",2,53,4,3,6
"1799",9,52,4,7,9
"1800",9,73,10,7,9
"1801",5,54,8,6,11
"1802",11,59,11,3,12
"1803",4,55,8,7,11
"1804",814,941,125,44,75
"1805",11,61,11,11,10
"1806",4,44,7,3,5
"1807",812,941,125,44,75
"1808",10,61,8,10,18
"1809",7,57,3,8,9
"1810",7,42,10,4,10
"1811",9,56,10,8,12
"1812",6,50,11,5,6
"1813",14,69,10,7,11
"1814",8,58,11,9,15
"1815",12,70,4,5,17
"1816",6,58,8,3,9
"1817",3,41,8,6,10
"1818",6,57,8,7,12
"1819",7,71,7,8,11
"1820",8,55,7,6,8
"1821",6,69,9,8,9
"1822",7,41,3,7,16
"1823",814,941,125,44,75
"1824",7,59,8,6,16
"1825",6,54,6,9,10
"1826",7,66,6,5,7
"1827",8,50,5,6,14
"1828",814,941,125,44,75
"1829",14,68,5,9,11
"1830",814,941,125,44,75
"1831",4,53,9,7,8
"1832",9,50,4,4,9
"1833",813,941,125,44,75
"1834",12,53,13,6,15
"1835",5,65,9,5,12
"1836",7,52,5,5,9
"1837",4,51,11,6,7
"1838",2,58,7,6,12
"1839",8,64,5,7,16
"1840",814,941,125,44,75
"1841",6,56,10,6,14
"1842",9,51,7,6,19
"1843",8,60,12,9,13
"1844",10,48,7,4,11
"1845",9,66,16,15,12
"1846",9,78,13,5,8
"1847",7,54,10,10,12
"1848",814,941,125,44,75
"1849",9,71,7,9,15
"1850",11,58,10,7,14
"1851",14,72,9,10,12
"1852",11,65,6,10,16
"1853",814,940,125,44,75
"1854",7,47,6,4,8
"1855",8,59,6,8,10
"1856",7,61,5,9,10
"1857",3,56,9,4,9
"1858",9,53,3,6,14
"1859",7,51,8,8,10
"1860",7,58,4,6,14
"1861",7,56,4,4,10
"1862",11,71,7,9,13
"1863",814,941,125,44,75
"1864",7,59,7,6,13
"1865",7,55,13,9,7
"1866",10,61,13,8,13
"1867",8,61,8,11,12
"1868",10,63,8,6,12
"1869",12,69,5,8,8
"1870",11,53,5,8,10
"1871",10,61,15,10,10
"1872",6,59,10,9,8
"1873",814,941,125,44,75
"1874",813,940,125,44,75
"1875",7,47,7,4,12
"1876",9,68,7,6,15
"1877",9,67,3,9,19
"1878",10,68,8,10,7
"1879",6,33,7,8,14
"1880",3,43,5,6,16
"1881",11,61,8,6,13
"1882",5,51,6,9,14
"1883",9,67,8,3,9
"1884",6,58,7,7,13
"1885",4,56,4,5,8
"1886",10,51,13,3,12
"1887",9,55,7,5,9
"1888",814,941,125,44,75
"1889",8,58,8,6,6
"1890",11,64,10,7,15
"1891",11,71,13,7,7
"1892",814,941,125,44,75
"1893",8,52,10,10,8
"1894",6,52,6,6,8
"1895",12,66,7,7,9
"1896",4,58,7,6,8
"1897",814,941,125,44,75
"1898",8,46,9,8,15
"1899",814,941,125,44,75
"1900",9,79,12,12,13
"1901",7,69,7,6,5
"1902",5,58,8,8,8
"1903",15,66,5,11,16
"1904",9,77,10,9,15
"1905",6,56,8,5,16
"1906",814,941,125,44,75
"1907",10,62,6,2,10
"1908",6,51,7,9,14
"1909",9,60,7,6,13
"1910",8,75,4,8,9
"1911",8,53,7,8,15
"1912",6,48,9,4,14
"1913",9,35,3,5,9
"1914",6,63,9,9,19
"1915",7,69,5,2,13
"1916",10,63,13,7,10
"1917",7,52,9,12,8
"1918",7,60,6,5,9
"1919",6,50,11,14,13
"1920",11,80,11,4,22
"1921",5,59,10,5,13
"1922",4,49,4,5,8
"1923",7,75,9,6,8
"1924",8,58,10,5,14
"1925",814,941,125,44,75
"1926",5,54,9,7,11
"1927",7,51,7,6,11
"1928",1,54,15,6,17
"1929",5,64,9,8,14
"1930",10,77,13,6,10
"1931",11,77,8,7,12
"1932",12,45,4,11,13
"1933",14,46,6,9,9
"1934",3,62,5,8,12
"1935",9,64,6,8,10
"1936",814,941,125,44,75
"1937",6,75,5,6,13
"1938",814,941,125,44,75
"1939",7,67,13,7,12
"1940",6,62,5,7,12
"1941",5,59,8,7,16
"1942",6,53,3,8,9
"1943",814,941,125,44,75
"1944",7,61,5,5,9
"1945",813,941,125,44,75
"1946",8,62,10,6,12
"1947",8,60,5,5,18
"1948",4,53,8,3,11
"1949",811,941,125,44,75
"1950",8,58,3,7,7
"1951",9,74,12,8,14
"1952",6,50,4,9,8
"1953",5,58,6,5,9
"1954",3,46,9,4,6
"1955",8,55,11,7,18
"1956",6,48,5,9,11
"1957",7,55,8,7,14
"1958",9,50,7,13,10
"1959",814,941,125,43,75
"1960",7,62,11,9,18
"1961",6,55,11,5,16
"1962",7,46,5,6,11
"1963",8,57,10,5,13
"1964",813,940,125,44,75
"1965",9,69,6,9,11
"1966",8,57,7,8,20
"1967",9,54,7,7,16
"1968",9,72,9,8,15
"1969",7,70,10,3,13
"1970",7,36,7,5,10
"1971",4,55,14,3,16
"1972",813,941,125,44,75
"1973",814,941,125,44,75
"1974",814,941,125,44,75
"1975",8,57,7,6,11
"1976",9,63,11,6,17
"1977",12,65,10,8,12
"1978",2,42,9,5,12
"1979",7,44,5,4,12
"1980",5,44,5,2,11
"1981",3,43,4,8,8
"1982",8,48,6,3,13
"1983",9,52,10,7,10
"1984",5,42,10,11,10
"1985",3,53,6,6,13
"1986",813,940,125,44,75
"1987",8,62,6,5,12
"1988",5,46,5,5,7
"1989",3,55,12,9,11
"1990",2,48,7,6,10
"1991",814,941,125,44,75
"1992",4,50,5,5,16
"1993",6,55,11,5,13
"1994",814,941,125,44,75
"1995",814,941,125,44,75
"1996",8,65,9,9,10
"1997",7,51,8,7,8
"1998",814,941,125,44,75
"1999",8,58,8,5,12
"2000",9,53,13,5,6
"2001",13,56,6,10,12
"2002",13,51,6,4,16
"2003",7,52,8,2,14
"2004",16,62,9,7,16
"2005",814,941,125,44,75
"2006",5,56,4,8,10
"2007",4,41,6,4,11
"2008",6,61,10,3,14
"2009",814,941,125,44,75
"2010",8,42,4,8,5
"2011",814,940,125,44,75
"2012",7,58,10,9,5
"2013",7,67,7,8,11
"2014",5,50,6,8,10
"2015",814,941,125,44,75
"2016",3,48,8,6,15
"2017",9,48,10,5,15
"2018",8,66,7,11,12
"2019",8,62,9,10,13
"2020",814,941,125,44,75
"2021",10,71,12,6,12
"2022",10,65,4,6,14
"2023",814,941,125,44,75
"2024",4,44,6,4,14
"2025",6,55,4,4,11
"2026",4,47,3,6,5
"2027",3,55,6,10,12
"2028",9,59,8,5,8
"2029",12,54,5,6,13
"2030",8,52,6,3,12
"2031",11,53,7,10,10
"2032",11,60,9,5,14
"2033",8,43,3,11,9
"2034",6,52,12,8,12
"2035",5,73,9,4,18
"2036",6,61,10,5,8
"2037",814,941,125,44,75
"2038",8,68,7,6,11
"2039",6,47,4,5,16
"2040",5,54,7,5,6
"2041",3,42,7,8,12
"2042",4,46,9,7,8
"2043",6,57,1,5,13
"2044",12,64,12,6,6
"2045",814,941,125,44,75
"2046",12,58,5,10,15
"2047",9,54,12,6,17
"2048",8,37,9,2,9
"2049",3,65,11,10,11
"2050",8,56,4,5,10
"2051",814,941,125,44,75
"2052",7,55,7,8,7
"2053",7,71,10,10,10
"2054",10,66,13,13,15
"2055",9,63,11,11,7
"2056",7,41,7,6,15
"2057",814,940,125,44,75
"2058",5,62,3,7,7
"2059",3,59,12,8,13
"2060",8,49,9,5,13
"2061",15,49,10,4,17
"2062",8,66,13,7,11
"2063",5,66,11,11,13
"2064",8,48,7,7,14
"2065",6,43,7,5,14
"2066",6,51,4,6,9
"2067",9,57,8,3,10
"2068",11,72,8,9,8
"2069",8,44,2,7,12
"2070",7,51,5,5,18
"2071",814,941,125,44,75
"2072",813,941,124,44,75
"2073",9,59,5,6,17
"2074",6,39,8,9,10
"2075",3,39,8,6,8
"2076",7,52,12,7,9
"2077",12,60,2,8,10
"2078",6,47,5,7,10
"2079",812,941,125,44,75
"2080",3,46,12,6,11
"2081",5,59,9,8,14
"2082",7,66,7,12,16
"2083",12,63,14,8,13
"2084",6,70,4,8,11
"2085",10,80,8,7,15
"2086",9,45,5,5,16
"2087",814,941,125,44,75
"2088",4,41,7,9,7
"2089",7,60,12,2,13
"2090",814,941,125,44,75
"2091",11,49,9,4,8
"2092",11,65,10,5,8
"2093",11,56,9,7,18
"2094",5,62,12,4,13
"2095",7,61,8,10,17
"2096",4,58,6,3,10
"2097",3,43,5,6,10
"2098",7,64,10,6,19
"2099",811,939,125,44,75
"2100",12,54,7,9,10
"2101",9,59,7,6,11
"2102",16,51,16,13,10
"2103",8,52,5,5,14
"2104",11,67,4,5,9
"2105",11,58,9,12,12
"2106",814,941,125,44,75
"2107",6,87,3,8,12
"2108",2,72,10,7,9
"2109",9,56,8,12,7
"2110",7,51,10,9,11
"2111",11,71,11,5,8
"2112",5,58,5,5,12
"2113",8,53,4,8,11
"2114",9,67,5,6,14
"2115",6,60,6,6,15
"2116",9,58,10,8,13
"2117",6,55,2,6,11
"2118",15,50,4,1,9
"2119",6,54,5,4,13
"2120",3,41,8,4,11
"2121",6,75,9,6,14
"2122",6,67,7,7,11
"2123",5,53,6,7,18
"2124",1,48,4,5,8
"2125",7,60,4,6,12
"2126",814,941,125,44,75
"2127",7,73,6,5,17
"2128",7,58,1,3,7
"2129",4,43,7,9,12
"2130",7,51,8,4,10
"2131",15,71,9,8,11
"2132",7,48,2,8,17
"2133",5,63,8,5,9
"2134",5,56,6,12,19
"2135",9,30,4,7,10
"2136",10,55,6,8,16
"2137",814,941,125,44,75
"2138",4,55,10,5,8
"2139",814,941,125,44,75
"2140",5,62,10,9,16
"2141",8,60,7,7,14
"2142",7,60,6,5,9
"2143",10,46,6,8,11
"2144",14,63,9,4,12
"2145",12,59,7,6,9
"2146",7,56,11,5,11
"2147",8,47,8,8,10
"2148",7,55,9,7,16
"2149",8,61,11,7,10
"2150",7,57,6,4,11
"2151",814,941,125,44,75
"2152",7,64,6,7,17
"2153",3,47,8,4,10
"2154",13,73,6,6,16
"2155",8,58,6,7,14
"2156",6,64,5,6,22
"2157",5,63,7,12,20
"2158",8,66,6,3,12
"2159",13,72,11,10,13
"2160",5,55,7,5,9
"2161",10,60,6,10,15
"2162",10,48,10,4,10
"2163",4,36,3,3,9
"2164",6,49,12,7,17
"2165",8,61,10,8,8
"2166",6,73,11,9,12
"2167",9,41,7,5,10
"2168",14,57,7,11,10
"2169",3,55,7,5,9
"2170",5,55,13,6,15
"2171",15,56,9,7,17
"2172",13,68,5,8,11
"2173",7,62,7,5,12
"2174",814,941,125,44,75
"2175",10,59,6,8,13
"2176",11,63,7,2,13
"2177",4,42,6,5,9
"2178",6,61,7,4,15
"2179",10,54,6,4,8
"2180",6,53,6,7,10
"2181",814,941,125,44,75
"2182",12,57,4,8,7
"2183",814,941,125,44,75
"2184",813,941,125,44,75
"2185",8,70,10,10,12
"2186",8,50,4,8,16
"2187",10,58,6,7,11
"2188",9,64,6,10,11
"2189",9,55,10,3,9
"2190",10,53,5,8,12
"2191",9,75,8,4,14
"2192",6,54,15,7,6
"2193",7,64,5,5,11
"2194",7,61,5,5,9
"2195",10,63,8,9,8
"2196",11,61,6,7,15
"2197",15,81,10,7,10
"2198",5,53,5,6,13
"2199",9,76,8,6,13
"2200",813,940,125,44,75
"2201",4,47,13,6,10
"2202",11,51,8,4,15
"2203",14,51,11,6,15
"2204",814,941,125,44,75
"2205",5,57,14,6,9
"2206",16,55,9,11,13
"2207",1,51,8,8,17
"2208",814,941,125,44,75
"2209",6,61,3,5,13
"2210",814,941,125,44,75
"2211",9,49,7,2,15
"2212",6,54,5,8,13
"2213",13,61,6,4,11
"2214",814,941,125,44,75
"2215",11,80,7,7,15
"2216",8,79,9,9,12
"2217",4,41,7,9,12
"2218",5,55,6,5,17
"2219",16,78,5,5,19
"2220",5,48,11,10,10
"2221",9,54,10,4,14
"2222",5,49,7,5,8
"2223",814,941,125,44,75
"2224",4,61,3,4,15
"2225",10,68,7,5,11
"2226",814,941,125,44,75
"2227",8,59,7,16,12
"2228",11,61,7,12,9
"2229",814,941,125,44,75
"2230",5,62,8,3,9
"2231",6,56,15,6,12
"2232",9,65,2,7,14
"2233",6,46,2,12,8
"2234",814,940,125,44,75
"2235",813,940,125,44,75
"2236",7,54,13,3,8
"2237",814,941,125,44,75
"2238",7,39,5,8,14
"2239",4,56,5,5,4
"2240",7,59,14,7,14
"2241",814,941,125,44,75
"2242",4,46,9,7,13
"2243",814,941,125,44,75
"2244",10,62,5,4,14
"2245",3,38,6,6,16
"2246",7,54,8,11,14
"2247",7,52,8,9,14
"2248",8,60,2,12,13
"2249",11,51,9,6,13
"2250",9,49,8,7,10
"2251",14,59,5,5,11
"2252",814,941,125,44,75
"2253",813,941,125,44,75
"2254",12,59,9,6,11
"2255",3,57,6,10,11
"2256",4,56,7,7,6
"2257",814,941,125,44,75
"2258",6,65,5,3,11
"2259",10,55,8,2,16
"2260",6,58,8,8,9
"2261",811,941,125,44,75
"2262",11,62,11,6,15
"2263",814,941,125,44,75
"2264",814,941,125,44,75
"2265",13,54,5,7,11
"2266",6,58,8,8,7
"2267",5,56,5,9,10
"2268",7,64,8,6,15
"2269",8,54,8,4,14
"2270",10,60,7,8,14
"2271",814,941,124,44,75
"2272",9,58,9,4,13
"2273",6,48,10,2,6
"2274",9,67,8,6,10
"2275",13,57,9,10,12
"2276",15,51,5,7,11
"2277",5,61,7,9,12
"2278",6,56,7,6,13
"2279",814,940,125,44,75
"2280",7,50,5,5,11
"2281",5,52,5,5,10
"2282",6,54,8,6,8
"2283",5,47,7,9,8
"2284",814,941,125,44,75
"2285",9,44,8,6,10
"2286",814,940,125,44,75
"2287",8,65,9,6,6
"2288",6,44,7,7,9
"2289",4,62,5,5,12
"2290",813,941,125,44,75
"2291",4,41,9,6,9
"2292",6,53,10,9,13
"2293",3,46,7,3,12
"2294",12,52,3,6,7
"2295",6,52,9,2,14
"2296",6,54,8,7,15
"2297",2,71,4,5,12
"2298",4,45,7,5,15
"2299",7,82,11,10,17
"2300",3,58,9,4,16
"2301",5,57,10,9,12
"2302",10,59,7,8,13
"2303",12,61,7,4,14
"2304",2,43,5,8,13
"2305",10,58,8,11,9
"2306",8,59,4,5,10
"2307",814,941,125,44,75
"2308",814,941,125,44,75
"2309",7,52,10,9,14
"2310",10,51,14,8,11
"2311",10,59,4,5,12
"2312",8,72,7,6,6
"2313",814,941,125,44,75
"2314",4,36,5,9,9
"2315",814,941,125,44,75
"2316",5,50,6,7,10
"2317",10,56,8,11,10
"2318",7,62,9,9,12
"2319",10,67,8,7,10
"2320",812,941,125,44,75
"2321",813,941,125,44,75
"2322",6,45,7,3,6
"2323",814,941,125,44,75
"2324",5,48,9,8,11
"2325",7,84,10,8,13
"2326",8,49,5,6,5
"2327",6,51,9,8,14
"2328",6,63,9,11,7
"2329",7,52,7,6,12
"2330",5,48,5,4,14
"2331",8,59,10,8,15
"2332",814,938,125,44,75
"2333",5,75,8,10,10
"2334",814,941,125,44,75
"2335",4,53,10,6,13
"2336",5,56,4,6,11
"2337",11,60,3,6,11
"2338",6,59,8,13,15
"2339",814,941,125,44,75
"2340",2,46,5,5,14
"2341",10,58,6,5,15
"2342",7,48,4,7,15
"2343",11,47,7,5,14
"2344",7,53,12,7,17
"2345",812,941,124,44,75
"2346",814,941,125,44,75
"2347",814,941,125,44,75
"2348",3,44,8,3,8
"2349",814,941,125,44,75
"2350",814,941,125,44,75
"2351",4,50,9,7,8
"2352",7,65,11,10,10
"2353",5,48,4,7,12
"2354",4,24,4,5,10
"2355",11,52,3,7,12
"2356",814,941,125,44,75
"2357",5,58,6,13,14
"2358",11,62,6,8,12
"2359",10,57,9,7,8
"2360",10,50,11,8,10
"2361",9,61,10,5,10
"2362",5,51,7,4,10
"2363",10,61,5,9,11
"2364",6,48,5,6,13
"2365",11,61,9,9,16
"2366",8,48,5,7,10
"2367",4,66,6,6,17
"2368",5,38,11,2,11
"2369",814,941,125,44,75
"2370",7,53,7,5,9
"2371",814,941,125,44,75
"2372",4,55,4,6,11
"2373",10,46,10,7,8
"2374",6,79,14,9,17
"2375",8,43,14,11,16
"2376",5,37,7,4,9
"2377",814,941,125,44,75
"2378",814,941,125,44,75
"2379",8,60,13,11,15
"2380",5,62,7,9,16
"2381",8,44,7,7,16
"2382",8,40,6,6,19
"2383",6,45,6,11,9
"2384",7,70,6,7,14
"2385",16,58,4,8,14
"2386",6,60,2,5,10
"2387",8,58,7,8,13
"2388",814,940,125,44,75
"2389",9,62,5,5,19
"2390",8,61,7,5,7
"2391",9,60,8,4,6
"2392",5,62,5,11,12
"2393",11,56,5,7,17
"2394",4,47,8,8,10
"2395",12,54,9,10,15
"2396",814,941,125,44,75
"2397",14,53,12,6,17
"2398",5,44,8,11,15
"2399",6,61,7,6,21
"2400",813,941,125,44,75
"2401",10,47,9,7,10
"2402",5,51,8,7,9
"2403",5,42,5,7,11
"2404",10,65,7,9,10
"2405",13,57,12,6,7
"2406",9,62,11,7,7
"2407",4,52,12,6,5
"2408",813,941,125,44,75
"2409",11,65,5,10,12
"2410",11,84,13,6,12
"2411",7,65,9,11,13
"2412",12,58,11,10,9
"2413",8,52,11,9,11
"2414",6,42,3,10,15
"2415",814,941,125,44,75
"2416",812,940,125,44,75
"2417",11,49,4,7,7
"2418",10,47,7,9,9
"2419",9,59,7,8,14
"2420",15,72,10,12,18
"2421",7,59,8,9,12
"2422",12,53,7,10,12
"2423",3,56,8,9,15
"2424",7,55,6,5,7
"2425",11,54,10,11,9
"2426",814,941,125,44,75
"2427",814,941,125,44,75
"2428",8,43,5,9,15
"2429",11,69,10,9,9
"2430",814,940,125,44,75
"2431",5,55,4,10,11
"2432",11,61,13,7,17
"2433",6,66,9,10,8
"2434",814,941,125,44,75
"2435",814,941,125,44,75
"2436",814,941,125,44,75
"2437",814,941,125,44,75
"2438",8,59,6,9,15
"2439",7,60,10,9,7
"2440",8,50,7,7,12
"2441",7,59,7,3,10
"2442",5,63,9,6,10
"2443",814,941,125,44,75
"2444",9,44,5,5,11
"2445",6,58,6,4,14
"2446",5,37,5,4,8
"2447",18,66,8,9,18
"2448",814,941,125,44,75
"2449",4,44,6,5,13
"2450",12,62,9,7,14
"2451",11,52,3,4,12
"2452",5,58,10,10,7
"2453",11,66,8,5,7
"2454",5,52,5,8,11
"2455",6,54,9,2,9
"2456",6,70,11,7,12
"2457",7,79,12,9,11
"2458",8,59,6,8,11
"2459",9,63,5,7,14
"2460",9,44,9,10,9
"2461",8,50,7,8,14
"2462",14,50,10,6,15
"2463",5,65,8,6,16
"2464",7,61,7,6,8
"2465",11,50,7,8,16
"2466",13,69,7,5,10
"2467",10,56,9,3,15
"2468",10,62,12,7,10
"2469",814,941,125,44,75
"2470",10,80,5,4,17
"2471",11,45,4,10,19
"2472",10,42,7,8,10
"2473",2,62,6,7,12
"2474",8,61,9,4,12
"2475",814,941,125,44,75
"2476",814,941,125,44,75
"2477",13,72,6,7,22
"2478",12,41,6,7,13
"2479",5,55,5,11,16
"2480",10,61,2,6,13
"2481",9,65,7,4,16
"2482",9,64,11,6,24
"2483",2,64,6,5,8
"2484",9,71,14,5,17
"2485",8,49,9,6,9
"2486",3,52,4,7,7
"2487",8,69,7,6,17
"2488",12,56,7,8,10
"2489",12,66,8,11,12
"2490",8,50,6,4,10
"2491",11,57,9,9,16
"2492",8,59,14,6,13
"2493",813,941,125,44,75
"2494",814,941,125,44,75
"2495",8,63,16,8,10
"2496",7,57,12,7,15
"2497",9,59,5,5,8
"2498",14,49,5,6,13
"2499",3,48,7,4,6
"2500",10,33,11,3,6
