"time" "age1.S" "age2_no_comorbid.S" "age2_comorbid.S" "age3_no_comorbid.S" "age3_comorbid.S" "age1.E" "age2_no_comorbid.E" "age2_comorbid.E" "age3_no_comorbid.E" "age3_comorbid.E" "age1.P" "age2_no_comorbid.P" "age2_comorbid.P" "age3_no_comorbid.P" "age3_comorbid.P" "age1.A" "age2_no_comorbid.A" "age2_comorbid.A" "age3_no_comorbid.A" "age3_comorbid.A" "age1.O" "age2_no_comorbid.O" "age2_comorbid.O" "age3_no_comorbid.O" "age3_comorbid.O" "age1.I" "age2_no_comorbid.I" "age2_comorbid.I" "age3_no_comorbid.I" "age3_comorbid.I" "age1.H" "age2_no_comorbid.H" "age2_comorbid.H" "age3_no_comorbid.H" "age3_comorbid.H" "age1.R" "age2_no_comorbid.R" "age2_comorbid.R" "age3_no_comorbid.R" "age3_comorbid.R" "age1.D" "age2_no_comorbid.D" "age2_comorbid.D" "age3_no_comorbid.D" "age3_comorbid.D"
0 814 941 125 44 75 0 1 0 0 0 0 0 0 0 0 0 0 0 0 0 0 0 0 0 0 0 0 0 0 0 0 0 0 0 0 0 0 0 0 0 0 0 0 0 0
1.00415942283047 814 941 125 44 75 0 0 0 0 0 0 1 0 0 0 0 0 0 0 0 0 0 0 0 0 0 0 0 0 0 0 0 0 0 0 0 0 0 0 0 0 0 0 0 0
2.15674440599141 814 940 125 44 75 0 1 0 0 0 0 1 0 0 0 0 0 0 0 0 0 0 0 0 0 0 0 0 0 0 0 0 0 0 0 0 0 0 0 0 0 0 0 0 0
2.57707510923348 814 940 125 44 75 0 1 0 0 0 0 0 0 0 0 0 0 0 0 0 0 1 0 0 0 0 0 0 0 0 0 0 0 0 0 0 0 0 0 0 0 0 0 0 0
5.22570261264602 814 940 125 44 75 0 0 0 0 0 0 1 0 0 0 0 0 0 0 0 0 1 0 0 0 0 0 0 0 0 0 0 0 0 0 0 0 0 0 0 0 0 0 0 0
5.36061340599884 814 940 125 44 75 0 0 0 0 0 0 0 0 0 0 0 0 0 0 0 0 2 0 0 0 0 0 0 0 0 0 0 0 0 0 0 0 0 0 0 0 0 0 0 0
6.33508295111419 814 940 125 44 75 0 0 0 0 0 0 0 0 0 0 0 0 0 0 0 0 1 0 0 0 0 1 0 0 0 0 0 0 0 0 0 0 0 0 0 0 0 0 0 0
8.57770404569898 814 940 125 44 75 0 0 0 0 0 0 0 0 0 0 0 0 0 0 0 0 1 0 0 0 0 0 0 0 0 0 0 0 0 0 0 1 0 0 0 0 0 0 0 0
12.3692051655436 814 940 125 44 75 0 0 0 0 0 0 0 0 0 0 0 0 0 0 0 0 0 0 0 0 0 1 0 0 0 0 0 0 0 0 0 1 0 0 0 0 0 0 0 0
13.1308083247111 814 940 125 44 75 0 0 0 0 0 0 0 0 0 0 0 0 0 0 0 0 0 0 0 0 0 0 0 0 0 0 1 0 0 0 0 1 0 0 0 0 0 0 0 0
15.5600011364697 813 940 125 44 75 1 0 0 0 0 0 0 0 0 0 0 0 0 0 0 0 0 0 0 0 0 0 0 0 0 0 1 0 0 0 0 1 0 0 0 0 0 0 0 0
16.2408831424142 813 940 125 44 75 1 0 0 0 0 0 0 0 0 0 0 0 0 0 0 0 0 0 0 0 0 0 0 0 0 0 0 0 0 0 0 1 0 0 0 0 1 0 0 0
18.0435590832857 813 940 125 44 75 0 0 0 0 0 1 0 0 0 0 0 0 0 0 0 0 0 0 0 0 0 0 0 0 0 0 0 0 0 0 0 1 0 0 0 0 1 0 0 0
18.1182887552897 813 940 125 44 75 0 0 0 0 0 0 0 0 0 0 1 0 0 0 0 0 0 0 0 0 0 0 0 0 0 0 0 0 0 0 0 1 0 0 0 0 1 0 0 0
21.8598314434115 813 940 125 44 75 0 0 0 0 0 0 0 0 0 0 0 0 0 0 0 0 0 0 0 0 0 0 0 0 0 0 0 0 0 0 1 1 0 0 0 0 1 0 0 0
365 813 940 125 44 75 0 0 0 0 0 0 0 0 0 0 0 0 0 0 0 0 0 0 0 0 0 0 0 0 0 0 0 0 0 0 1 1 0 0 0 0 1 0 0 0
