"","age1_orange.H","age1_green.H","age2_no_comorbid_orange.H","age2_no_comorbid_green.H","age2_comorbid_green.H","age3_no_comorbid_green.H","age3_comorbid_green.H"
"1",1.32978723404255,0,1.65094339622642,0,0,0,0
"2",2.26063829787234,0,1.53301886792453,0,0,0,0
"3",2.52659574468085,0,1.7688679245283,0,0,0,0
"4",2.26063829787234,0,2.24056603773585,0,0.798722044728434,0,0
"5",1.99468085106383,3.20512820512821,1.41509433962264,2.13219616204691,3.99361022364217,6.81818181818182,6.70241286863271
"6",2.12765957446809,4.80769230769231,1.65094339622642,3.19829424307036,3.99361022364217,2.27272727272727,6.70241286863271
"7",0,0,0,0,0,0,0
"8",0,0,0,0,0,0,0
"9",2.79255319148936,3.20512820512821,3.06603773584906,3.19829424307036,3.99361022364217,6.81818181818182,8.04289544235925
"10",2.3936170212766,0,2.00471698113208,0,0,0,0
"11",1.59574468085106,1.6025641025641,1.41509433962264,1.06609808102345,4.79233226837061,2.27272727272727,5.36193029490617
"12",1.99468085106383,3.20512820512821,1.7688679245283,3.19829424307036,4.79233226837061,4.54545454545455,5.36193029490617
"13",1.86170212765957,0,1.7688679245283,0,0,0,0
"14",1.32978723404255,3.20512820512821,2.00471698113208,3.19829424307036,5.59105431309904,6.81818181818182,10.7238605898123
"15",2.92553191489362,0,1.41509433962264,0,0,0,0
"16",1.72872340425532,1.6025641025641,1.7688679245283,1.06609808102345,6.38977635782748,6.81818181818182,8.04289544235925
"17",2.26063829787234,3.20512820512821,1.53301886792453,2.13219616204691,4.79233226837061,6.81818181818182,8.04289544235925
"18",1.99468085106383,1.6025641025641,2.24056603773585,0,0,0,0
"19",1.72872340425532,1.6025641025641,1.53301886792453,2.13219616204691,3.19488817891374,4.54545454545455,4.02144772117963
"20",0,0,0,0,0,0,0
"21",2.3936170212766,0,2.35849056603774,0,0,0,0
"22",1.99468085106383,1.6025641025641,1.65094339622642,3.19829424307036,5.59105431309904,4.54545454545455,9.38337801608579
"23",1.06382978723404,1.6025641025641,1.65094339622642,4.26439232409382,3.99361022364217,2.27272727272727,8.04289544235925
"24",1.72872340425532,0,2.12264150943396,0,0,0,0
"25",1.86170212765957,1.6025641025641,1.41509433962264,2.13219616204691,3.19488817891374,4.54545454545455,10.7238605898123
"26",2.12765957446809,0,2.00471698113208,0,0,0,0
"27",1.59574468085106,3.20512820512821,2.59433962264151,3.19829424307036,3.99361022364217,4.54545454545455,13.4048257372654
"28",0,0,0,0,0,0,0
"29",2.26063829787234,0,1.17924528301887,0,0,0,0
"30",0,0,0,0,0,0,0
"31",1.99468085106383,1.6025641025641,2.83018867924528,2.13219616204691,6.38977635782748,9.09090909090909,9.38337801608579
"32",1.99468085106383,0,2.12264150943396,0,0,0,0
"33",1.86170212765957,4.80769230769231,2.24056603773585,3.19829424307036,5.59105431309904,4.54545454545455,9.38337801608579
"34",0,0,0,0,0,0,0
"35",2.3936170212766,1.6025641025641,1.06132075471698,1.06609808102345,5.59105431309904,4.54545454545455,8.04289544235925
"36",1.99468085106383,3.20512820512821,1.65094339622642,1.06609808102345,5.59105431309904,4.54545454545455,6.70241286863271
"37",1.1968085106383,1.6025641025641,1.65094339622642,4.26439232409382,7.18849840255591,9.09090909090909,9.38337801608579
"38",2.3936170212766,3.20512820512821,1.29716981132075,3.19829424307036,3.19488817891374,6.81818181818182,13.4048257372654
"39",1.99468085106383,4.80769230769231,1.7688679245283,2.13219616204691,2.3961661341853,9.09090909090909,5.36193029490617
"40",2.79255319148936,0,1.65094339622642,0,0,0,0
"41",1.72872340425532,0,2.12264150943396,0,0,0,0
"42",1.1968085106383,4.80769230769231,2.35849056603774,6.39658848614073,5.59105431309904,13.6363636363636,13.4048257372654
"43",1.46276595744681,0,1.41509433962264,0,0,0,0
"44",0,0,0,0,0,0,0
"45",0,0,0,0,0,0,0
"46",0,0,0,0,0,0,0
"47",2.52659574468085,0,2.24056603773585,0,0,0,0
"48",1.86170212765957,3.20512820512821,2.00471698113208,1.06609808102345,4.79233226837061,4.54545454545455,12.0643431635389
"49",1.59574468085106,0,1.65094339622642,0,0,0,0
"50",1.72872340425532,3.20512820512821,1.7688679245283,1.06609808102345,4.79233226837061,6.81818181818182,6.70241286863271
"51",1.59574468085106,1.6025641025641,2.12264150943396,3.19829424307036,3.99361022364217,6.81818181818182,10.7238605898123
"52",1.86170212765957,0,2.47641509433962,0,0,0,0
"53",0,0,0,0,0,0,0
"54",0,0,0,0,0,0,0
"55",0,0,0,0,0,0,0
"56",2.12765957446809,0,1.65094339622642,3.19829424307036,3.19488817891374,4.54545454545455,10.7238605898123
"57",2.65957446808511,0,1.7688679245283,0,0.798722044728434,0,0
"58",2.65957446808511,6.41025641025641,2.24056603773585,2.13219616204691,5.59105431309904,6.81818181818182,6.70241286863271
"59",2.12765957446809,3.20512820512821,1.7688679245283,2.13219616204691,5.59105431309904,4.54545454545455,9.38337801608579
"60",3.05851063829787,0,1.88679245283019,0,0,0,0
"61",1.99468085106383,3.20512820512821,1.7688679245283,3.19829424307036,3.19488817891374,2.27272727272727,9.38337801608579
"62",1.86170212765957,3.20512820512821,2.12264150943396,3.19829424307036,5.59105431309904,11.3636363636364,8.04289544235925
"63",1.72872340425532,0,1.65094339622642,0,0,0,0
"64",0,0,0,0,0,0,0
"65",1.72872340425532,3.20512820512821,1.53301886792453,2.13219616204691,7.98722044728434,2.27272727272727,5.36193029490617
"66",0,0,0,0,0,0,0
"67",1.72872340425532,3.20512820512821,2.00471698113208,2.13219616204691,3.99361022364217,4.54545454545455,6.70241286863271
"68",1.99468085106383,0,1.7688679245283,0,0,0,0
"69",0,0,0,0,0,0,0
"70",1.59574468085106,4.80769230769231,1.65094339622642,2.13219616204691,3.99361022364217,4.54545454545455,6.70241286863271
"71",0,0,0,0,0,0,0
"72",0,0,0,0,0,0,0
"73",0,0,0,0,0,0,0
"74",0,0,0.117924528301887,0,0,0,0
"75",1.99468085106383,3.20512820512821,1.65094339622642,2.13219616204691,3.19488817891374,4.54545454545455,5.36193029490617
"76",1.86170212765957,3.20512820512821,1.88679245283019,3.19829424307036,5.59105431309904,6.81818181818182,10.7238605898123
"77",2.52659574468085,4.80769230769231,2.12264150943396,3.19829424307036,3.99361022364217,4.54545454545455,8.04289544235925
"78",0,0,0,0,0,0,0
"79",2.52659574468085,0,1.88679245283019,0,0,0,0
"80",1.59574468085106,1.6025641025641,1.88679245283019,2.13219616204691,3.99361022364217,4.54545454545455,8.04289544235925
"81",1.46276595744681,3.20512820512821,1.7688679245283,2.13219616204691,3.19488817891374,2.27272727272727,13.4048257372654
"82",0,0,0.117924528301887,0,0,0,0
"83",1.99468085106383,6.41025641025641,1.7688679245283,4.26439232409382,3.99361022364217,4.54545454545455,10.7238605898123
"84",2.52659574468085,1.6025641025641,1.7688679245283,3.19829424307036,2.3961661341853,6.81818181818182,8.04289544235925
"85",0,0,0,0,0,0,0
"86",0,0,0,0,0,0,0
"87",2.3936170212766,3.20512820512821,1.17924528301887,2.13219616204691,4.79233226837061,4.54545454545455,4.02144772117963
"88",1.46276595744681,3.20512820512821,1.65094339622642,3.19829424307036,3.19488817891374,6.81818181818182,5.36193029490617
"89",0,0,0,0,0,0,0
"90",1.46276595744681,1.6025641025641,1.29716981132075,2.13219616204691,3.99361022364217,2.27272727272727,6.70241286863271
"91",1.72872340425532,3.20512820512821,1.7688679245283,1.06609808102345,5.59105431309904,6.81818181818182,8.04289544235925
"92",2.26063829787234,3.20512820512821,1.7688679245283,2.13219616204691,5.59105431309904,4.54545454545455,10.7238605898123
"93",1.99468085106383,4.80769230769231,2.12264150943396,2.13219616204691,4.79233226837061,4.54545454545455,9.38337801608579
"94",2.12765957446809,0,2.12264150943396,0,0,0,0
"95",1.59574468085106,0,1.29716981132075,0,0,0,0
"96",1.86170212765957,0,1.65094339622642,0,0,0,1.34048257372654
"97",0,0,0,0,0,0,0
"98",1.1968085106383,3.20512820512821,2.00471698113208,2.13219616204691,7.18849840255591,6.81818181818182,9.38337801608579
"99",0,0,0,0,0,0,0
"100",1.86170212765957,6.41025641025641,1.7688679245283,1.06609808102345,7.18849840255591,9.09090909090909,6.70241286863271
"101",2.12765957446809,0,1.88679245283019,1.06609808102345,0,2.27272727272727,0
"102",1.72872340425532,1.6025641025641,1.06132075471698,2.13219616204691,7.98722044728434,2.27272727272727,12.0643431635389
"103",0,0,0,0,0,0,0
"104",0,0,0,0,0,0,0
"105",2.92553191489362,4.80769230769231,1.88679245283019,4.26439232409382,4.79233226837061,4.54545454545455,10.7238605898123
"106",1.99468085106383,1.6025641025641,2.59433962264151,2.13219616204691,6.38977635782748,11.3636363636364,9.38337801608579
"107",1.86170212765957,8.01282051282051,1.65094339622642,4.26439232409382,4.79233226837061,9.09090909090909,8.04289544235925
"108",0,0,0,0,0,0,0
"109",1.99468085106383,3.20512820512821,1.88679245283019,2.13219616204691,4.79233226837061,4.54545454545455,5.36193029490617
"110",0,0,0,0,0,0,0
"111",2.12765957446809,3.20512820512821,1.41509433962264,3.19829424307036,5.59105431309904,4.54545454545455,12.0643431635389
"112",0,0,0,0,0,0,0
"113",2.26063829787234,1.6025641025641,2.00471698113208,2.13219616204691,5.59105431309904,6.81818181818182,8.04289544235925
"114",1.99468085106383,3.20512820512821,1.06132075471698,1.06609808102345,3.99361022364217,4.54545454545455,8.04289544235925
"115",1.99468085106383,0,2.35849056603774,0,0,0,0
"116",1.86170212765957,0,1.7688679245283,1.06609808102345,0.798722044728434,0,2.68096514745308
"117",1.46276595744681,0,1.53301886792453,0,0,0,0
"118",1.59574468085106,1.6025641025641,1.7688679245283,2.13219616204691,8.78594249201278,6.81818181818182,12.0643431635389
"119",1.99468085106383,3.20512820512821,1.29716981132075,2.13219616204691,7.18849840255591,2.27272727272727,8.04289544235925
"120",1.46276595744681,0,1.7688679245283,0,0,0,0
"121",1.99468085106383,4.80769230769231,1.65094339622642,4.26439232409382,5.59105431309904,9.09090909090909,10.7238605898123
"122",1.99468085106383,0,2.00471698113208,0,0,0,0
"123",0,0,0,0,0,0,0
"124",2.3936170212766,3.20512820512821,1.88679245283019,1.06609808102345,5.59105431309904,4.54545454545455,5.36193029490617
"125",2.12765957446809,3.20512820512821,1.7688679245283,3.19829424307036,3.99361022364217,2.27272727272727,5.36193029490617
"126",1.46276595744681,0,1.29716981132075,0,0,0,0
"127",0,0,0,0,0,0,0
"128",0,0,0,0,0,0,0
"129",2.92553191489362,0,2.24056603773585,0,0,0,0
"130",0,0,0,0,0,0,0
"131",2.65957446808511,0,2.00471698113208,0,0,0,1.34048257372654
"132",0,0,0,0,0,0,0
"133",0.132978723404255,0,0,0,0,0,0
"134",2.26063829787234,0,1.53301886792453,0,0,0,0
"135",0,0,0,0,0,0,0
"136",2.12765957446809,4.80769230769231,1.65094339622642,2.13219616204691,5.59105431309904,6.81818181818182,6.70241286863271
"137",1.99468085106383,0,1.88679245283019,0,0.798722044728434,0,0
"138",0,0,0,0,0,0,0
"139",0,0,0,0,0,0,0
"140",2.3936170212766,1.6025641025641,1.41509433962264,3.19829424307036,7.18849840255591,6.81818181818182,9.38337801608579
"141",0,0,0,0,0,0,0
"142",2.3936170212766,1.6025641025641,1.65094339622642,2.13219616204691,3.19488817891374,4.54545454545455,8.04289544235925
"143",1.72872340425532,0,1.65094339622642,0,0,0,0
"144",1.32978723404255,3.20512820512821,1.88679245283019,3.19829424307036,3.19488817891374,4.54545454545455,6.70241286863271
"145",0,0,0,0,0,0,0
"146",1.99468085106383,0,2.47641509433962,0,0,0,0
"147",0,0,0,0,0,0,0
"148",0,0,0,0,0,0,0
"149",2.12765957446809,1.6025641025641,1.53301886792453,3.19829424307036,3.19488817891374,9.09090909090909,9.38337801608579
"150",0,0,0,0,0,0,0
"151",3.19148936170213,0,2.47641509433962,0,0,0,0
"152",1.99468085106383,3.20512820512821,1.7688679245283,2.13219616204691,7.98722044728434,4.54545454545455,9.38337801608579
"153",0,0,0,0,0,0,0
"154",1.59574468085106,0,2.00471698113208,0,0,0,0
"155",2.12765957446809,1.6025641025641,2.00471698113208,4.26439232409382,4.79233226837061,6.81818181818182,6.70241286863271
"156",1.72872340425532,3.20512820512821,2.7122641509434,3.19829424307036,6.38977635782748,4.54545454545455,10.7238605898123
"157",0,0,0,0,0,0,0
"158",0,0,0,0,0,0,0
"159",1.72872340425532,1.6025641025641,2.00471698113208,3.19829424307036,3.99361022364217,4.54545454545455,6.70241286863271
"160",2.26063829787234,1.6025641025641,2.00471698113208,2.13219616204691,5.59105431309904,4.54545454545455,5.36193029490617
"161",1.59574468085106,1.6025641025641,2.00471698113208,2.13219616204691,6.38977635782748,9.09090909090909,10.7238605898123
"162",0,0,0,0,0,0,0
"163",3.05851063829787,1.6025641025641,1.17924528301887,2.13219616204691,3.99361022364217,4.54545454545455,10.7238605898123
"164",2.3936170212766,1.6025641025641,1.88679245283019,2.13219616204691,2.3961661341853,2.27272727272727,4.02144772117963
"165",0,0,0,0,0,0,0
"166",0,0,0,0,0,0,0
"167",2.3936170212766,1.6025641025641,1.41509433962264,3.19829424307036,3.99361022364217,4.54545454545455,9.38337801608579
"168",2.26063829787234,6.41025641025641,1.41509433962264,2.13219616204691,2.3961661341853,2.27272727272727,5.36193029490617
"169",0,0,0,0,0,0,0
"170",1.86170212765957,0,1.88679245283019,0,0,0,0
"171",1.72872340425532,1.6025641025641,1.7688679245283,1.06609808102345,7.18849840255591,4.54545454545455,6.70241286863271
"172",2.12765957446809,1.6025641025641,1.7688679245283,4.26439232409382,6.38977635782748,6.81818181818182,10.7238605898123
"173",0,0,0,0,0,0,0
"174",1.72872340425532,0,1.65094339622642,0,0,0,0
"175",2.3936170212766,0,1.53301886792453,0,0,0,0
"176",1.46276595744681,4.80769230769231,2.24056603773585,3.19829424307036,3.99361022364217,6.81818181818182,10.7238605898123
"177",2.79255319148936,4.80769230769231,1.29716981132075,2.13219616204691,6.38977635782748,9.09090909090909,4.02144772117963
"178",2.52659574468085,0,2.00471698113208,0,0,0,0
"179",1.86170212765957,0,1.7688679245283,0,0,0,0
"180",0,0,0,0,0,0,0
"181",1.72872340425532,0,2.47641509433962,0,0,0,0
"182",0,0,0,0,0,0,0
"183",1.99468085106383,1.6025641025641,1.65094339622642,2.13219616204691,3.99361022364217,4.54545454545455,8.04289544235925
"184",2.12765957446809,0,2.00471698113208,0,0,0,0
"185",1.72872340425532,4.80769230769231,1.65094339622642,2.13219616204691,7.18849840255591,6.81818181818182,12.0643431635389
"186",2.26063829787234,3.20512820512821,1.53301886792453,2.13219616204691,3.99361022364217,6.81818181818182,6.70241286863271
"187",1.72872340425532,4.80769230769231,1.7688679245283,2.13219616204691,3.99361022364217,2.27272727272727,8.04289544235925
"188",0,0,0,0,0,0,0
"189",2.12765957446809,1.6025641025641,1.7688679245283,0,5.59105431309904,4.54545454545455,6.70241286863271
"190",1.99468085106383,4.80769230769231,1.41509433962264,2.13219616204691,3.99361022364217,4.54545454545455,6.70241286863271
"191",2.26063829787234,3.20512820512821,2.24056603773585,3.19829424307036,3.99361022364217,4.54545454545455,5.36193029490617
"192",1.72872340425532,0,2.7122641509434,0,0,0,0
"193",1.86170212765957,1.6025641025641,2.12264150943396,2.13219616204691,7.18849840255591,6.81818181818182,8.04289544235925
"194",0,0,0,0,0,0,0
"195",1.72872340425532,3.20512820512821,2.00471698113208,2.13219616204691,5.59105431309904,4.54545454545455,6.70241286863271
"196",1.46276595744681,4.80769230769231,1.53301886792453,1.06609808102345,5.59105431309904,6.81818181818182,5.36193029490617
"197",1.86170212765957,0,1.41509433962264,0,0,0,0
"198",0,0,0,0,0,0,0
"199",2.12765957446809,8.01282051282051,1.65094339622642,2.13219616204691,7.18849840255591,4.54545454545455,13.4048257372654
"200",1.99468085106383,3.20512820512821,2.24056603773585,2.13219616204691,9.58466453674121,9.09090909090909,8.04289544235925
"201",0,0,0,0,0,0,0
"202",1.86170212765957,3.20512820512821,2.24056603773585,3.19829424307036,3.19488817891374,9.09090909090909,9.38337801608579
"203",1.86170212765957,3.20512820512821,1.88679245283019,4.26439232409382,3.99361022364217,4.54545454545455,8.04289544235925
"204",0,0,0,0,0,0,0
"205",1.99468085106383,4.80769230769231,1.53301886792453,4.26439232409382,4.79233226837061,6.81818181818182,8.04289544235925
"206",1.72872340425532,3.20512820512821,1.88679245283019,2.13219616204691,4.79233226837061,2.27272727272727,8.04289544235925
"207",0,0,0,0,0,0,0
"208",1.72872340425532,4.80769230769231,1.53301886792453,3.19829424307036,3.19488817891374,9.09090909090909,5.36193029490617
"209",1.72872340425532,3.20512820512821,1.65094339622642,3.19829424307036,3.19488817891374,6.81818181818182,9.38337801608579
"210",0,0,0,0,0,0,0
"211",0,0,0,0,0,0,0
"212",0,0,0,0,0,0,0
"213",2.12765957446809,3.20512820512821,2.12264150943396,2.13219616204691,5.59105431309904,6.81818181818182,10.7238605898123
"214",0,0,0,0,0,0,0
"215",2.52659574468085,6.41025641025641,2.35849056603774,2.13219616204691,7.18849840255591,6.81818181818182,10.7238605898123
"216",2.3936170212766,0,1.29716981132075,0,0.798722044728434,0,0
"217",2.26063829787234,4.80769230769231,2.00471698113208,1.06609808102345,3.99361022364217,4.54545454545455,6.70241286863271
"218",1.72872340425532,0,2.47641509433962,0,0,0,0
"219",0,0,0,0,0,0,0
"220",2.12765957446809,3.20512820512821,1.41509433962264,3.19829424307036,6.38977635782748,6.81818181818182,10.7238605898123
"221",2.26063829787234,3.20512820512821,1.88679245283019,1.06609808102345,3.19488817891374,4.54545454545455,5.36193029490617
"222",2.52659574468085,0,1.7688679245283,0,0,0,0
"223",1.86170212765957,1.6025641025641,1.88679245283019,3.19829424307036,3.99361022364217,4.54545454545455,6.70241286863271
"224",1.99468085106383,3.20512820512821,1.29716981132075,3.19829424307036,3.99361022364217,4.54545454545455,10.7238605898123
"225",2.3936170212766,4.80769230769231,2.00471698113208,1.06609808102345,5.59105431309904,6.81818181818182,8.04289544235925
"226",1.86170212765957,3.20512820512821,0.943396226415094,2.13219616204691,4.79233226837061,4.54545454545455,5.36193029490617
"227",1.46276595744681,0,1.53301886792453,0,0,0,0
"228",2.79255319148936,0,1.88679245283019,1.06609808102345,0,0,0
"229",2.3936170212766,3.20512820512821,1.7688679245283,1.06609808102345,3.19488817891374,2.27272727272727,6.70241286863271
"230",1.86170212765957,0,1.29716981132075,0,0,0,0
"231",0,0,0,0,0,0,0
"232",1.99468085106383,3.20512820512821,2.35849056603774,1.06609808102345,6.38977635782748,2.27272727272727,6.70241286863271
"233",1.72872340425532,0,1.53301886792453,0,0,0,0
"234",1.72872340425532,4.80769230769231,1.29716981132075,2.13219616204691,5.59105431309904,4.54545454545455,14.745308310992
"235",1.32978723404255,0,2.59433962264151,0,0,0,0
"236",1.46276595744681,0,2.12264150943396,0,0,0,0
"237",2.12765957446809,3.20512820512821,1.29716981132075,3.19829424307036,3.99361022364217,2.27272727272727,10.7238605898123
"238",2.12765957446809,3.20512820512821,2.24056603773585,2.13219616204691,3.19488817891374,6.81818181818182,9.38337801608579
"239",1.99468085106383,0,1.88679245283019,0,0,0,0
"240",0,0,0,0,0,0,0
"241",2.26063829787234,1.6025641025641,1.65094339622642,2.13219616204691,3.99361022364217,4.54545454545455,8.04289544235925
"242",1.72872340425532,3.20512820512821,1.53301886792453,2.13219616204691,6.38977635782748,6.81818181818182,4.02144772117963
"243",2.26063829787234,3.20512820512821,1.88679245283019,2.13219616204691,4.79233226837061,4.54545454545455,5.36193029490617
"244",2.12765957446809,0,1.29716981132075,0,0,0,0
"245",1.99468085106383,1.6025641025641,1.65094339622642,2.13219616204691,6.38977635782748,6.81818181818182,12.0643431635389
"246",1.72872340425532,0,1.7688679245283,0,0,0,0
"247",1.46276595744681,3.20512820512821,2.12264150943396,3.19829424307036,3.99361022364217,4.54545454545455,5.36193029490617
"248",2.52659574468085,1.6025641025641,1.53301886792453,2.13219616204691,5.59105431309904,6.81818181818182,8.04289544235925
"249",1.59574468085106,0,2.12264150943396,0,0,0,1.34048257372654
"250",2.52659574468085,4.80769230769231,1.53301886792453,2.13219616204691,4.79233226837061,4.54545454545455,9.38337801608579
"251",1.72872340425532,1.6025641025641,1.7688679245283,2.13219616204691,7.98722044728434,2.27272727272727,9.38337801608579
"252",0,0,0,0,0,0,0
"253",0,0,0,0,0,0,0
"254",2.12765957446809,0,2.00471698113208,0,0,0,0
"255",1.72872340425532,3.20512820512821,2.12264150943396,1.06609808102345,3.99361022364217,6.81818181818182,16.0857908847185
"256",1.99468085106383,1.6025641025641,1.53301886792453,2.13219616204691,5.59105431309904,2.27272727272727,4.02144772117963
"257",2.52659574468085,3.20512820512821,1.41509433962264,2.13219616204691,7.18849840255591,2.27272727272727,4.02144772117963
"258",0,0,0,0,0,0,0
"259",2.12765957446809,4.80769230769231,1.65094339622642,2.13219616204691,5.59105431309904,4.54545454545455,10.7238605898123
"260",2.52659574468085,3.20512820512821,2.00471698113208,3.19829424307036,6.38977635782748,6.81818181818182,10.7238605898123
"261",1.86170212765957,0,1.88679245283019,0,0,0,0
"262",0,0,0,0,0,0,0
"263",0,0,0,0,0,0,0
"264",2.12765957446809,3.20512820512821,1.06132075471698,2.13219616204691,3.99361022364217,4.54545454545455,6.70241286863271
"265",0,0,0,0,0,0,0
"266",0,0,0,0,0,0,0
"267",2.3936170212766,0,1.7688679245283,1.06609808102345,0,0,0
"268",1.99468085106383,4.80769230769231,1.88679245283019,1.06609808102345,3.99361022364217,4.54545454545455,8.04289544235925
"269",1.46276595744681,3.20512820512821,1.17924528301887,2.13219616204691,6.38977635782748,6.81818181818182,9.38337801608579
"270",2.65957446808511,1.6025641025641,2.35849056603774,3.19829424307036,3.99361022364217,4.54545454545455,5.36193029490617
"271",2.65957446808511,1.6025641025641,1.06132075471698,2.13219616204691,7.18849840255591,9.09090909090909,9.38337801608579
"272",0,0,0,0,0,0,0
"273",0,0,0,0,0,0,0
"274",1.99468085106383,0,1.41509433962264,0,0,0,0
"275",0,0,0,0,0,0,0
"276",1.46276595744681,1.6025641025641,2.00471698113208,3.19829424307036,5.59105431309904,4.54545454545455,5.36193029490617
"277",2.26063829787234,6.41025641025641,1.88679245283019,1.06609808102345,5.59105431309904,6.81818181818182,8.04289544235925
"278",1.86170212765957,1.6025641025641,2.47641509433962,1.06609808102345,5.59105431309904,4.54545454545455,4.02144772117963
"279",2.52659574468085,3.20512820512821,1.53301886792453,2.13219616204691,4.79233226837061,4.54545454545455,5.36193029490617
"280",0,0,0.117924528301887,0,0,0,0
"281",2.26063829787234,0,1.41509433962264,0,0,0,0
"282",0,0,0,0,0,0,0
"283",0,0,0,0,0,0,0
"284",2.52659574468085,0,2.00471698113208,0,0,0,1.34048257372654
"285",0,0,0,0,0,0,0
"286",1.72872340425532,3.20512820512821,1.7688679245283,3.19829424307036,4.79233226837061,6.81818181818182,6.70241286863271
"287",0,0,0,0,0,0,0
"288",2.65957446808511,0,2.12264150943396,0,0.798722044728434,0,0
"289",0,0,0,0,0,0,0
"290",0,0,0,0,0,0,0
"291",1.86170212765957,4.80769230769231,1.88679245283019,3.19829424307036,7.98722044728434,2.27272727272727,9.38337801608579
"292",2.12765957446809,0,1.88679245283019,0,0,0,0
"293",2.26063829787234,3.20512820512821,1.06132075471698,2.13219616204691,3.19488817891374,9.09090909090909,10.7238605898123
"294",1.72872340425532,4.80769230769231,1.7688679245283,3.19829424307036,5.59105431309904,6.81818181818182,4.02144772117963
"295",1.99468085106383,3.20512820512821,2.12264150943396,3.19829424307036,4.79233226837061,4.54545454545455,8.04289544235925
"296",0,0,0,0,0,0,0
"297",2.79255319148936,3.20512820512821,2.00471698113208,1.06609808102345,4.79233226837061,6.81818181818182,5.36193029490617
"298",2.3936170212766,4.80769230769231,1.88679245283019,4.26439232409382,3.19488817891374,2.27272727272727,6.70241286863271
"299",1.99468085106383,3.20512820512821,1.7688679245283,3.19829424307036,5.59105431309904,6.81818181818182,8.04289544235925
"300",1.72872340425532,3.20512820512821,1.06132075471698,4.26439232409382,5.59105431309904,4.54545454545455,6.70241286863271
"301",1.59574468085106,0,1.29716981132075,0,0,0,0
"302",2.79255319148936,3.20512820512821,1.06132075471698,3.19829424307036,2.3961661341853,2.27272727272727,9.38337801608579
"303",2.65957446808511,1.6025641025641,2.00471698113208,3.19829424307036,3.99361022364217,6.81818181818182,8.04289544235925
"304",1.32978723404255,0,1.17924528301887,0,0,0,0
"305",1.59574468085106,4.80769230769231,1.53301886792453,3.19829424307036,3.99361022364217,6.81818181818182,8.04289544235925
"306",1.72872340425532,1.6025641025641,1.88679245283019,2.13219616204691,5.59105431309904,6.81818181818182,4.02144772117963
"307",2.52659574468085,1.6025641025641,1.53301886792453,1.06609808102345,2.3961661341853,2.27272727272727,6.70241286863271
"308",0,0,0,0,0,0,0
"309",2.52659574468085,1.6025641025641,1.7688679245283,4.26439232409382,4.79233226837061,6.81818181818182,8.04289544235925
"310",0,0,0,0,0,0,0
"311",0,0,0,0,0,0,0
"312",0,0,0,0,0,0,0
"313",1.59574468085106,1.6025641025641,1.29716981132075,3.19829424307036,3.19488817891374,2.27272727272727,14.745308310992
"314",0,0,0,0,0,0,0
"315",1.59574468085106,3.20512820512821,1.7688679245283,4.26439232409382,8.78594249201278,6.81818181818182,8.04289544235925
"316",1.99468085106383,0,1.88679245283019,0,0,0,0
"317",1.72872340425532,6.41025641025641,1.53301886792453,1.06609808102345,5.59105431309904,4.54545454545455,8.04289544235925
"318",1.86170212765957,0,1.65094339622642,0,0,0,0
"319",0,0,0,0,0,0,0
"320",1.72872340425532,3.20512820512821,2.00471698113208,2.13219616204691,4.79233226837061,2.27272727272727,5.36193029490617
"321",0,0,0,0,0,0,0
"322",1.99468085106383,0,1.65094339622642,0,0,0,0
"323",1.46276595744681,0,2.24056603773585,0,0,0,0
"324",1.46276595744681,4.80769230769231,1.17924528301887,3.19829424307036,6.38977635782748,4.54545454545455,8.04289544235925
"325",2.52659574468085,3.20512820512821,2.00471698113208,1.06609808102345,3.99361022364217,4.54545454545455,9.38337801608579
"326",2.92553191489362,3.20512820512821,2.00471698113208,2.13219616204691,5.59105431309904,4.54545454545455,12.0643431635389
"327",1.59574468085106,0,2.00471698113208,0,0,0,0
"328",0,0,0,0,0,0,0
"329",0,0,0,0,0,0,0
"330",2.52659574468085,1.6025641025641,2.24056603773585,3.19829424307036,4.79233226837061,9.09090909090909,6.70241286863271
"331",1.86170212765957,3.20512820512821,1.88679245283019,1.06609808102345,4.79233226837061,2.27272727272727,8.04289544235925
"332",1.86170212765957,3.20512820512821,1.88679245283019,2.13219616204691,5.59105431309904,4.54545454545455,8.04289544235925
"333",1.72872340425532,3.20512820512821,2.12264150943396,3.19829424307036,5.59105431309904,9.09090909090909,10.7238605898123
"334",2.3936170212766,0,1.7688679245283,0,0,0,0
"335",2.26063829787234,3.20512820512821,1.41509433962264,2.13219616204691,6.38977635782748,4.54545454545455,8.04289544235925
"336",1.99468085106383,1.6025641025641,2.00471698113208,1.06609808102345,6.38977635782748,2.27272727272727,14.745308310992
"337",1.46276595744681,1.6025641025641,1.7688679245283,1.06609808102345,3.99361022364217,4.54545454545455,6.70241286863271
"338",1.86170212765957,0,1.7688679245283,0,0,0,0
"339",1.99468085106383,3.20512820512821,1.7688679245283,4.26439232409382,4.79233226837061,4.54545454545455,8.04289544235925
"340",0,0,0,0,0,0,0
"341",1.59574468085106,0,1.7688679245283,0,0,0,0
"342",1.72872340425532,1.6025641025641,1.29716981132075,2.13219616204691,3.99361022364217,6.81818181818182,13.4048257372654
"343",1.06382978723404,3.20512820512821,0.707547169811321,2.13219616204691,2.3961661341853,13.6363636363636,5.36193029490617
"344",1.59574468085106,6.41025641025641,2.35849056603774,3.19829424307036,5.59105431309904,6.81818181818182,9.38337801608579
"345",0,0,0,0,0,0,0
"346",0,0,0,0,0,0,0
"347",2.12765957446809,0,1.7688679245283,0,0,0,0
"348",1.99468085106383,1.6025641025641,2.35849056603774,1.06609808102345,4.79233226837061,6.81818181818182,6.70241286863271
"349",0,0,0,0,0,0,0
"350",3.05851063829787,0,1.53301886792453,0,0,0,0
"351",2.26063829787234,1.6025641025641,1.65094339622642,2.13219616204691,3.99361022364217,2.27272727272727,5.36193029490617
"352",0,0,0.117924528301887,0,0,0,0
"353",2.12765957446809,4.80769230769231,1.29716981132075,3.19829424307036,3.99361022364217,4.54545454545455,10.7238605898123
"354",0,0,0,0,0,0,0
"355",1.59574468085106,0,2.35849056603774,0,0,0,0
"356",1.99468085106383,4.80769230769231,2.24056603773585,1.06609808102345,3.19488817891374,6.81818181818182,6.70241286863271
"357",0,0,0,0,0,0,0
"358",1.86170212765957,0,1.88679245283019,2.13219616204691,6.38977635782748,4.54545454545455,10.7238605898123
"359",0,0,0,0,0,0,0
"360",0,0,0,0,0,0,0
"361",0,0,0,0,0,0,0
"362",1.59574468085106,1.6025641025641,2.12264150943396,2.13219616204691,3.99361022364217,6.81818181818182,8.04289544235925
"363",1.72872340425532,4.80769230769231,1.41509433962264,1.06609808102345,3.99361022364217,4.54545454545455,6.70241286863271
"364",2.52659574468085,0,1.7688679245283,0,0,0,0
"365",1.86170212765957,4.80769230769231,0.943396226415094,2.13219616204691,2.3961661341853,4.54545454545455,9.38337801608579
"366",1.86170212765957,4.80769230769231,2.24056603773585,2.13219616204691,4.79233226837061,9.09090909090909,9.38337801608579
"367",2.3936170212766,0,1.7688679245283,0,0,0,0
"368",0,0,0,0,0,0,0
"369",1.99468085106383,3.20512820512821,1.88679245283019,2.13219616204691,4.79233226837061,4.54545454545455,8.04289544235925
"370",1.99468085106383,3.20512820512821,2.00471698113208,1.06609808102345,3.19488817891374,4.54545454545455,10.7238605898123
"371",2.79255319148936,6.41025641025641,1.7688679245283,2.13219616204691,6.38977635782748,2.27272727272727,8.04289544235925
"372",3.05851063829787,0,2.00471698113208,0,0,0,0
"373",2.26063829787234,3.20512820512821,1.65094339622642,2.13219616204691,6.38977635782748,4.54545454545455,12.0643431635389
"374",1.59574468085106,1.6025641025641,1.53301886792453,2.13219616204691,3.99361022364217,6.81818181818182,8.04289544235925
"375",1.72872340425532,3.20512820512821,2.12264150943396,4.26439232409382,3.99361022364217,4.54545454545455,6.70241286863271
"376",2.12765957446809,0,1.65094339622642,0,0,0,0
"377",2.52659574468085,1.6025641025641,2.12264150943396,2.13219616204691,7.98722044728434,2.27272727272727,8.04289544235925
"378",2.26063829787234,0,1.53301886792453,0,0,0,0
"379",2.26063829787234,3.20512820512821,1.29716981132075,2.13219616204691,6.38977635782748,4.54545454545455,6.70241286863271
"380",1.86170212765957,3.20512820512821,1.53301886792453,2.13219616204691,4.79233226837061,2.27272727272727,5.36193029490617
"381",0,0,0,0,0,0,0
"382",1.86170212765957,3.20512820512821,1.65094339622642,1.06609808102345,5.59105431309904,4.54545454545455,5.36193029490617
"383",0,0,0,0,0,0,0
"384",1.59574468085106,3.20512820512821,1.65094339622642,2.13219616204691,5.59105431309904,4.54545454545455,12.0643431635389
"385",1.72872340425532,1.6025641025641,1.7688679245283,2.13219616204691,3.99361022364217,4.54545454545455,8.04289544235925
"386",1.86170212765957,1.6025641025641,1.88679245283019,2.13219616204691,4.79233226837061,4.54545454545455,6.70241286863271
"387",1.46276595744681,1.6025641025641,1.7688679245283,1.06609808102345,6.38977635782748,6.81818181818182,13.4048257372654
"388",1.72872340425532,1.6025641025641,1.17924528301887,1.06609808102345,3.99361022364217,6.81818181818182,10.7238605898123
"389",0,0,0,0,0,0,0
"390",1.86170212765957,4.80769230769231,1.41509433962264,2.13219616204691,2.3961661341853,4.54545454545455,8.04289544235925
"391",2.26063829787234,1.6025641025641,1.88679245283019,2.13219616204691,4.79233226837061,2.27272727272727,6.70241286863271
"392",0,0,0,0,0,0,0
"393",2.79255319148936,0,2.12264150943396,0,0,0,0
"394",1.99468085106383,0,2.12264150943396,0,0,0,0
"395",1.86170212765957,0,1.65094339622642,0,0,0,0
"396",1.32978723404255,4.80769230769231,1.29716981132075,3.19829424307036,5.59105431309904,4.54545454545455,6.70241286863271
"397",2.26063829787234,0,2.47641509433962,0,0,0,0
"398",2.26063829787234,0,1.88679245283019,0,0,0,0
"399",0,0,0,0,0,0,0
"400",1.46276595744681,0,1.7688679245283,0,0,0,0
"401",2.12765957446809,4.80769230769231,2.24056603773585,1.06609808102345,5.59105431309904,9.09090909090909,12.0643431635389
"402",0,0,0,0,0,0,0
"403",1.99468085106383,1.6025641025641,1.88679245283019,2.13219616204691,4.79233226837061,9.09090909090909,4.02144772117963
"404",1.72872340425532,3.20512820512821,1.53301886792453,2.13219616204691,4.79233226837061,4.54545454545455,12.0643431635389
"405",1.32978723404255,0,1.88679245283019,0,0,0,0
"406",0,0,0,0,0,0,0
"407",1.86170212765957,3.20512820512821,2.12264150943396,4.26439232409382,4.79233226837061,6.81818181818182,9.38337801608579
"408",1.59574468085106,1.6025641025641,1.41509433962264,3.19829424307036,7.18849840255591,6.81818181818182,6.70241286863271
"409",1.86170212765957,3.20512820512821,1.7688679245283,1.06609808102345,4.79233226837061,4.54545454545455,4.02144772117963
"410",2.12765957446809,0,1.17924528301887,0,0,0,0
"411",2.12765957446809,0,1.41509433962264,0,0,0,1.34048257372654
"412",1.99468085106383,0,1.88679245283019,0,0,0,0
"413",1.72872340425532,0,1.88679245283019,0,0,0,0
"414",2.3936170212766,1.6025641025641,1.41509433962264,3.19829424307036,2.3961661341853,9.09090909090909,4.02144772117963
"415",1.32978723404255,0,1.88679245283019,0,0,0,0
"416",1.59574468085106,0,2.12264150943396,0,0,0,0
"417",1.32978723404255,3.20512820512821,1.41509433962264,2.13219616204691,2.3961661341853,6.81818181818182,6.70241286863271
"418",1.72872340425532,1.6025641025641,1.06132075471698,4.26439232409382,5.59105431309904,4.54545454545455,6.70241286863271
"419",1.72872340425532,0,2.47641509433962,0,0,0,0
"420",0,0,0,0,0,0,0
"421",1.99468085106383,3.20512820512821,2.12264150943396,2.13219616204691,5.59105431309904,4.54545454545455,8.04289544235925
"422",2.26063829787234,4.80769230769231,2.59433962264151,3.19829424307036,2.3961661341853,4.54545454545455,8.04289544235925
"423",0,0,0,0,0,0,0
"424",2.79255319148936,0,1.65094339622642,0,0,0,0
"425",1.86170212765957,0,1.7688679245283,0,0,0,0
"426",2.65957446808511,4.80769230769231,1.29716981132075,2.13219616204691,5.59105431309904,9.09090909090909,9.38337801608579
"427",1.72872340425532,1.6025641025641,2.00471698113208,3.19829424307036,6.38977635782748,4.54545454545455,8.04289544235925
"428",0,0,0,0,0,0,0
"429",2.12765957446809,0,1.41509433962264,0,0,0,1.34048257372654
"430",0,0,0,0,0,0,0
"431",2.26063829787234,3.20512820512821,2.12264150943396,3.19829424307036,4.79233226837061,6.81818181818182,6.70241286863271
"432",1.72872340425532,1.6025641025641,1.53301886792453,1.06609808102345,3.99361022364217,2.27272727272727,5.36193029490617
"433",2.3936170212766,0,1.29716981132075,0,0,0,0
"434",2.52659574468085,3.20512820512821,1.17924528301887,1.06609808102345,5.59105431309904,6.81818181818182,8.04289544235925
"435",2.3936170212766,3.20512820512821,1.7688679245283,1.06609808102345,3.19488817891374,2.27272727272727,9.38337801608579
"436",2.12765957446809,4.80769230769231,1.65094339622642,4.26439232409382,4.79233226837061,4.54545454545455,8.04289544235925
"437",2.12765957446809,1.6025641025641,1.41509433962264,2.13219616204691,3.19488817891374,2.27272727272727,6.70241286863271
"438",1.72872340425532,1.6025641025641,2.00471698113208,2.13219616204691,7.18849840255591,6.81818181818182,8.04289544235925
"439",2.12765957446809,3.20512820512821,1.53301886792453,3.19829424307036,5.59105431309904,4.54545454545455,10.7238605898123
"440",2.52659574468085,3.20512820512821,2.00471698113208,4.26439232409382,3.99361022364217,4.54545454545455,14.745308310992
"441",1.99468085106383,0,2.00471698113208,0,0,0,0
"442",0,0,0,0,0,0,0
"443",1.72872340425532,1.6025641025641,2.00471698113208,2.13219616204691,7.18849840255591,6.81818181818182,10.7238605898123
"444",0,0,0.117924528301887,0,0,0,0
"445",0,0,0,0,0,0,0
"446",2.3936170212766,0,1.41509433962264,0,0,0,0
"447",1.86170212765957,4.80769230769231,1.41509433962264,2.13219616204691,5.59105431309904,4.54545454545455,10.7238605898123
"448",2.12765957446809,0,1.41509433962264,0,0,0,0
"449",1.72872340425532,3.20512820512821,1.7688679245283,1.06609808102345,4.79233226837061,9.09090909090909,8.04289544235925
"450",1.86170212765957,3.20512820512821,1.88679245283019,2.13219616204691,2.3961661341853,4.54545454545455,8.04289544235925
"451",2.52659574468085,1.6025641025641,1.53301886792453,2.13219616204691,7.18849840255591,4.54545454545455,9.38337801608579
"452",2.26063829787234,3.20512820512821,1.41509433962264,2.13219616204691,3.99361022364217,4.54545454545455,5.36193029490617
"453",0,0,0,0,0,0,0
"454",1.86170212765957,4.80769230769231,2.24056603773585,2.13219616204691,4.79233226837061,6.81818181818182,8.04289544235925
"455",1.99468085106383,1.6025641025641,2.35849056603774,3.19829424307036,5.59105431309904,9.09090909090909,12.0643431635389
"456",2.65957446808511,3.20512820512821,2.7122641509434,2.13219616204691,7.18849840255591,6.81818181818182,8.04289544235925
"457",0,0,0,0,0,0,0
"458",1.72872340425532,0,1.65094339622642,0,0,0,0
"459",2.26063829787234,0,2.47641509433962,0,0,0,0
"460",1.46276595744681,6.41025641025641,1.41509433962264,3.19829424307036,6.38977635782748,13.6363636363636,10.7238605898123
"461",1.99468085106383,3.20512820512821,1.65094339622642,2.13219616204691,2.3961661341853,2.27272727272727,9.38337801608579
"462",1.1968085106383,3.20512820512821,2.83018867924528,2.13219616204691,3.99361022364217,4.54545454545455,8.04289544235925
"463",1.99468085106383,3.20512820512821,1.53301886792453,2.13219616204691,4.79233226837061,13.6363636363636,6.70241286863271
"464",2.3936170212766,3.20512820512821,1.88679245283019,2.13219616204691,3.99361022364217,4.54545454545455,6.70241286863271
"465",2.12765957446809,0,1.7688679245283,0,0,0,0
"466",1.59574468085106,3.20512820512821,1.29716981132075,2.13219616204691,5.59105431309904,4.54545454545455,8.04289544235925
"467",2.12765957446809,1.6025641025641,1.7688679245283,2.13219616204691,7.98722044728434,4.54545454545455,8.04289544235925
"468",2.65957446808511,3.20512820512821,2.83018867924528,3.19829424307036,4.79233226837061,6.81818181818182,12.0643431635389
"469",2.65957446808511,1.6025641025641,2.24056603773585,4.26439232409382,6.38977635782748,4.54545454545455,14.745308310992
"470",1.99468085106383,3.20512820512821,1.53301886792453,4.26439232409382,5.59105431309904,2.27272727272727,9.38337801608579
"471",0,0,0,0,0,0,0
"472",1.86170212765957,1.6025641025641,1.53301886792453,2.13219616204691,4.79233226837061,9.09090909090909,9.38337801608579
"473",0,0,0,0,0,0,0
"474",0,0,0,0,0,0,0
"475",0,0,0,0,0,0,0
"476",0,0,0,0,0,0,0
"477",0,0,0,0,0,0,0
"478",2.26063829787234,1.6025641025641,1.53301886792453,1.06609808102345,6.38977635782748,4.54545454545455,8.04289544235925
"479",1.86170212765957,3.20512820512821,2.00471698113208,1.06609808102345,3.99361022364217,6.81818181818182,6.70241286863271
"480",1.46276595744681,0,2.00471698113208,0,0,0,0
"481",1.72872340425532,1.6025641025641,1.65094339622642,0,0.798722044728434,0,0
"482",1.72872340425532,4.80769230769231,2.00471698113208,1.06609808102345,4.79233226837061,6.81818181818182,5.36193029490617
"483",2.12765957446809,1.6025641025641,2.47641509433962,2.13219616204691,6.38977635782748,6.81818181818182,5.36193029490617
"484",1.72872340425532,0,1.41509433962264,0,0,0,0
"485",1.99468085106383,3.20512820512821,1.53301886792453,1.06609808102345,3.99361022364217,4.54545454545455,8.04289544235925
"486",1.99468085106383,6.41025641025641,1.41509433962264,3.19829424307036,6.38977635782748,4.54545454545455,9.38337801608579
"487",2.79255319148936,0,2.00471698113208,0,0,0,0
"488",0,0,0,0,0,0,0
"489",2.3936170212766,3.20512820512821,2.00471698113208,3.19829424307036,7.18849840255591,4.54545454545455,5.36193029490617
"490",2.26063829787234,6.41025641025641,1.29716981132075,0,4.79233226837061,4.54545454545455,8.04289544235925
"491",0,0,0,0,0,0,0
"492",1.46276595744681,0,2.24056603773585,0,0,0,0
"493",2.12765957446809,0,1.7688679245283,0,0,0,0
"494",2.12765957446809,0,2.00471698113208,0,0,0,0
"495",0,0,0,0,0,0,0
"496",1.1968085106383,1.6025641025641,2.47641509433962,2.13219616204691,9.58466453674121,4.54545454545455,8.04289544235925
"497",1.86170212765957,3.20512820512821,2.35849056603774,1.06609808102345,3.99361022364217,6.81818181818182,6.70241286863271
"498",2.52659574468085,0,2.24056603773585,0,0,0,0
"499",2.12765957446809,1.6025641025641,2.47641509433962,2.13219616204691,3.99361022364217,6.81818181818182,6.70241286863271
"500",1.86170212765957,3.20512820512821,1.17924528301887,2.13219616204691,3.19488817891374,6.81818181818182,8.04289544235925
