"","age1_orange.A","age1_green.A","age2_no_comorbid_orange.A","age2_no_comorbid_green.A","age2_comorbid_green.A","age3_no_comorbid_green.A","age3_comorbid_green.A"
"1",0,0,3.11768935714223,0,0,0,0
"2",0,0,0,0,0,0,0
"3",0,0,0,0,0,0,0
"4",0,0,0,0,0,0,0
"5",0,0,0,0,0,0,0
"6",0,0,0,0,0,0,0
"7",5.61050885327233,0,0,0,0,0,0
"8",0,0,11.9160927324863,0,0,0,0
"9",0,0,14.295655509724,0,0,0,0
"10",0,0,0,0,0,0,0
"11",0,0,0,0,0,0,0
"12",0,0,0,0,0,0,0
"13",0,0,0,0,0,0,0
"14",0,0,0,0,0,0,0
"15",0,0,0,0,0,0,0
"16",116.313369794648,0,93.9108201265531,0,0,0,0
"17",0,0,0,0,0,0,0
"18",0,0,0,0,0,0,0
"19",0,0,0,0,0,0,0
"20",31.158882364415,0,33.377658081425,0,0,0,0
"21",0,0,0,0,0,0,0
"22",21.2822095949235,0,1.31796132042486,0,0,0,0
"23",198.418483533815,0,177.571593109823,0,0,0,0
"24",121.017922991851,0,101.423113696917,0,0,0,0
"25",0,0,0,0,0,0,0
"26",0,0,4.39105576364831,0,0,0,0
"27",186.516406366199,0,160.559934419017,0,0,0,0
"28",4.782242270182,0,0,0,0,0,0
"29",0,0,0,0,0,0,0
"30",0,0,2.37936395190106,0,0,0,0
"31",20.2253723356855,0,0,0,0,0,0
"32",0,0,0,0,0,0,0
"33",8.152777158191,0,0,0,0,0,0
"34",0,0,0,0,0,0,0
"35",97.7544414791664,0,76.0983180846624,0,0,0,0
"36",0,0,0,0,0,0,0
"37",5.71881539160046,0,22.424119913948,0,0,0,0
"38",50.697922089403,0,12.0823155002043,0,0,0,0
"39",0,0,0,0,0,0,0
"40",0,0,0,0,0,0,0
"41",0,0,0,0,0,0,0
"42",0,0,0,0,0,0,0
"43",0,0,0,0,0,0,0
"44",63.8518254407429,0,75.4381505352029,0,0,0,0
"45",0,0,0,0,0,0,0
"46",91.5314365309755,0,62.6091731821216,0,0,0,0
"47",0,0,41.266065375606,0,0,0,0
"48",0,0,1.76776077161657,0,0,0,0
"49",0,0,0,0,0,0,0
"50",22.0347457717703,0,249.302601137289,0,0,0,0
"51",0,0,0,0,0,0,0
"52",0,0,0,0,0,0,0
"53",0,0,0,0,0,0,0
"54",0,0,0,0,0,0,0
"55",0,0,0,0,0,0,0
"56",97.3873401422194,0,97.0366612421088,0,0,0,0
"57",0,0,15.3296479568955,0,0,0,0
"58",0,0,0,0,0,0,0
"59",0,0,17.7133533253502,0,0,0,0
"60",0,0,0,0,0,0,0
"61",53.9720729044606,0,72.2296357358038,0,0,0,0
"62",86.9287581484461,0,59.7045339887336,0,0,0,0
"63",61.998272303979,0,9.60419110118994,0,0,0,0
"64",30.9517130270009,0,0,0,0,0,0
"65",0,0,0,0,0,0,0
"66",0,0,0,0,0,0,0
"67",0,0,7.19896201174374,0,0,0,0
"68",0,0,0,0,0,0,0
"69",0,0,17.0893736951512,0,0,0,0
"70",0,0,0,0,0,0,0
"71",122.447198362257,0,151.667715835575,0,0,0,0
"72",0,0,4.85023299096247,0,0,0,0
"73",0,0,0,0,0,0,0
"74",0,0,4.82635016366442,0,0,0,0
"75",0,0,0,0,0,0,0
"76",18.2940400886561,0,0,0,0,0,0
"77",0,0,0,0,0,0,0
"78",0,0,0,0,0,0,0
"79",0,0,0,0,0,0,0
"80",0,0,11.7265464592728,0,0,0,0
"81",0,0,12.0892187825841,0,0,0,0
"82",0,0,0,0,0,0,0
"83",0,0,0,0,0,0,0
"84",0,0,0,0,0,0,0
"85",0,0,7.90145192576767,0,0,0,0
"86",0,0,0,0,0,0,0
"87",0,0,0,0,0,0,0
"88",0,0,0,0,0,0,0
"89",0,0,2.09790852524081,0,0,0,0
"90",0,0,0,0,0,0,0
"91",10.3038659084067,0,0,0,0,0,0
"92",88.2667640596354,0,118.974676672859,0,0,0,0
"93",46.6749815588145,0,0,0,0,0,0
"94",84.9764555622888,0,114.393792895545,0,0,0,0
"95",0,0,7.58957259126864,0,0,0,0
"96",19.2421651935903,0,27.9673471141058,0,0,0,0
"97",17.7903343349304,0,0,0,0,0,0
"98",0,0,0,0,0,0,0
"99",0,0,0,0,0,0,0
"100",51.0663528520402,0,50.3695398490889,0,0,0,0
"101",0,0,0,0,0,0,0
"102",0,0,22.5820270924074,0,0,0,0
"103",0,0,0,0,0,0,0
"104",0,0,0,0,0,0,0
"105",0,0,0,0,0,0,0
"106",13.164716013185,0,0,0,0,0,0
"107",63.8851115676331,0,82.6657454992116,0,0,0,0
"108",0,0,0,0,0,0,0
"109",0,0,2.82827166520868,0,0,0,0
"110",17.6210555435014,0,0,0,0,0,0
"111",0,0,0,0,0,0,0
"112",0,0,0,0,0,0,0
"113",25.3580497227815,0,38.3468752734555,0,0,0,0
"114",51.0864605099734,0,52.3576918033248,0,0,0,0
"115",0,0,8.26958041333595,0,0,0,0
"116",0,0,0,0,0,0,0
"117",0,0,0,0,0,0,0
"118",32.6431026282374,0,0,0,0,0,0
"119",11.8058437208083,0,0,0,0,0,0
"120",76.8165120342174,0,175.476707025317,0,0,0,0
"121",13.9927636786078,0,0,0,0,0,0
"122",0,0,0,0,0,0,0
"123",0,0,0,0,0,0,0
"124",0,0,16.2036420584888,0,0,0,0
"125",0,0,0,0,0,0,0
"126",0,0,10.9902774136239,0,0,0,0
"127",0,0,0,0,0,0,0
"128",0,0,13.1797235351504,0,0,0,0
"129",0,0,12.3819559294574,0,0,0,0
"130",0,0,8.98003999119442,0,0,0,0
"131",29.5344388391105,0,6.12097293665404,0,0,0,0
"132",0,0,0,0,0,0,0
"133",0,0,0,0,0,0,0
"134",0,0,0,0,0,0,0
"135",0,0,2.04714227611912,0,0,0,0
"136",0,0,0,0,0,0,0
"137",0,0,0,0,0,0,0
"138",0,0,2.72534665048041,0,0,0,0
"139",0,0,35.6344891575888,0,0,0,0
"140",11.9101414721177,0,0,0,0,0,0
"141",0,0,0,0,0,0,0
"142",0,0,0,0,0,0,0
"143",0,0,0,0,0,0,0
"144",0,0,0,0,0,0,0
"145",0,0,0,0,0,0,0
"146",0,0,0,0,0,0,0
"147",0,0,8.28418135658622,0,0,0,0
"148",0,0,0,0,0,0,0
"149",0,0,4.32042415272694,0,0,0,0
"150",0,0,0,0,0,0,0
"151",0,0,3.11782758474136,0,0,0,0
"152",0,0,0,0,0,0,0
"153",127.205280571066,0,144.90523910386,0,0,0,0
"154",0,0,0,0,0,0,0
"155",49.8492539269952,0,24.6111663508122,0,0,0,0
"156",159.11464887371,0,163.942087736853,0,0,0,0
"157",0,0,0,0,0,0,0
"158",16.0326214254618,0,0,0,0,0,0
"159",24.9539038769389,0,0,0,0,0,0
"160",0,0,0,0,0,0,0
"161",0,0,0,0,0,0,0
"162",0,0,0,0,0,0,0
"163",0,0,2.71493892527189,0,0,0,0
"164",40.8823405930009,0,106.956508700914,0,0,0,0
"165",0,0,0,0,0,0,0
"166",0,0,0,0,0,0,0
"167",0,0,0,0,0,0,0
"168",0,0,12.5400015168176,0,0,0,0
"169",0,0,0,0,0,0,0
"170",0,0,41.8513223280512,0,0,0,0
"171",0,0,2.32367222563597,0,0,0,0
"172",125.704462002421,0,130.588787842813,0,0,0,0
"173",0,0,2.68438590064048,0,0,0,0
"174",0,0,0,0,0,0,0
"175",0,0,0,0,0,0,0
"176",0,0,34.7969490500478,0,0,0,0
"177",0,0,0,0,0,0,0
"178",0,0,0,0,0,0,0
"179",0,0,0,0,0,0,0
"180",0,0,0,0,0,0,0
"181",0,0,0,0,0,0,0
"182",0,0,0,0,0,0,0
"183",0,0,22.3630653086444,0,0,0,0
"184",6.12404357807436,0,0,0,0,0,0
"185",0,0,0,0,0,0,0
"186",0,0,0,0,0,0,0
"187",0,0,0,0,0,0,0
"188",0,0,0,0,0,0,0
"189",0,0,23.813878620453,0,0,0,0
"190",0,0,0,0,0,0,0
"191",0,0,0,0,0,0,0
"192",79.9648163597285,0,48.3668617124338,0,0,0,0
"193",38.2836154217683,0,78.5961672355411,0,0,0,0
"194",180.442025772365,0,343.317306094201,0,0,0,0
"195",0,0,0,0,0,0,0
"196",40.5485302250741,0,8.91435473846073,0,0,0,0
"197",0,0,4.90701403661333,0,0,0,0
"198",4.59149919523677,0,0,0,0,0,0
"199",0,0,0,0,0,0,0
"200",116.891218477956,0,66.7086713302678,0,0,0,0
"201",0,0,0,0,0,0,0
"202",0,0,0,0,0,0,0
"203",0,0,43.9043293205723,0,0,0,0
"204",0,0,1.95473587407843,0,0,0,0
"205",0,0,0,0,0,0,0
"206",0,0,0,0,0,0,0
"207",0,0,0,0,0,0,0
"208",0,0,0,0,0,0,0
"209",0,0,0,0,0,0,0
"210",0,0,0,0,0,0,0
"211",0,0,0,0,0,0,0
"212",0,0,0,0,0,0,0
"213",85.8566318553564,0,69.8850727093808,0,0,0,0
"214",0,0,4.9258480422512,0,0,0,0
"215",0,0,3.83290586966141,0,0,0,0
"216",0,0,0,0,0,0,0
"217",0,0,0,0,0,0,0
"218",0,0,0,0,0,0,0
"219",0,0,0,0,0,0,0
"220",0,0,0,0,0,0,0
"221",0,0,0,0,0,0,0
"222",0,0,10.7763007380001,0,0,0,0
"223",0,0,0,0,0,0,0
"224",0,0,5.26233768612639,0,0,0,0
"225",145.552437863348,0,219.480151839572,0,0,0,0
"226",40.3431652103991,0,52.9844922118279,0,0,0,0
"227",0,0,0,0,0,0,0
"228",0,0,17.2970681936499,0,0,0,0
"229",124.484250265116,0,115.832005697804,0,0,0,0
"230",0,0,0,0,0,0,0
"231",133.059527813078,0,114.555603006333,0,0,0,0
"232",0,0,0,0,0,0,0
"233",0,0,0,0,0,0,0
"234",91.7238213917722,0,87.9472420896704,0,0,0,0
"235",0,0,0,0,0,0,0
"236",20.6927611157404,0,0,0,0,0,0
"237",0,0,0,0,0,0,0
"238",218.03385019481,0,271.589516881169,0,0,0,0
"239",5.84936779669225,0,0,0,0,0,0
"240",0,0,0,0,0,0,0
"241",0,0,0,0,0,0,0
"242",0,0,0,0,0,0,0
"243",95.32452787095,0,95.1470998619383,0,0,0,0
"244",0,0,0,0,0,0,0
"245",63.422805342811,0,74.3396051687174,0,0,0,0
"246",0,0,0,0,0,0,0
"247",0,0,4.64186650090746,0,0,0,0
"248",6.48371682710167,0,0,0,0,0,0
"249",5.94271801770379,0,0,0,0,0,0
"250",0,0,11.9806976465,0,0,0,0
"251",3.52735952395804,0,4.40540454528207,0,0,0,0
"252",0,0,0,0,0,0,0
"253",0,0,4.17539431564753,0,0,0,0
"254",18.8056966692223,0,0,0,0,0,0
"255",0,0,0,0,0,0,0
"256",0,0,2.35206754245089,0,0,0,0
"257",0,0,0,0,0,0,0
"258",0,0,0,0,0,0,0
"259",0,0,0,0,0,0,0
"260",0,0,7.13878397115922,0,0,0,0
"261",0,0,0,0,0,0,0
"262",0,0,0,0,0,0,0
"263",62.4932118479591,0,118.811362569413,0,0,0,0
"264",53.2531396287121,0,55.3638288363304,0,0,0,0
"265",0,0,0,0,0,0,0
"266",61.6551453442967,0,53.8692342073404,0,0,0,0
"267",0,0,5.57642686374902,0,0,0,0
"268",0,0,2.12488909032937,0,0,0,0
"269",0,0,0,0,0,0,0
"270",62.2778294627411,0,51.0772174921113,0,0,0,0
"271",0,0,3.05491837997038,0,0,0,0
"272",0,0,3.36085716345207,0,0,0,0
"273",0,0,0,0,0,0,0
"274",10.1576521639165,0,0,0,0,0,0
"275",0,0,0,0,0,0,0
"276",0,0,0,0,0,0,0
"277",0,0,0,0,0,0,0
"278",26.1084327215002,0,26.0328663259972,0,0,0,0
"279",0,0,1.81034920463575,0,0,0,0
"280",77.2773540267746,0,51.8512775697916,0,0,0,0
"281",0,0,3.24750119388801,0,0,0,0
"282",0,0,0,0,0,0,0
"283",0,0,0,0,0,0,0
"284",54.5291733281096,0,62.3366279855691,0,0,0,0
"285",0,0,0,0,0,0,0
"286",0,0,0,0,0,0,0
"287",20.726294167232,0,0,0,0,0,0
"288",0,0,0,0,0,0,0
"289",0,0,0,0,0,0,0
"290",41.3937055740685,0,64.0273311676113,0,0,0,0
"291",0,0,0,0,0,0,0
"292",0,0,0,0,0,0,0
"293",0,0,0,0,0,0,0
"294",39.0385666749646,0,0,0,0,0,0
"295",0,0,4.09213661005898,0,0,0,0
"296",68.1656998484566,0,114.391671858115,0,0,0,0
"297",34.8756464765613,0,0,0,0,0,0
"298",0,0,0,0,0,0,0
"299",0,0,11.8021794066608,0,0,0,0
"300",0,0,0,0,0,0,0
"301",0,0,0,0,0,0,0
"302",26.9906116946302,0,37.9632818874014,0,0,0,0
"303",0,0,0,0,0,0,0
"304",0,0,1.05675850903033,0,0,0,0
"305",0,0,0,0,0,0,0
"306",0,0,0,0,0,0,0
"307",10.4271376126932,0,0,0,0,0,0
"308",0,0,13.6977103242716,0,0,0,0
"309",15.1595734030018,0,0,0,0,0,0
"310",0,0,0.605721164475051,0,0,0,0
"311",23.0580380187915,0,17.4595809851475,0,0,0,0
"312",0,0,0,0,0,0,0
"313",127.875754252251,0,57.9700712319623,0,0,0,0
"314",23.1243020647203,0,42.8210627335856,0,0,0,0
"315",0,0,5.32185098420852,0,0,0,0
"316",0,0,3.35703511375932,0,0,0,0
"317",0,0,33.9404035020916,0,0,0,0
"318",0,0,1.79086384325874,0,0,0,0
"319",0,0,0,0,0,0,0
"320",0,0,0,0,0,0,0
"321",0,0,0,0,0,0,0
"322",0,0,0,0,0,0,0
"323",12.6449138023221,0,11.1406871367177,0,0,0,0
"324",60.2070927349321,0,45.6425359237159,0,0,0,0
"325",0,0,0,0,0,0,0
"326",0,0,0,0,0,0,0
"327",0,0,1.47275241849974,0,0,0,0
"328",0,0,0,0,0,0,0
"329",57.1970548485846,0,61.0463460938604,0,0,0,0
"330",26.9048710813413,0,0,0,0,0,0
"331",20.2390203894521,0,54.8154751591509,0,0,0,0
"332",74.9703833971236,0,99.1940000547659,0,0,0,0
"333",0,0,0,0,0,0,0
"334",0,0,0,0,0,0,0
"335",0,0,0,0,0,0,0
"336",0,0,0,0,0,0,0
"337",0,0,0,0,0,0,0
"338",0,0,2.25385255142576,0,0,0,0
"339",0,0,0,0,0,0,0
"340",98.275423320389,0,41.0420097573065,0,0,0,0
"341",0,0,5.40729327256002,0,0,0,0
"342",0,0,0,0,0,0,0
"343",0,0,0,0,0,0,0
"344",0,0,0,0,0,0,0
"345",119.909781869572,0,111.555901158458,0,0,0,0
"346",0,0,0,0,0,0,0
"347",0,0,0,0,0,0,0
"348",0,0,2.34607742190835,0,0,0,0
"349",0,0,0,0,0,0,0
"350",0,0,0,0,0,0,0
"351",10.4928690885416,0,6.24546367659111,0,0,0,0
"352",14.7675889657271,0,0,0,0,0,0
"353",0,0,0,0,0,0,0
"354",46.4023413477448,0,26.490805262972,0,0,0,0
"355",40.6620363114315,0,12.617805320396,0,0,0,0
"356",0,0,0,0,0,0,0
"357",31.328224136764,0,9.78453069497944,0,0,0,0
"358",49.9896027005515,0,41.5678910892983,0,0,0,0
"359",0,0,0,0,0,0,0
"360",0,0,0,0,0,0,0
"361",0,0,2.6910834473965,0,0,0,0
"362",97.0900456104095,0,108.663789518297,0,0,0,0
"363",0,0,0,0,0,0,0
"364",0,0,0,0,0,0,0
"365",129.398603547146,0,41.2154716027836,0,0,0,0
"366",0,0,0,0,0,0,0
"367",42.155748648085,0,0,0,0,0,0
"368",28.0897962096451,0,0,0,0,0,0
"369",0,0,0,0,0,0,0
"370",14.5914113527281,0,1.63799507144765,0,0,0,0
"371",0,0,0,0,0,0,0
"372",0,0,70.8226101272269,0,0,0,0
"373",37.4546327715266,0,30.7427622298076,0,0,0,0
"374",18.1246541954413,0,17.3411617035153,0,0,0,0
"375",65.9066400905452,0,31.7238364053451,0,0,0,0
"376",0,0,0,0,0,0,0
"377",0,0,0,0,0,0,0
"378",0,0,0,0,0,0,0
"379",0,0,0,0,0,0,0
"380",304.556570078176,0,273.551117471298,0,0,0,0
"381",0,0,0,0,0,0,0
"382",0,0,0,0,0,0,0
"383",0,0,3.22134304408847,0,0,0,0
"384",87.5762019475941,0,83.9255834450356,0,0,0,0
"385",0,0,0,0,0,0,0
"386",0,0,0,0,0,0,0
"387",0,0,0,0,0,0,0
"388",0,0,0,0,0,0,0
"389",0,0,0,0,0,0,0
"390",0,0,0,0,0,0,0
"391",32.5961388149865,0,31.1924058813781,0,0,0,0
"392",0,0,3.91092803939389,0,0,0,0
"393",0,0,0,0,0,0,0
"394",0,0,0,0,0,0,0
"395",21.7671021060087,0,12.8253697550197,0,0,0,0
"396",0,0,0,0,0,0,0
"397",120.67203372632,0,86.9510965961365,0,0,0,0
"398",97.5880294387059,0,92.629935596778,0,0,0,0
"399",0,0,0,0,0,0,0
"400",0,0,0,0,0,0,0
"401",16.137791752559,0,0,0,0,0,0
"402",7.11623234575494,0,0,0,0,0,0
"403",0,0,0,0,0,0,0
"404",68.4853392121836,0,32.9953311118102,0,0,0,0
"405",0,0,0,0,0,0,0
"406",0,0,2.18234870141834,0,0,0,0
"407",0,0,6.50543610426964,0,0,0,0
"408",37.8866988783042,0,0,0,0,0,0
"409",0,0,0,0,0,0,0
"410",0,0,0,0,0,0,0
"411",0,0,0,0,0,0,0
"412",0,0,2.86609579179148,0,0,0,0
"413",194.733403706156,0,89.3376351833324,0,0,0,0
"414",0,0,4.45667279160563,0,0,0,0
"415",0,0,6.5341231268475,0,0,0,0
"416",0,0,0,0,0,0,0
"417",0,0,0,0,0,0,0
"418",0,0,0,0,0,0,0
"419",0,0,0,0,0,0,0
"420",0,0,0,0,0,0,0
"421",84.9525519245321,0,45.3428311198252,0,0,0,0
"422",0,0,0,0,0,0,0
"423",0,0,0,0,0,0,0
"424",0,0,0,0,0,0,0
"425",10.7263470670643,0,0,0,0,0,0
"426",41.9265435788831,0,17.0224349599651,0,0,0,0
"427",0,0,0,0,0,0,0
"428",0,0,0,0,0,0,0
"429",0,0,16.4020725617007,0,0,0,0
"430",0,0,3.35408003167861,0,0,0,0
"431",0,0,0,0,0,0,0
"432",0,0,0,0,0,0,0
"433",25.243487232936,0,22.2157136548044,0,0,0,0
"434",30.4519604952223,0,0,0,0,0,0
"435",0,0,0,0,0,0,0
"436",33.9168700339747,0,30.0588050127881,0,0,0,0
"437",134.687627842945,0,90.5829532108967,0,0,0,0
"438",2.88852985656997,0,0,0,0,0,0
"439",0,0,0,0,0,0,0
"440",0,0,0,0,0,0,0
"441",25.0746619809139,0,4.1361538461015,0,0,0,0
"442",0,0,0,0,0,0,0
"443",0,0,1.26558310147925,0,0,0,0
"444",0,0,0,0,0,0,0
"445",19.959985672046,0,64.021436193912,0,0,0,0
"446",0,0,0,0,0,0,0
"447",0,0,4.15763499508666,0,0,0,0
"448",0,0,1.25730909536265,0,0,0,0
"449",87.4543930989837,0,129.712554087952,0,0,0,0
"450",0,0,0,0,0,0,0
"451",85.3165576560027,0,103.858098642296,0,0,0,0
"452",0,0,8.12969946260514,0,0,0,0
"453",0,0,0,0,0,0,0
"454",0,0,0,0,0,0,0
"455",0,0,0,0,0,0,0
"456",0,0,8.16612683144897,0,0,0,0
"457",76.2597197879478,0,99.9417025143231,0,0,0,0
"458",0,0,0,0,0,0,0
"459",0,0,0,0,0,0,0
"460",0,0,0,0,0,0,0
"461",0,0,0,0,0,0,0
"462",0,0,0,0,0,0,0
"463",0,0,0,0,0,0,0
"464",0,0,0.481903792775956,0,0,0,0
"465",0,0,0,0,0,0,0
"466",0,0,0,0,0,0,0
"467",0,0,0,0,0,0,0
"468",0,0,0,0,0,0,0
"469",12.9534157593287,0,13.4475136775574,0,0,0,0
"470",0,0,0.209870255865153,0,0,0,0
"471",0,0,8.67551287789299,0,0,0,0
"472",0,0,0,0,0,0,0
"473",0,0,0,0,0,0,0
"474",0,0,28.2080807755057,0,0,0,0
"475",0,0,0,0,0,0,0
"476",66.0141079646563,0,45.7248803327107,0,0,0,0
"477",0,0,0,0,0,0,0
"478",0,0,4.54378959689425,0,0,0,0
"479",0,0,0,0,0,0,0
"480",0,0,0,0,0,0,0
"481",0,0,0,0,0,0,0
"482",27.1162713446059,0,31.2729186225359,0,0,0,0
"483",27.7844649198538,0,11.9222293750901,0,0,0,0
"484",0,0,0,0,0,0,0
"485",0,0,0,0,0,0,0
"486",0,0,0,0,0,0,0
"487",0,0,0,0,0,0,0
"488",0,0,1.35731071530203,0,0,0,0
"489",0,0,0,0,0,0,0
"490",59.0677124238182,0,33.1017074603573,0,0,0,0
"491",0,0,0,0,0,0,0
"492",0,0,0,0,0,0,0
"493",0,0,4.14370005387234,0,0,0,0
"494",0,0,0,0,0,0,0
"495",0,0,0,0,0,0,0
"496",0,0,0,0,0,0,0
"497",0,0,0,0,0,0,0
"498",0,0,0,0,0,0,0
"499",0,0,1.49046075359615,0,0,0,0
"500",0,0,0,0,0,0,0
"501",0,0,25.4900432438864,0,0,0,0
"502",0,0,0,0,0,0,0
"503",0,0,0,0,0,0,0
"504",0,0,7.88061107979328,0,0,0,0
"505",0,0,0,0,0,0,0
"506",0,0,31.1082567614313,0,0,0,0
"507",0,0,3.61606306428782,0,0,0,0
"508",0,0,0,0,0,0,0
"509",0,0,0,0,0,0,0
"510",0,0,0,0,0,0,0
"511",0,0,1.12094010805514,0,0,0,0
"512",0,0,0,0,0,0,0
"513",0,0,0,0,0,0,0
"514",0,0,0,0,0,0,0
"515",0,0,0,0,0,0,0
"516",0,0,17.8135420230001,0,0,0,0
"517",0,0,0,0,0,0,0
"518",0,0,0,0,0,0,0
"519",0,0,0,0,0,0,0
"520",143.149251512683,0,95.4587876705928,0,0,0,0
"521",96.0785089056881,0,201.537117372833,0,0,0,0
"522",0,0,0,0,0,0,0
"523",0,0,0,0,0,0,0
"524",0,0,0,0,0,0,0
"525",48.4601367328944,0,0,0,0,0,0
"526",0,0,0,0,0,0,0
"527",0,0,0,0,0,0,0
"528",0,0,0.199553245022451,0,0,0,0
"529",0,0,0,0,0,0,0
"530",37.6143447835156,0,9.96633962126614,0,0,0,0
"531",11.6700134778501,0,0,0,0,0,0
"532",0,0,0,0,0,0,0
"533",0,0,0,0,0,0,0
"534",0,0,0,0,0,0,0
"535",0,0,0,0,0,0,0
"536",0,0,0,0,0,0,0
"537",123.351902167111,0,25.8713038028411,0,0,0,0
"538",0,0,0,0,0,0,0
"539",50.0306767623914,0,6.04097530207356,0,0,0,0
"540",129.249632157763,0,16.6776915078485,0,0,0,0
"541",139.741596377051,0,100.360500562107,0,0,0,0
"542",115.973717534194,0,95.9452410669066,0,0,0,0
"543",0,0,6.86031254825731,0,0,0,0
"544",0,0,0,0,0,0,0
"545",39.3569072238996,0,0,0,0,0,0
"546",0,0,0.601120542567963,0,0,0,0
"547",0,0,0,0,0,0,0
"548",98.3585907228296,0,41.0822760896799,0,0,0,0
"549",238.594446952743,0,168.582132837225,0,0,0,0
"550",0,0,2.16089858602477,0,0,0,0
"551",0,0,0,0,0,0,0
"552",0,0,0,0,0,0,0
"553",0,0,0,0,0,0,0
"554",0,0,0,0,0,0,0
"555",311.273388049324,0,339.806227093737,0,0,0,0
"556",0,0,0,0,0,0,0
"557",0,0,0,0,0,0,0
"558",94.5455307352189,0,77.4211029517254,0,0,0,0
"559",0,0,0,0,0,0,0
"560",0,0,0,0,0,0,0
"561",0,0,0,0,0,0,0
"562",7.86699206649115,0,3.02674954881638,0,0,0,0
"563",0,0,2.01644815198025,0,0,0,0
"564",11.2664013589747,0,5.6609151349396,0,0,0,0
"565",0,0,0.263725723018987,0,0,0,0
"566",103.583927892889,0,70.6882468632325,0,0,0,0
"567",84.0055140712027,0,145.826896493451,0,0,0,0
"568",0,0,0,0,0,0,0
"569",0,0,0,0,0,0,0
"570",0,0,0,0,0,0,0
"571",0,0,0,0,0,0,0
"572",0,0,0,0,0,0,0
"573",0,0,0,0,0,0,0
"574",0,0,34.5949121520631,0,0,0,0
"575",141.325485923334,0,122.58747729987,0,0,0,0
"576",10.3273199403548,0,0,0,0,0,0
"577",155.673180491657,0,150.566778094561,0,0,0,0
"578",0,0,13.3636292263891,0,0,0,0
"579",0,0,0,0,0,0,0
"580",44.5647152776483,0,0,0,0,0,0
"581",0,0,0,0,0,0,0
"582",0,0,0,0,0,0,0
"583",0,0,6.68057659127933,0,0,0,0
"584",0,0,0,0,0,0,0
"585",0,0,0,0,0,0,0
"586",11.1400689014841,0,7.37745754293457,0,0,0,0
"587",0,0,0,0,0,0,0
"588",0,0,0,0,0,0,0
"589",0,0,0,0,0,0,0
"590",0,0,0,0,0,0,0
"591",0,0,0,0,0,0,0
"592",132.127113370863,0,78.8914978988593,0,0,0,0
"593",0,0,0,0,0,0,0
"594",278.22131452915,0,171.679263950023,151.000046795586,0,0,0
"595",32.2293635487542,0,0.857679748535234,0,0,0,0
"596",0,0,0,0,0,0,0
"597",93.2091728070594,0,138.104452486709,0,0,0,0
"598",86.0909361733294,0,43.6482691409123,0,0,0,0
"599",9.70624141824058,0,0,0,0,0,0
"600",0,0,0,0,0,0,0
"601",0,0,4.00064632045426,0,0,0,0
"602",0,0,0,0,0,0,0
"603",0,0,0,0,0,0,0
"604",99.909631226314,0,56.2339012525334,0,0,0,0
"605",0,0,0,0,0,0,0
"606",0,0,13.1311276971321,0,0,0,0
"607",0,0,0,0,0,0,0
"608",0,0,0,0,0,0,0
"609",21.69240751259,0,46.1261279000812,0,0,0,0
"610",0,0,0,0,0,0,0
"611",0,0,6.76458852586782,0,0,0,0
"612",59.3716765084615,0,57.0599476097092,0,0,0,0
"613",20.2705229472465,0,15.134998573674,0,0,0,0
"614",0,0,0,0,0,0,0
"615",0,0,0,0,0,0,0
"616",0,0,0,0,0,0,0
"617",15.7120250614688,0,32.719335872779,0,0,0,0
"618",79.152261584343,0,6.89533154082432,0,0,0,0
"619",0,0,0,0,0,0,0
"620",0,0,0,0,0,0,0
"621",0,0,0,0,0,0,0
"622",0,0,0,0,0,0,0
"623",0,0,13.2768880125679,0,0,0,0
"624",0,0,0,0,0,0,0
"625",29.3982206378309,0,32.0643650898871,0,0,0,0
"626",49.5235032564536,0,34.6467685854588,0,0,0,0
"627",0,0,2.74642937272223,0,0,0,0
"628",15.0107167190424,0,0,0,0,0,0
"629",70.2557916921586,0,74.152106530692,0,0,0,0
"630",0,0,0,0,0,0,0
"631",0,0,0,0,0,0,0
"632",34.0311683088489,0,0,0,0,0,0
"633",0,0,0,0,0,0,0
"634",10.9521129666798,0,3.31375224488329,0,0,0,0
"635",86.6205196161513,0,31.5221448966154,0,0,0,0
"636",0,0,0,0,0,0,0
"637",0,0,1.55430054134733,0,0,0,0
"638",18.2138972767073,0,26.5661326159377,0,0,0,0
"639",0,0,0,0,0,0,0
"640",0,0,0,0,0,0,0
"641",14.680272731307,0,0,0,0,0,0
"642",0,0,0,0,0,0,0
"643",0,0,21.5134192241617,0,0,0,0
"644",0,0,0,0,0,0,0
"645",46.2608703969504,0,47.6262643466576,0,0,0,0
"646",9.75194149575311,0,0,0,0,0,0
"647",0,0,6.29181242730855,0,0,0,0
"648",15.312612036696,0,79.331446581494,0,0,0,0
"649",0,0,41.9720065506251,0,0,0,0
"650",27.6886841406161,0,37.9874346673484,0,0,0,0
"651",21.1721477292934,0,0,0,0,0,0
"652",0,0,20.6400423290008,0,0,0,0
"653",89.5509046530872,0,53.7123209578392,0,0,0,0
"654",26.1087109100283,0,73.6101270837394,0,0,0,0
"655",0,0,0,0,0,0,0
"656",0,0,0,0,0,0,0
"657",0,0,0,0,0,0,0
"658",14.7445846471479,0,0,0,0,0,0
"659",139.918873520824,0,116.460093649268,0,0,0,0
"660",0,0,0,0,0,0,0
"661",47.2120089734988,0,0,0,0,0,0
"662",0,0,6.09922998040314,0,0,0,0
"663",8.58613140094056,0,24.4959021070646,0,0,0,0
"664",33.1954489123297,0,2.65491653799124,0,0,0,0
"665",0,0,0,0,0,0,0
"666",0,0,0,0,0,0,0
"667",0,0,6.21037027587005,0,0,0,0
"668",0,0,0,0,0,0,0
"669",0,0,0,0,0,0,0
"670",0,0,0,0,0,0,0
"671",0,0,0,0,0,0,0
"672",0,0,0,0,0,0,0
"673",0,0,0,0,0,0,0
"674",0,0,0,0,0,0,0
"675",0,0,0,0,0,0,0
"676",0,0,0,0,0,0,0
"677",0,0,1.89102024780844,0,0,0,0
"678",0,0,0,0,0,0,0
"679",0,0,5.12111761931669,0,0,0,0
"680",21.7082859124821,0,0,0,0,0,0
"681",0,0,0,0,0,0,0
"682",110.225458665338,0,121.94191792123,0,0,0,0
"683",16.5905455777849,0,81.6722298868073,0,0,0,0
"684",0,0,0,0,0,0,0
"685",30.6149868472838,0,0,0,0,0,0
"686",0,0,10.1228752494134,0,0,0,0
"687",0,0,0,0,0,0,0
"688",0,0,36.3522079470181,0,0,0,0
"689",0,0,0,0,0,0,0
"690",158.790900433932,0,220.019258862723,0,0,0,0
"691",0,0,0,0,0,0,0
"692",136.662521244936,0,150.470517534944,0,0,0,0
"693",0,0,3.61101522161717,0,0,0,0
"694",105.123226119601,0,109.121303416982,0,0,0,0
"695",0,0,0,0,0,0,0
"696",0,0,0,0,0,0,0
"697",82.7295157716922,0,92.2939744718561,0,0,0,0
"698",0,0,4.25699938989408,0,0,0,0
"699",0,0,0,0,0,0,0
"700",0,0,0,0,0,0,0
"701",0,0,0,0,0,0,0
"702",0,0,0,0,0,0,0
"703",0,0,3.00965455169319,0,0,0,0
"704",0,0,6.91701606074683,0,0,0,0
"705",0,0,0,0,0,0,0
"706",0,0,0,0,0,0,0
"707",0,0,0,0,0,0,0
"708",47.0693516910511,0,104.376337951512,0,0,0,0
"709",19.5073007099027,0,36.0614571223567,0,0,0,0
"710",206.723304726407,0,200.568806828576,0,0,0,0
"711",0,0,0,0,0,0,0
"712",0,0,10.4315051623413,0,0,0,0
"713",0,0,9.37836577491463,0,0,0,0
"714",19.1374914637066,0,0,0,0,0,0
"715",0,0,0,0,0,0,0
"716",0,0,0,0,0,0,0
"717",0,0,0,0,0,0,0
"718",23.6969516635848,0,26.1856905576497,0,0,0,0
"719",0,0,0,0,0,0,0
"720",31.1835091057471,0,41.533436607616,0,0,0,0
"721",0,0,0,0,0,0,0
"722",0,0,0,0,0,0,0
"723",0,0,0,0,0,0,0
"724",41.5317714866669,0,32.9338134764682,0,0,0,103.128104205024
"725",0,0,0,0,0,0,0
"726",0,0,5.18966563781573,0,0,0,0
"727",0,0,5.90632300473371,0,0,0,0
"728",11.680194352525,0,4.96860719228528,0,0,0,0
"729",33.7895013862409,0,0,0,0,0,0
"730",108.393691199826,0,104.89108134142,0,0,0,0
"731",0,0,0,0,0,0,0
"732",0,0,0,0,0,0,0
"733",0,0,2.79386741541543,0,0,0,0
"734",128.676303564338,0,128.509959041075,0,0,0,0
"735",110.108210917532,0,90.391475264895,0,0,0,0
"736",0,0,0,0,0,0,0
"737",0,0,0,0,0,0,0
"738",4.78912094310428,0,0,0,0,0,0
"739",10.5289469226336,0,0,0,0,0,0
"740",0,0,21.0807398264955,0,0,0,0
"741",75.8110476709247,0,76.5206365550757,0,0,0,0
"742",0,0,0,0,0,0,0
"743",164.353195393767,0,217.218131232062,0,0,0,0
"744",33.6799926505673,0,23.7022205740082,0,0,0,0
"745",8.34703895669441,0,8.34677210709109,0,0,0,0
"746",31.1401164562642,0,33.4382191297858,0,0,0,0
"747",0,0,16.6706835188677,0,0,0,0
"748",0,0,0,0,0,0,0
"749",56.0385065783629,0,0,0,0,0,0
"750",0,0,0,0,0,0,0
"751",0,0,2.37747698067104,0,0,0,0
"752",0,0,0,0,0,0,0
"753",0,0,0,0,0,0,0
"754",95.9069699298074,0,97.9295208236771,0,0,0,0
"755",0,0,0,0,0,0,0
"756",0,0,1.09530121194242,0,0,0,0
"757",4.57442258429485,0,0,0,0,0,0
"758",0,0,0,0,0,0,0
"759",0,0,0,0,0,0,0
"760",0,0,0,0,0,0,0
"761",0,0,13.1870465875287,0,0,0,0
"762",29.8732560657023,0,3.51878101927963,0,0,0,0
"763",0,0,0,0,0,0,0
"764",124.671200859567,0,143.082885002275,0,0,0,0
"765",13.8360901184701,0,0,0,0,0,0
"766",0,0,0,0,0,0,0
"767",0,0,0,0,0,0,0
"768",0,0,0,0,0,0,0
"769",44.2214789141268,0,24.6836708843258,0,0,0,0
"770",0,0,0,0,0,0,0
"771",0,0,0,0,0,0,0
"772",39.7589257485113,0,0,0,0,0,0
"773",0,0,0,0,0,0,0
"774",17.3043876048063,0,25.2290164741348,0,0,0,0
"775",76.9749486535365,0,185.999843976365,0,0,0,0
"776",11.9211605291718,0,0,0,0,0,0
"777",9.88263152569534,0,19.0754808094551,0,0,0,0
"778",0,0,0,0,0,0,0
"779",5.34657634358131,0,0,0,0,0,0
"780",0,0,0,0,0,0,0
"781",0,0,0,0,0,0,0
"782",0,0,0,0,0,0,0
"783",87.6716308480302,0,70.7099762080776,0,0,0,0
"784",217.776405296953,0,207.319816600363,0,0,0,0
"785",35.6596114513444,0,10.7093425143045,0,0,0,0
"786",0,0,0,0,0,0,0
"787",32.6957602294303,0,12.1738955297737,0,0,0,0
"788",23.4673399841321,0,4.03624508975871,0,0,0,0
"789",0,0,4.72293342452896,0,0,0,0
"790",110.225186136887,0,70.3332994000432,0,0,0,0
"791",177.291507464113,0,90.029151658298,0,0,0,0
"792",0,0,0,0,0,0,0
"793",0,0,0,0,0,0,0
"794",0,0,3.95773127333321,0,0,0,0
"795",23.6539734746623,0,32.5424567068242,0,0,0,0
"796",0,0,0,0,0,0,0
"797",0,0,0,0,0,0,0
"798",0,0,0,0,0,0,0
"799",0,0,0,0,0,0,0
"800",6.58267811886397,0,29.4354654640959,0,0,0,0
"801",0,0,16.1223111229431,0,0,0,0
"802",0,0,0,0,0,0,0
"803",0,0,0,0,0,0,0
"804",0,0,0,0,0,0,0
"805",0,0,0,0,0,0,0
"806",172.699660662602,0,60.9791820803269,0,0,0,0
"807",40.7262670187151,0,44.1909144036975,0,0,0,0
"808",0,0,0,0,0,0,0
"809",45.8191312363821,0,48.9358406928782,0,0,0,0
"810",0,0,0,0,0,0,0
"811",0,0,0,0,0,0,0
"812",0,0,0,0,0,0,0
"813",0,0,13.3229794446909,0,0,0,0
"814",0,0,1.69460788978266,0,0,0,0
"815",0,0,0,0,0,0,0
"816",0,0,0,0,0,0,0
"817",0,0,0,0,0,0,0
"818",0,0,0,0,0,0,0
"819",17.5319766789823,0,0,0,0,0,0
"820",0,0,0,0,0,0,0
"821",0,0,7.85604726556233,0,0,0,0
"822",0,0,0,0,0,0,0
"823",0,0,0,0,0,0,0
"824",0,0,12.7970151304372,0,0,0,0
"825",0,0,0,0,0,0,0
"826",0,0,9.03394719130983,0,0,0,0
"827",0,0,0,0,0,0,0
"828",0,0,6.13498100481527,0,0,0,0
"829",0,0,0,0,0,0,0
"830",0,0,0,0,0,0,0
"831",0,0,0,0,0,0,0
"832",0,0,1.94655124153536,0,0,0,0
"833",0,0,0.550470174231656,0,0,0,0
"834",9.74018798113423,0,17.9150018022205,0,0,0,0
"835",0,0,10.709014812911,0,0,0,0
"836",78.6890459355704,0,206.780244427737,0,0,0,0
"837",18.8760475541917,0,4.84413885825403,0,0,0,0
"838",0,0,9.44078469919752,0,0,0,0
"839",25.0254996233926,0,42.1962678312078,0,0,0,0
"840",0,0,0,0,0,0,0
"841",0,0,0,0,0,0,0
"842",18.2798301055702,0,105.91457783081,0,0,0,0
"843",0,0,0,0,0,0,0
"844",0,0,0,0,0,0,0
"845",16.7048611773767,0,20.2087992924301,0,0,0,0
"846",30.4191427468956,0,121.978288717815,0,0,0,0
"847",28.2404399448416,0,0,0,0,0,0
"848",10.0068484932926,0,10.3840732728953,0,0,0,0
"849",0,0,0,0,0,0,0
"850",53.0538366803927,0,70.4749719257962,0,0,0,0
"851",0,0,0,0,0,0,0
"852",0,0,0,0,0,0,0
"853",6.0382150224167,0,44.0153096442051,0,0,0,0
"854",3.74936515988571,0,0,0,0,0,0
"855",0,0,6.49456438952127,0,0,0,0
"856",0,0,0,0,0,0,0
"857",31.8658890542049,0,0,0,0,0,0
"858",165.016263064224,0,149.809720994445,0,0,0,0
"859",0,0,0,0,0,0,0
"860",0,0,0,0,0,0,0
"861",140.112665354683,0,69.1927270438774,0,0,0,0
"862",0,0,0,0,0,0,0
"863",0,0,0,0,0,0,0
"864",0,0,0,0,0,0,0
"865",16.1237614840468,0,0,0,0,0,0
"866",73.2001179584595,0,59.7529910308535,0,0,0,0
"867",0,0,0,0,0,0,0
"868",20.541387052642,0,0,0,0,0,0
"869",0,0,0,0,0,0,0
"870",0,0,35.6328383766178,0,0,0,0
"871",0,0,0,0,0,0,0
"872",13.022907551301,0,4.25537511197814,0,0,0,0
"873",0,0,11.3051428899838,0,0,0,0
"874",0,0,5.39660395767032,0,0,0,0
"875",0,0,10.3369330410314,0,0,0,0
"876",0,0,0,0,0,0,0
"877",0,0,0,0,0,0,0
"878",11.6450535634593,0,1.42845865677716,0,0,0,0
"879",0,0,0,0,0,0,0
"880",0,0,0,0,0,0,0
"881",0,0,0,0,0,0,0
"882",80.1687775669432,0,72.5332031028101,0,0,0,0
"883",104.26488659912,0,77.8568426040284,0,0,0,0
"884",0,0,0,0,0,0,0
"885",0,0,0,0,0,0,0
"886",4.8824776454351,0,0,0,0,0,0
"887",11.3379776075795,0,0,0,0,0,0
"888",0,0,0,0,0,0,0
"889",0,0,0,0,0,0,0
"890",0,0,0,0,0,0,0
"891",0,0,0,0,0,0,0
"892",0,0,12.7303436234338,0,0,0,0
"893",0,0,3.1501750564946,0,0,0,0
"894",22.1731085961838,0,0,0,0,0,0
"895",0,0,17.667892306,0,0,0,0
"896",42.2962888210359,0,45.2877214237882,0,0,0,0
"897",238.583089728219,0,46.9325742383813,0,0,0,0
"898",0,0,0,0,0,0,0
"899",0,0,31.8894275150334,0,0,0,0
"900",0,0,0,0,0,0,0
"901",0,0,0,0,0,0,0
"902",21.5995094852934,0,0,0,0,0,0
"903",84.7474755383746,0,97.7280585325528,0,0,0,0
"904",105.491805132696,0,91.7588533220489,0,0,0,0
"905",0,0,0,0,0,0,0
"906",12.691856288746,0,18.2988248333581,0,0,0,0
"907",91.9060706821744,0,87.2110683123354,0,0,0,0
"908",0,0,0,0,0,0,0
"909",0,0,0,0,0,0,0
"910",0,0,0,0,0,0,0
"911",0,0,0,0,0,0,0
"912",91.4748649352431,0,86.1236619009499,0,0,0,0
"913",0,0,0,0,0,0,0
"914",94.4176933577511,0,95.6627624062534,0,0,0,0
"915",0,0,0,0,0,0,0
"916",28.9565499408596,0,17.5863305169771,0,0,0,0
"917",0,0,0,0,0,0,0
"918",0,0,0,0,0,0,0
"919",0,0,0,0,0,0,0
"920",0,0,1.25167825152621,0,0,0,0
"921",51.2205158656572,0,31.4848554693999,0,0,0,0
"922",108.439798888648,0,93.6397015924082,0,0,0,0
"923",0,0,0,0,0,0,0
"924",3.29948392591099,0,0,0,0,0,0
"925",0,0,0,0,0,0,0
"926",9.57978198631947,0,9.35001507381406,0,0,0,0
"927",0,0,0,0,0,0,0
"928",0,0,0,0,0,0,0
"929",0,0,0,0,0,0,0
"930",0,0,0,0,0,0,0
"931",12.7216478756933,0,8.4675832275095,0,0,0,0
"932",0,0,0,0,0,0,0
"933",0,0,0,0,0,0,0
"934",18.8156083720092,0,19.4579154149229,0,0,0,0
"935",26.1466683121777,0,6.27044697236401,0,0,0,0
"936",0,0,0,0,0,0,0
"937",13.3688838060924,0,0.668171596081934,0,0,0,0
"938",0,0,0,0,0,0,0
"939",0,0,0,0,0,0,0
"940",0,0,0,0,0,0,0
"941",0,0,0,0,0,0,0
"942",29.7569097868153,0,18.7856559011885,0,0,0,0
"943",0,0,0,0,0,0,0
"944",0,0,0,0,0,0,0
"945",0,0,0,0,0,0,0
"946",0,0,0,0,0,0,0
"947",0,0,0,0,0,0,0
"948",0,0,0,0,0,0,0
"949",0,0,0,0,0,0,0
"950",93.484472964582,0,87.8284464814181,0,0,0,0
"951",21.7027240394741,0,43.0135049703992,0,0,0,0
"952",10.2171021570728,0,0,0,0,0,0
"953",0,0,0,0,0,0,0
"954",0,0,0,0,0,0,0
"955",0,0,0,0,0,0,0
"956",73.9111374045786,0,76.2753699389806,0,0,0,0
"957",127.593796190859,0,18.8602886264894,0,0,0,0
"958",0,0,0,0,0,0,0
"959",0,0,0,0,0,0,0
"960",0,0,0,0,0,0,0
"961",0,0,11.3672431082041,0,0,0,0
"962",0,0,0,0,0,0,0
"963",0,0,0,0,0,0,0
"964",38.5260481056493,0,4.63420113219988,0,0,0,0
"965",0,0,0,0,0,0,0
"966",0,0,0,0,0,0,0
"967",0,0,0,0,0,0,0
"968",0,0,0,0,0,0,0
"969",0,0,0,0,0,0,0
"970",157.620419785122,0,126.55534727881,0,0,0,0
"971",0,0,0,0,0,0,0
"972",0,0,0,0,0,0,0
"973",49.0039680399049,0,5.36631220480271,0,0,0,0
"974",0,0,0,0,0,0,0
"975",0,0,16.5204774784271,0,0,0,0
"976",149.644974894011,0,40.872324828383,0,0,0,0
"977",0,0,0,0,0,0,0
"978",0,0,0,0,0,0,0
"979",0,0,0,0,0,0,0
"980",0,0,0,0,0,0,0
"981",0,0,60.8007961996354,0,0,0,0
"982",0,0,0,0,0,0,0
"983",0,0,0,0,0,0,0
"984",0,0,3.03552794078723,0,0,0,0
"985",16.6749055879469,0,12.5245978167208,0,0,0,0
"986",0,0,0,0,0,0,0
"987",7.39324722183181,0,13.3055178318413,0,0,0,0
"988",69.7220828863243,0,70.5516061152784,0,0,0,0
"989",0,0,0,0,0,0,0
"990",44.0303728315793,0,31.4624640274817,0,0,0,0
"991",0,0,0,0,0,0,0
"992",0,0,0,0,0,0,0
"993",0,0,0,0,0,0,0
"994",24.9402552815446,0,19.5569379267264,0,0,0,0
"995",0,0,0,0,0,0,0
"996",81.937994519551,0,54.8467223248819,0,0,0,0
"997",58.5720863787991,0,76.2010006696187,0,0,0,0
"998",3.66170752580565,0,59.0948214142545,0,0,0,0
"999",0,0,9.98876921163987,0,0,0,0
"1000",0,0,0,0,0,0,0
"1001",0,0,3.90782396305367,0,0,0,0
"1002",0,0,0,0,0,0,0
"1003",0,0,0,0,0,0,0
"1004",0,0,12.6261405915115,0,0,0,0
"1005",0,0,0,0,0,0,0
"1006",0,0,0,0,0,0,0
"1007",0,0,0,0,0,0,0
"1008",0,0,0,0,0,0,0
"1009",0,0,0,0,0,0,0
"1010",0,0,0,0,0,0,0
"1011",17.6993562227673,0,36.1923255395041,0,0,0,0
"1012",125.111900576764,0,102.882616611132,0,0,0,0
"1013",8.81863349474986,0,0,0,0,0,0
"1014",18.7149614781247,0,5.13966627305826,0,0,0,0
"1015",44.2339348384118,0,15.5733920185349,0,0,0,0
"1016",70.2830229586945,0,74.7658628229429,0,0,0,0
"1017",246.640594845925,0,244.450058163602,0,0,0,0
"1018",0,0,0,0,0,0,0
"1019",0,0,39.083471385651,0,0,0,0
"1020",0,0,16.9512442684731,0,0,0,0
"1021",152.79159766821,0,174.665879427006,0,0,0,0
"1022",28.6967513606123,0,0,0,0,0,0
"1023",0,0,0,0,0,0,0
"1024",0,0,0,0,0,0,0
"1025",0,0,0,0,0,0,0
"1026",0,0,0,0,0,0,0
"1027",14.9523096442565,0,0,0,0,0,0
"1028",0,0,0,0,0,0,0
"1029",0,0,0,0,0,0,0
"1030",0,0,17.0647893240903,0,0,0,0
"1031",0,0,0,0,0,0,0
"1032",0,0,0,0,0,0,0
"1033",34.2022305775706,0,37.1712325302984,0,0,0,0
"1034",146.23411529288,0,142.877385873272,0,0,0,0
"1035",0,0,0,0,0,0,0
"1036",0,0,0,0,0,0,0
"1037",0,0,0,0,0,0,0
"1038",0,0,7.36555407701362,0,0,0,0
"1039",0,0,0,0,0,0,0
"1040",0,0,0,0,0,0,0
"1041",32.2154449800085,0,23.6861951586004,0,0,0,0
"1042",12.9350000982661,0,0,0,0,0,0
"1043",0,0,0,0,0,0,0
"1044",0,0,0,0,0,0,0
"1045",19.1541409728748,0,57.8703724655177,0,0,0,0
"1046",4.36357648681782,0,0,0,0,0,0
"1047",2.52421649347469,0,3.37015919391699,0,0,0,0
"1048",38.2654521858825,0,9.4135189845867,0,0,0,0
"1049",0,0,0,0,0,0,0
"1050",0,0,0,0,0,0,0
"1051",8.30233603411394,0,0,0,0,0,0
"1052",0,0,4.13499212537475,0,0,0,0
"1053",0,0,0,0,0,0,0
"1054",0,0,24.2490495319898,0,0,0,0
"1055",49.041994001072,0,61.0526841037591,0,0,0,0
"1056",196.637513899252,0,126.086232240464,0,0,0,0
"1057",58.4541778809019,0,96.4616455946007,0,0,0,0
"1058",0,0,2.01315327368338,0,0,0,0
"1059",33.319073617536,0,9.42697805678856,0,0,0,0
"1060",6.38898516212185,0,23.2597310645499,0,0,0,0
"1061",51.1803264954388,0,41.747282048283,0,0,0,0
"1062",0,0,0,0,0,0,0
"1063",109.628417411406,0,58.3862085468357,0,76.2886965080185,0,0
"1064",159.938263276577,0,141.25657548384,0,0,0,0
"1065",0,0,0,0,0,0,0
"1066",178.998224608612,0,198.458578475707,0,0,0,0
"1067",0,0,0,0,0,0,0
"1068",8.14128506789758,0,0,0,0,0,0
"1069",0,0,0,0,0,0,0
"1070",77.3821942729536,0,42.6015446221126,0,0,0,0
"1071",0,0,6.66268524634906,0,0,0,0
"1072",0,0,0,0,0,0,0
"1073",0,0,0,0,0,0,0
"1074",0,0,0,0,0,0,0
"1075",0,0,0,0,0,0,0
"1076",0,0,0,0,0,0,0
"1077",0,0,0,0,0,0,0
"1078",0,0,0,0,0,0,0
"1079",0,0,0,0,0,0,0
"1080",0,0,0,0,0,0,0
"1081",17.8474152281742,0,0,0,0,0,0
"1082",0,0,0,0,0,0,0
"1083",0,0,0,0,0,0,0
"1084",0,0,0,0,0,0,0
"1085",0,0,3.43350087037329,0,0,0,0
"1086",0,0,0,0,0,0,0
"1087",0,0,0,0,0,0,0
"1088",0,0,0,0,0,0,0
"1089",0,0,0,0,0,0,0
"1090",0,0,0,0,0,0,0
"1091",0,0,0,0,0,0,0
"1092",0,0,0,0,0,0,0
"1093",9.57492845223687,0,6.3610036366135,0,0,0,0
"1094",0,0,0,0,0,0,0
"1095",62.3512629530615,0,107.323847900679,0,0,0,0
"1096",14.4453780466631,0,0,0,0,0,0
"1097",0,0,4.24619777482979,0,0,0,0
"1098",0,0,8.7783556546707,0,0,0,0
"1099",0,0,0,0,0,0,0
"1100",0,0,0,0,0,0,0
"1101",0,0,0,0,0,0,0
"1102",0,0,0,0,0,0,0
"1103",0,0,0,0,0,0,0
"1104",94.6947971278992,0,122.407963779846,0,0,0,0
"1105",192.970800672933,0,180.181397699007,0,0,0,0
"1106",0,0,51.3089215692316,0,0,0,0
"1107",18.1872680010629,0,57.0612280622151,0,0,0,0
"1108",0,0,0,0,0,0,0
"1109",0,0,0,0,0,0,0
"1110",0,0,0,0,0,0,0
"1111",0,0,6.51829107859961,0,0,0,0
"1112",0,0,0,0,0,0,0
"1113",0,0,0,0,0,0,0
"1114",24.3649028597737,0,0,0,0,0,0
"1115",0,0,0,0,0,0,0
"1116",69.7003433076307,0,37.8185836531077,0,0,0,0
"1117",5.07398440982336,0,0,0,0,0,0
"1118",0,0,0,0,0,0,0
"1119",52.0460255876586,0,98.9708795428283,0,0,0,0
"1120",0,0,0,0,0,0,0
"1121",0,0,0,0,0,0,0
"1122",0,0,0,0,0,0,0
"1123",0,0,0,0,0,0,0
"1124",0,0,0,0,0,0,0
"1125",174.031642592751,0,110.254264721843,0,0,0,0
"1126",0,0,0,0,0,0,0
"1127",0,0,0,0,0,0,0
"1128",0,0,0,0,0,0,0
"1129",0,0,0,0,0,0,0
"1130",161.173533380746,0,165.373467562889,0,0,0,0
"1131",0,0,0,0,0,0,0
"1132",0,0,0,0,0,0,0
"1133",0,0,0,0,0,0,0
"1134",0,0,0.325851114374363,0,0,0,0
"1135",39.5401459380765,0,0,0,0,0,0
"1136",0,0,0,0,0,0,0
"1137",0,0,0,0,0,0,0
"1138",16.0985535649935,0,19.1707923779007,0,0,0,0
"1139",116.658496664184,0,67.4525212460296,0,0,0,0
"1140",0,0,9.16271400478889,0,0,0,0
"1141",37.3622588595851,0,60.3119932003202,0,0,0,0
"1142",0,0,14.5813205429758,0,0,0,0
"1143",0,0,0,0,0,0,0
"1144",0,0,2.77435392802447,0,0,0,0
"1145",29.8705305920385,0,18.6457367824191,0,0,0,0
"1146",55.3446460695384,0,61.4296208602717,0,0,0,0
"1147",41.3358412154151,0,23.8474691065462,0,0,0,0
"1148",0,0,0,0,0,0,0
"1149",0,0,0,0,0,0,0
"1150",3.64524598848491,0,66.7169580775555,0,0,0,0
"1151",0,0,0,0,0,0,0
"1152",0,0,0.149982906416769,0,0,0,0
"1153",0,0,0,0,0,0,0
"1154",0,0,0,0,0,0,0
"1155",0,0,0,0,0,0,0
"1156",0,0,0,0,0,0,0
"1157",31.2515571479286,0,54.9436844366949,0,0,0,0
"1158",92.3466482654391,0,78.3942206885084,0,0,0,0
"1159",56.9154251292914,0,65.6024017767062,0,0,0,0
"1160",0,0,0,0,0,0,0
"1161",102.407868483013,0,29.7065535156827,0,0,0,0
"1162",0,0,0,0,0,0,0
"1163",0,0,2.70141746564419,0,0,0,0
"1164",0,0,0,0,0,0,0
"1165",0,0,8.82535382532576,0,0,0,0
"1166",0,0,0,0,0,0,0
"1167",0,0,0,0,0,0,0
"1168",0,0,0,0,0,0,0
"1169",0,0,1.27674515734154,0,0,0,0
"1170",0,0,0,0,0,0,0
"1171",0,0,0,0,0,0,0
"1172",0,0,0,0,0,0,0
"1173",58.7253391441516,0,34.2483688388784,0,0,0,0
"1174",0,0,0,0,0,0,0
"1175",0,0,0,0,0,0,0
"1176",2.00329685868498,0,0,0,0,0,0
"1177",0,0,8.28148214825293,0,0,0,0
"1178",0,0,0,0,0,0,0
"1179",0,0,0,0,0,0,0
"1180",0,0,0,0,0,0,0
"1181",0,0,3.36989371482871,0,0,0,0
"1182",21.4422964910251,0,0,0,0,0,0
"1183",0,0,0,0,0,0,0
"1184",0,0,0,0,0,0,0
"1185",0,0,0,0,0,0,0
"1186",0,0,0,0,0,0,0
"1187",21.3813439277819,0,21.8546426442284,0,0,0,0
"1188",0,0,0,0,0,0,0
"1189",0,0,0,0,0,0,0
"1190",0,0,11.0477318173913,0,0,0,0
"1191",0,0,0.36956861985339,0,0,0,0
"1192",9.27133609166568,0,1.63309458730703,0,0,0,0
"1193",56.6510591381538,0,35.1418574082575,0,0,0,0
"1194",0,0,0,0,0,0,0
"1195",18.9505786637633,0,0,0,0,0,0
"1196",0,0,0,0,0,0,0
"1197",0,0,0,0,0,0,0
"1198",20.4543295856911,0,0,0,0,0,0
"1199",0,0,0,0,0,0,0
"1200",8.46917350029446,0,2.3377053790822,0,0,0,0
"1201",244.730126229465,0,69.7219178718884,0,0,0,0
"1202",12.7823516461364,0,0,0,0,0,0
"1203",0,0,0,0,0,0,0
"1204",32.1680453987778,0,25.7726363794638,0,0,0,0
"1205",0,0,0,0,0,0,0
"1206",0,0,0,0,0,0,0
"1207",0,0,17.1942737912613,0,0,0,0
"1208",0,0,0,0,0,0,0
"1209",0,0,0,0,0,0,0
"1210",0,0,0,0,0,0,0
"1211",0,0,0,0,0,0,0
"1212",0,0,0,0,0,0,0
"1213",256.982861576954,0,195.111440812642,0,0,0,0
"1214",26.703157319622,0,0,0,0,0,0
"1215",0,0,0,0,0,0,0
"1216",5.61864274152098,0,0,0,0,0,0
"1217",140.754237955168,0,40.0717357068285,0,0,0,0
"1218",30.9459077418935,0,0,0,0,0,0
"1219",98.719013628568,0,122.724932675427,0,0,0,0
"1220",0,0,0,0,0,0,0
"1221",0,0,0,0,0,0,0
"1222",0,0,0,0,0,0,0
"1223",43.5761616393965,0,57.4963208231534,0,0,0,0
"1224",0,0,0,0,0,0,0
"1225",0,0,0,0,0,0,0
"1226",0,0,0,0,0,0,0
"1227",51.7357716495001,0,12.5659068324123,0,0,0,0
"1228",0,0,0,0,0,0,0
"1229",0,0,19.0971134241542,0,0,0,0
"1230",0,0,0,0,0,0,0
"1231",133.760580883071,0,175.80757797482,0,0,0,0
"1232",0,0,0,0,0,0,0
"1233",6.27405542418158,0,0,0,0,0,0
"1234",0,0,0,0,0,0,0
"1235",101.858674155627,0,67.0808822211103,0,0,0,0
"1236",0,0,0,0,0,0,0
"1237",0,0,0,0,0,0,0
"1238",0,0,0,0,0,0,0
"1239",0,0,0,0,0,0,0
"1240",0,0,0,0,0,0,0
"1241",0,0,19.7964083423995,0,0,0,0
"1242",47.0008791316488,0,55.7858234947228,0,0,0,0
"1243",0,0,0,0,0,0,0
"1244",0,0,0,0,0,0,0
"1245",0,0,0,0,0,0,0
"1246",0,0,0,0,0,0,0
"1247",91.9310776997155,0,86.5513645630152,0,0,0,0
"1248",0,0,0,0,0,0,0
"1249",0,0,0,0,0,0,0
"1250",67.5088836775655,0,58.0473064717623,0,0,0,0
"1251",0,0,0,0,0,0,0
"1252",0,0,0,0,0,0,0
"1253",0,0,0,0,0,0,0
"1254",0,0,0,0,0,0,0
"1255",0,0,0,0,0,0,0
"1256",0,0,0,0,0,0,0
"1257",8.76787257833036,0,0,0,0,0,0
"1258",46.5666659891229,0,119.889187618441,0,0,0,0
"1259",74.2465463168271,0,32.0591298172314,0,0,0,0
"1260",0,0,0,0,0,0,0
"1261",0,0,0,0,0,0,0
"1262",0,0,0,0,0,0,0
"1263",0,0,3.13067934480399,0,0,0,0
"1264",27.2959324558083,0,40.2524119886216,0,0,0,0
"1265",0,0,0,0,0,0,0
"1266",31.6669274166353,0,41.1468276745843,0,0,0,0
"1267",0,0,0,0,0,0,0
"1268",0,0,0,0,0,0,0
"1269",0,0,0,0,0,0,0
"1270",0,0,5.94537157136631,0,0,0,0
"1271",0,0,0,0,0,0,0
"1272",189.150085784924,0,198.702758925375,0,0,0,0
"1273",27.1632984724952,0,0,0,0,0,0
"1274",0,0,0,0,0,0,0
"1275",0,0,0,0,0,0,0
"1276",0,0,4.68072852788743,0,0,0,0
"1277",39.1528234799429,0,0,0,0,0,0
"1278",0,0,6.2080716652816,0,0,0,0
"1279",0,0,0,0,0,0,0
"1280",31.5673413562736,0,18.7177407005378,0,0,0,0
"1281",92.5156192317219,0,27.1021430193504,0,0,0,0
"1282",38.0375868732687,0,56.9279248176197,0,0,0,0
"1283",8.27862025354531,0,11.4646497788604,0,0,0,0
"1284",0,0,0,0,0,0,0
"1285",0,0,0,0,0,0,0
"1286",0,0,10.0542545655455,0,0,0,0
"1287",0,0,0,0,0,0,0
"1288",0,0,0,0,0,0,0
"1289",0,0,0,0,0,0,0
"1290",113.689653973332,0,125.415731986075,0,0,0,0
"1291",0,0,0,0,0,0,0
"1292",0,0,9.65876255180423,0,0,0,0
"1293",75.3342742303562,0,74.2677195920697,0,0,0,0
"1294",11.8104812763606,0,0,0,0,0,0
"1295",0,0,0,0,0,0,0
"1296",7.46506734520823,0,0,0,0,0,0
"1297",0,0,0,0,0,0,0
"1298",46.3481091588472,0,71.1020008617606,0,0,0,0
"1299",14.1817236416115,0,4.83751301817371,0,0,0,0
"1300",0,0,0,0,0,0,0
"1301",139.227436418781,0,154.666256534906,0,0,0,0
"1302",63.346308976301,0,5.76355109946499,0,0,0,0
"1303",0,0,3.25059176249049,0,0,0,0
"1304",0,0,0,0,0,0,0
"1305",51.1694700136753,0,30.6720202652352,0,0,0,0
"1306",0,0,0,0,0,0,0
"1307",0,0,4.17514762065341,0,0,0,0
"1308",10.3150790703741,0,178.786416389594,0,0,0,0
"1309",15.4922993386675,0,0,0,0,0,0
"1310",122.031243028431,0,86.3078789634683,0,0,0,0
"1311",30.2703165313851,0,15.2286883260128,0,0,0,0
"1312",36.4860973789397,0,0,0,0,0,0
"1313",0,0,0,0,0,0,0
"1314",0,0,0,0,0,0,0
"1315",76.6836971070244,0,46.2045063838871,0,0,0,0
"1316",13.0694904357984,0,0,0,0,0,0
"1317",31.2960554104198,0,37.3011687265377,0,0,0,0
"1318",0,0,12.2428753313696,0,0,0,0
"1319",0,0,0.620459514062262,0,0,0,0
"1320",0,0,5.49679989208304,0,0,0,0
"1321",0,0,4.17362894253949,0,0,0,0
"1322",0,0,6.82006080926002,0,0,0,0
"1323",0,0,11.4104275905429,0,0,0,0
"1324",0,0,0,0,0,0,0
"1325",34.779635409235,0,42.5546147993681,0,0,0,0
"1326",4.5088905670194,0,0,0,0,0,0
"1327",0,0,0,0,0,0,0
"1328",0,0,1.04865517727302,0,0,0,0
"1329",0,0,0,0,0,0,0
"1330",0,0,0,0,0,0,0
"1331",123.08477175521,0,54.0247467897855,0,0,0,0
"1332",97.5564343108161,0,0,0,0,0,0
"1333",0,0,0.645576374519798,0,0,0,0
"1334",17.1729918744082,0,19.0979291323755,0,0,0,0
"1335",11.1530770323802,0,0,0,0,0,0
"1336",174.950987525052,0,188.93761222346,0,0,0,0
"1337",0,0,0,0,0,0,0
"1338",23.3014621092899,0,52.1557304544915,0,0,0,0
"1339",17.1476913223725,0,48.205729503678,0,0,0,0
"1340",0,0,0,0,0,0,0
"1341",10.8298901140007,0,24.0555438459796,0,0,0,0
"1342",0,0,2.851696583082,0,0,0,0
"1343",0,0,0,0,0,0,0
"1344",0,0,0,0,0,0,0
"1345",0,0,6.52067158461592,0,0,0,0
"1346",0,0,0,0,0,0,0
"1347",0,0,0,0,0,0,0
"1348",11.3299648505014,0,0,0,0,0,0
"1349",0,0,0,0,0,0,0
"1350",58.7033859727593,0,192.857660754489,0,0,0,0
"1351",0,0,0,0,0,0,0
"1352",0,0,0,0,0,0,0
"1353",0,0,0,0,0,0,0
"1354",0,0,0,0,0,0,0
"1355",0,0,0,0,0,0,0
"1356",22.9609714410186,0,5.31850740368049,0,0,0,0
"1357",0,0,0,0,0,0,0
"1358",0,0,3.6039435309088,0,0,0,0
"1359",0,0,0,0,0,0,0
"1360",0,0,0,0,0,0,0
"1361",53.9876138906422,0,233.633909519125,0,0,0,0
"1362",9.70579820906382,0,0,0,0,0,0
"1363",0,0,0,0,0,0,0
"1364",0,0,0,0,0,0,0
"1365",0,0,0,0,0,0,0
"1366",0,0,0,0,0,0,0
"1367",0,0,0,0,0,0,0
"1368",0,0,0,0,0,0,0
"1369",119.896021721787,0,121.565760125573,0,0,0,0
"1370",42.8364771883454,0,0,0,0,0,0
"1371",0,0,0,0,0,0,0
"1372",0,0,0,0,0,0,0
"1373",49.8171389446165,0,14.864766130196,0,0,0,0
"1374",276.682519714423,0,90.188688999563,0,0,0,0
"1375",0,0,0,0,0,0,0
"1376",0,0,0,0,0,0,0
"1377",0,0,0,0,0,0,0
"1378",0,0,0,0,0,0,0
"1379",0,0,0,0,0,0,0
"1380",0,0,45.4819226562879,0,0,0,0
"1381",81.9269475201825,0,84.2255571045726,0,0,0,0
"1382",0,0,0,0,0,0,0
"1383",76.0233423514746,0,93.2896267729772,0,0,0,0
"1384",0,0,0,0,0,0,0
"1385",0,0,0,0,0,0,0
"1386",0,0,0,0,0,0,0
"1387",39.6777996579274,0,29.080867099321,0,0,0,0
"1388",0,0,0,0,0,0,0
"1389",0,0,0,0,0,0,0
"1390",0,0,0,0,0,0,0
"1391",37.1820701282637,0,6.25444079875277,0,0,0,0
"1392",0,0,0,0,0,0,0
"1393",94.0027061826741,0,92.9754805977167,0,0,0,0
"1394",28.4153112944743,0,0,0,0,0,0
"1395",0,0,0,0,0,0,0
"1396",0,0,0,0,0,0,0
"1397",0,0,0,0,0,0,0
"1398",0,0,0.777493418511922,0,0,0,0
"1399",15.9019421038768,0,4.24927470030442,0,0,0,0
"1400",0,0,0,0,0,0,0
"1401",0,0,0,0,0,0,0
"1402",0,0,0,0,0,0,0
"1403",0,0,0,0,0,0,0
"1404",0,0,2.25748227431489,0,0,0,0
"1405",0,0,6.71144241110524,0,0,0,0
"1406",0,0,0,0,0,0,0
"1407",30.2098212013297,0,0,0,0,0,0
"1408",0,0,0,0,0,0,0
"1409",0,0,0,0,0,0,0
"1410",0,0,0,0,0,0,0
"1411",0,0,0,0,0,0,0
"1412",14.9803602084031,0,79.8826499114094,0,0,0,0
"1413",8.81291280356164,0,0,0,0,0,0
"1414",0,0,0,0,0,0,0
"1415",0,0,2.58811121516818,0,0,0,0
"1416",0,0,0,0,0,0,0
"1417",18.7462614824082,0,10.6163429963999,0,0,0,0
"1418",0,0,16.9129341628505,0,0,0,0
"1419",0,0,0,0,0,0,0
"1420",0,0,4.82908885669854,0,0,0,0
"1421",14.6441014627173,0,3.25874229818901,0,0,0,0
"1422",0,0,0,0,0,0,0
"1423",29.7171962651493,0,30.1442669459575,0,0,0,0
"1424",100.30101867592,0,103.285168197302,0,0,0,0
"1425",0,0,0,0,0,0,0
"1426",41.7663389025577,0,0,0,0,0,0
"1427",0,0,1.81739584223057,0,0,0,0
"1428",0,0,0,0,0,0,0
"1429",13.3358419476643,0,0,0,0,0,0
"1430",114.910456533951,0,97.0381455805021,0,0,0,0
"1431",0,0,1.33391653471296,0,0,0,0
"1432",108.735901346992,0,101.719666944833,0,0,0,0
"1433",22.2593166465363,0,0,0,0,0,0
"1434",83.5556311528297,0,88.808360578983,0,0,0,0
"1435",93.4602006558709,0,147.848093549274,0,0,0,0
"1436",0,0,0,0,0,0,0
"1437",0,0,0,0,0,0,0
"1438",14.5343798576589,0,0,0,0,0,0
"1439",24.3286643880149,0,1.55813305235558,0,0,0,0
"1440",0,0,7.21799546561655,0,0,0,0
"1441",10.0431740188411,0,36.3608559199428,0,0,0,0
"1442",0,0,0,0,0,0,0
"1443",0,0,16.1099515148918,0,0,0,0
"1444",0,0,0,0,0,0,0
"1445",9.78097043822594,0,54.116866579449,0,0,0,0
"1446",50.9622803583418,0,23.547527032057,0,0,0,0
"1447",22.1366388670142,0,10.6809023775402,0,0,0,0
"1448",137.70128620997,0,64.2091623723315,0,0,0,0
"1449",0,0,3.7620567742737,0,0,0,0
"1450",28.0650132000494,0,27.4464326822674,0,0,0,0
"1451",0,0,0,0,0,0,0
"1452",0,0,28.310762400128,0,0,0,0
"1453",109.557070540604,0,128.836306109789,0,0,0,0
"1454",0,0,0,0,0,0,0
"1455",0,0,0,0,0,0,0
"1456",0,0,0,0,0,0,0
"1457",0,0,0,0,0,0,0
"1458",0,0,0,0,0,0,0
"1459",0,0,0,0,0,0,0
"1460",83.9039142464565,0,202.973058417408,0,0,0,0
"1461",85.5531589824325,0,99.7769669999755,0,0,0,0
"1462",0,0,0,0,0,0,0
"1463",0,0,0,0,0,0,0
"1464",0,0,0,0,0,0,0
"1465",0,0,2.85728145125368,0,0,0,0
"1466",33.7304007462477,0,59.3946239878901,0,0,0,0
"1467",0,0,0,0,0,0,0
"1468",41.6911438396073,0,134.188893388137,0,0,0,0
"1469",0,0,0,0,0,0,0
"1470",0,0,0,0,0,0,0
"1471",0,0,0,0,0,0,0
"1472",0,0,0,0,0,0,0
"1473",0,0,0,0,0,0,0
"1474",61.5252936268061,0,47.6695525477295,0,0,0,0
"1475",181.317960882391,0,214.544770205234,0,0,0,0
"1476",67.1577111960571,0,146.155240256692,0,0,0,0
"1477",0,0,1.91323249969701,0,0,0,0
"1478",8.90587473817418,0,0,0,0,0,0
"1479",0,0,0,0,0,0,0
"1480",0,0,0,0,0,0,0
"1481",0,0,0,0,0,0,0
"1482",0,0,0,0,0,0,0
"1483",27.531071232535,0,26.8461201886975,0,0,0,0
"1484",12.8401174495914,0,0,0,0,0,0
"1485",0,0,1.9968394351098,0,0,0,0
"1486",119.700517838165,0,131.406558817519,0,0,0,0
"1487",0,0,0,0,0,0,0
"1488",0,0,0,0,0,0,0
"1489",0,0,26.5148271731127,0,0,0,0
"1490",0,0,0,0,0,0,0
"1491",0,0,0,0,0,0,0
"1492",0,0,0,0,0,0,0
"1493",0,0,0,0,0,0,0
"1494",0,0,0,0,0,0,0
"1495",0,0,0,0,0,0,0
"1496",0,0,2.62782260207656,0,0,0,0
"1497",0,0,0,0,0,0,0
"1498",0,0,0,0,0,0,0
"1499",12.1022888444386,0,2.26960248790366,0,0,0,0
"1500",0,0,0,0,0,0,0
"1501",0,0,0,0,0,0,0
"1502",0,0,0,0,0,0,0
"1503",7.82294921807487,0,0,0,0,0,0
"1504",20.893441062925,0,5.57090777738163,0,0,0,0
"1505",0,0,0,0,0,0,0
"1506",0,0,0,0,0,0,0
"1507",0,0,12.624936864036,0,0,0,0
"1508",0,0,0,0,0,0,0
"1509",43.4222496282368,0,38.8770712331001,0,0,0,0
"1510",72.6137522282925,0,15.1920777115881,0,0,0,0
"1511",18.4467250945339,0,18.846321995588,0,0,0,0
"1512",0,0,2.77950389872037,0,0,0,0
"1513",52.1472027408108,0,6.30155389167608,0,0,0,0
"1514",0,0,11.7033532763733,0,0,0,0
"1515",0,0,0,0,0,0,0
"1516",39.8791134811811,0,24.2178014018371,0,0,0,0
"1517",2.08588395059355,0,0,0,0,0,0
"1518",0,0,0,0,0,0,0
"1519",116.097620598967,0,60.788409981727,0,0,0,0
"1520",0,0,0,0,0,0,0
"1521",0,0,0,0,0,0,0
"1522",0,0,3.68773758648063,0,0,0,0
"1523",0,0,9.58931590299818,0,0,0,0
"1524",0,0,0,0,0,0,0
"1525",0,0,0,0,0,0,0
"1526",0,0,28.2797081554749,0,0,0,0
"1527",0,0,0,0,0,0,0
"1528",0,0,0,0,0,0,0
"1529",0,0,0,0,0,0,0
"1530",14.6484741939607,0,0,0,0,0,0
"1531",0,0,0,0,0,0,0
"1532",13.1754059563698,0,22.6266924217907,0,0,0,0
"1533",0,0,0,0,0,0,0
"1534",32.1573919852319,0,32.1488738866376,0,0,0,0
"1535",0,0,0,0,0,0,0
"1536",0,0,0,0,0,0,0
"1537",0,0,0,0,0,0,0
"1538",92.1756597020696,0,157.561384286796,0,0,0,0
"1539",37.0855324036859,0,45.840852833264,0,0,0,0
"1540",27.7362177638183,0,58.4711707087847,0,0,0,0
"1541",0,0,0,0,0,0,0
"1542",0,0,0,0,0,0,0
"1543",23.5892450431016,0,7.8874585061589,0,0,0,0
"1544",0,0,0,0,0,0,0
"1545",0,0,0,0,0,0,0
"1546",0,0,0,0,0,0,0
"1547",0,0,0,0,0,0,0
"1548",0,0,4.44146603016043,0,0,0,0
"1549",0,0,0,0,0,0,0
"1550",0,0,4.64020193097451,0,0,0,0
"1551",0,0,0,0,0,0,0
"1552",0,0,0,0,0,0,0
"1553",73.904193852826,0,61.1179837659124,0,0,0,0
"1554",0,0,0,0,0,0,0
"1555",152.302601140748,0,77.1659667970308,125.878943607791,0,0,0
"1556",0,0,0,0,0,0,0
"1557",0,0,0,0,0,0,0
"1558",74.5271520382985,0,75.5323501083649,0,0,0,0
"1559",0,0,17.7127521265635,0,0,0,0
"1560",93.3719322479817,73.7989623864157,93.7804636980174,0,0,0,0
"1561",0,0,0,0,0,0,0
"1562",0,0,30.4773893877942,0,0,0,0
"1563",0,0,0,0,0,0,0
"1564",0,0,0,0,0,0,0
"1565",0,0,4.52883759683408,0,0,0,0
"1566",90.3342789372768,0,42.0227086825035,0,0,0,0
"1567",18.6502392488565,0,5.0947605135996,0,0,0,0
"1568",29.8305356516162,0,15.8949280669774,0,0,0,0
"1569",0,0,2.56706551672448,0,0,0,0
"1570",52.2295093604751,0,17.2314046057254,0,0,0,0
"1571",6.02964547516656,0,0,0,0,0,0
"1572",155.667773129054,0,20.0232062885693,0,0,0,0
"1573",0,0,0,0,0,0,0
"1574",0,0,0,0,0,0,0
"1575",17.6015529565823,0,0,0,0,0,0
"1576",48.5012716375137,0,33.4829276281861,0,0,0,0
"1577",0,0,0,0,0,0,0
"1578",0,0,1.83914050673601,0,0,0,0
"1579",11.3382296783512,0,0,0,0,0,0
"1580",101.159834194154,0,146.622753931311,0,0,0,0
"1581",28.0632197341042,0,36.3975025287853,0,0,0,0
"1582",0,0,0,0,0,0,0
"1583",45.6601131734059,0,0,0,0,0,0
"1584",0,0,0,0,0,0,0
"1585",0,0,0,0,0,0,0
"1586",0,0,0,0,0,0,0
"1587",0,0,0,0,0,0,0
"1588",0,0,0,0,0,0,0
"1589",22.3227522665222,0,47.1187131307554,0,0,0,0
"1590",0,0,6.00042735564667,0,0,0,0
"1591",0,0,0,0,0,0,0
"1592",0,0,0,0,0,0,0
"1593",0,0,0,0,0,0,0
"1594",0,0,0.409240221002581,0,0,0,0
"1595",60.5749441170174,0,77.8972087050098,0,0,0,0
"1596",0,0,5.46613505073355,0,0,0,0
"1597",0,0,0,0,0,0,0
"1598",0,0,0,0,0,0,0
"1599",0,0,0,0,0,0,0
"1600",8.62056066920074,0,0,0,0,0,0
"1601",45.3451675880731,0,98.9273404812441,0,0,0,0
"1602",0,0,0,0,0,0,0
"1603",24.2818943818482,0,10.6052539311546,0,0,0,0
"1604",0,0,0,0,0,0,0
"1605",117.314551601256,0,117.54457342095,0,0,0,0
"1606",90.0121986520539,0,53.3079910005333,0,0,0,0
"1607",43.0768419457912,0,63.6730848939429,0,0,0,0
"1608",79.2298689307407,0,79.0723337232635,0,0,0,0
"1609",125.451665352896,0,130.292837567492,0,0,0,0
"1610",0,0,0,0,0,0,0
"1611",0,0,0,0,0,0,0
"1612",0,0,0,0,0,0,0
"1613",202.280503977886,0,109.998885575498,0,0,0,0
"1614",0,0,37.3062371958743,0,0,0,0
"1615",0,0,0,0,0,0,0
"1616",59.4686798750711,0,42.7789032818141,0,0,0,0
"1617",21.0043608070305,0,0,0,0,0,0
"1618",0,0,0,0,0,0,0
"1619",4.38238493998631,0,15.7889153093486,0,0,0,0
"1620",0,0,6.3894474981087,0,0,0,0
"1621",84.8073712749061,0,80.7426677176689,0,0,0,0
"1622",85.6956926121207,0,3.95836046338498,0,0,0,0
"1623",0,0,0,0,0,0,0
"1624",0,0,2.45074833367234,0,0,0,0
"1625",19.3315758197982,0,13.4752293970084,0,0,0,0
"1626",0,0,0,0,0,0,0
"1627",0,0,0,0,0,0,0
"1628",0,0,0,0,0,0,0
"1629",0,0,1.76397824122414,0,0,0,0
"1630",0,0,0,0,0,0,0
"1631",0,0,0,0,0,0,0
"1632",0,0,0,0,0,0,0
"1633",0,0,2.29869302939449,0,0,0,0
"1634",0,0,0,0,0,0,0
"1635",0,0,0,0,0,0,0
"1636",0,0,0,0,0,0,0
"1637",0,0,2.77888381371874,0,0,0,0
"1638",0,0,1.82115511756928,0,0,0,0
"1639",0,0,0,0,0,0,0
"1640",19.1317602138538,0,15.1173247977958,0,0,0,0
"1641",0,0,1.57646789169558,0,0,0,0
"1642",0,0,4.2624309941807,0,0,0,0
"1643",0,0,0,0,0,0,0
"1644",192.65899882619,0,199.529153320641,0,0,0,0
"1645",48.8325948802195,0,78.119077498789,0,0,0,0
"1646",0,0,0,0,0,0,0
"1647",0,0,0,0,0,0,0
"1648",0,0,0,0,0,0,0
"1649",103.269195909395,0,277.014803040685,0,0,0,0
"1650",9.04495650290328,0,0,0,0,0,0
"1651",0,0,0,0,0,0,0
"1652",0,0,0,0,0,0,0
"1653",0,0,0,0,0,0,0
"1654",0,0,0,0,0,0,0
"1655",0,0,0.0425301947775143,0,0,0,0
"1656",0,0,4.84623364728918,0,0,0,0
"1657",0,0,0,0,0,0,0
"1658",0,0,0,0,0,0,0
"1659",107.281070519297,0,143.621021362059,0,0,0,0
"1660",16.2244049329101,0,51.8965594423317,0,0,0,0
"1661",83.3841976529021,0,87.5188019951467,0,0,0,0
"1662",13.25253995452,0,0,0,0,0,0
"1663",18.1296057303781,0,11.2987782939499,0,0,0,0
"1664",0,0,0.388366388512467,0,0,0,0
"1665",0,0,12.5121420718939,0,0,0,0
"1666",0,0,1.00737422550634,0,0,0,0
"1667",132.63901628382,0,104.864692497242,0,0,0,0
"1668",50.3401497024157,0,33.2951996807343,0,0,0,0
"1669",0,0,0,0,0,0,0
"1670",0,0,0,0,0,0,0
"1671",0,0,2.93067707940947,0,0,0,0
"1672",0,0,19.6028473605089,0,0,0,0
"1673",0,0,3.26710731181299,0,0,0,0
"1674",0,0,0,0,0,0,0
"1675",25.3609473004541,0,24.7478426844885,0,0,0,0
"1676",12.1293415844901,0,0,0,0,0,0
"1677",0,0,0,0,0,0,0
"1678",0,0,0,0,0,0,0
"1679",0,0,0,0,0,0,0
"1680",15.8321696055065,0,26.7706989706265,0,0,0,0
"1681",57.0795266097735,0,0,0,0,0,0
"1682",0,0,7.39013335705258,0,0,0,0
"1683",51.6515937020694,0,85.1504243466576,0,0,0,0
"1684",0,0,0,0,0,0,0
"1685",43.5186853358023,0,57.1520926278143,0,0,0,0
"1686",15.5422163500142,0,12.3222154146964,0,0,0,0
"1687",5.69076561966406,0,12.2831902221243,0,0,0,0
"1688",0,0,0,0,0,0,0
"1689",0,0,0,0,0,0,0
"1690",0,0,0,0,0,0,0
"1691",91.8076777985399,0,117.786025315302,0,0,0,0
"1692",0,0,0,0,0,0,0
"1693",0,0,0,0,0,0,0
"1694",0,0,1.53950744937989,0,0,0,0
"1695",0,0,0,0,0,0,0
"1696",0,0,0,0,0,0,0
"1697",49.9528990716435,0,17.4483071821458,0,0,0,0
"1698",0,0,0,0,0,0,0
"1699",0,0,0,0,0,0,0
"1700",0,0,0,0,0,0,0
"1701",0,0,0,0,0,0,0
"1702",0,0,0,0,0,0,0
"1703",0,0,0,0,0,0,0
"1704",12.8951887983244,0,22.170576976524,0,0,0,0
"1705",0,0,0,0,0,0,0
"1706",0,0,0,0,0,0,0
"1707",0,0,25.1751387414559,0,0,0,0
"1708",0,0,0,0,0,0,0
"1709",0,0,0,0,0,0,0
"1710",0,0,5.11627742166087,0,0,0,0
"1711",41.1273781443705,0,78.1616307376325,49.4271188596869,0,0,0
"1712",0,0,0,0,0,0,0
"1713",11.1486857353575,0,0,0,0,0,0
"1714",0,0,0,0,0,0,0
"1715",0,0,0,0,0,0,0
"1716",59.3474309752812,0,64.6209334779552,0,0,0,0
"1717",112.790311747566,0,63.9905544336188,0,0,0,0
"1718",84.5510302932075,0,111.743645284974,0,0,0,0
"1719",0,0,0,0,0,0,0
"1720",0,0,0,0,0,0,0
"1721",0,0,0,0,0,0,0
"1722",0,0,0,0,0,0,0
"1723",124.933857135653,0,89.368069838247,0,0,0,0
"1724",7.52393158486363,0,22.3415443754878,0,0,0,0
"1725",0,0,0,0,0,0,0
"1726",0,0,2.33290727888092,0,0,0,0
"1727",89.2453925718525,0,45.7623307033559,0,0,0,0
"1728",9.74907552534731,0,0,0,0,0,0
"1729",0,0,0,0,0,0,0
"1730",0,0,11.2393503342669,0,0,0,0
"1731",0,0,2.26810383333831,0,0,0,0
"1732",0,0,0,0,0,0,0
"1733",64.1686167353103,0,111.713052648816,0,0,0,0
"1734",17.0243108908374,0,14.6143215040092,0,0,0,0
"1735",16.3792123652081,0,31.3498670832745,0,0,0,0
"1736",0,0,3.76761452639947,0,0,0,0
"1737",0,0,0,0,0,0,0
"1738",13.3566164484522,0,0,0,0,0,0
"1739",0,0,0,0,0,0,0
"1740",173.916964265871,0,195.921158054664,0,0,0,0
"1741",9.54237173445723,0,0,0,0,0,0
"1742",15.1502559715032,0,28.5845758225712,0,0,0,0
"1743",0,0,6.39512738388699,0,0,0,0
"1744",0,0,8.78201631174593,0,0,0,0
"1745",95.7718579906559,0,69.2271498923058,0,0,0,0
"1746",0,0,0,0,0,0,0
"1747",0,0,0,0,0,0,0
"1748",51.5264527447734,0,70.9624134642253,0,0,0,0
"1749",0,0,0,0,0,0,0
"1750",11.4487414640152,0,0,0,0,0,0
"1751",0,0,4.54790147251269,0,0,0,0
"1752",0,0,0,0,0,0,0
"1753",19.8545751587813,0,8.99534888370972,0,0,0,0
"1754",0,0,13.8638078107755,0,0,0,0
"1755",0,0,0,0,0,0,0
"1756",0,0,0,0,0,0,0
"1757",24.1450536324943,0,0,0,0,0,0
"1758",0,0,0,0,0,0,0
"1759",0,0,0,0,0,0,0
"1760",0,0,8.19689921937125,0,0,0,0
"1761",31.7234357871468,0,122.242995805293,0,0,0,0
"1762",193.302538436629,0,317.084504844894,0,0,0,0
"1763",0,0,0,0,0,0,0
"1764",86.5984385098153,0,71.1593186070656,0,0,0,0
"1765",30.0178482766691,0,95.8047253005507,0,0,0,0
"1766",0,0,0,0,0,0,0
"1767",0,0,0,0,0,0,0
"1768",0,0,3.72157366296427,0,0,0,0
"1769",0,0,0,0,0,0,0
"1770",108.420602240145,0,144.385375334509,0,0,0,0
"1771",58.4651134318649,0,67.960994497382,0,0,0,0
"1772",0,0,0,0,0,0,0
"1773",0,0,11.858751235336,0,0,0,0
"1774",0,0,0,0,0,0,0
"1775",0,0,0,0,0,0,0
"1776",0,0,0,0,0,0,0
"1777",0,0,0,0,0,0,0
"1778",0,0,6.14583091734456,0,0,0,0
"1779",0,0,0,0,0,0,0
"1780",0,0,0,0,0,0,0
"1781",0,0,9.87449016153053,0,0,0,0
"1782",0,0,0,0,0,0,0
"1783",0,0,0,0,0,0,0
"1784",28.273117597385,0,0,0,0,0,0
"1785",0,0,10.9260053502093,0,0,0,0
"1786",0,0,0,0,0,0,0
"1787",0,0,4.53633826256789,0,0,0,0
"1788",17.8240101126665,0,10.6260569705604,0,0,0,0
"1789",0,0,8.07762297778877,0,0,0,0
"1790",0,0,3.73559305151123,0,0,0,0
"1791",68.336228084215,0,89.7465286550758,0,0,0,0
"1792",0,0,1.78797588633507,0,0,0,0
"1793",9.64379977281194,0,0,0,0,0,0
"1794",0,0,0,0,0,0,0
"1795",220.421922590754,0,85.9960879248612,0,0,0,0
"1796",0,0,0,0,0,0,0
"1797",0,0,30.675494309625,0,0,0,0
"1798",0,0,4.76820331661517,0,0,0,0
"1799",33.146895446698,0,2.25499124244215,0,0,0,0
"1800",0,0,0,0,0,0,0
"1801",10.9161714333683,0,0,0,0,0,0
"1802",0,0,0,0,0,0,0
"1803",0,0,0,0,0,0,0
"1804",0,0,3.38851789448497,0,0,0,0
"1805",8.17319569314628,0,0,0,0,0,0
"1806",59.7477644805502,0,22.3152126756455,0,0,0,0
"1807",0,0,9.33900768849608,0,0,0,0
"1808",48.0882085719095,0,50.5944443275258,0,0,0,0
"1809",0,0,11.7944531880727,0,0,0,0
"1810",0,0,0,0,0,0,0
"1811",0,0,0,0,0,0,0
"1812",0,0,0,0,0,0,0
"1813",0,0,0,0,0,0,0
"1814",52.2935560266095,0,52.2857523946757,0,0,0,0
"1815",10.0348301956998,0,10.7380614447689,0,0,0,0
"1816",0,0,4.33782379934635,0,0,0,0
"1817",0,0,0,0,0,0,0
"1818",92.5707207869472,0,47.0111630546979,59.5111642505698,0,0,0
"1819",69.2062765315379,0,128.442984438284,0,0,0,0
"1820",0,0,0,0,0,0,0
"1821",0,0,0,0,0,0,0
"1822",9.62565271691808,0,0,0,0,0,0
"1823",0,0,2.98424265882851,0,0,0,0
"1824",124.591863448358,0,85.3908305191069,0,0,0,0
"1825",0,0,0,0,0,0,0
"1826",0,0,0,0,0,0,0
"1827",0,0,0,0,0,0,0
"1828",0,0,0,0,0,0,0
"1829",91.4993331829726,0,73.3612914154069,0,0,0,0
"1830",37.0184350994324,0,63.4497558458907,0,0,0,0
"1831",0,0,0,0,0,0,0
"1832",23.8189312013122,0,22.8816571365147,0,0,0,0
"1833",6.10914363569871,0,0,0,0,0,0
"1834",0,0,0,0,0,0,0
"1835",0,0,0,0,0,0,0
"1836",0,0,0,0,0,0,0
"1837",56.7933169009525,0,277.263524158202,0,0,0,0
"1838",0,0,0,0,0,0,0
"1839",0,0,5.11456274627805,0,0,0,0
"1840",0,0,0,0,0,0,0
"1841",27.2066398189214,0,0,0,0,0,0
"1842",58.1923692674146,0,15.4766878090627,0,0,0,0
"1843",100.315720752825,0,45.2789332649816,0,0,0,0
"1844",0,0,0,0,0,0,0
"1845",0,0,7.05108172164126,0,0,0,0
"1846",0,0,0,0,0,0,0
"1847",0,0,0,0,0,0,0
"1848",0,0,12.7397791549671,0,0,0,0
"1849",0,0,0,0,0,0,0
"1850",82.3357675068121,0,97.9572109734404,0,0,0,0
"1851",0,0,0,0,0,0,0
"1852",0,0,0.288670361494792,0,0,0,0
"1853",0,0,0,0,0,0,0
"1854",0,0,0,0,0,0,0
"1855",0,0,3.54909006412673,0,0,0,0
"1856",0,0,0,0,0,0,0
"1857",0,0,0,0,0,0,0
"1858",247.147926862301,0,248.315429148422,0,0,0,0
"1859",18.2152898503284,0,0,0,0,0,0
"1860",0,0,11.5528074756583,0,0,0,0
"1861",0,0,0,0,0,0,0
"1862",0,0,0,0,0,0,0
"1863",0,0,0.393889885580442,0,0,0,0
"1864",0,0,0,0,0,0,0
"1865",0,0,0,0,0,0,0
"1866",0,0,0,0,0,0,0
"1867",0,0,0,0,0,0,0
"1868",48.1312835996332,0,52.8300402812209,0,0,0,0
"1869",107.733410000584,0,71.7952533537164,0,0,0,0
"1870",0,0,0,0,0,0,0
"1871",0,0,0,0,0,0,0
"1872",0,0,0,0,0,0,0
"1873",0,0,0,0,0,0,0
"1874",0,0,0,0,0,0,0
"1875",0,0,0,0,0,0,0
"1876",0,0,2.90103937842444,0,0,0,0
"1877",19.6968258746659,0,12.1002958040686,0,0,0,0
"1878",0,0,0,0,0,0,0
"1879",153.256356657807,0,115.015825369729,0,0,0,0
"1880",0,0,7.04083925400431,0,0,0,0
"1881",0,0,5.07740095603845,0,0,0,0
"1882",0,0,0,0,0,0,0
"1883",125.41738066963,0,168.480446247218,0,0,0,0
"1884",0,0,0,0,0,0,0
"1885",73.419072410334,0,0,0,0,0,0
"1886",58.5388838308324,0,76.1081693588645,0,0,0,0
"1887",0,0,0,0,0,0,0
"1888",0,0,5.38863839916376,0,0,0,0
"1889",112.066754624439,0,140.865832479305,0,0,0,0
"1890",3.79989735313218,0,0,0,0,0,0
"1891",0,0,0,0,0,0,0
"1892",0,0,0,0,0,0,0
"1893",0,0,25.0120398125598,0,0,0,0
"1894",42.1908464367426,0,18.6618482629647,0,0,0,0
"1895",0,0,0,0,0,0,0
"1896",17.0751281959464,0,0,0,0,0,0
"1897",49.7099249592429,0,138.630841611126,0,0,0,0
"1898",0,0,0,0,0,0,0
"1899",0,0,0,0,0,0,0
"1900",128.779428501583,0,80.2855084233052,0,0,0,0
"1901",10.1813784823756,0,0,0,0,0,0
"1902",0,0,0,0,0,0,0
"1903",0,0,2.27355346797314,0,0,0,0
"1904",140.086187939278,0,89.9444257376541,0,0,0,0
"1905",97.6017255410636,0,82.5167087207139,0,0,0,0
"1906",0,0,0,0,0,0,0
"1907",0,0,0,0,0,0,0
"1908",0,0,0,0,0,0,0
"1909",0,0,0,0,0,0,0
"1910",4.05256195969912,0,2.09818841359333,0,0,0,0
"1911",0,0,0,0,0,0,0
"1912",0,0,0,0,0,0,0
"1913",0,0,0,0,0,0,0
"1914",4.56954504497896,0,0,0,0,0,0
"1915",0,0,1.55247923692199,0,0,0,0
"1916",0,0,0,0,0,0,0
"1917",0,0,0,0,0,0,0
"1918",0,0,0,0,0,0,0
"1919",11.8216760645943,0,19.1721053564614,0,0,0,0
"1920",111.386905854669,0,188.925152306867,0,0,0,0
"1921",137.436309040875,0,114.879989171854,0,0,0,0
"1922",0,0,0,0,0,0,0
"1923",0,0,0,0,0,0,0
"1924",0,0,0,0,0,0,0
"1925",6.28847985093318,0,10.3430779297865,0,0,0,0
"1926",0,0,0,0,0,0,0
"1927",0,0,0,0,0,0,0
"1928",36.1338233931104,0,55.8848240515119,0,0,0,0
"1929",27.2000895807559,0,49.0986288575779,0,0,0,0
"1930",0,0,13.6887067458454,0,0,0,0
"1931",0,0,2.66827468021041,0,0,0,0
"1932",0,0,2.92761304541174,0,0,0,0
"1933",0,0,0,0,0,0,0
"1934",0,0,0,0,0,0,0
"1935",0,0,0,0,0,0,0
"1936",0,0,0,0,0,0,0
"1937",46.9247763730539,0,47.6999020773291,0,0,0,0
"1938",10.2600658782421,0,0,0,0,0,0
"1939",0,0,16.7588346306873,0,0,0,0
"1940",0,0,3.40941579795678,0,0,0,0
"1941",0,0,0,0,0,0,0
"1942",0,0,5.99319505056669,0,0,0,0
"1943",10.415361757092,0,17.9706836087938,0,0,0,0
"1944",0,0,2.85355176713683,0,0,0,0
"1945",0,0,14.886021952009,0,0,0,0
"1946",54.1535518683986,0,44.1265457089304,0,0,0,0
"1947",0,0,0,0,0,0,0
"1948",0,0,0,0,0,0,0
"1949",0,0,0,0,0,0,0
"1950",0,0,0,0,0,0,0
"1951",130.57023760729,0,140.113385739964,0,0,0,0
"1952",0,0,0,0,0,0,0
"1953",0,0,13.0907935892172,0,0,0,0
"1954",0,0,0,0,0,0,0
"1955",0,0,0,0,0,0,0
"1956",0,0,5.46140685777138,0,0,0,0
"1957",0,0,0,0,0,0,0
"1958",0,0,0,0,0,0,0
"1959",0,0,29.6675629825,0,0,0,0
"1960",20.9659860996417,0,0,0,0,0,0
"1961",0,0,0,0,0,0,0
"1962",0,0,0,0,0,0,0
"1963",0,0,0,0,0,0,0
"1964",35.800225189996,0,1.91868663408894,0,0,0,0
"1965",6.46520867683125,0,0,0,0,0,0
"1966",198.250394685829,0,172.187222918687,0,0,0,0
"1967",134.993402519993,0,178.584928459297,0,0,0,0
"1968",0,0,0,0,0,0,0
"1969",0,0,0,0,0,0,0
"1970",0,0,1.99733064476702,0,0,0,0
"1971",0,0,0,0,0,0,0
"1972",0,0,0,0,0,0,0
"1973",0,0,0,0,0,0,0
"1974",0,0,0,0,0,0,0
"1975",0,0,0.0928805878975363,0,0,0,0
"1976",0,0,0,0,0,0,0
"1977",0,0,0,0,0,0,0
"1978",15.0419316926659,0,28.0561041289118,0,0,0,0
"1979",0,0,0,0,0,0,0
"1980",15.6373438298172,0,46.387002759134,0,0,0,0
"1981",0,0,2.87217566860525,0,0,0,0
"1982",40.2694406901734,0,15.5173850029688,0,0,0,0
"1983",21.7617021514988,0,94.9453176102499,0,0,0,0
"1984",0,0,0,0,0,0,0
"1985",0,0,0,0,0,0,0
"1986",0,0,3.16264324448399,0,0,0,0
"1987",59.5096004760799,0,21.1474912810485,0,0,0,0
"1988",0,0,0,0,0,0,0
"1989",113.701630862567,0,71.431720931875,0,0,0,0
"1990",0,0,0,0,0,0,0
"1991",0,0,0,0,0,0,0
"1992",0,0,0,0,0,0,0
"1993",79.1503162465981,0,82.0240374512818,0,0,0,0
"1994",0,0,0,0,0,0,0
"1995",22.2408269411454,0,0,0,0,0,0
"1996",0,0,0,0,0,0,0
"1997",5.3526247971215,0,0,0,0,0,0
"1998",0,0,0,0,0,0,0
"1999",0,0,0,0,0,0,0
"2000",0,0,0,0,0,0,0
"2001",29.581426544477,0,19.2725837914851,0,0,0,0
"2002",121.210837355083,0,39.6264601157437,0,0,0,0
"2003",17.6822999784643,0,0,0,0,0,0
"2004",0,0,0,0,0,0,0
"2005",10.139877882149,0,0,0,0,0,0
"2006",175.032908387438,0,32.5247173084859,0,0,0,0
"2007",0,0,0,0,0,0,0
"2008",0,0,5.61124213738821,0,0,0,0
"2009",0,0,0,0,0,0,0
"2010",139.283551911428,0,54.6428849170467,0,0,0,0
"2011",0,0,0,0,0,0,0
"2012",0,0,0,0,0,0,0
"2013",103.832370009992,0,52.4353896738679,0,0,0,0
"2014",0,0,0,0,0,0,0
"2015",85.3495264397874,0,53.4933119992003,0,0,0,0
"2016",0,0,0,0,0,0,0
"2017",0,0,0,0,0,0,0
"2018",0,0,25.4208514240721,0,0,0,0
"2019",93.9367195515958,0,66.9534971840444,0,0,0,0
"2020",0,0,11.8024751566497,0,0,0,0
"2021",0,0,22.3719707082826,0,0,0,0
"2022",60.5266365279117,0,3.66228288895505,0,0,0,0
"2023",77.3583970671217,0,74.1656797502333,0,0,0,0
"2024",89.4269648364616,0,116.110268799792,0,0,0,0
"2025",14.3193160495336,0,0,0,0,0,0
"2026",0,0,2.05965738088977,0,0,0,0
"2027",0,0,0,0,0,0,0
"2028",0,0,0,0,0,0,0
"2029",0,0,0,0,0,0,0
"2030",8.57041874235932,0,0,0,0,0,0
"2031",0,0,0,0,0,0,0
"2032",48.0107497815903,0,76.8507189543403,0,0,0,0
"2033",16.4817527357217,0,0,0,0,0,0
"2034",0,0,0,0,0,0,0
"2035",28.5007685867905,0,0,0,0,0,0
"2036",30.2178230225822,0,5.24985270450802,0,0,0,0
"2037",108.304745451182,0,104.347828400594,0,0,0,0
"2038",74.8040460964958,0,17.911810903216,0,0,0,0
"2039",0,0,0,0,0,0,0
"2040",0,0,0,0,0,0,0
"2041",19.7028040696131,0,1.13582444826648,0,0,0,0
"2042",12.4290935801908,0,0,0,0,0,0
"2043",0,0,0,0,0,0,0
"2044",0,0,0,0,0,0,0
"2045",0,0,1.75826060697758,0,0,0,0
"2046",0,0,0,0,0,0,0
"2047",0,0,0,0,0,0,0
"2048",0,0,0,0,0,0,0
"2049",110.315347869478,0,75.4644701216259,0,0,0,0
"2050",0,0,3.33258014721565,0,0,0,0
"2051",0,0,0,0,0,0,0
"2052",0,0,0,0,0,0,0
"2053",0,0,0,0,0,0,0
"2054",27.763328891707,0,0,0,0,0,0
"2055",18.4786612679218,0,7.9962072458967,0,0,0,0
"2056",0,0,0,0,0,0,0
"2057",10.7664681907196,0,0,0,0,0,0
"2058",0,0,0,0,0,0,0
"2059",0,0,0,0,0,0,0
"2060",0,0,0,0,0,0,0
"2061",19.6208958070201,0,0,0,0,0,0
"2062",143.06366722071,0,252.570371329563,0,0,0,0
"2063",3.544787898342,0,4.14098155688023,0,0,0,0
"2064",0,0,0,0,0,0,0
"2065",56.4086011476973,0,60.4945519331111,0,0,0,0
"2066",0,0,24.143767060687,0,0,0,0
"2067",0,0,0,0,0,0,0
"2068",0,0,0,0,0,0,0
"2069",0,0,0,0,0,0,0
"2070",130.759958787361,0,116.671908350905,0,0,0,0
"2071",175.170386727944,0,207.202110455127,0,0,0,0
"2072",0,0,0,0,0,0,0
"2073",0,0,0,0,0,0,0
"2074",55.6728865851968,0,22.8303404818766,0,0,0,0
"2075",0,0,0,0,0,0,0
"2076",0,0,0,0,0,0,0
"2077",92.3837971388834,0,104.474871248663,0,0,0,0
"2078",69.4763197030908,0,25.0518637007373,0,0,0,0
"2079",98.1130400905059,0,203.34823591415,0,0,0,0
"2080",0,0,0,0,0,0,0
"2081",0,0,4.80545200833283,0,0,0,0
"2082",0,0,0,0,0,0,0
"2083",336.889635653324,0,126.673655212455,0,0,0,0
"2084",0,0,0,0,0,0,0
"2085",0,0,11.1231649045442,0,0,0,0
"2086",0,0,0,0,0,0,0
"2087",0,0,0,0,0,0,0
"2088",115.875760047328,0,190.229373697063,0,0,0,0
"2089",0,0,0,0,0,0,0
"2090",0,0,0,0,0,0,0
"2091",0,0,1.30685049450111,0,0,0,0
"2092",0,0,0,0,0,0,0
"2093",0,0,0,0,0,0,0
"2094",0,0,0,0,0,0,0
"2095",0,0,0,0,0,0,0
"2096",7.78101208158364,0,8.46044357336522,0,0,0,0
"2097",12.5669416075862,0,0,0,0,0,0
"2098",14.6379519944319,0,34.6779639455436,0,0,0,0
"2099",0,0,15.8822091706472,0,0,0,0
"2100",102.297712081162,0,108.735020600208,0,0,0,0
"2101",21.915699979866,0,72.8098721882171,0,0,0,0
"2102",0,0,0,0,0,0,0
"2103",0,0,0,0,0,0,0
"2104",58.0268503639627,0,0,0,0,0,0
"2105",0,0,5.38749019763578,0,0,0,0
"2106",45.4509789418331,0,0,0,0,0,0
"2107",0,0,0,0,0,0,0
"2108",44.0492798122829,0,57.8517699716407,0,0,0,0
"2109",0,0,0,0,0,0,0
"2110",0,0,0,0,0,0,0
"2111",0,0,0,0,0,0,0
"2112",272.23398752075,0,235.527584817381,0,0,0,0
"2113",0,0,3.11838614298465,0,0,0,0
"2114",0,0,0,0,0,0,0
"2115",0,0,0,0,0,0,0
"2116",104.64723514514,0,103.914848280798,0,0,0,0
"2117",0,0,4.94007106189477,0,0,0,0
"2118",0,0,15.0606791201892,0,0,0,0
"2119",0,0,0,0,0,0,0
"2120",32.2554114595677,0,24.8769591243176,0,0,0,0
"2121",56.2083166451218,0,8.53121654296753,0,0,0,0
"2122",16.3172641619597,0,0,0,0,0,0
"2123",0,0,0,0,0,0,0
"2124",14.0529714821475,0,3.7550816529458,0,0,0,0
"2125",0,0,0,0,0,0,0
"2126",55.1383246106258,0,74.4732034234001,0,0,0,0
"2127",0,0,0,0,0,0,0
"2128",0,0,37.6290213472208,0,0,0,0
"2129",223.029351352258,0,174.475385837995,0,0,0,0
"2130",0,0,0,0,0,0,0
"2131",0,0,0,0,0,0,0
"2132",0,0,0,0,0,0,0
"2133",10.9908571629333,0,11.6915357946534,0,0,0,0
"2134",123.946603807717,0,72.9386361458191,0,0,0,0
"2135",0,0,0,0,0,0,0
"2136",17.514843356399,0,9.53180550120498,0,0,0,0
"2137",0,0,0,0,0,0,0
"2138",0,0,0,0,0,0,0
"2139",12.56802414078,0,0,0,0,0,0
"2140",38.592498658376,0,27.0725681273125,0,0,0,0
"2141",0,0,0,0,0,0,0
"2142",0,0,0,0,0,0,0
"2143",0,0,0,0,0,0,0
"2144",0,0,1.71448366148114,0,0,0,0
"2145",99.8051908125434,0,72.4427770974759,0,0,0,0
"2146",0,0,0,0,0,0,0
"2147",0,0,0,0,0,0,0
"2148",0,0,0,0,0,0,0
"2149",18.6213712855262,0,3.57842002136802,0,0,0,0
"2150",0,0,0,0,0,0,0
"2151",96.6117815412243,0,63.7219165661529,0,0,0,0
"2152",0,0,0,0,0,0,0
"2153",0,0,0,0,0,0,0
"2154",106.552004853112,0,74.1917921619313,0,0,0,0
"2155",163.816816582462,0,202.057170690589,0,0,0,0
"2156",0,0,1.6552002650004,0,0,0,0
"2157",76.3730128340216,0,168.108520386431,0,0,0,0
"2158",0,0,0,0,0,0,0
"2159",0,0,10.5211820204692,0,0,0,0
"2160",196.672528228524,0,225.309248385481,0,0,0,0
"2161",34.7368359340563,0,0,0,0,0,0
"2162",285.123412386352,0,209.682134956678,0,0,0,0
"2163",0,0,0,0,0,0,0
"2164",0,0,0,0,0,0,0
"2165",11.5991571351184,0,0,0,0,0,0
"2166",14.8995529872083,0,6.28879493647017,0,0,0,0
"2167",0,0,0,0,0,0,0
"2168",0,0,0,0,0,0,0
"2169",0,0,0,0,0,0,0
"2170",0,0,6.65861984118173,0,0,0,0
"2171",0,0,0,0,0,0,0
"2172",0,0,0,0,0,0,0
"2173",0,0,27.2252059716584,0,0,0,0
"2174",0,0,0,0,0,0,0
"2175",27.5166839920201,0,29.8928521496624,0,0,0,0
"2176",0,0,0,0,0,0,0
"2177",20.5806591881483,0,16.4832722367678,0,0,0,0
"2178",90.1666926398209,0,86.8966720355566,0,0,0,0
"2179",8.43476436494893,0,2.69201749336328,0,0,0,0
"2180",0,0,0,0,0,0,0
"2181",39.0364989931362,0,19.5134104289345,0,0,0,0
"2182",0,0,0,0,0,0,0
"2183",119.045692006904,0,22.9706886336761,0,0,0,0
"2184",9.3392071865072,0,0,0,0,0,0
"2185",0,0,0,0,0,0,0
"2186",0,0,0,0,0,0,0
"2187",0,0,1.97918942820923,0,0,0,0
"2188",33.0301769215671,0,34.2995186047041,0,0,0,0
"2189",29.1484895706329,0,3.11930474514251,0,0,0,0
"2190",0,0,0,0,0,0,0
"2191",0,0,0,0,0,0,0
"2192",0,0,0,0,0,0,0
"2193",23.138831727847,0,7.73556855760973,0,0,0,0
"2194",0,0,0,0,0,0,0
"2195",6.17679748305133,0,0,0,0,0,0
"2196",0,0,0,0,0,0,0
"2197",11.5242253165232,0,0,0,0,0,0
"2198",23.5053803299569,0,28.8243894377772,0,0,0,0
"2199",10.30299252615,0,9.94271538990629,0,0,0,0
"2200",9.95509396677839,0,15.9091975385809,0,0,0,0
"2201",0,0,0,0,0,0,0
"2202",0,0,0,0,0,0,0
"2203",0,0,0,0,0,0,0
"2204",11.7106601610718,0,0,0,0,0,0
"2205",13.8799124025792,0,0,0,0,0,0
"2206",0,0,0,0,0,0,0
"2207",0,0,0,0,0,0,0
"2208",0,0,0,0,0,0,0
"2209",0,0,0,0,0,0,0
"2210",132.608270726951,0,112.004747905944,0,0,91.38281210647,0
"2211",0,0,0,0,0,0,0
"2212",27.2774535475636,0,0,0,0,0,0
"2213",0,0,0,0,0,0,0
"2214",69.0894801270782,0,49.4170698024635,0,0,0,0
"2215",0,0,0,0,0,0,0
"2216",0,0,0,0,0,0,0
"2217",59.5398481803504,0,175.382642867643,0,0,0,0
"2218",116.709664281355,0,149.621859422363,0,0,0,0
"2219",0,0,0,0,0,0,0
"2220",0,0,5.69247244218004,0,0,0,0
"2221",42.1950153075585,0,3.13383568176776,0,0,0,0
"2222",0,0,6.80946036090464,0,0,0,0
"2223",0,0,3.92380400037364,0,0,0,0
"2224",0,0,0,0,0,0,0
"2225",36.1452846201377,0,0,0,0,0,0
"2226",155.815956357156,0,85.8848499951095,0,0,0,0
"2227",27.2071909489125,0,0,0,0,0,0
"2228",0,0,0,0,0,0,0
"2229",0,0,0,0,0,0,0
"2230",39.7465634684486,0,77.7615753724839,0,0,0,0
"2231",0,0,15.3272024580469,0,0,0,0
"2232",32.2310016653938,0,9.90847421919199,0,0,0,0
"2233",0,0,0,0,0,0,0
"2234",24.900493934981,0,0,0,0,0,0
"2235",0,0,0,0,0,0,0
"2236",0,0,0,0,0,0,0
"2237",0,0,0,0,0,0,0
"2238",86.7320326577593,0,74.3350082877441,0,0,0,0
"2239",0,0,0,0,0,0,0
"2240",0,0,0,0,0,0,0
"2241",0,0,0,0,0,0,0
"2242",14.1288504859009,0,0,0,0,0,0
"2243",11.9467650939699,0,0,0,0,0,0
"2244",0,0,0,0,0,0,0
"2245",0,0,0,0,0,0,0
"2246",0,0,0,0,0,0,0
"2247",0,0,0,0,0,0,0
"2248",6.32749388640338,0,0,0,0,0,0
"2249",0,0,0,0,0,0,0
"2250",0,0,0,0,0,0,0
"2251",14.7369292482163,0,0,0,0,0,0
"2252",38.9243341460156,0,11.020658010856,0,0,0,0
"2253",124.767983746715,0,111.207892005973,0,0,0,0
"2254",13.9565649427867,0,11.1538402302008,0,0,0,0
"2255",0,0,0,0,0,0,0
"2256",0,0,0,0,0,0,0
"2257",52.395370482075,0,0,0,0,0,0
"2258",0,0,0,0,0,0,0
"2259",89.8543357027897,0,102.741530222627,0,0,0,0
"2260",0,0,0,0,0,0,0
"2261",0,0,0,0,0,0,0
"2262",0,0,0,0,0,0,0
"2263",0,0,0,0,0,0,0
"2264",53.5561945913214,0,31.6742977222342,0,0,0,0
"2265",0,0,0,0,0,0,0
"2266",10.0938201511284,0,0,0,0,0,0
"2267",0,0,0,0,0,0,0
"2268",100.041274891762,0,66.307128667311,0,0,0,0
"2269",55.9963236623457,0,53.7371801565727,0,0,0,0
"2270",0,0,0,0,0,0,0
"2271",0,0,0,0,0,0,0
"2272",24.6009959181159,0,12.1187127212046,0,0,0,0
"2273",0,0,0,0,0,0,0
"2274",0,0,0,0,0,0,0
"2275",53.672225176547,0,36.0379755080896,0,0,0,0
"2276",0,0,0,0,0,0,0
"2277",32.8780161748161,0,45.9668613183118,0,0,0,0
"2278",0,0,0,0,0,0,0
"2279",38.6232319017712,0,52.865629425129,0,0,0,0
"2280",0,0,12.608958014381,0,0,0,0
"2281",0,0,0,0,0,0,0
"2282",0,0,0,0,0,0,0
"2283",0,0,0,0,0,0,0
"2284",0,0,0,0,0,0,0
"2285",4.35318482428222,0,0,0,0,0,0
"2286",11.4231266987111,0,0,0,0,0,0
"2287",0,0,0,0,0,0,0
"2288",0,0,0,0,0,0,0
"2289",0,0,13.7622683901419,0,0,0,0
"2290",0,0,0,0,0,0,0
"2291",0,0,0,0,0,0,0
"2292",128.867878203874,0,122.270825172543,0,0,0,0
"2293",0,0,0,0,0,0,0
"2294",0,0,0,0,0,0,0
"2295",10.3173400016675,0,0,0,0,0,0
"2296",0,0,0,0,0,0,0
"2297",0,0,0,0,0,0,0
"2298",0,0,5.00486375965782,0,0,0,0
"2299",79.5287455133932,0,97.9737945560526,0,0,0,0
"2300",197.834359521137,0,199.478073122689,0,0,0,0
"2301",0,0,0,0,0,0,0
"2302",0,0,0,0,0,0,0
"2303",0,0,2.37090289570324,0,0,0,0
"2304",0,0,30.1315454741857,0,0,0,0
"2305",69.8108377784881,0,94.132482089397,0,0,0,0
"2306",0,0,23.6601192074262,0,0,0,0
"2307",59.1799368433803,0,41.9688838578578,0,0,0,0
"2308",0,0,0,0,0,0,0
"2309",0,0,0,0,0,0,0
"2310",176.051557789195,0,165.555098434283,0,0,0,0
"2311",0,0,0,0,0,0,0
"2312",0,0,0,0,0,0,0
"2313",0,0,0,0,0,0,0
"2314",0,0,0,0,0,0,0
"2315",0,0,0,0,0,0,0
"2316",0,0,0,0,0,0,0
"2317",34.3624251633611,0,0,0,0,0,0
"2318",0,0,5.08049919878399,0,0,0,0
"2319",0,0,7.450422186756,0,0,0,0
"2320",22.7690193396987,0,37.9368010561325,0,0,0,0
"2321",0,0,2.15841199204868,0,0,0,0
"2322",0,0,0,0,0,0,0
"2323",0,0,0,0,0,0,0
"2324",29.013560473707,0,24.5350789781892,0,0,0,0
"2325",26.5038299265905,0,14.2264762784262,0,0,0,0
"2326",0,0,0,0,0,0,0
"2327",0,0,7.14702669433713,0,0,0,0
"2328",0,0,3.15304796726594,0,0,0,0
"2329",0,0,16.8756030811425,0,0,0,0
"2330",0,0,0,0,0,0,0
"2331",0,0,0,0,0,0,0
"2332",0,0,0,0,0,0,0
"2333",22.0882407714586,0,14.078330090742,0,0,0,0
"2334",0,0,0,0,0,0,0
"2335",0,0,0,0,0,0,0
"2336",0,0,0,0,0,0,0
"2337",0,0,0,0,0,0,0
"2338",0,0,0,0,0,0,0
"2339",0,0,0,0,0,0,0
"2340",19.8498122908938,0,14.5293049162195,0,0,0,0
"2341",0,0,0,0,0,0,0
"2342",99.5762915311673,0,76.8356175051246,0,0,0,0
"2343",0,0,0.386509828427886,0,0,0,0
"2344",0,0,0,0,0,0,0
"2345",0,0,1.27253730835138,0,0,0,0
"2346",0,0,1.83004301024488,0,0,0,0
"2347",0,0,0,0,0,0,0
"2348",0,0,0,0,0,0,0
"2349",31.8506998011055,0,4.39958710349978,0,0,0,0
"2350",0,0,0,0,0,0,0
"2351",0,0,0,0,0,0,0
"2352",0,0,18.6661729005178,0,0,0,0
"2353",0,0,0,0,0,0,0
"2354",0,0,0,0,0,0,0
"2355",10.2072641165713,0,12.4874817570319,0,0,0,0
"2356",0,0,0,0,0,0,0
"2357",39.710122172806,0,40.6634736948431,0,0,0,0
"2358",21.0775322150995,0,18.0904367676393,0,0,0,0
"2359",43.5913470703558,0,2.95942655158691,0,0,0,0
"2360",117.892931439943,0,104.843173866871,0,0,0,0
"2361",82.9505045144174,0,15.7978990527884,0,0,0,0
"2362",0,0,0,0,0,0,0
"2363",60.6013951666778,0,83.1964497590057,0,0,0,0
"2364",120.92445332552,0,157.552806926687,0,0,0,0
"2365",0,0,6.24276994218446,0,0,0,0
"2366",0,0,0,0,0,0,0
"2367",30.3983248675814,0,59.039274069772,0,0,0,0
"2368",7.2227666433919,0,0,0,0,0,0
"2369",13.6766566634806,0,22.4561089842052,0,0,0,0
"2370",0,0,0,0,0,0,0
"2371",0,0,0.950285206686464,0,0,0,0
"2372",180.171107681869,0,177.515308792451,0,0,0,0
"2373",0,0,0,0,0,0,0
"2374",0,0,0,0,0,0,0
"2375",0,0,0,0,0,0,0
"2376",0,0,0,0,0,0,0
"2377",0,0,0,0,0,0,0
"2378",56.5562892434117,0,104.07228420606,0,135.23238920336,0,0
"2379",8.4950511794691,0,9.60854293796969,0,0,0,0
"2380",0,0,0,0,0,0,0
"2381",0,0,0,0,0,0,0
"2382",0,0,0,0,0,0,0
"2383",0,0,0,0,0,0,0
"2384",0,0,0,0,0,0,0
"2385",69.107587305832,0,58.953639312712,0,0,0,0
"2386",0,0,0,0,0,0,0
"2387",7.10385063989472,0,0,0,0,0,0
"2388",0,0,0,0,0,0,0
"2389",8.1293176980642,0,64.2700545967062,0,0,0,0
"2390",0,0,0,0,0,0,0
"2391",0,0,0,0,0,0,0
"2392",0,0,0,0,0,0,0
"2393",0,0,1.37478149274717,0,0,0,0
"2394",0,0,0,0,0,0,0
"2395",0,0,0,0,0,0,0
"2396",0,0,6.31941938968831,0,0,0,0
"2397",0,0,0,0,0,0,0
"2398",0,0,5.22533872961979,0,0,0,0
"2399",0,0,0,0,0,0,0
"2400",0,0,0,0,0,0,0
"2401",21.6964022189231,0,40.3108091810707,0,0,0,0
"2402",0,0,0.707792472873804,0,0,0,0
"2403",0,0,0,0,0,0,0
"2404",0,0,0,0,0,0,0
"2405",0,0,2.07099047991144,0,0,0,0
"2406",0,0,0,0,0,0,0
"2407",0,0,0,0,0,0,0
"2408",0,0,0,0,0,0,0
"2409",0,0,0,0,0,0,0
"2410",0,0,10.9153220644487,0,0,0,0
"2411",0,0,0,0,0,0,0
"2412",0,0,0,0,0,0,0
"2413",29.8490977989811,0,37.3960627217991,0,0,0,0
"2414",39.3801429499046,0,0,0,0,0,0
"2415",0,0,0,0,0,0,0
"2416",0,0,0,0,0,0,0
"2417",48.447272957521,0,53.97354528322,0,0,0,0
"2418",7.22419809776547,0,58.0920212417618,0,0,0,0
"2419",0,0,0,0,0,0,0
"2420",53.5618409722329,0,33.5670126638703,0,0,0,0
"2421",200.305045687815,0,36.1478524016273,0,0,0,0
"2422",0,0,15.9306841751289,0,0,0,0
"2423",0,0,0,0,0,0,0
"2424",12.6989183168232,0,8.07858105806241,0,0,0,0
"2425",0,0,0,0,0,0,0
"2426",0,0,26.4416285817825,0,0,0,0
"2427",158.118870977124,0,101.624851923713,0,0,0,0
"2428",0,0,4.91029018867542,0,0,0,0
"2429",66.4851379860861,0,32.8769664066465,0,0,0,0
"2430",7.07116299244962,0,24.0295530608085,0,0,0,0
"2431",0,0,0,0,0,0,0
"2432",0,0,13.4934061830892,0,0,0,0
"2433",31.3105546646893,0,0,0,0,0,0
"2434",0,0,0,0,0,0,0
"2435",108.201795665907,0,57.5996311842674,0,0,0,0
"2436",0,0,0,0,0,0,0
"2437",13.8192210459935,0,0,0,0,0,0
"2438",0,0,0,0,0,0,0
"2439",0,0,0,0,0,0,0
"2440",0,0,0,0,0,0,0
"2441",74.8022566630855,0,72.0087332816947,0,0,0,0
"2442",8.29110989643985,0,26.3278500337803,0,0,0,0
"2443",0,0,7.43679827341969,0,0,0,0
"2444",14.4235175782161,0,0,0,0,0,0
"2445",0,0,0,0,0,0,0
"2446",0,0,34.2381234215734,0,0,0,0
"2447",111.550283770914,0,114.504211737517,0,0,0,0
"2448",24.678798844751,0,7.76737155742609,0,0,0,0
"2449",0,0,0,0,0,0,0
"2450",86.8118278410805,0,139.255326769311,0,0,0,0
"2451",101.86782063301,0,69.578325294078,0,0,0,0
"2452",18.565101407695,0,39.5394399439736,0,0,0,0
"2453",11.2200868135186,0,6.28271544628328,0,0,0,0
"2454",0,0,1.64565496538436,0,0,0,0
"2455",99.6933525143373,0,111.11094249986,0,0,0,0
"2456",0,0,3.77840049666832,0,0,0,0
"2457",0,0,0,0,0,0,0
"2458",0,0,0,0,0,0,0
"2459",0,0,0,0,0,0,0
"2460",17.1977715676791,0,35.1903801528044,0,0,0,0
"2461",249.603194788618,0,221.950950545993,0,0,0,0
"2462",0,0,0,0,0,0,0
"2463",5.4990560592512,0,0,0,0,0,0
"2464",0,0,0,0,0,0,0
"2465",0,0,0,0,0,0,0
"2466",9.82169937010939,0,69.7011118837596,0,0,0,0
"2467",0,0,1.7608291543551,0,0,0,0
"2468",0,0,0,0,0,0,0
"2469",0,0,0,0,0,0,0
"2470",0,0,0,0,0,0,0
"2471",0,0,14.0560406196515,0,0,0,0
"2472",0,0,0,0,0,0,0
"2473",38.2385572784255,0,37.4339012978349,0,0,0,0
"2474",92.6660989989428,0,33.2584644539451,0,0,0,0
"2475",0,0,0,0,0,0,0
"2476",0,0,0,0,0,0,0
"2477",0,0,8.47992824424023,0,0,0,0
"2478",0,0,0,0,0,0,0
"2479",4.26377440570779,0,20.286603055429,0,0,0,0
"2480",133.4471810488,0,128.027546231121,0,0,0,0
"2481",159.926070360749,0,148.692976337798,0,0,0,0
"2482",23.4751553183286,0,0,0,0,0,0
"2483",69.4966338794015,0,32.7836130691199,0,0,0,0
"2484",0,0,5.3097828111159,0,0,0,0
"2485",0,0,0,0,0,0,0
"2486",0,0,22.0144899830451,0,0,0,0
"2487",0,0,25.2851930693494,0,0,0,0
"2488",0,0,0,0,0,0,0
"2489",0,0,0,0,0,0,0
"2490",74.3934130665279,0,73.7902850521283,0,0,0,60.8299029892747
"2491",0,0,0,0,0,0,0
"2492",0,0,0,0,0,0,0
"2493",3.46789494865852,0,0,0,0,0,0
"2494",0,0,0,0,0,0,0
"2495",70.010010602387,0,163.196020576257,0,0,0,0
"2496",0,0,0,0,0,0,0
"2497",0,0,5.94592322090929,0,0,0,0
"2498",0,0,0,0,0,0,0
"2499",0,0,13.5523493203929,0,22.2742670329584,0,0
"2500",0,0,0,0,0,0,0
