"","age1.R","age2_no_comorbid.R","age2_comorbid.R","age3_no_comorbid.R","age3_comorbid.R"
"1",0,0.106157112526539,0,0,0
"2",0.122850122850123,0.106157112526539,0,0,0
"3",0,0.106157112526539,0,0,0
"4",0,0.106157112526539,0,0,0
"5",0,0.106157112526539,0,0,0
"6",0.122850122850123,0.106157112526539,0,0,0
"7",0,0.106157112526539,0,0,0
"8",2.45700245700246,2.12314225053079,2.3961661341853,2.27272727272727,0
"9",0,0,0,0,0
"10",3.19410319410319,1.69851380042463,0.798722044728434,0,0
"11",0,0.212314225053079,0,0,0
"12",0.122850122850123,0.106157112526539,0,0,0
"13",0,0.106157112526539,0,0,0
"14",6.38820638820639,3.60934182590234,3.19488817891374,0,0
"15",0,0.106157112526539,0,0,0
"16",0.245700245700246,0.318471337579618,0,0,0
"17",0.245700245700246,0.106157112526539,0,0,0
"18",0,0.106157112526539,0,0,0
"19",0.122850122850123,0.106157112526539,0,0,0
"20",0,0.106157112526539,0,0,0
"21",0,0.106157112526539,0,0,0
"22",0,0.106157112526539,0,0,0
"23",0.122850122850123,0.106157112526539,0,0,0
"24",0.122850122850123,0.106157112526539,0,0,0
"25",0.122850122850123,0.106157112526539,0,0,0
"26",88.2063882063882,76.2208067940552,66.2939297124601,56.8181818181818,25.4691689008043
"27",2.33415233415233,1.38004246284501,0,0,1.34048257372654
"28",0,0.106157112526539,0,0,0
"29",0,0.106157112526539,0,0,0
"30",0,0.106157112526539,0,0,0
"31",0.245700245700246,0.212314225053079,0,0,0
"32",0,0,0,0,0
"33",0,0.106157112526539,0,0,0
"34",0,0.106157112526539,0,0,0
"35",0.122850122850123,0.106157112526539,0,0,0
"36",0,0.106157112526539,0,0,0
"37",0,0,0,0,0
"38",0,0.106157112526539,0,0,0
"39",0,0.106157112526539,0,0,0
"40",0,0.106157112526539,0,0,0
"41",0,0,0,0,0
"42",0,0,0,0,0
"43",0,0.424628450106157,0,0,0
"44",0,0.212314225053079,0,0,0
"45",0,0.106157112526539,0,0,0
"46",0,0.106157112526539,0,0,1.34048257372654
"47",0,0.106157112526539,0,0,0
"48",0.122850122850123,0.106157112526539,0,0,0
"49",0.245700245700246,0.106157112526539,0,0,0
"50",0,0.424628450106157,0,0,0
"51",0,0.106157112526539,0,0,0
"52",0.122850122850123,0.106157112526539,0,0,0
"53",0,0.106157112526539,0,0,0
"54",0,0.106157112526539,0,0,0
"55",0,0.318471337579618,0,0,0
"56",0,0.106157112526539,0,0,0
"57",0,0.106157112526539,0,0,0
"58",0.245700245700246,0.106157112526539,0,2.27272727272727,0
"59",0,0.106157112526539,0,0,0
"60",0,0.106157112526539,0,0,0
"61",0,0.106157112526539,0,0,0
"62",1.96560196560197,1.38004246284501,0.798722044728434,2.27272727272727,0
"63",0,0.106157112526539,0,0,0
"64",0.491400491400491,0.106157112526539,0,0,0
"65",0,0.212314225053079,0,0,0
"66",88.4520884520884,81.104033970276,59.9041533546326,59.0909090909091,24.1286863270778
"67",0.122850122850123,0.106157112526539,0,0,0
"68",0.982800982800983,0.530785562632696,0,0,0
"69",0,0.106157112526539,0,0,0
"70",0.491400491400491,0.106157112526539,0,0,1.34048257372654
"71",0,0.106157112526539,0,0,0
"72",0,0.106157112526539,0,0,0
"73",0,0.212314225053079,0,0,0
"74",1.5970515970516,0.743099787685775,0,0,0
"75",0,0.106157112526539,0,0,0
"76",0.122850122850123,0.106157112526539,0,0,0
"77",0,0.106157112526539,0,0,0
"78",87.8378378378378,75.4777070063694,55.111821086262,63.6363636363636,28.1501340482574
"79",87.8378378378378,73.5668789808917,67.8913738019169,47.7272727272727,24.1286863270778
"80",0,0.106157112526539,0,0,0
"81",0,0.106157112526539,0,0,0
"82",0.368550368550369,0.424628450106157,0.798722044728434,0,0
"83",0,0.106157112526539,0,0,0
"84",0,0.318471337579618,0,0,0
"85",0,0.106157112526539,0,0,0
"86",0,0.106157112526539,0,0,0
"87",0,0.212314225053079,0,0,0
"88",0,0.106157112526539,0,0,0
"89",0,0.106157112526539,0,0,0
"90",0,0.318471337579618,0,0,0
"91",0,0.106157112526539,0,0,0
"92",0,0.106157112526539,0,0,0
"93",0,0.106157112526539,0,0,0
"94",0,0.106157112526539,0,0,0
"95",0,0,0,0,0
"96",0.245700245700246,0.849256900212314,0,0,0
"97",0,0.106157112526539,0,0,0
"98",0,0.106157112526539,0,0,0
"99",0,0.106157112526539,0,0,0
"100",0,0.106157112526539,0,0,0
"101",0.122850122850123,0.212314225053079,0,0,0
"102",0.614250614250614,0.318471337579618,0.798722044728434,0,0
"103",0.245700245700246,0.106157112526539,0,0,0
"104",0.368550368550369,0.212314225053079,0,0,0
"105",0,0.106157112526539,0,0,0
"106",0,0.106157112526539,0,0,0
"107",90.6633906633907,78.0254777070064,68.6900958466454,56.8181818181818,29.4906166219839
"108",0,0.106157112526539,0,0,0
"109",0.122850122850123,0.106157112526539,0,0,0
"110",0,0.106157112526539,0,0,0
"111",0.122850122850123,0,0,0,0
"112",0,0.212314225053079,0,0,0
"113",0.614250614250614,0.318471337579618,0.798722044728434,0,0
"114",0,0,0,0,0
"115",0,0.106157112526539,0,0,0
"116",0,0.106157112526539,0,0,0
"117",0,0,0,0,0
"118",0,0.106157112526539,0,0,0
"119",11.6707616707617,4.67091295116773,3.99361022364217,9.09090909090909,4.02144772117963
"120",0.368550368550369,0.212314225053079,0,0,0
"121",0,0.106157112526539,0,0,0
"122",0,0.106157112526539,0,0,0
"123",0,0.106157112526539,0,0,0
"124",0,0.212314225053079,0,0,0
"125",0,0.106157112526539,0,0,0
"126",0,0.106157112526539,0,0,0
"127",0.85995085995086,0.424628450106157,0,0,0
"128",0,0.106157112526539,0,0,0
"129",0,0.106157112526539,0,0,0
"130",0,0.106157112526539,0,0,0
"131",0,0,0,0,0
"132",0,0.106157112526539,0,0,0
"133",0,0.212314225053079,0,0,0
"134",0.614250614250614,0.318471337579618,1.59744408945687,0,0
"135",0.122850122850123,0,0,0,0
"136",0.245700245700246,0,0,0,0
"137",0,0.106157112526539,0,0,0
"138",0.122850122850123,0.106157112526539,0,0,0
"139",0.122850122850123,0.212314225053079,0,0,0
"140",0.491400491400491,0.318471337579618,0.798722044728434,0,0
"141",0.368550368550369,0.318471337579618,0.798722044728434,0,0
"142",0,0.106157112526539,0,0,0
"143",0,0.106157112526539,0,0,0
"144",0,0.106157112526539,0,0,0
"145",1.10565110565111,0.212314225053079,0.798722044728434,0,0
"146",0,0.106157112526539,0,0,0
"147",0,0,0,0,0
"148",0,0.106157112526539,0,0,0
"149",0,0.106157112526539,0,0,0
"150",0,0.106157112526539,0,0,0
"151",2.21130221130221,1.69851380042463,0,0,0
"152",0.491400491400491,0.318471337579618,0.798722044728434,0,0
"153",0,0.106157112526539,0,0,0
"154",1.10565110565111,1.06157112526539,1.59744408945687,0,0
"155",0,0.106157112526539,0,0,0
"156",0,0.106157112526539,0,0,0
"157",0.245700245700246,0.106157112526539,0,0,0
"158",0,0.106157112526539,0,0,0
"159",0,0.106157112526539,0,0,0
"160",0,0.106157112526539,0,0,0
"161",0.122850122850123,0.212314225053079,0,0,0
"162",0,0.106157112526539,0,0,0
"163",0,0.106157112526539,0,0,0
"164",0,0.106157112526539,0,0,0
"165",0,0.106157112526539,0,0,0
"166",0,0.106157112526539,0,0,0
"167",0,0.212314225053079,0,0,0
"168",0.368550368550369,0.106157112526539,0,0,1.34048257372654
"169",0,0.106157112526539,0,0,0
"170",0,0.106157112526539,0,0,0
"171",0,0.106157112526539,0,0,0
"172",0,0.106157112526539,0,0,0
"173",0.122850122850123,0.212314225053079,0,0,0
"174",0,0.106157112526539,0,0,0
"175",0,0.106157112526539,0,0,0
"176",0,0.106157112526539,0,0,0
"177",0.614250614250614,0.530785562632696,0,0,0
"178",0,0.106157112526539,0,0,0
"179",0,0.106157112526539,0,0,0
"180",0,0.106157112526539,0,0,0
"181",0,0.106157112526539,0,0,0
"182",0.614250614250614,0.106157112526539,0.798722044728434,0,0
"183",0,0.106157112526539,0,0,0
"184",0.85995085995086,0.530785562632696,0,0,0
"185",0,0.106157112526539,0,0,0
"186",0,0.212314225053079,0,0,0
"187",0,0.106157112526539,0,0,0
"188",0.122850122850123,0.212314225053079,0,0,0
"189",0,0.106157112526539,0,0,0
"190",0,0.106157112526539,0,0,0
"191",0,0.106157112526539,0,0,0
"192",0,0.106157112526539,0,0,0
"193",0,0.106157112526539,0,0,0
"194",0.245700245700246,0.530785562632696,0.798722044728434,0,0
"195",0,0.106157112526539,0,0,0
"196",0,0.106157112526539,0,0,0
"197",0,0.106157112526539,0,0,0
"198",0,0.106157112526539,0,0,0
"199",0.368550368550369,0,0,0,0
"200",0,0.106157112526539,1.59744408945687,0,0
"201",0,0.212314225053079,0,0,0
"202",0.122850122850123,0.106157112526539,0.798722044728434,0,0
"203",0,0.106157112526539,0,0,0
"204",0,0.106157112526539,0,0,0
"205",0,0.106157112526539,0,0,0
"206",0,0.106157112526539,0,0,0
"207",0,0.106157112526539,0,0,0
"208",0,0.106157112526539,0,0,0
"209",0,0,0,0,0
"210",0,0.106157112526539,0,0,0
"211",0,0.106157112526539,0,0,0
"212",0.737100737100737,0.849256900212314,0,0,0
"213",9.21375921375921,3.82165605095541,4.79233226837061,4.54545454545455,0
"214",0.491400491400491,0.318471337579618,0.798722044728434,0,0
"215",0,0.106157112526539,0,0,0
"216",0,0.106157112526539,0.798722044728434,0,0
"217",0.122850122850123,0.212314225053079,0,0,0
"218",0,0.318471337579618,0,0,0
"219",0,0.106157112526539,0,0,0
"220",0,0.106157112526539,0,0,0
"221",0.122850122850123,0,0,0,0
"222",0.122850122850123,0.106157112526539,0,0,0
"223",0,0.106157112526539,0,0,0
"224",0.122850122850123,0.106157112526539,0.798722044728434,0,0
"225",0.122850122850123,0.318471337579618,0,0,0
"226",0,0.106157112526539,0,0,0
"227",0,0.106157112526539,0,0,0
"228",0,0.106157112526539,0,0,0
"229",0,0.106157112526539,0,0,0
"230",2.7027027027027,2.01698513800425,0,2.27272727272727,0
"231",0,0.106157112526539,0,0,0
"232",0,0,0,0,0
"233",0,0.106157112526539,0,0,0
"234",0.245700245700246,0.212314225053079,0,0,0
"235",89.3120393120393,76.5392781316348,59.9041533546326,63.6363636363636,30.8310991957105
"236",0,0.106157112526539,0,0,0
"237",0,0.212314225053079,0,0,0
"238",0.245700245700246,0.318471337579618,0,0,0
"239",0.122850122850123,0.106157112526539,0,0,0
"240",0,0,0,0,0
"241",0,0.106157112526539,0,0,0
"242",0,0.106157112526539,0,0,0
"243",0,0.106157112526539,0,0,0
"244",0.122850122850123,0.106157112526539,0,0,0
"245",0,0.106157112526539,0,0,0
"246",0,0.106157112526539,0,0,0
"247",0,0.106157112526539,0,0,0
"248",0.245700245700246,0.212314225053079,0,0,0
"249",0,0.106157112526539,0,0,0
"250",0,0,0,0,0
"251",0,0.106157112526539,0,0,0
"252",0.368550368550369,0.106157112526539,0,0,0
"253",0,0.106157112526539,0,0,0
"254",0,0.106157112526539,0,0,0
"255",0,0.106157112526539,0,0,0
"256",0,0,0,0,0
"257",0,0.106157112526539,0,0,0
"258",0,0,0,0,0
"259",0,0.106157112526539,0,0,0
"260",0,0.106157112526539,0,0,0
"261",0,0.106157112526539,0,0,0
"262",0,0.424628450106157,0,0,0
"263",0.122850122850123,0.106157112526539,0,0,0
"264",0,0.106157112526539,0,0,0
"265",6.01965601965602,2.22929936305732,1.59744408945687,0,2.68096514745308
"266",0,0.212314225053079,0,0,0
"267",0,0,0,0,0
"268",0,0.106157112526539,0,0,0
"269",0,0.106157112526539,0,0,0
"270",0.737100737100737,0.424628450106157,0.798722044728434,0,0
"271",0,0.106157112526539,0,0,0
"272",0,0.106157112526539,0,0,0
"273",0,0.106157112526539,0,0,0
"274",0.122850122850123,0,0,0,0
"275",0,0.212314225053079,0.798722044728434,0,0
"276",0,0.106157112526539,0,0,0
"277",0,0,0,0,0
"278",0,0.106157112526539,0,0,0
"279",0.122850122850123,0.212314225053079,0,0,0
"280",0,0.106157112526539,0,0,0
"281",0,0.106157112526539,0,0,0
"282",0.122850122850123,0.106157112526539,0,0,0
"283",0,0.106157112526539,0,0,0
"284",0,0.106157112526539,0,0,0
"285",0,0.106157112526539,0,0,0
"286",0,0.212314225053079,0,0,0
"287",0,0.106157112526539,0,0,0
"288",0,0.106157112526539,0,0,0
"289",0,0,0,0,0
"290",0,0.106157112526539,0,0,0
"291",0,0.106157112526539,0,0,0
"292",0,0.106157112526539,0,0,0
"293",0.491400491400491,0.212314225053079,0,0,0
"294",0.737100737100737,0.530785562632696,0,0,0
"295",0,0.106157112526539,0,0,0
"296",0.122850122850123,0.106157112526539,0,0,0
"297",0,0.106157112526539,0,0,0
"298",0.245700245700246,0.318471337579618,0,0,0
"299",0,0.106157112526539,0,0,0
"300",3.80835380835381,3.29087048832272,2.3961661341853,0,1.34048257372654
"301",0.245700245700246,0.212314225053079,0,0,0
"302",0,0,0,0,0
"303",0.614250614250614,0.318471337579618,0,0,1.34048257372654
"304",0,0.106157112526539,0,0,0
"305",0,0.106157112526539,0,0,0
"306",0.122850122850123,0.106157112526539,0,0,0
"307",0.737100737100737,0.106157112526539,0,0,0
"308",0.245700245700246,0.212314225053079,0,0,0
"309",0,0.106157112526539,0,0,0
"310",0,0.106157112526539,0,0,0
"311",0.982800982800983,0.955414012738854,0,0,0
"312",0.491400491400491,0.636942675159236,1.59744408945687,0,0
"313",0,0.106157112526539,0,0,0
"314",0.122850122850123,0.212314225053079,0,0,0
"315",0,0.106157112526539,0,0,0
"316",0,0,0,0,0
"317",0,0.106157112526539,0,0,0
"318",87.3464373464373,77.3885350318471,62.3003194888179,50,29.4906166219839
"319",1.5970515970516,1.27388535031847,0.798722044728434,2.27272727272727,0
"320",1.35135135135135,0.530785562632696,1.59744408945687,0,0
"321",0,0.106157112526539,0,0,0
"322",0.368550368550369,0.212314225053079,0,0,0
"323",2.33415233415233,1.80467091295117,0.798722044728434,0,0
"324",0,0.106157112526539,0,0,0
"325",0,0.106157112526539,0,0,0
"326",0.122850122850123,0,0,0,0
"327",0.122850122850123,0.212314225053079,0,0,0
"328",0,0.106157112526539,0,0,0
"329",0,0.106157112526539,0,0,0
"330",0.122850122850123,0.318471337579618,0,0,0
"331",0,0.106157112526539,0,0,0
"332",0,0.106157112526539,0,0,0
"333",0,0.106157112526539,0,0,0
"334",0,0.106157112526539,0,0,0
"335",0,0.106157112526539,0,0,0
"336",0.368550368550369,0.106157112526539,0,0,0
"337",0.614250614250614,0.636942675159236,0,2.27272727272727,0
"338",0,0.212314225053079,0,0,0
"339",0.122850122850123,0.106157112526539,0,0,0
"340",0.245700245700246,0.318471337579618,0,0,0
"341",0.245700245700246,0.318471337579618,0,0,0
"342",0,0.106157112526539,0,0,0
"343",0,0.106157112526539,0,0,0
"344",0,0.106157112526539,0,0,0
"345",0,0.106157112526539,0,0,0
"346",0.122850122850123,0.212314225053079,0,0,0
"347",0,0.106157112526539,0,0,0
"348",0,0.106157112526539,0,0,0
"349",0,0,0,0,0
"350",1.84275184275184,1.27388535031847,2.3961661341853,0,1.34048257372654
"351",0,0.106157112526539,0,0,0
"352",0.122850122850123,0.106157112526539,0,0,0
"353",0.368550368550369,0.636942675159236,0,0,0
"354",0,0.106157112526539,0,0,0
"355",0,0.106157112526539,0,0,0
"356",0,0.106157112526539,0,0,0
"357",0.122850122850123,0.106157112526539,0,0,0
"358",1.47420147420147,0.955414012738854,0,0,0
"359",1.47420147420147,0.849256900212314,1.59744408945687,0,0
"360",0,0,0,0,0
"361",0.122850122850123,0.212314225053079,0,0,0
"362",0.122850122850123,0.106157112526539,0,0,0
"363",0,0.106157112526539,0,0,0
"364",0,0.106157112526539,0,0,0
"365",0,0.106157112526539,0,0,0
"366",0.122850122850123,0.106157112526539,0,0,0
"367",0.122850122850123,0.212314225053079,0.798722044728434,0,0
"368",0.122850122850123,0.106157112526539,0,0,0
"369",86.2407862407862,72.9299363057325,63.8977635782748,52.2727272727273,20.1072386058981
"370",0,0.106157112526539,0,0,0
"371",84.3980343980344,77.1762208067941,64.6964856230032,79.5454545454545,32.171581769437
"372",0.368550368550369,0.212314225053079,0,0,0
"373",0,0.106157112526539,0,0,0
"374",0,0.106157112526539,0,0,0
"375",0.122850122850123,0.212314225053079,0,0,0
"376",0.122850122850123,0.212314225053079,0,0,0
"377",0,0.106157112526539,0,0,0
"378",0,0.106157112526539,0,0,0
"379",0.245700245700246,0.106157112526539,0,0,0
"380",0,0.106157112526539,0,0,0
"381",0,0.106157112526539,0,0,0
"382",5.28255528255528,2.9723991507431,6.38977635782748,6.81818181818182,1.34048257372654
"383",0,0.106157112526539,0,0,0
"384",0,0.106157112526539,0,0,0
"385",0,0.106157112526539,0,0,0
"386",0.737100737100737,0.849256900212314,0,0,0
"387",0,0.318471337579618,0,0,0
"388",0,0.106157112526539,0,0,0
"389",2.21130221130221,1.91082802547771,0,0,0
"390",90.04914004914,76.8577494692144,66.2939297124601,54.5454545454545,28.1501340482574
"391",0.245700245700246,0.212314225053079,0,0,0
"392",0,0.212314225053079,0.798722044728434,0,0
"393",0,0.106157112526539,0,0,0
"394",0,0.106157112526539,0,0,0
"395",0,0.106157112526539,0,0,0
"396",0.245700245700246,0.212314225053079,0,0,0
"397",0.122850122850123,0.106157112526539,0,0,0
"398",0.245700245700246,0.318471337579618,0,0,0
"399",0,0.106157112526539,0,0,0
"400",0,0.106157112526539,0,0,0
"401",0,0.424628450106157,0,0,0
"402",0.245700245700246,0.743099787685775,0,0,0
"403",0,0.106157112526539,0,0,0
"404",0,0.106157112526539,0,0,0
"405",0,0,0,0,0
"406",1.10565110565111,0.318471337579618,0.798722044728434,0,0
"407",0,0.106157112526539,0,0,0
"408",87.1007371007371,78.5562632696391,58.3067092651757,45.4545454545455,33.5120643431635
"409",2.33415233415233,1.80467091295117,1.59744408945687,0,0
"410",0.491400491400491,0.318471337579618,0,0,0
"411",0,0.106157112526539,0,0,0
"412",0,0.106157112526539,0,0,0
"413",0.85995085995086,0.424628450106157,0.798722044728434,0,0
"414",0.245700245700246,0.106157112526539,0,0,0
"415",0,0.212314225053079,0,0,0
"416",0,0.106157112526539,0,0,0
"417",0.122850122850123,0,0,0,0
"418",0.122850122850123,0.212314225053079,0.798722044728434,0,0
"419",0.122850122850123,0.318471337579618,0,0,0
"420",0,0,0,0,0
"421",0.122850122850123,0.106157112526539,0,0,0
"422",0.122850122850123,0.106157112526539,0,0,0
"423",0,0.106157112526539,0,0,0
"424",0,0.106157112526539,0,0,0
"425",0,0.106157112526539,0,0,0
"426",0,0.106157112526539,0,0,0
"427",0.122850122850123,0.106157112526539,0,0,0
"428",0,0.106157112526539,0,0,0
"429",0,0.106157112526539,0,0,0
"430",0,0.212314225053079,0,0,0
"431",0.737100737100737,0.530785562632696,0,0,0
"432",0,0.106157112526539,0,0,0
"433",0,0.106157112526539,0,0,0
"434",0,0.106157112526539,0,0,0
"435",0.122850122850123,0.106157112526539,0,0,0
"436",0.122850122850123,0.212314225053079,0,0,0
"437",0,0.106157112526539,0,0,0
"438",0.122850122850123,0.318471337579618,0,0,0
"439",0.614250614250614,0.212314225053079,0,0,0
"440",0,0,0,0,0
"441",0.614250614250614,0.212314225053079,0,0,0
"442",0,0.106157112526539,0,0,0
"443",0,0.106157112526539,0,0,0
"444",0.122850122850123,0.106157112526539,0,0,0
"445",0,0.106157112526539,0,0,0
"446",0,0.106157112526539,0,0,0
"447",0.368550368550369,0.212314225053079,0,0,0
"448",0.122850122850123,0.106157112526539,0,0,0
"449",0,0.106157112526539,0,0,0
"450",0,0.106157112526539,0,0,0
"451",0,0.106157112526539,0,0,0
"452",0.122850122850123,0.318471337579618,0,0,0
"453",0.122850122850123,0.212314225053079,0,0,0
"454",0.245700245700246,0.106157112526539,0,0,0
"455",0,0.106157112526539,0,0,0
"456",0,0.106157112526539,0,0,0
"457",0,0.106157112526539,0,0,0
"458",88.6977886977887,74.0976645435244,59.1054313099042,52.2727272727273,33.5120643431635
"459",0.245700245700246,0.106157112526539,0,0,0
"460",0,0.106157112526539,0,0,0
"461",0.368550368550369,0.212314225053079,0.798722044728434,0,1.34048257372654
"462",0,0.106157112526539,0,0,0
"463",0,0.106157112526539,0,0,0
"464",0.245700245700246,0.212314225053079,0,0,0
"465",0.614250614250614,0.743099787685775,0.798722044728434,0,0
"466",0,0.106157112526539,0,0,0
"467",0,0.106157112526539,0,0,0
"468",0,0.106157112526539,0,0,0
"469",0,0.106157112526539,0,0,0
"470",0,0.106157112526539,0,0,0
"471",1.47420147420147,1.48619957537155,0.798722044728434,2.27272727272727,0
"472",0,0.106157112526539,0,0,0
"473",0,0.318471337579618,0.798722044728434,0,0
"474",1.5970515970516,1.80467091295117,0.798722044728434,0,0
"475",0.245700245700246,0.212314225053079,0,0,0
"476",0,0.106157112526539,0,0,0
"477",0,0.106157112526539,0,0,0
"478",0,0,0,0,0
"479",0,0,0,0,0
"480",0,0.106157112526539,0,0,0
"481",0,0.106157112526539,0,0,0
"482",0,0.106157112526539,0,0,0
"483",0.122850122850123,0.212314225053079,0,0,0
"484",0.491400491400491,0.212314225053079,0,0,0
"485",0.122850122850123,0.106157112526539,0,0,0
"486",0,0.106157112526539,0,0,0
"487",0.245700245700246,0.106157112526539,0,0,0
"488",0,0.106157112526539,0,0,0
"489",0.122850122850123,0.106157112526539,0,0,0
"490",0,0.106157112526539,0,0,0
"491",0,0.106157112526539,0,0,0
"492",0,0.106157112526539,0,0,0
"493",0,0.106157112526539,0,0,0
"494",1.47420147420147,0.743099787685775,0,0,0
"495",0.122850122850123,0.424628450106157,0.798722044728434,0,0
"496",0.368550368550369,0.212314225053079,0,0,0
"497",0.122850122850123,0.106157112526539,0,0,0
"498",0,0.106157112526539,0,0,0
"499",0,0,0,0,0
"500",0,0.106157112526539,0,0,0
