"","age1_orange.R","age1_green.R","age2_no_comorbid_orange.R","age2_no_comorbid_green.R","age2_comorbid_green.R","age3_no_comorbid_green.R","age3_comorbid_green.R"
"1",91.0904255319149,0,84.5518867924528,0,0,2.27272727272727,0
"2",91.7553191489362,94.551282051282,83.8443396226415,87.4200426439232,59.1054313099042,65.9090909090909,33.5120643431635
"3",91.6223404255319,0,83.9622641509434,0,0,0,0
"4",92.1542553191489,0,84.0801886792453,0,0,0,0
"5",93.75,96.1538461538462,85.4952830188679,86.3539445628998,64.6964856230032,68.1818181818182,42.8954423592493
"6",92.9521276595745,0,84.4339622641509,0,0,0,0
"7",0,0,0.117924528301887,0,0,0,0
"8",91.6223404255319,88.1410256410256,86.7924528301887,84.2217484008529,64.6964856230032,61.3636363636364,40.2144772117963
"9",90.4255319148936,0,83.4905660377358,0,0,0,0
"10",92.0212765957447,96.1538461538462,83.9622641509434,77.8251599147122,71.8849840255591,72.7272727272727,48.2573726541555
"11",92.5531914893617,0,85.6132075471698,0,0,2.27272727272727,0
"12",92.2872340425532,97.7564102564102,84.9056603773585,85.2878464818763,65.4952076677316,59.0909090909091,29.4906166219839
"13",91.8882978723404,92.948717948718,85.8490566037736,91.6844349680171,71.8849840255591,63.6363636363636,36.1930294906166
"14",0,0,0.117924528301887,0,0,0,0
"15",92.1542553191489,92.948717948718,85.7311320754717,87.4200426439232,65.4952076677316,61.3636363636364,38.8739946380697
"16",92.9521276595745,86.5384615384615,83.4905660377358,87.4200426439232,67.8913738019169,54.5454545454545,38.8739946380697
"17",0,0,0.117924528301887,0,0,0,0
"18",0,0,0.117924528301887,0,0,0,0
"19",92.4202127659574,0,83.2547169811321,0,0,0,0
"20",91.7553191489362,94.551282051282,84.4339622641509,79.9573560767591,65.4952076677316,61.3636363636364,42.8954423592493
"21",0,0,0.117924528301887,0,0,0,0
"22",90.6914893617021,89.7435897435898,85.9669811320755,88.4861407249467,67.8913738019169,72.7272727272727,32.171581769437
"23",0,0,0.117924528301887,0,0,0,0
"24",0,0,0.117924528301887,0,0,0,0
"25",89.8936170212766,91.3461538461538,86.5566037735849,90.6183368869936,65.4952076677316,59.0909090909091,36.1930294906166
"26",0,0,0.117924528301887,0,0,0,0
"27",90.5585106382979,0,82.9009433962264,0,0,0,0
"28",91.2234042553192,88.1410256410256,83.2547169811321,79.9573560767591,67.8913738019169,59.0909090909091,24.1286863270778
"29",0,0,0.117924528301887,0,0,0,0
"30",91.0904255319149,89.7435897435898,86.0849056603774,85.2878464818763,67.8913738019169,65.9090909090909,32.171581769437
"31",91.3563829787234,92.948717948718,84.4339622641509,79.9573560767591,66.2939297124601,59.0909090909091,30.8310991957105
"32",91.7553191489362,92.948717948718,83.9622641509434,86.3539445628998,74.2811501597444,81.8181818181818,32.171581769437
"33",90.9574468085106,0,84.9056603773585,1.06609808102345,0.798722044728434,2.27272727272727,1.34048257372654
"34",91.7553191489362,0,83.4905660377358,0,0,0,0
"35",92.0212765957447,92.948717948718,82.6650943396226,92.7505330490405,69.4888178913738,68.1818181818182,49.597855227882
"36",0,0,0.117924528301887,0,0,0,0
"37",90.9574468085106,0,84.5518867924528,0,0,0,0
"38",92.2872340425532,96.1538461538462,85.1415094339623,82.089552238806,70.2875399361022,65.9090909090909,34.8525469168901
"39",92.8191489361702,0,85.8490566037736,0,0,0,0
"40",90.4255319148936,0,84.6698113207547,0,0,0,0
"41",92.2872340425532,0,84.0801886792453,0,0,0,0
"42",91.0904255319149,89.7435897435898,86.5566037735849,84.2217484008529,69.4888178913738,59.0909090909091,26.8096514745308
"43",92.686170212766,89.7435897435898,84.6698113207547,91.6844349680171,68.6900958466454,63.6363636363636,25.4691689008043
"44",0,0,0.117924528301887,0,0,0,0
"45",89.2287234042553,86.5384615384615,83.0188679245283,85.2878464818763,60.702875399361,65.9090909090909,33.5120643431635
"46",93.75,0,83.7264150943396,0,0,0,0
"47",90.2925531914894,89.7435897435898,86.0849056603774,92.7505330490405,66.2939297124601,63.6363636363636,36.1930294906166
"48",91.3563829787234,0,88.561320754717,2.13219616204691,0,0,0
"49",89.2287234042553,0,85.4952830188679,0,0,0,0
"50",91.7553191489362,0,88.4433962264151,0,0,0,0
"51",0.132978723404255,0,0.117924528301887,0,0,0,0
"52",90.5585106382979,0,86.7924528301887,0,0,0,0
"53",0,0,0.117924528301887,0,0,0,0
"54",0,0,0.117924528301887,0,0,0,0
"55",93.0851063829787,88.1410256410256,85.1415094339623,82.089552238806,66.2939297124601,70.4545454545455,26.8096514745308
"56",91.7553191489362,92.948717948718,84.4339622641509,84.2217484008529,68.6900958466454,52.2727272727273,30.8310991957105
"57",91.3563829787234,89.7435897435898,86.9103773584906,88.4861407249467,65.4952076677316,61.3636363636364,41.5549597855228
"58",91.4893617021277,0,85.6132075471698,0,0,0,0
"59",91.7553191489362,92.948717948718,86.2028301886792,90.6183368869936,74.2811501597444,70.4545454545455,38.8739946380697
"60",0,0,0.117924528301887,0,0,0,0
"61",93.4840425531915,0,82.5471698113208,0,0,0,0
"62",91.4893617021277,0,87.1462264150943,0,0,0,0
"63",91.2234042553192,89.7435897435898,83.7264150943396,82.089552238806,64.6964856230032,59.0909090909091,32.171581769437
"64",90.9574468085106,3.20512820512821,85.0235849056604,1.06609808102345,1.59744408945687,0,2.68096514745308
"65",90.8244680851064,84.9358974358974,85.4952830188679,81.0234541577825,62.3003194888179,65.9090909090909,34.8525469168901
"66",92.4202127659574,0,85.2594339622642,0,0,0,0
"67",91.3563829787234,0,87.9716981132076,0,0,0,0
"68",92.0212765957447,94.551282051282,85.4952830188679,75.6929637526652,67.0926517571885,61.3636363636364,34.8525469168901
"69",91.2234042553192,3.20512820512821,83.4905660377358,0,0.798722044728434,0,1.34048257372654
"70",91.4893617021277,89.7435897435898,86.7924528301887,85.2878464818763,63.8977635782748,63.6363636363636,44.2359249329759
"71",90.9574468085106,0,84.7877358490566,0,0,0,0
"72",91.4893617021277,0,84.7877358490566,0,0,0,0
"73",93.4840425531915,0,83.7264150943396,0,0,0,0
"74",91.2234042553192,97.7564102564102,85.0235849056604,84.2217484008529,67.8913738019169,65.9090909090909,37.5335120643432
"75",92.8191489361702,88.1410256410256,84.5518867924528,87.4200426439232,62.3003194888179,77.2727272727273,33.5120643431635
"76",0,0,0.117924528301887,0,0,0,0
"77",92.686170212766,0,85.7311320754717,0,0,0,0
"78",91.8882978723404,92.948717948718,86.6745283018868,87.4200426439232,63.0990415335463,68.1818181818182,36.1930294906166
"79",90.8244680851064,1.6025641025641,85.7311320754717,0,0,0,0
"80",0,0,0.117924528301887,0,0,0,0
"81",90.8244680851064,89.7435897435898,87.0283018867924,84.2217484008529,79.073482428115,72.7272727272727,36.1930294906166
"82",91.0904255319149,89.7435897435898,84.0801886792453,84.2217484008529,56.7092651757188,70.4545454545455,26.8096514745308
"83",92.8191489361702,94.551282051282,83.0188679245283,90.6183368869936,71.0862619808307,61.3636363636364,38.8739946380697
"84",91.7553191489362,96.1538461538462,84.4339622641509,85.2878464818763,63.8977635782748,68.1818181818182,29.4906166219839
"85",89.4946808510638,3.20512820512821,84.1981132075472,2.13219616204691,2.3961661341853,0,1.34048257372654
"86",90.6914893617021,97.7564102564102,84.1981132075472,84.2217484008529,61.5015974440894,56.8181818181818,26.8096514745308
"87",90.4255319148936,92.948717948718,84.4339622641509,91.6844349680171,63.0990415335463,75,29.4906166219839
"88",0,0,0.117924528301887,0,0,0,0
"89",93.218085106383,89.7435897435898,86.3207547169811,86.3539445628998,72.6837060702875,63.6363636363636,34.8525469168901
"90",93.218085106383,84.9358974358974,84.4339622641509,88.4861407249467,64.6964856230032,70.4545454545455,36.1930294906166
"91",90.5585106382979,91.3461538461538,82.9009433962264,90.6183368869936,65.4952076677316,70.4545454545455,32.171581769437
"92",0,0,0.117924528301887,0,0,0,0
"93",90.9574468085106,0,83.4905660377358,0,0,0,0
"94",90.0265957446808,91.3461538461538,85.6132075471698,85.2878464818763,63.8977635782748,50,41.5549597855228
"95",93.218085106383,88.1410256410256,82.7830188679245,83.1556503198294,73.482428115016,65.9090909090909,28.1501340482574
"96",0,0,0.117924528301887,0,0,0,0
"97",91.6223404255319,0,82.5471698113208,0,0,0,0
"98",0,0,0.117924528301887,0,0,0,0
"99",92.9521276595745,0,84.1981132075472,0,0,0,0
"100",91.6223404255319,94.551282051282,87.1462264150943,89.5522388059701,67.8913738019169,47.7272727272727,33.5120643431635
"101",90.8244680851064,1.6025641025641,82.5471698113208,0,0,0,0
"102",92.4202127659574,92.948717948718,84.7877358490566,86.3539445628998,71.0862619808307,61.3636363636364,41.5549597855228
"103",89.0957446808511,97.7564102564102,85.6132075471698,81.0234541577825,72.6837060702875,59.0909090909091,30.8310991957105
"104",90.9574468085106,86.5384615384615,87.1462264150943,84.2217484008529,61.5015974440894,65.9090909090909,34.8525469168901
"105",92.1542553191489,0,85.6132075471698,0,0,0,0
"106",92.8191489361702,0,85.1415094339623,1.06609808102345,0,0,0
"107",92.8191489361702,92.948717948718,82.6650943396226,85.2878464818763,69.4888178913738,77.2727272727273,42.8954423592493
"108",91.0904255319149,0,84.7877358490566,0,0,0,0
"109",92.0212765957447,91.3461538461538,83.9622641509434,84.2217484008529,70.2875399361022,65.9090909090909,40.2144772117963
"110",92.4202127659574,91.3461538461538,87.5,85.2878464818763,72.6837060702875,63.6363636363636,40.2144772117963
"111",91.8882978723404,96.1538461538462,85.2594339622642,78.8912579957356,65.4952076677316,72.7272727272727,37.5335120643432
"112",88.6968085106383,91.3461538461538,86.3207547169811,88.4861407249467,71.0862619808307,68.1818181818182,42.8954423592493
"113",92.1542553191489,6.41025641025641,84.9056603773585,1.06609808102345,0,2.27272727272727,0
"114",91.0904255319149,94.551282051282,86.0849056603774,83.1556503198294,69.4888178913738,43.1818181818182,32.171581769437
"115",92.0212765957447,1.6025641025641,84.9056603773585,0,0,0,0
"116",92.4202127659574,89.7435897435898,88.2075471698113,83.1556503198294,72.6837060702875,54.5454545454545,25.4691689008043
"117",92.1542553191489,92.948717948718,87.1462264150943,84.2217484008529,67.0926517571885,56.8181818181818,24.1286863270778
"118",92.2872340425532,0,85.8490566037736,0,0,0,0
"119",92.5531914893617,88.1410256410256,85.0235849056604,81.0234541577825,67.8913738019169,68.1818181818182,36.1930294906166
"120",91.4893617021277,91.3461538461538,86.7924528301887,87.4200426439232,63.8977635782748,68.1818181818182,37.5335120643432
"121",89.8936170212766,83.3333333333333,83.372641509434,83.1556503198294,65.4952076677316,63.6363636363636,25.4691689008043
"122",93.0851063829787,0,80.4245283018868,0,0,0,0
"123",92.1542553191489,94.551282051282,85.9669811320755,86.3539445628998,76.6773162939297,68.1818181818182,28.1501340482574
"124",0,0,0.117924528301887,0,0,0,0
"125",91.3563829787234,89.7435897435898,85.4952830188679,84.2217484008529,71.0862619808307,65.9090909090909,41.5549597855228
"126",92.5531914893617,3.20512820512821,87.7358490566038,0,0,0,0
"127",92.2872340425532,0,84.9056603773585,0,0.798722044728434,0,0
"128",90.2925531914894,91.3461538461538,84.9056603773585,87.4200426439232,69.4888178913738,63.6363636363636,36.1930294906166
"129",88.9627659574468,94.551282051282,84.4339622641509,79.9573560767591,71.8849840255591,65.9090909090909,33.5120643431635
"130",90.0265957446808,91.3461538461538,84.3160377358491,88.4861407249467,68.6900958466454,68.1818181818182,25.4691689008043
"131",94.4148936170213,0,86.9103773584906,0,0,0,0
"132",91.7553191489362,0,86.2028301886792,0,0,0,0
"133",92.8191489361702,0,83.8443396226415,0,0,0,0
"134",90.6914893617021,88.1410256410256,83.0188679245283,84.2217484008529,69.4888178913738,54.5454545454545,25.4691689008043
"135",93.0851063829787,91.3461538461538,86.2028301886792,84.2217484008529,62.3003194888179,68.1818181818182,36.1930294906166
"136",93.3510638297872,3.20512820512821,84.9056603773585,0,0,0,0
"137",94.4148936170213,0,86.2028301886792,1.06609808102345,1.59744408945687,2.27272727272727,1.34048257372654
"138",89.6276595744681,0,85.4952830188679,0,0,0,0
"139",94.813829787234,91.3461538461538,82.9009433962264,88.4861407249467,67.0926517571885,65.9090909090909,40.2144772117963
"140",92.9521276595745,84.9358974358974,85.7311320754717,78.8912579957356,66.2939297124601,56.8181818181818,29.4906166219839
"141",91.3563829787234,0,83.6084905660377,0,0,0,0
"142",90.6914893617021,89.7435897435898,84.5518867924528,78.8912579957356,64.6964856230032,63.6363636363636,20.1072386058981
"143",92.9521276595745,88.1410256410256,87.0283018867924,85.2878464818763,67.0926517571885,63.6363636363636,34.8525469168901
"144",91.7553191489362,0,86.3207547169811,0,0.798722044728434,0,0
"145",91.2234042553192,96.1538461538462,84.6698113207547,84.2217484008529,67.8913738019169,65.9090909090909,34.8525469168901
"146",91.8882978723404,91.3461538461538,85.377358490566,85.2878464818763,59.9041533546326,54.5454545454545,34.8525469168901
"147",90.4255319148936,0,83.7264150943396,0,0,0,0
"148",91.6223404255319,0,84.3160377358491,0,0,0,0
"149",91.3563829787234,92.948717948718,85.1415094339623,77.8251599147122,63.0990415335463,59.0909090909091,37.5335120643432
"150",94.1489361702128,0,84.7877358490566,0,0,0,0
"151",91.7553191489362,0,87.1462264150943,0,0,0,0
"152",92.1542553191489,88.1410256410256,84.6698113207547,89.5522388059701,68.6900958466454,68.1818181818182,30.8310991957105
"153",92.0212765957447,0,85.0235849056604,0,0,0,0
"154",91.7553191489362,92.948717948718,86.0849056603774,87.4200426439232,72.6837060702875,65.9090909090909,44.2359249329759
"155",91.7553191489362,1.6025641025641,85.377358490566,0,0,2.27272727272727,0
"156",91.4893617021277,0,86.0849056603774,0,0,0,0
"157",92.9521276595745,88.1410256410256,85.1415094339623,89.5522388059701,63.8977635782748,65.9090909090909,46.916890080429
"158",0,0,0.117924528301887,0,0,0,0
"159",91.7553191489362,0,83.1367924528302,0,0,0,0
"160",91.2234042553192,91.3461538461538,84.4339622641509,85.2878464818763,75.0798722044728,65.9090909090909,37.5335120643432
"161",92.5531914893617,91.3461538461538,82.5471698113208,79.9573560767591,70.2875399361022,61.3636363636364,29.4906166219839
"162",93.4840425531915,92.948717948718,85.7311320754717,85.2878464818763,58.3067092651757,52.2727272727273,36.1930294906166
"163",0,0,0.117924528301887,0,0,0,0
"164",92.0212765957447,84.9358974358974,85.2594339622642,84.2217484008529,68.6900958466454,70.4545454545455,32.171581769437
"165",0,0,0.117924528301887,0,0,0,0
"166",92.2872340425532,0,85.377358490566,0,0,0,1.34048257372654
"167",92.9521276595745,89.7435897435898,84.4339622641509,87.4200426439232,64.6964856230032,72.7272727272727,36.1930294906166
"168",92.4202127659574,0,85.0235849056604,0,0,0,0
"169",90.8244680851064,91.3461538461538,85.377358490566,86.3539445628998,67.0926517571885,61.3636363636364,29.4906166219839
"170",92.2872340425532,88.1410256410256,84.0801886792453,87.4200426439232,69.4888178913738,50,37.5335120643432
"171",91.8882978723404,89.7435897435898,85.8490566037736,87.4200426439232,67.0926517571885,61.3636363636364,49.597855227882
"172",0.265957446808511,0,0.235849056603774,0,0,0,0
"173",91.4893617021277,81.7307692307692,86.438679245283,88.4861407249467,74.2811501597444,52.2727272727273,50.9383378016086
"174",0,0,0.117924528301887,0,0,0,0
"175",91.8882978723404,92.948717948718,85.0235849056604,88.4861407249467,72.6837060702875,56.8181818181818,30.8310991957105
"176",91.7553191489362,91.3461538461538,87.2641509433962,89.5522388059701,72.6837060702875,56.8181818181818,34.8525469168901
"177",0,0,0.117924528301887,0,0,0,0
"178",92.4202127659574,94.551282051282,85.2594339622642,86.3539445628998,67.8913738019169,68.1818181818182,42.8954423592493
"179",92.4202127659574,84.9358974358974,84.5518867924528,84.2217484008529,69.4888178913738,63.6363636363636,37.5335120643432
"180",0,0,0.117924528301887,0,0,0,0
"181",91.0904255319149,89.7435897435898,83.8443396226415,75.6929637526652,68.6900958466454,63.6363636363636,38.8739946380697
"182",89.8936170212766,0,84.4339622641509,0,0,0,0
"183",92.2872340425532,96.1538461538462,83.7264150943396,82.089552238806,63.0990415335463,61.3636363636364,36.1930294906166
"184",90.8244680851064,0,84.0801886792453,0,0,0,0
"185",91.0904255319149,0,86.0849056603774,0,0,0,0
"186",92.1542553191489,86.5384615384615,86.5566037735849,89.5522388059701,65.4952076677316,61.3636363636364,36.1930294906166
"187",92.5531914893617,86.5384615384615,85.0235849056604,86.3539445628998,67.0926517571885,70.4545454545455,32.171581769437
"188",0,0,0.117924528301887,0,0,0,0
"189",91.3563829787234,86.5384615384615,86.3207547169811,88.4861407249467,67.8913738019169,77.2727272727273,44.2359249329759
"190",93.218085106383,92.948717948718,84.1981132075472,81.0234541577825,72.6837060702875,59.0909090909091,42.8954423592493
"191",0,0,0.117924528301887,0,0,0,0
"192",91.8882978723404,92.948717948718,85.1415094339623,81.0234541577825,68.6900958466454,63.6363636363636,25.4691689008043
"193",91.2234042553192,91.3461538461538,81.25,85.2878464818763,66.2939297124601,50,30.8310991957105
"194",91.2234042553192,92.948717948718,86.3207547169811,86.3539445628998,67.0926517571885,72.7272727272727,28.1501340482574
"195",90.6914893617021,88.1410256410256,85.8490566037736,90.6183368869936,59.9041533546326,52.2727272727273,37.5335120643432
"196",91.3563829787234,89.7435897435898,82.6650943396226,85.2878464818763,71.0862619808307,65.9090909090909,30.8310991957105
"197",0,0,0.117924528301887,0,0,0,0
"198",90.0265957446808,89.7435897435898,84.9056603773585,83.1556503198294,78.2747603833866,63.6363636363636,26.8096514745308
"199",91.6223404255319,94.551282051282,84.5518867924528,85.2878464818763,73.482428115016,61.3636363636364,34.8525469168901
"200",93.3510638297872,81.7307692307692,84.3160377358491,89.5522388059701,72.6837060702875,75,32.171581769437
"201",94.1489361702128,0,83.9622641509434,0,0,0,0
"202",91.4893617021277,88.1410256410256,84.7877358490566,86.3539445628998,66.2939297124601,70.4545454545455,45.5764075067024
"203",90.6914893617021,94.551282051282,86.6745283018868,86.3539445628998,67.0926517571885,54.5454545454545,41.5549597855228
"204",91.2234042553192,89.7435897435898,86.7924528301887,83.1556503198294,74.2811501597444,61.3636363636364,42.8954423592493
"205",92.2872340425532,91.3461538461538,84.6698113207547,82.089552238806,75.8785942492013,63.6363636363636,33.5120643431635
"206",90.9574468085106,96.1538461538462,83.2547169811321,78.8912579957356,64.6964856230032,65.9090909090909,30.8310991957105
"207",91.4893617021277,88.1410256410256,85.4952830188679,83.1556503198294,74.2811501597444,68.1818181818182,34.8525469168901
"208",92.1542553191489,96.1538461538462,84.9056603773585,82.089552238806,67.8913738019169,63.6363636363636,36.1930294906166
"209",0,0,0.117924528301887,0,0,0,0
"210",0,0,0.117924528301887,0,0,0,0
"211",0.132978723404255,0,0.117924528301887,0,0,0,0
"212",90.9574468085106,86.5384615384615,86.0849056603774,79.9573560767591,71.0862619808307,59.0909090909091,33.5120643431635
"213",92.686170212766,94.551282051282,83.372641509434,90.6183368869936,75.0798722044728,75,36.1930294906166
"214",90.9574468085106,96.1538461538462,85.9669811320755,91.6844349680171,67.0926517571885,47.7272727272727,36.1930294906166
"215",92.0212765957447,0,86.3207547169811,0,0,0,0
"216",90.8244680851064,88.1410256410256,85.6132075471698,78.8912579957356,67.0926517571885,63.6363636363636,38.8739946380697
"217",0,0,0.235849056603774,0,0,0,0
"218",92.0212765957447,92.948717948718,83.2547169811321,88.4861407249467,74.2811501597444,56.8181818181818,40.2144772117963
"219",0,0,0.117924528301887,0,0,0,0
"220",91.6223404255319,86.5384615384615,85.377358490566,82.089552238806,66.2939297124601,47.7272727272727,33.5120643431635
"221",0,0,0.117924528301887,0,0,0,0
"222",93.3510638297872,91.3461538461538,83.0188679245283,81.0234541577825,75.8785942492013,63.6363636363636,34.8525469168901
"223",90.8244680851064,0,82.0754716981132,0,0,0,0
"224",93.3510638297872,0,85.1415094339623,0,0.798722044728434,0,0
"225",0,0,0.117924528301887,0,0,0,0
"226",0,0,0.117924528301887,0,0,0,0
"227",92.8191489361702,0,82.6650943396226,0,0,0,0
"228",92.4202127659574,0,86.438679245283,0,0,0,0
"229",91.7553191489362,0,85.9669811320755,0,0,0,0
"230",89.6276595744681,91.3461538461538,82.9009433962264,85.2878464818763,67.8913738019169,43.1818181818182,38.8739946380697
"231",92.4202127659574,86.5384615384615,87.3820754716981,77.8251599147122,66.2939297124601,54.5454545454545,25.4691689008043
"232",91.7553191489362,91.3461538461538,82.6650943396226,90.6183368869936,68.6900958466454,59.0909090909091,30.8310991957105
"233",91.8882978723404,0,83.6084905660377,0,0,0,0
"234",0,0,0,0,0,0,0
"235",0.265957446808511,0,0.35377358490566,0,0,0,0
"236",0,0,0.117924528301887,0,0,0,0
"237",0,0,0.235849056603774,0,0,0,0
"238",92.4202127659574,84.9358974358974,83.4905660377358,84.2217484008529,67.0926517571885,63.6363636363636,42.8954423592493
"239",90.0265957446808,94.551282051282,88.3254716981132,85.2878464818763,61.5015974440894,70.4545454545455,34.8525469168901
"240",89.7606382978723,94.551282051282,84.9056603773585,91.6844349680171,62.3003194888179,61.3636363636364,36.1930294906166
"241",91.2234042553192,92.948717948718,87.9716981132076,87.4200426439232,64.6964856230032,61.3636363636364,30.8310991957105
"242",91.6223404255319,0,84.1981132075472,0,0,0,0
"243",90.9574468085106,1.6025641025641,86.5566037735849,0,0,0,0
"244",0.265957446808511,0,0.117924528301887,0,0,0,0
"245",91.4893617021277,0,84.3160377358491,0,0,0,0
"246",0,0,0.117924528301887,0,0,0,0
"247",91.3563829787234,89.7435897435898,83.9622641509434,85.2878464818763,70.2875399361022,68.1818181818182,34.8525469168901
"248",93.3510638297872,92.948717948718,82.4292452830189,78.8912579957356,75.8785942492013,70.4545454545455,40.2144772117963
"249",91.3563829787234,81.7307692307692,84.6698113207547,87.4200426439232,66.2939297124601,68.1818181818182,26.8096514745308
"250",0,0,0.117924528301887,0,0,0,0
"251",92.5531914893617,0,85.4952830188679,0,0,0,1.34048257372654
"252",90.9574468085106,89.7435897435898,82.6650943396226,86.3539445628998,71.8849840255591,65.9090909090909,32.171581769437
"253",90.5585106382979,86.5384615384615,86.2028301886792,84.2217484008529,67.8913738019169,63.6363636363636,24.1286863270778
"254",90.2925531914894,0,85.4952830188679,0,0,0,0
"255",91.8882978723404,0,85.0235849056604,0,0,0,0
"256",92.1542553191489,94.551282051282,84.5518867924528,86.3539445628998,72.6837060702875,65.9090909090909,29.4906166219839
"257",92.686170212766,0,84.5518867924528,1.06609808102345,0,0,0
"258",92.1542553191489,89.7435897435898,84.3160377358491,86.3539445628998,69.4888178913738,52.2727272727273,28.1501340482574
"259",91.0904255319149,6.41025641025641,84.1981132075472,1.06609808102345,0,0,1.34048257372654
"260",91.6223404255319,0,86.6745283018868,0,0,0,0
"261",0,0,0.117924528301887,0,0,0,0
"262",90.6914893617021,94.551282051282,84.4339622641509,85.2878464818763,63.0990415335463,81.8181818181818,34.8525469168901
"263",91.2234042553192,0,86.2028301886792,0,0,0,0
"264",89.7606382978723,96.1538461538462,84.5518867924528,83.1556503198294,67.8913738019169,75,30.8310991957105
"265",90.4255319148936,1.6025641025641,84.3160377358491,3.19829424307036,0,2.27272727272727,0
"266",92.1542553191489,0,83.7264150943396,0,0,0,0
"267",90.1595744680851,0,84.4339622641509,1.06609808102345,0,0,0
"268",91.7553191489362,81.7307692307692,82.7830188679245,90.6183368869936,77.4760383386581,70.4545454545455,42.8954423592493
"269",93.218085106383,91.3461538461538,84.0801886792453,79.9573560767591,67.8913738019169,45.4545454545455,28.1501340482574
"270",92.686170212766,88.1410256410256,84.1981132075472,88.4861407249467,72.6837060702875,52.2727272727273,33.5120643431635
"271",0,0,0.235849056603774,0,0,0,0
"272",0,0,0.117924528301887,0,0,0,0
"273",91.7553191489362,0,85.9669811320755,0,0.798722044728434,0,0
"274",94.281914893617,89.7435897435898,84.3160377358491,84.2217484008529,67.0926517571885,56.8181818181818,30.8310991957105
"275",92.2872340425532,0,85.4952830188679,0,0,0,0
"276",90.9574468085106,92.948717948718,85.8490566037736,90.6183368869936,67.8913738019169,59.0909090909091,30.8310991957105
"277",91.2234042553192,0,83.372641509434,0,0,0,0
"278",92.686170212766,88.1410256410256,84.9056603773585,79.9573560767591,75.0798722044728,61.3636363636364,40.2144772117963
"279",90.0265957446808,92.948717948718,86.3207547169811,76.7590618336887,73.482428115016,61.3636363636364,36.1930294906166
"280",92.686170212766,94.551282051282,84.5518867924528,83.1556503198294,66.2939297124601,63.6363636363636,28.1501340482574
"281",91.6223404255319,89.7435897435898,83.9622641509434,83.1556503198294,67.0926517571885,56.8181818181818,54.9597855227882
"282",0.132978723404255,0,0.117924528301887,0,0,0,0
"283",92.9521276595745,0,85.377358490566,0,0,0,0
"284",0,0,0.117924528301887,0,0,0,0
"285",91.2234042553192,86.5384615384615,84.9056603773585,84.2217484008529,67.0926517571885,61.3636363636364,30.8310991957105
"286",91.2234042553192,94.551282051282,84.3160377358491,87.4200426439232,63.8977635782748,70.4545454545455,33.5120643431635
"287",92.2872340425532,91.3461538461538,83.4905660377358,79.9573560767591,71.0862619808307,63.6363636363636,37.5335120643432
"288",92.1542553191489,0,84.1981132075472,0,0,0,0
"289",91.6223404255319,88.1410256410256,85.2594339622642,88.4861407249467,67.0926517571885,56.8181818181818,32.171581769437
"290",0,0,0.235849056603774,0,0,0,0
"291",91.0904255319149,92.948717948718,85.1415094339623,86.3539445628998,64.6964856230032,65.9090909090909,26.8096514745308
"292",92.2872340425532,94.551282051282,84.6698113207547,85.2878464818763,67.8913738019169,75,41.5549597855228
"293",91.6223404255319,0,86.0849056603774,0,0,0,0
"294",91.0904255319149,83.3333333333333,84.5518867924528,84.2217484008529,71.8849840255591,70.4545454545455,36.1930294906166
"295",92.1542553191489,96.1538461538462,85.377358490566,76.7590618336887,67.0926517571885,61.3636363636364,40.2144772117963
"296",92.2872340425532,88.1410256410256,84.6698113207547,86.3539445628998,68.6900958466454,61.3636363636364,33.5120643431635
"297",93.0851063829787,91.3461538461538,84.1981132075472,79.9573560767591,71.0862619808307,59.0909090909091,26.8096514745308
"298",0,0,0,0,0,0,0
"299",92.5531914893617,91.3461538461538,86.2028301886792,89.5522388059701,64.6964856230032,52.2727272727273,33.5120643431635
"300",91.7553191489362,0,85.6132075471698,0,0,0,1.34048257372654
"301",92.0212765957447,89.7435897435898,88.561320754717,84.2217484008529,67.0926517571885,61.3636363636364,30.8310991957105
"302",90.9574468085106,91.3461538461538,84.9056603773585,83.1556503198294,73.482428115016,61.3636363636364,26.8096514745308
"303",0,0,0,0,0,0,0
"304",0,0,0.117924528301887,0,0,0,0
"305",90.6914893617021,92.948717948718,86.0849056603774,81.0234541577825,65.4952076677316,54.5454545454545,33.5120643431635
"306",92.2872340425532,0,85.9669811320755,1.06609808102345,0,0,0
"307",0,0,0.117924528301887,0,0,0,0
"308",90.2925531914894,86.5384615384615,85.0235849056604,83.1556503198294,64.6964856230032,43.1818181818182,36.1930294906166
"309",91.2234042553192,0,86.0849056603774,1.06609808102345,0,0,0
"310",92.1542553191489,0,86.0849056603774,0,0,0,0
"311",92.686170212766,89.7435897435898,85.9669811320755,84.2217484008529,72.6837060702875,63.6363636363636,38.8739946380697
"312",90.4255319148936,0,83.2547169811321,0,0,0,0
"313",91.6223404255319,94.551282051282,84.4339622641509,88.4861407249467,67.0926517571885,65.9090909090909,26.8096514745308
"314",90.4255319148936,0,86.3207547169811,0,0,0,0
"315",93.4840425531915,96.1538461538462,83.8443396226415,89.5522388059701,66.2939297124601,59.0909090909091,37.5335120643432
"316",91.6223404255319,1.6025641025641,83.8443396226415,0,0,0,0
"317",90.8244680851064,92.948717948718,83.7264150943396,88.4861407249467,65.4952076677316,68.1818181818182,37.5335120643432
"318",90.6914893617021,0,82.7830188679245,0,0,0,0
"319",91.7553191489362,91.3461538461538,85.4952830188679,85.2878464818763,62.3003194888179,56.8181818181818,30.8310991957105
"320",90.8244680851064,91.3461538461538,83.1367924528302,85.2878464818763,69.4888178913738,70.4545454545455,29.4906166219839
"321",89.8936170212766,92.948717948718,86.9103773584906,85.2878464818763,67.8913738019169,65.9090909090909,28.1501340482574
"322",90.1595744680851,88.1410256410256,85.2594339622642,86.3539445628998,66.2939297124601,68.1818181818182,36.1930294906166
"323",91.6223404255319,94.551282051282,85.2594339622642,85.2878464818763,68.6900958466454,52.2727272727273,38.8739946380697
"324",92.686170212766,91.3461538461538,86.5566037735849,86.3539445628998,70.2875399361022,68.1818181818182,33.5120643431635
"325",90.9574468085106,0,85.9669811320755,0,0,0,0
"326",90.8244680851064,0,82.7830188679245,0,0,0,0
"327",0.132978723404255,0,0.235849056603774,0,0,0,0
"328",93.3510638297872,0,86.2028301886792,0,0,0,0
"329",92.4202127659574,91.3461538461538,83.6084905660377,90.6183368869936,61.5015974440894,54.5454545454545,29.4906166219839
"330",0,0,0.117924528301887,0,0,0,0
"331",92.1542553191489,94.551282051282,84.5518867924528,85.2878464818763,64.6964856230032,56.8181818181818,45.5764075067024
"332",0,0,0.117924528301887,0,0,0,0
"333",91.7553191489362,0,84.7877358490566,0,0,0,1.34048257372654
"334",91.2234042553192,0,83.4905660377358,0,0,0,0
"335",91.8882978723404,0,84.1981132075472,0,0,0,0
"336",90.6914893617021,91.3461538461538,84.9056603773585,87.4200426439232,66.2939297124601,75,26.8096514745308
"337",91.2234042553192,0,85.377358490566,0,0,0,0
"338",90.4255319148936,0,85.1415094339623,0,0,0,0
"339",92.8191489361702,84.9358974358974,84.6698113207547,86.3539445628998,67.0926517571885,70.4545454545455,34.8525469168901
"340",91.2234042553192,0,83.8443396226415,0,0,0,0
"341",92.0212765957447,91.3461538461538,85.1415094339623,92.7505330490405,71.8849840255591,70.4545454545455,33.5120643431635
"342",91.7553191489362,91.3461538461538,86.6745283018868,84.2217484008529,72.6837060702875,59.0909090909091,38.8739946380697
"343",91.4893617021277,0,85.1415094339623,0,0,0,0
"344",91.0904255319149,0,86.438679245283,0,0,0,0
"345",92.9521276595745,86.5384615384615,86.2028301886792,81.0234541577825,68.6900958466454,72.7272727272727,29.4906166219839
"346",91.8882978723404,88.1410256410256,84.7877358490566,78.8912579957356,75.0798722044728,68.1818181818182,32.171581769437
"347",0,0,0.117924528301887,0,0,0,0
"348",92.5531914893617,0,84.9056603773585,0,0,0,0
"349",91.3563829787234,0,85.9669811320755,0,1.59744408945687,0,0
"350",91.6223404255319,0,84.0801886792453,0,0,0,0
"351",91.8882978723404,91.3461538461538,85.377358490566,85.2878464818763,56.7092651757188,70.4545454545455,34.8525469168901
"352",90.2925531914894,0,84.7877358490566,0,0,0,0
"353",0.132978723404255,0,0.117924528301887,0,0,0,0
"354",92.2872340425532,89.7435897435898,85.1415094339623,82.089552238806,68.6900958466454,59.0909090909091,28.1501340482574
"355",90.5585106382979,0,83.0188679245283,0,0,0,0
"356",92.5531914893617,88.1410256410256,86.7924528301887,85.2878464818763,68.6900958466454,56.8181818181818,38.8739946380697
"357",92.1542553191489,92.948717948718,83.1367924528302,79.9573560767591,70.2875399361022,56.8181818181818,30.8310991957105
"358",90.6914893617021,97.7564102564102,86.0849056603774,92.7505330490405,60.702875399361,81.8181818181818,42.8954423592493
"359",92.686170212766,89.7435897435898,81.7216981132076,87.4200426439232,66.2939297124601,65.9090909090909,24.1286863270778
"360",0,0,0.117924528301887,0,0,0,0
"361",0,0,0.117924528301887,0,0,0,0
"362",92.2872340425532,89.7435897435898,82.6650943396226,87.4200426439232,68.6900958466454,54.5454545454545,41.5549597855228
"363",90.4255319148936,92.948717948718,83.9622641509434,90.6183368869936,70.2875399361022,70.4545454545455,34.8525469168901
"364",91.3563829787234,86.5384615384615,82.7830188679245,85.2878464818763,68.6900958466454,54.5454545454545,37.5335120643432
"365",91.3563829787234,89.7435897435898,87.0283018867924,85.2878464818763,71.8849840255591,68.1818181818182,32.171581769437
"366",89.7606382978723,91.3461538461538,85.7311320754717,83.1556503198294,68.6900958466454,68.1818181818182,28.1501340482574
"367",93.0851063829787,88.1410256410256,84.5518867924528,87.4200426439232,60.702875399361,61.3636363636364,30.8310991957105
"368",91.6223404255319,0,84.9056603773585,0,0,0,0
"369",92.2872340425532,92.948717948718,83.0188679245283,82.089552238806,68.6900958466454,68.1818181818182,26.8096514745308
"370",92.2872340425532,86.5384615384615,85.7311320754717,85.2878464818763,72.6837060702875,72.7272727272727,40.2144772117963
"371",91.2234042553192,0,85.7311320754717,0,0,2.27272727272727,0
"372",92.4202127659574,0,85.1415094339623,1.06609808102345,0,0,0
"373",90.6914893617021,88.1410256410256,85.377358490566,81.0234541577825,59.1054313099042,68.1818181818182,45.5764075067024
"374",92.4202127659574,92.948717948718,83.4905660377358,77.8251599147122,68.6900958466454,54.5454545454545,37.5335120643432
"375",91.7553191489362,0,85.4952830188679,0,0,0,0
"376",91.4893617021277,91.3461538461538,84.0801886792453,90.6183368869936,70.2875399361022,63.6363636363636,30.8310991957105
"377",91.0904255319149,97.7564102564102,84.4339622641509,76.7590618336887,66.2939297124601,65.9090909090909,30.8310991957105
"378",91.7553191489362,0,84.9056603773585,0,0,2.27272727272727,0
"379",90.8244680851064,84.9358974358974,83.0188679245283,87.4200426439232,63.0990415335463,61.3636363636364,32.171581769437
"380",94.4148936170213,0,85.4952830188679,0,0,0,1.34048257372654
"381",92.1542553191489,96.1538461538462,85.1415094339623,79.9573560767591,57.5079872204473,59.0909090909091,32.171581769437
"382",91.7553191489362,88.1410256410256,86.2028301886792,84.2217484008529,69.4888178913738,65.9090909090909,25.4691689008043
"383",92.686170212766,0,86.2028301886792,0,0,0,0
"384",92.9521276595745,94.551282051282,86.9103773584906,84.2217484008529,66.2939297124601,72.7272727272727,38.8739946380697
"385",91.4893617021277,0,83.1367924528302,0,0,0,0
"386",91.2234042553192,0,86.438679245283,0,0,0,0
"387",93.218085106383,0,85.8490566037736,0,0,0,0
"388",93.218085106383,92.948717948718,84.6698113207547,84.2217484008529,71.8849840255591,61.3636363636364,29.4906166219839
"389",91.3563829787234,0,83.9622641509434,1.06609808102345,0,0,0
"390",92.5531914893617,94.551282051282,85.9669811320755,85.2878464818763,67.8913738019169,63.6363636363636,36.1930294906166
"391",0,0,0,0,0,0,0
"392",0.265957446808511,0,0.117924528301887,0,0,0,0
"393",90.9574468085106,0,86.5566037735849,0,0,0,0
"394",0.132978723404255,0,0.117924528301887,0,0,0,0
"395",91.4893617021277,91.3461538461538,85.2594339622642,85.2878464818763,67.0926517571885,61.3636363636364,33.5120643431635
"396",90.9574468085106,88.1410256410256,84.0801886792453,83.1556503198294,67.0926517571885,79.5454545454545,37.5335120643432
"397",91.4893617021277,91.3461538461538,82.5471698113208,87.4200426439232,67.8913738019169,63.6363636363636,42.8954423592493
"398",92.0212765957447,0,83.9622641509434,0,0,0,0
"399",91.8882978723404,0,86.6745283018868,0,0,0,0
"400",0,0,0.117924528301887,0,0,0,0
"401",88.4308510638298,86.5384615384615,84.4339622641509,78.8912579957356,61.5015974440894,63.6363636363636,25.4691689008043
"402",92.0212765957447,0,86.438679245283,0,0,0,0
"403",90.6914893617021,92.948717948718,85.0235849056604,78.8912579957356,67.8913738019169,68.1818181818182,42.8954423592493
"404",91.4893617021277,92.948717948718,83.8443396226415,86.3539445628998,70.2875399361022,75,36.1930294906166
"405",0,0,0.117924528301887,0,0,0,0
"406",88.9627659574468,89.7435897435898,84.7877358490566,87.4200426439232,75.0798722044728,47.7272727272727,36.1930294906166
"407",91.2234042553192,89.7435897435898,85.4952830188679,81.0234541577825,61.5015974440894,59.0909090909091,32.171581769437
"408",92.4202127659574,92.948717948718,85.8490566037736,86.3539445628998,74.2811501597444,65.9090909090909,30.8310991957105
"409",90.5585106382979,92.948717948718,82.1933962264151,76.7590618336887,59.1054313099042,61.3636363636364,40.2144772117963
"410",0.132978723404255,0,0.235849056603774,0,0,0,0
"411",92.0212765957447,0,85.4952830188679,0,0,0,0
"412",90.6914893617021,0,88.9150943396226,0,0,0,0
"413",90.8244680851064,0,86.5566037735849,0,0,0,0
"414",0,0,0.117924528301887,0,0,0,0
"415",90.0265957446808,92.948717948718,86.0849056603774,87.4200426439232,71.0862619808307,63.6363636363636,36.1930294906166
"416",91.2234042553192,84.9358974358974,84.1981132075472,83.1556503198294,63.8977635782748,72.7272727272727,34.8525469168901
"417",92.2872340425532,89.7435897435898,85.6132075471698,82.089552238806,68.6900958466454,63.6363636363636,40.2144772117963
"418",92.9521276595745,0,85.0235849056604,0,0,0,0
"419",0,0,0.117924528301887,0,0,0,0
"420",92.8191489361702,0,87.3820754716981,0,0,0,0
"421",91.3563829787234,91.3461538461538,85.377358490566,86.3539445628998,71.8849840255591,68.1818181818182,34.8525469168901
"422",91.4893617021277,83.3333333333333,87.0283018867924,87.4200426439232,71.0862619808307,75,32.171581769437
"423",91.6223404255319,91.3461538461538,84.4339622641509,88.4861407249467,62.3003194888179,72.7272727272727,34.8525469168901
"424",88.8297872340426,94.551282051282,87.7358490566038,83.1556503198294,71.0862619808307,65.9090909090909,34.8525469168901
"425",92.4202127659574,88.1410256410256,82.4292452830189,82.089552238806,64.6964856230032,70.4545454545455,37.5335120643432
"426",91.7553191489362,94.551282051282,83.0188679245283,88.4861407249467,73.482428115016,59.0909090909091,34.8525469168901
"427",92.4202127659574,0,85.6132075471698,0,0,0,0
"428",0.132978723404255,0,0.117924528301887,0,0,0,0
"429",0,0,0.117924528301887,0,0,0,0
"430",91.7553191489362,88.1410256410256,86.3207547169811,87.4200426439232,63.8977635782748,63.6363636363636,38.8739946380697
"431",92.5531914893617,0,87.5,0,0.798722044728434,0,0
"432",90.1595744680851,96.1538461538462,84.1981132075472,84.2217484008529,72.6837060702875,72.7272727272727,40.2144772117963
"433",91.6223404255319,84.9358974358974,84.6698113207547,77.8251599147122,64.6964856230032,50,34.8525469168901
"434",89.8936170212766,92.948717948718,86.2028301886792,76.7590618336887,71.8849840255591,63.6363636363636,38.8739946380697
"435",90.9574468085106,86.5384615384615,86.438679245283,90.6183368869936,66.2939297124601,59.0909090909091,30.8310991957105
"436",92.1542553191489,91.3461538461538,86.9103773584906,87.4200426439232,64.6964856230032,59.0909090909091,29.4906166219839
"437",92.1542553191489,0,86.438679245283,0,0,0,0
"438",0.132978723404255,0,0.117924528301887,0,0,0,0
"439",92.1542553191489,0,88.0896226415094,0,0,0,0
"440",90.4255319148936,0,83.9622641509434,0,0,0,0
"441",92.0212765957447,0,85.2594339622642,0,0,0,0
"442",0.132978723404255,0,0.235849056603774,0,0,0,0
"443",92.5531914893617,0,86.6745283018868,0,0,0,0
"444",92.2872340425532,0,87.2641509433962,0,0,0,0
"445",93.4840425531915,0,86.2028301886792,0,0,0,0
"446",92.9521276595745,94.551282051282,87.5,84.2217484008529,71.0862619808307,75,37.5335120643432
"447",92.2872340425532,92.948717948718,85.0235849056604,83.1556503198294,64.6964856230032,79.5454545454545,40.2144772117963
"448",93.3510638297872,94.551282051282,87.2641509433962,86.3539445628998,57.5079872204473,59.0909090909091,24.1286863270778
"449",91.4893617021277,91.3461538461538,85.1415094339623,87.4200426439232,78.2747603833866,61.3636363636364,40.2144772117963
"450",92.5531914893617,0,86.6745283018868,0,0,0,0
"451",0,0,0.117924528301887,0,0,0,0
"452",90.9574468085106,88.1410256410256,84.5518867924528,76.7590618336887,67.8913738019169,65.9090909090909,29.4906166219839
"453",91.4893617021277,0,85.4952830188679,0,0,0,0
"454",92.2872340425532,0,84.6698113207547,0,0,0,0
"455",90.4255319148936,0,85.9669811320755,0,0,0,0
"456",0,0,0.117924528301887,0,0,0,0
"457",90.0265957446808,91.3461538461538,85.1415094339623,86.3539445628998,63.0990415335463,70.4545454545455,46.916890080429
"458",90.1595744680851,92.948717948718,84.7877358490566,79.9573560767591,59.9041533546326,72.7272727272727,32.171581769437
"459",91.6223404255319,96.1538461538462,83.372641509434,79.9573560767591,68.6900958466454,59.0909090909091,29.4906166219839
"460",0.132978723404255,0,0.117924528301887,0,0,0,0
"461",92.0212765957447,91.3461538461538,83.9622641509434,87.4200426439232,65.4952076677316,52.2727272727273,44.2359249329759
"462",0,0,0.117924528301887,0,0,0,0
"463",92.5531914893617,92.948717948718,83.7264150943396,76.7590618336887,70.2875399361022,63.6363636363636,46.916890080429
"464",91.7553191489362,92.948717948718,83.7264150943396,86.3539445628998,62.3003194888179,65.9090909090909,29.4906166219839
"465",91.8882978723404,0,86.2028301886792,0,0,0,0
"466",91.7553191489362,92.948717948718,86.3207547169811,83.1556503198294,56.7092651757188,56.8181818181818,33.5120643431635
"467",0,0,0.117924528301887,0,0,0,0
"468",91.0904255319149,84.9358974358974,83.8443396226415,90.6183368869936,70.2875399361022,59.0909090909091,30.8310991957105
"469",91.7553191489362,91.3461538461538,84.6698113207547,85.2878464818763,71.0862619808307,61.3636363636364,38.8739946380697
"470",0,0,0.117924528301887,0,0,0,0
"471",88.4308510638298,0,85.7311320754717,0,0,0,0
"472",91.7553191489362,88.1410256410256,85.4952830188679,90.6183368869936,60.702875399361,65.9090909090909,25.4691689008043
"473",91.7553191489362,91.3461538461538,86.2028301886792,88.4861407249467,67.8913738019169,59.0909090909091,41.5549597855228
"474",91.0904255319149,94.551282051282,84.4339622641509,89.5522388059701,79.8722044728434,72.7272727272727,38.8739946380697
"475",0.132978723404255,0,0.117924528301887,0,0,0,0
"476",0,0,0.117924528301887,0,0,0,0
"477",0,0,0.117924528301887,0,0,0,0
"478",0,0,0.117924528301887,0,0,0,0
"479",91.4893617021277,92.948717948718,85.377358490566,85.2878464818763,71.8849840255591,68.1818181818182,33.5120643431635
"480",90.2925531914894,89.7435897435898,86.9103773584906,84.2217484008529,69.4888178913738,65.9090909090909,38.8739946380697
"481",92.686170212766,91.3461538461538,86.6745283018868,78.8912579957356,62.3003194888179,68.1818181818182,34.8525469168901
"482",92.2872340425532,0,85.4952830188679,0,0,0,0
"483",91.2234042553192,92.948717948718,81.1320754716981,84.2217484008529,73.482428115016,59.0909090909091,33.5120643431635
"484",91.3563829787234,0,86.9103773584906,0,0,0,0
"485",90.2925531914894,96.1538461538462,86.6745283018868,86.3539445628998,66.2939297124601,63.6363636363636,36.1930294906166
"486",91.7553191489362,86.5384615384615,83.1367924528302,83.1556503198294,66.2939297124601,68.1818181818182,40.2144772117963
"487",92.8191489361702,91.3461538461538,84.5518867924528,89.5522388059701,67.0926517571885,61.3636363636364,36.1930294906166
"488",91.7553191489362,0,85.0235849056604,0,0,0,0
"489",92.9521276595745,0,86.2028301886792,0,0,0,0
"490",91.7553191489362,0,87.6179245283019,0,0,0,0
"491",92.2872340425532,88.1410256410256,84.9056603773585,85.2878464818763,71.0862619808307,68.1818181818182,30.8310991957105
"492",93.3510638297872,94.551282051282,83.0188679245283,86.3539445628998,65.4952076677316,61.3636363636364,28.1501340482574
"493",92.4202127659574,91.3461538461538,85.0235849056604,86.3539445628998,69.4888178913738,75,30.8310991957105
"494",0,0,0.117924528301887,0,0,0,0
"495",0,0,0.117924528301887,0,0,0,0
"496",93.218085106383,94.551282051282,84.9056603773585,89.5522388059701,67.8913738019169,59.0909090909091,37.5335120643432
"497",92.2872340425532,94.551282051282,86.2028301886792,79.9573560767591,63.0990415335463,81.8181818181818,41.5549597855228
"498",92.5531914893617,0,85.2594339622642,0,0,0,0
"499",0,0,0.235849056603774,0,0,0,0
"500",92.2872340425532,1.6025641025641,85.4952830188679,0,0.798722044728434,0,0
