"","age1_orange.S","age1_green.S","age2_no_comorbid_orange.S","age2_no_comorbid_green.S","age2_comorbid_green.S","age3_no_comorbid_green.S","age3_comorbid_green.S"
"1",0.930851063829787,99.3589743589744,7.66509433962264,100.213219616205,99.8402555910543,97.7272727272727,100.536193029491
"2",2.12765957446809,1.6025641025641,7.78301886792453,3.19829424307036,11.1821086261981,13.6363636363636,10.7238605898123
"3",1.06382978723404,99.3589743589744,8.9622641509434,100.213219616205,99.8402555910543,100,100.536193029491
"4",1.06382978723404,99.3589743589744,8.0188679245283,100.213219616205,99.8402555910543,100,100.536193029491
"5",0.664893617021277,0,5.77830188679245,6.39658848614073,3.99361022364217,11.3636363636364,12.0643431635389
"6",0.797872340425532,99.3589743589744,7.07547169811321,100.213219616205,99.8402555910543,100,100.536193029491
"7",100,99.3589743589744,99.8820754716981,100.213219616205,99.8402555910543,100,100.536193029491
"8",1.06382978723404,4.80769230769231,6.48584905660377,6.39658848614073,7.18849840255591,20.4545454545455,17.426273458445
"9",2.26063829787234,99.3589743589744,8.13679245283019,100.213219616205,99.8402555910543,100,100.536193029491
"10",1.1968085106383,1.6025641025641,7.19339622641509,14.9253731343284,4.79233226837061,13.6363636363636,9.38337801608579
"11",1.1968085106383,99.3589743589744,5.66037735849057,100.213219616205,99.8402555910543,97.7272727272727,100.536193029491
"12",2.52659574468085,0,8.84433962264151,8.52878464818763,10.3833865814696,22.7272727272727,18.7667560321716
"13",0.930851063829787,1.6025641025641,5.77830188679245,4.26439232409382,7.98722044728434,22.7272727272727,25.4691689008043
"14",100,99.3589743589744,99.8820754716981,100.213219616205,99.8402555910543,100,100.536193029491
"15",0.930851063829787,1.6025641025641,6.60377358490566,6.39658848614073,4.79233226837061,13.6363636363636,12.0643431635389
"16",1.06382978723404,0,6.83962264150943,3.19829424307036,5.59105431309904,18.1818181818182,13.4048257372654
"17",100,99.3589743589744,99.8820754716981,100.213219616205,99.8402555910543,100,100.536193029491
"18",100,99.3589743589744,99.8820754716981,100.213219616205,99.8402555910543,100,100.536193029491
"19",1.59574468085106,99.3589743589744,9.7877358490566,100.213219616205,99.8402555910543,100,100.536193029491
"20",1.06382978723404,0,7.42924528301887,10.6609808102345,11.9808306709265,22.7272727272727,16.0857908847185
"21",100,99.3589743589744,99.8820754716981,100.213219616205,99.8402555910543,100,100.536193029491
"22",1.72872340425532,1.6025641025641,7.90094339622642,8.52878464818763,7.18849840255591,13.6363636363636,13.4048257372654
"23",100,99.3589743589744,99.8820754716981,100.213219616205,99.8402555910543,100,100.536193029491
"24",100,99.3589743589744,99.8820754716981,100.213219616205,99.8402555910543,100,100.536193029491
"25",1.46276595744681,0,7.31132075471698,5.33049040511727,5.59105431309904,25,12.0643431635389
"26",100,99.3589743589744,99.8820754716981,100.213219616205,99.8402555910543,100,100.536193029491
"27",1.46276595744681,99.3589743589744,8.84433962264151,100.213219616205,99.8402555910543,100,100.536193029491
"28",1.72872340425532,4.80769230769231,8.37264150943396,10.6609808102345,10.3833865814696,27.2727272727273,26.8096514745308
"29",100,99.3589743589744,99.8820754716981,100.213219616205,99.8402555910543,100,100.536193029491
"30",0.797872340425532,3.20512820512821,6.72169811320755,6.39658848614073,11.1821086261981,20.4545454545455,24.1286863270778
"31",2.26063829787234,0,9.08018867924528,14.9253731343284,4.79233226837061,20.4545454545455,21.4477211796247
"32",1.32978723404255,0,6.25,6.39658848614073,2.3961661341853,18.1818181818182,17.426273458445
"33",1.06382978723404,99.3589743589744,7.07547169811321,99.1471215351812,99.0415335463259,97.7272727272727,99.1957104557641
"34",1.46276595744681,99.3589743589744,7.42924528301887,100.213219616205,99.8402555910543,100,100.536193029491
"35",1.59574468085106,0,8.37264150943396,1.06609808102345,2.3961661341853,11.3636363636364,10.7238605898123
"36",100,99.3589743589744,99.8820754716981,100.213219616205,99.8402555910543,100,100.536193029491
"37",1.1968085106383,99.3589743589744,6.25,100.213219616205,99.8402555910543,100,100.536193029491
"38",0.930851063829787,0,6.36792452830189,6.39658848614073,7.18849840255591,13.6363636363636,21.4477211796247
"39",1.06382978723404,99.3589743589744,5.66037735849057,100.213219616205,99.8402555910543,100,100.536193029491
"40",1.32978723404255,99.3589743589744,9.19811320754717,100.213219616205,99.8402555910543,100,100.536193029491
"41",1.72872340425532,99.3589743589744,9.08018867924528,100.213219616205,99.8402555910543,100,100.536193029491
"42",1.59574468085106,0,6.13207547169811,8.52878464818763,5.59105431309904,27.2727272727273,9.38337801608579
"43",0.797872340425532,0,6.25,6.39658848614073,7.18849840255591,11.3636363636364,16.0857908847185
"44",100,99.3589743589744,99.8820754716981,100.213219616205,99.8402555910543,100,100.536193029491
"45",1.72872340425532,1.6025641025641,7.90094339622642,12.7931769722815,8.78594249201278,15.9090909090909,24.1286863270778
"46",1.46276595744681,99.3589743589744,8.13679245283019,100.213219616205,99.8402555910543,100,100.536193029491
"47",1.1968085106383,1.6025641025641,7.31132075471698,5.33049040511727,10.3833865814696,15.9090909090909,20.1072386058981
"48",0.664893617021277,99.3589743589744,4.71698113207547,98.0810234541578,99.8402555910543,100,100.536193029491
"49",1.86170212765957,99.3589743589744,6.95754716981132,100.213219616205,99.8402555910543,100,100.536193029491
"50",1.06382978723404,99.3589743589744,4.4811320754717,100.213219616205,99.8402555910543,100,100.536193029491
"51",99.8670212765958,99.3589743589744,99.7641509433962,100.213219616205,99.8402555910543,100,100.536193029491
"52",1.46276595744681,99.3589743589744,6.48584905660377,100.213219616205,99.8402555910543,100,100.536193029491
"53",100,99.3589743589744,99.8820754716981,100.213219616205,99.8402555910543,100,100.536193029491
"54",100,99.3589743589744,99.8820754716981,100.213219616205,99.8402555910543,100,100.536193029491
"55",1.32978723404255,3.20512820512821,6.83962264150943,9.59488272921109,7.18849840255591,18.1818181818182,16.0857908847185
"56",1.06382978723404,0,7.54716981132075,9.59488272921109,6.38977635782748,20.4545454545455,18.7667560321716
"57",1.32978723404255,1.6025641025641,7.31132075471698,5.33049040511727,7.98722044728434,25,20.1072386058981
"58",1.46276595744681,99.3589743589744,6.01415094339623,100.213219616205,99.8402555910543,100,100.536193029491
"59",0.398936170212766,0,7.42924528301887,3.19829424307036,2.3961661341853,2.27272727272727,20.1072386058981
"60",100,99.3589743589744,99.8820754716981,100.213219616205,99.8402555910543,100,100.536193029491
"61",1.06382978723404,99.3589743589744,8.49056603773585,100.213219616205,99.8402555910543,100,100.536193029491
"62",1.72872340425532,99.3589743589744,6.25,100.213219616205,99.8402555910543,100,100.536193029491
"63",1.59574468085106,1.6025641025641,8.60849056603774,10.6609808102345,6.38977635782748,18.1818181818182,20.1072386058981
"64",0.797872340425532,96.1538461538462,7.78301886792453,99.1471215351812,98.2428115015974,100,97.8552278820375
"65",1.72872340425532,4.80769230769231,7.07547169811321,9.59488272921109,11.1821086261981,13.6363636363636,10.7238605898123
"66",0.797872340425532,99.3589743589744,6.13207547169811,100.213219616205,99.8402555910543,100,100.536193029491
"67",0.664893617021277,99.3589743589744,4.24528301886792,100.213219616205,99.8402555910543,100,99.1957104557641
"68",1.1968085106383,1.6025641025641,6.48584905660377,10.6609808102345,4.79233226837061,18.1818181818182,20.1072386058981
"69",1.86170212765957,96.1538461538462,9.90566037735849,100.213219616205,98.2428115015974,100,99.1957104557641
"70",1.06382978723404,3.20512820512821,6.13207547169811,6.39658848614073,9.58466453674121,15.9090909090909,17.426273458445
"71",0.664893617021277,99.3589743589744,7.07547169811321,100.213219616205,99.8402555910543,100,100.536193029491
"72",1.32978723404255,99.3589743589744,7.54716981132075,100.213219616205,99.8402555910543,100,100.536193029491
"73",0.930851063829787,99.3589743589744,8.9622641509434,100.213219616205,99.8402555910543,100,100.536193029491
"74",1.1968085106383,0,6.83962264150943,5.33049040511727,4.79233226837061,27.2727272727273,21.4477211796247
"75",1.06382978723404,1.6025641025641,7.31132075471698,5.33049040511727,9.58466453674121,9.09090909090909,17.426273458445
"76",100,99.3589743589744,99.8820754716981,100.213219616205,99.8402555910543,100,100.536193029491
"77",0.797872340425532,99.3589743589744,6.95754716981132,100.213219616205,99.8402555910543,100,100.536193029491
"78",0.664893617021277,1.6025641025641,6.48584905660377,8.52878464818763,6.38977635782748,18.1818181818182,13.4048257372654
"79",0.664893617021277,97.7564102564102,5.66037735849057,100.213219616205,99.8402555910543,100,100.536193029491
"80",100,99.3589743589744,99.8820754716981,100.213219616205,99.8402555910543,100,100.536193029491
"81",1.59574468085106,1.6025641025641,6.48584905660377,7.46268656716418,4.79233226837061,11.3636363636364,16.0857908847185
"82",1.32978723404255,1.6025641025641,7.31132075471698,5.33049040511727,12.779552715655,11.3636363636364,20.1072386058981
"83",0.664893617021277,0,9.08018867924528,2.13219616204691,3.19488817891374,11.3636363636364,12.0643431635389
"84",1.1968085106383,0,7.19339622641509,9.59488272921109,11.9808306709265,13.6363636363636,26.8096514745308
"85",1.1968085106383,96.1538461538462,7.19339622641509,98.0810234541578,97.444089456869,100,99.1957104557641
"86",1.1968085106383,0,7.19339622641509,4.26439232409382,12.779552715655,15.9090909090909,9.38337801608579
"87",1.32978723404255,1.6025641025641,6.72169811320755,5.33049040511727,4.79233226837061,13.6363636363636,17.426273458445
"88",100,99.3589743589744,99.8820754716981,100.213219616205,99.8402555910543,100,100.536193029491
"89",1.06382978723404,1.6025641025641,6.36792452830189,9.59488272921109,8.78594249201278,18.1818181818182,25.4691689008043
"90",0.930851063829787,3.20512820512821,7.42924528301887,5.33049040511727,4.79233226837061,11.3636363636364,18.7667560321716
"91",1.1968085106383,1.6025641025641,8.72641509433962,4.26439232409382,7.98722044728434,13.6363636363636,10.7238605898123
"92",100,99.3589743589744,99.8820754716981,100.213219616205,99.8402555910543,100,100.536193029491
"93",0.930851063829787,99.3589743589744,8.60849056603774,100.213219616205,99.8402555910543,100,100.536193029491
"94",1.46276595744681,1.6025641025641,6.83962264150943,7.46268656716418,9.58466453674121,15.9090909090909,21.4477211796247
"95",1.46276595744681,3.20512820512821,7.90094339622642,6.39658848614073,7.18849840255591,22.7272727272727,17.426273458445
"96",100,99.3589743589744,99.8820754716981,100.213219616205,99.8402555910543,100,100.536193029491
"97",1.46276595744681,99.3589743589744,9.31603773584906,100.213219616205,99.8402555910543,100,100.536193029491
"98",100,99.3589743589744,99.8820754716981,100.213219616205,99.8402555910543,100,100.536193029491
"99",0.531914893617021,99.3589743589744,6.60377358490566,100.213219616205,99.8402555910543,100,100.536193029491
"100",1.46276595744681,0,7.07547169811321,5.33049040511727,5.59105431309904,18.1818181818182,14.745308310992
"101",1.46276595744681,97.7564102564102,10.8490566037736,100.213219616205,99.8402555910543,100,100.536193029491
"102",1.1968085106383,0,6.60377358490566,8.52878464818763,7.18849840255591,18.1818181818182,13.4048257372654
"103",1.99468085106383,0,7.19339622641509,4.26439232409382,4.79233226837061,27.2727272727273,18.7667560321716
"104",1.59574468085106,3.20512820512821,7.42924528301887,5.33049040511727,4.79233226837061,9.09090909090909,20.1072386058981
"105",1.32978723404255,99.3589743589744,6.95754716981132,100.213219616205,99.8402555910543,100,100.536193029491
"106",0.797872340425532,99.3589743589744,6.95754716981132,99.1471215351812,99.8402555910543,100,100.536193029491
"107",1.59574468085106,0,9.43396226415094,3.19829424307036,6.38977635782748,4.54545454545455,13.4048257372654
"108",2.52659574468085,99.3589743589744,7.66509433962264,100.213219616205,99.8402555910543,100,100.536193029491
"109",1.46276595744681,0,5.89622641509434,4.26439232409382,5.59105431309904,15.9090909090909,18.7667560321716
"110",1.1968085106383,0,6.01415094339623,7.46268656716418,4.79233226837061,13.6363636363636,21.4477211796247
"111",1.1968085106383,0,7.07547169811321,10.6609808102345,3.99361022364217,6.81818181818182,20.1072386058981
"112",2.52659574468085,0,6.48584905660377,4.26439232409382,3.99361022364217,15.9090909090909,12.0643431635389
"113",0.664893617021277,92.948717948718,7.31132075471698,99.1471215351812,99.0415335463259,97.7272727272727,97.8552278820375
"114",1.06382978723404,1.6025641025641,6.36792452830189,9.59488272921109,12.779552715655,18.1818181818182,25.4691689008043
"115",1.06382978723404,97.7564102564102,5.89622641509434,100.213219616205,99.8402555910543,100,100.536193029491
"116",1.46276595744681,0,4.71698113207547,8.52878464818763,10.3833865814696,15.9090909090909,32.171581769437
"117",1.86170212765957,1.6025641025641,6.25,9.59488272921109,11.1821086261981,25,16.0857908847185
"118",0.531914893617021,99.3589743589744,6.13207547169811,100.213219616205,99.8402555910543,100,100.536193029491
"119",1.32978723404255,0,6.48584905660377,10.6609808102345,4.79233226837061,15.9090909090909,14.745308310992
"120",0.930851063829787,0,6.36792452830189,6.39658848614073,11.1821086261981,20.4545454545455,17.426273458445
"121",2.3936170212766,0,8.72641509433962,6.39658848614073,3.99361022364217,20.4545454545455,16.0857908847185
"122",1.32978723404255,99.3589743589744,9.66981132075472,100.213219616205,99.8402555910543,100,100.536193029491
"123",0.930851063829787,0,6.48584905660377,4.26439232409382,7.98722044728434,20.4545454545455,20.1072386058981
"124",100,99.3589743589744,99.8820754716981,100.213219616205,99.8402555910543,100,100.536193029491
"125",1.46276595744681,1.6025641025641,6.01415094339623,6.39658848614073,5.59105431309904,15.9090909090909,10.7238605898123
"126",1.06382978723404,96.1538461538462,5.89622641509434,100.213219616205,99.0415335463259,100,100.536193029491
"127",0.797872340425532,99.3589743589744,6.83962264150943,100.213219616205,99.0415335463259,100,100.536193029491
"128",1.06382978723404,1.6025641025641,6.25,3.19829424307036,4.79233226837061,11.3636363636364,14.745308310992
"129",2.52659574468085,1.6025641025641,8.49056603773585,11.727078891258,7.98722044728434,15.9090909090909,20.1072386058981
"130",1.06382978723404,1.6025641025641,7.66509433962264,4.26439232409382,5.59105431309904,15.9090909090909,21.4477211796247
"131",0.930851063829787,99.3589743589744,5.89622641509434,100.213219616205,99.8402555910543,100,100.536193029491
"132",1.72872340425532,99.3589743589744,8.0188679245283,100.213219616205,99.8402555910543,100,100.536193029491
"133",1.06382978723404,99.3589743589744,9.08018867924528,99.1471215351812,99.8402555910543,100,100.536193029491
"134",1.59574468085106,0,8.13679245283019,9.59488272921109,12.779552715655,20.4545454545455,25.4691689008043
"135",0.930851063829787,0,6.72169811320755,8.52878464818763,6.38977635782748,22.7272727272727,8.04289544235925
"136",0.930851063829787,96.1538461538462,7.54716981132075,100.213219616205,99.8402555910543,100,100.536193029491
"137",0.664893617021277,99.3589743589744,7.19339622641509,99.1471215351812,98.2428115015974,97.7272727272727,99.1957104557641
"138",0.797872340425532,99.3589743589744,5.89622641509434,100.213219616205,99.8402555910543,100,100.536193029491
"139",0.797872340425532,1.6025641025641,8.9622641509434,8.52878464818763,12.779552715655,25,20.1072386058981
"140",0.797872340425532,1.6025641025641,5.77830188679245,9.59488272921109,6.38977635782748,20.4545454545455,24.1286863270778
"141",1.59574468085106,99.3589743589744,8.0188679245283,100.213219616205,99.8402555910543,100,100.536193029491
"142",1.06382978723404,3.20512820512821,7.42924528301887,15.9914712153518,11.1821086261981,22.7272727272727,28.1501340482574
"143",0.797872340425532,3.20512820512821,6.72169811320755,10.6609808102345,9.58466453674121,22.7272727272727,18.7667560321716
"144",1.1968085106383,99.3589743589744,6.72169811320755,100.213219616205,99.0415335463259,100,100.536193029491
"145",1.32978723404255,1.6025641025641,8.60849056603774,13.8592750533049,7.18849840255591,22.7272727272727,14.745308310992
"146",0.797872340425532,0,7.07547169811321,6.39658848614073,10.3833865814696,22.7272727272727,20.1072386058981
"147",1.1968085106383,99.3589743589744,8.0188679245283,100.213219616205,99.8402555910543,100,100.536193029491
"148",1.72872340425532,99.3589743589744,7.54716981132075,100.213219616205,99.8402555910543,100,100.536193029491
"149",0.797872340425532,0,6.60377358490566,9.59488272921109,7.98722044728434,20.4545454545455,10.7238605898123
"150",0.930851063829787,99.3589743589744,7.66509433962264,100.213219616205,99.8402555910543,100,100.536193029491
"151",0.664893617021277,99.3589743589744,6.25,100.213219616205,99.8402555910543,100,100.536193029491
"152",0.664893617021277,0,6.83962264150943,4.26439232409382,2.3961661341853,15.9090909090909,9.38337801608579
"153",1.32978723404255,99.3589743589744,6.72169811320755,100.213219616205,99.0415335463259,100,100.536193029491
"154",1.32978723404255,0,6.13207547169811,8.52878464818763,3.99361022364217,15.9090909090909,14.745308310992
"155",1.32978723404255,97.7564102564102,5.66037735849057,100.213219616205,99.0415335463259,97.7272727272727,100.536193029491
"156",1.46276595744681,99.3589743589744,6.83962264150943,100.213219616205,99.8402555910543,100,100.536193029491
"157",1.06382978723404,3.20512820512821,7.31132075471698,5.33049040511727,7.98722044728434,13.6363636363636,5.36193029490617
"158",100,99.3589743589744,99.8820754716981,100.213219616205,99.8402555910543,100,100.536193029491
"159",0.930851063829787,99.3589743589744,7.90094339622642,100.213219616205,99.8402555910543,100,100.536193029491
"160",1.06382978723404,0,9.43396226415094,9.59488272921109,5.59105431309904,13.6363636363636,20.1072386058981
"161",1.1968085106383,1.6025641025641,8.72641509433962,10.6609808102345,8.78594249201278,20.4545454545455,17.426273458445
"162",1.1968085106383,0,6.36792452830189,7.46268656716418,9.58466453674121,15.9090909090909,16.0857908847185
"163",100,99.3589743589744,99.8820754716981,100.213219616205,99.8402555910543,100,100.536193029491
"164",1.32978723404255,0,7.66509433962264,6.39658848614073,4.79233226837061,13.6363636363636,16.0857908847185
"165",100,99.3589743589744,99.8820754716981,100.213219616205,99.8402555910543,100,100.536193029491
"166",1.1968085106383,99.3589743589744,6.95754716981132,100.213219616205,99.8402555910543,100,97.8552278820375
"167",0.797872340425532,1.6025641025641,6.48584905660377,7.46268656716418,3.99361022364217,15.9090909090909,20.1072386058981
"168",1.06382978723404,99.3589743589744,7.66509433962264,100.213219616205,99.8402555910543,100,100.536193029491
"169",1.06382978723404,1.6025641025641,6.48584905660377,6.39658848614073,7.98722044728434,18.1818181818182,20.1072386058981
"170",1.1968085106383,0,7.07547169811321,8.52878464818763,6.38977635782748,29.5454545454545,18.7667560321716
"171",1.06382978723404,0,7.19339622641509,7.46268656716418,3.19488817891374,18.1818181818182,12.0643431635389
"172",99.7340425531915,99.3589743589744,99.7641509433962,100.213219616205,99.8402555910543,100,100.536193029491
"173",0.797872340425532,3.20512820512821,6.01415094339623,4.26439232409382,6.38977635782748,22.7272727272727,20.1072386058981
"174",100,99.3589743589744,99.8820754716981,100.213219616205,99.8402555910543,100,100.536193029491
"175",0.531914893617021,1.6025641025641,6.01415094339623,6.39658848614073,5.59105431309904,13.6363636363636,21.4477211796247
"176",1.46276595744681,1.6025641025641,6.95754716981132,6.39658848614073,3.99361022364217,18.1818181818182,18.7667560321716
"177",100,99.3589743589744,99.8820754716981,100.213219616205,99.8402555910543,100,100.536193029491
"178",0.531914893617021,0,7.31132075471698,4.26439232409382,6.38977635782748,18.1818181818182,9.38337801608579
"179",1.1968085106383,4.80769230769231,6.60377358490566,12.7931769722815,10.3833865814696,20.4545454545455,16.0857908847185
"180",100,99.3589743589744,99.8820754716981,100.213219616205,99.8402555910543,100,100.536193029491
"181",1.32978723404255,1.6025641025641,7.78301886792453,19.1897654584222,9.58466453674121,13.6363636363636,16.0857908847185
"182",2.12765957446809,99.3589743589744,7.78301886792453,100.213219616205,99.8402555910543,100,99.1957104557641
"183",1.72872340425532,0,8.37264150943396,6.39658848614073,6.38977635782748,20.4545454545455,21.4477211796247
"184",1.46276595744681,99.3589743589744,6.25,100.213219616205,99.8402555910543,100,100.536193029491
"185",1.06382978723404,99.3589743589744,6.48584905660377,100.213219616205,99.8402555910543,100,100.536193029491
"186",1.1968085106383,1.6025641025641,5.30660377358491,5.33049040511727,5.59105431309904,15.9090909090909,14.745308310992
"187",0.664893617021277,1.6025641025641,5.89622641509434,5.33049040511727,3.99361022364217,20.4545454545455,20.1072386058981
"188",100,99.3589743589744,99.8820754716981,100.213219616205,99.8402555910543,100,100.536193029491
"189",0.930851063829787,0,7.42924528301887,4.26439232409382,6.38977635782748,11.3636363636364,13.4048257372654
"190",1.32978723404255,0,8.72641509433962,10.6609808102345,8.78594249201278,25,18.7667560321716
"191",100,99.3589743589744,99.8820754716981,100.213219616205,99.8402555910543,100,100.536193029491
"192",1.46276595744681,3.20512820512821,8.0188679245283,8.52878464818763,8.78594249201278,20.4545454545455,18.7667560321716
"193",1.99468085106383,0,10.9669811320755,9.59488272921109,3.99361022364217,25,24.1286863270778
"194",1.99468085106383,0,5.30660377358491,5.33049040511727,3.99361022364217,9.09090909090909,16.0857908847185
"195",1.72872340425532,3.20512820512821,6.01415094339623,3.19829424307036,10.3833865814696,20.4545454545455,24.1286863270778
"196",1.32978723404255,3.20512820512821,8.25471698113208,7.46268656716418,8.78594249201278,20.4545454545455,12.0643431635389
"197",100,99.3589743589744,99.8820754716981,100.213219616205,99.8402555910543,100,100.536193029491
"198",1.59574468085106,0,7.31132075471698,5.33049040511727,1.59744408945687,13.6363636363636,17.426273458445
"199",1.59574468085106,0,7.19339622641509,7.46268656716418,7.18849840255591,18.1818181818182,14.745308310992
"200",0.930851063829787,0,6.60377358490566,5.33049040511727,7.18849840255591,6.81818181818182,14.745308310992
"201",0.664893617021277,99.3589743589744,7.78301886792453,100.213219616205,99.8402555910543,100,100.536193029491
"202",1.1968085106383,3.20512820512821,6.72169811320755,4.26439232409382,3.99361022364217,9.09090909090909,10.7238605898123
"203",0.930851063829787,0,6.25,3.19829424307036,7.98722044728434,11.3636363636364,6.70241286863271
"204",1.72872340425532,0,6.48584905660377,6.39658848614073,7.18849840255591,13.6363636363636,8.04289544235925
"205",1.1968085106383,3.20512820512821,6.95754716981132,8.52878464818763,5.59105431309904,20.4545454545455,20.1072386058981
"206",1.86170212765957,1.6025641025641,9.19811320754717,11.727078891258,10.3833865814696,13.6363636363636,22.7882037533512
"207",1.86170212765957,1.6025641025641,7.66509433962264,7.46268656716418,4.79233226837061,15.9090909090909,14.745308310992
"208",1.59574468085106,1.6025641025641,7.31132075471698,6.39658848614073,8.78594249201278,11.3636363636364,17.426273458445
"209",100,99.3589743589744,99.8820754716981,100.213219616205,99.8402555910543,100,100.536193029491
"210",100,99.3589743589744,99.8820754716981,100.213219616205,99.8402555910543,100,100.536193029491
"211",99.8670212765958,99.3589743589744,99.8820754716981,100.213219616205,99.8402555910543,100,100.536193029491
"212",1.1968085106383,6.41025641025641,5.89622641509434,7.46268656716418,9.58466453674121,20.4545454545455,22.7882037533512
"213",1.46276595744681,1.6025641025641,8.49056603773585,4.26439232409382,6.38977635782748,15.9090909090909,16.0857908847185
"214",1.06382978723404,0,6.13207547169811,3.19829424307036,7.18849840255591,25,14.745308310992
"215",0.930851063829787,99.3589743589744,6.13207547169811,100.213219616205,99.8402555910543,100,100.536193029491
"216",1.32978723404255,3.20512820512821,6.36792452830189,10.6609808102345,3.99361022364217,13.6363636363636,18.7667560321716
"217",100,99.3589743589744,99.7641509433962,100.213219616205,99.8402555910543,100,100.536193029491
"218",1.59574468085106,0,8.25471698113208,6.39658848614073,7.98722044728434,20.4545454545455,24.1286863270778
"219",100,99.3589743589744,99.8820754716981,100.213219616205,99.8402555910543,100,100.536193029491
"220",1.86170212765957,3.20512820512821,7.66509433962264,8.52878464818763,12.779552715655,34.0909090909091,17.426273458445
"221",100,99.3589743589744,99.8820754716981,100.213219616205,99.8402555910543,100,100.536193029491
"222",1.32978723404255,1.6025641025641,7.19339622641509,4.26439232409382,2.3961661341853,9.09090909090909,6.70241286863271
"223",1.06382978723404,99.3589743589744,7.54716981132075,100.213219616205,99.8402555910543,100,100.536193029491
"224",0.664893617021277,99.3589743589744,6.95754716981132,100.213219616205,99.0415335463259,100,100.536193029491
"225",100,99.3589743589744,99.8820754716981,100.213219616205,99.8402555910543,100,100.536193029491
"226",100,99.3589743589744,99.8820754716981,100.213219616205,99.8402555910543,100,100.536193029491
"227",1.06382978723404,99.3589743589744,8.84433962264151,100.213219616205,99.8402555910543,100,100.536193029491
"228",1.99468085106383,99.3589743589744,6.01415094339623,100.213219616205,99.8402555910543,100,100.536193029491
"229",0.930851063829787,99.3589743589744,6.25,100.213219616205,99.8402555910543,100,100.536193029491
"230",1.59574468085106,0,7.90094339622642,7.46268656716418,7.18849840255591,38.6363636363636,20.1072386058981
"231",0.664893617021277,3.20512820512821,4.4811320754717,13.8592750533049,8.78594249201278,36.3636363636364,32.171581769437
"232",0.664893617021277,3.20512820512821,7.90094339622642,5.33049040511727,10.3833865814696,9.09090909090909,21.4477211796247
"233",1.1968085106383,99.3589743589744,7.31132075471698,100.213219616205,99.8402555910543,100,100.536193029491
"234",100,99.3589743589744,99.8820754716981,100.213219616205,99.8402555910543,100,100.536193029491
"235",99.7340425531915,99.3589743589744,99.6462264150943,100.213219616205,99.8402555910543,100,100.536193029491
"236",100,99.3589743589744,99.8820754716981,100.213219616205,99.8402555910543,100,100.536193029491
"237",100,99.3589743589744,99.7641509433962,100.213219616205,99.8402555910543,100,100.536193029491
"238",1.72872340425532,0,7.19339622641509,5.33049040511727,11.9808306709265,20.4545454545455,16.0857908847185
"239",1.72872340425532,0,3.77358490566038,6.39658848614073,3.99361022364217,13.6363636363636,21.4477211796247
"240",1.59574468085106,0,7.42924528301887,5.33049040511727,12.779552715655,15.9090909090909,14.745308310992
"241",1.46276595744681,0,6.36792452830189,8.52878464818763,9.58466453674121,18.1818181818182,26.8096514745308
"242",0.930851063829787,99.3589743589744,7.78301886792453,100.213219616205,99.8402555910543,100,100.536193029491
"243",0.664893617021277,97.7564102564102,7.66509433962264,100.213219616205,99.8402555910543,100,100.536193029491
"244",99.7340425531915,99.3589743589744,99.8820754716981,100.213219616205,99.8402555910543,100,100.536193029491
"245",1.72872340425532,99.3589743589744,6.95754716981132,100.213219616205,99.8402555910543,100,100.536193029491
"246",100,99.3589743589744,99.8820754716981,100.213219616205,99.8402555910543,100,100.536193029491
"247",1.06382978723404,6.41025641025641,9.19811320754717,9.59488272921109,7.98722044728434,20.4545454545455,14.745308310992
"248",1.06382978723404,1.6025641025641,8.0188679245283,6.39658848614073,3.99361022364217,11.3636363636364,20.1072386058981
"249",1.06382978723404,0,7.78301886792453,8.52878464818763,10.3833865814696,15.9090909090909,32.171581769437
"250",100,99.3589743589744,99.8820754716981,100.213219616205,99.8402555910543,100,100.536193029491
"251",1.99468085106383,99.3589743589744,8.25471698113208,100.213219616205,99.8402555910543,100,99.1957104557641
"252",1.1968085106383,0,8.60849056603774,4.26439232409382,3.19488817891374,22.7272727272727,13.4048257372654
"253",0.930851063829787,0,5.42452830188679,6.39658848614073,6.38977635782748,20.4545454545455,8.04289544235925
"254",0.797872340425532,99.3589743589744,6.25,100.213219616205,99.8402555910543,100,100.536193029491
"255",1.72872340425532,99.3589743589744,6.83962264150943,100.213219616205,99.8402555910543,100,100.536193029491
"256",0.930851063829787,1.6025641025641,7.54716981132075,9.59488272921109,9.58466453674121,20.4545454545455,24.1286863270778
"257",1.46276595744681,99.3589743589744,7.19339622641509,99.1471215351812,99.8402555910543,100,100.536193029491
"258",0.531914893617021,0,7.42924528301887,7.46268656716418,6.38977635782748,18.1818181818182,13.4048257372654
"259",1.99468085106383,92.948717948718,8.37264150943396,99.1471215351812,99.8402555910543,100,99.1957104557641
"260",1.1968085106383,99.3589743589744,5.07075471698113,100.213219616205,99.8402555910543,100,100.536193029491
"261",100,99.3589743589744,99.8820754716981,100.213219616205,99.8402555910543,100,100.536193029491
"262",2.3936170212766,0,9.55188679245283,7.46268656716418,3.19488817891374,9.09090909090909,12.0643431635389
"263",0.930851063829787,99.3589743589744,6.36792452830189,100.213219616205,99.8402555910543,100,100.536193029491
"264",1.86170212765957,0,6.83962264150943,6.39658848614073,5.59105431309904,13.6363636363636,22.7882037533512
"265",1.72872340425532,97.7564102564102,8.0188679245283,97.0149253731343,99.0415335463259,97.7272727272727,99.1957104557641
"266",1.32978723404255,99.3589743589744,8.0188679245283,100.213219616205,99.8402555910543,100,100.536193029491
"267",2.26063829787234,99.3589743589744,7.31132075471698,99.1471215351812,99.8402555910543,100,100.536193029491
"268",1.72872340425532,1.6025641025641,8.60849056603774,1.06609808102345,2.3961661341853,9.09090909090909,12.0643431635389
"269",1.32978723404255,1.6025641025641,9.19811320754717,12.7931769722815,7.98722044728434,31.8181818181818,36.1930294906166
"270",2.12765957446809,1.6025641025641,8.0188679245283,4.26439232409382,3.19488817891374,18.1818181818182,9.38337801608579
"271",100,99.3589743589744,99.7641509433962,100.213219616205,99.8402555910543,100,100.536193029491
"272",100,99.3589743589744,99.8820754716981,100.213219616205,99.8402555910543,100,100.536193029491
"273",1.46276595744681,99.3589743589744,8.13679245283019,100.213219616205,99.0415335463259,100,100.536193029491
"274",0.797872340425532,4.80769230769231,6.60377358490566,7.46268656716418,9.58466453674121,20.4545454545455,22.7882037533512
"275",0.664893617021277,99.3589743589744,7.54716981132075,100.213219616205,99.8402555910543,100,100.536193029491
"276",0.664893617021277,0,6.48584905660377,5.33049040511727,3.19488817891374,22.7272727272727,6.70241286863271
"277",1.32978723404255,99.3589743589744,10.7311320754717,100.213219616205,99.8402555910543,100,100.536193029491
"278",0.664893617021277,4.80769230769231,7.07547169811321,9.59488272921109,3.99361022364217,20.4545454545455,9.38337801608579
"279",1.06382978723404,0,6.13207547169811,11.727078891258,4.79233226837061,18.1818181818182,14.745308310992
"280",1.06382978723404,1.6025641025641,6.13207547169811,6.39658848614073,8.78594249201278,13.6363636363636,17.426273458445
"281",0.664893617021277,0,8.13679245283019,7.46268656716418,6.38977635782748,25,5.36193029490617
"282",99.8670212765958,99.3589743589744,99.8820754716981,100.213219616205,99.8402555910543,100,100.536193029491
"283",1.72872340425532,99.3589743589744,7.31132075471698,100.213219616205,99.8402555910543,100,100.536193029491
"284",100,99.3589743589744,99.8820754716981,100.213219616205,99.8402555910543,100,100.536193029491
"285",1.86170212765957,3.20512820512821,6.83962264150943,8.52878464818763,8.78594249201278,18.1818181818182,20.1072386058981
"286",1.1968085106383,0,8.72641509433962,7.46268656716418,6.38977635782748,9.09090909090909,18.7667560321716
"287",0.664893617021277,3.20512820512821,8.84433962264151,10.6609808102345,11.9808306709265,20.4545454545455,26.8096514745308
"288",0.930851063829787,99.3589743589744,7.90094339622642,100.213219616205,99.8402555910543,100,100.536193029491
"289",1.86170212765957,1.6025641025641,8.13679245283019,8.52878464818763,7.98722044728434,11.3636363636364,17.426273458445
"290",100,99.3589743589744,99.7641509433962,100.213219616205,99.8402555910543,100,100.536193029491
"291",1.72872340425532,0,7.90094339622642,8.52878464818763,7.18849840255591,9.09090909090909,25.4691689008043
"292",1.32978723404255,0,8.37264150943396,5.33049040511727,11.9808306709265,15.9090909090909,14.745308310992
"293",2.65957446808511,99.3589743589744,6.01415094339623,100.213219616205,99.8402555910543,100,100.536193029491
"294",1.06382978723404,1.6025641025641,7.54716981132075,5.33049040511727,5.59105431309904,11.3636363636364,14.745308310992
"295",1.1968085106383,1.6025641025641,6.36792452830189,9.59488272921109,6.38977635782748,11.3636363636364,13.4048257372654
"296",1.06382978723404,1.6025641025641,6.95754716981132,10.6609808102345,2.3961661341853,18.1818181818182,13.4048257372654
"297",2.12765957446809,4.80769230769231,8.9622641509434,14.9253731343284,9.58466453674121,34.0909090909091,28.1501340482574
"298",100,99.3589743589744,99.8820754716981,100.213219616205,99.8402555910543,100,100.536193029491
"299",0.398936170212766,1.6025641025641,4.95283018867925,6.39658848614073,13.5782747603834,22.7272727272727,21.4477211796247
"300",1.72872340425532,99.3589743589744,8.0188679245283,100.213219616205,99.8402555910543,100,99.1957104557641
"301",0.664893617021277,0,4.36320754716981,11.727078891258,7.18849840255591,13.6363636363636,17.426273458445
"302",1.86170212765957,0,7.42924528301887,6.39658848614073,0.798722044728434,22.7272727272727,14.745308310992
"303",100,99.3589743589744,99.8820754716981,100.213219616205,99.8402555910543,100,100.536193029491
"304",100,99.3589743589744,99.8820754716981,100.213219616205,99.8402555910543,100,100.536193029491
"305",1.1968085106383,1.6025641025641,6.95754716981132,10.6609808102345,11.1821086261981,18.1818181818182,21.4477211796247
"306",1.32978723404255,99.3589743589744,7.54716981132075,99.1471215351812,99.8402555910543,100,100.536193029491
"307",100,99.3589743589744,99.8820754716981,100.213219616205,99.8402555910543,100,100.536193029491
"308",1.46276595744681,0,5.66037735849057,8.52878464818763,5.59105431309904,27.2727272727273,20.1072386058981
"309",1.1968085106383,99.3589743589744,6.72169811320755,99.1471215351812,99.8402555910543,100,100.536193029491
"310",1.06382978723404,99.3589743589744,7.07547169811321,100.213219616205,99.8402555910543,100,100.536193029491
"311",1.1968085106383,1.6025641025641,7.54716981132075,8.52878464818763,11.9808306709265,22.7272727272727,21.4477211796247
"312",1.32978723404255,99.3589743589744,8.37264150943396,100.213219616205,99.8402555910543,100,100.536193029491
"313",1.59574468085106,1.6025641025641,7.90094339622642,6.39658848614073,6.38977635782748,18.1818181818182,13.4048257372654
"314",2.26063829787234,99.3589743589744,7.19339622641509,100.213219616205,99.8402555910543,100,100.536193029491
"315",1.06382978723404,0,8.72641509433962,6.39658848614073,7.98722044728434,18.1818181818182,17.426273458445
"316",2.3936170212766,97.7564102564102,8.13679245283019,100.213219616205,99.8402555910543,100,100.536193029491
"317",0.930851063829787,0,7.90094339622642,6.39658848614073,6.38977635782748,18.1818181818182,16.0857908847185
"318",1.46276595744681,99.3589743589744,8.0188679245283,100.213219616205,99.8402555910543,100,100.536193029491
"319",1.06382978723404,1.6025641025641,5.89622641509434,6.39658848614073,7.98722044728434,11.3636363636364,17.426273458445
"320",1.46276595744681,0,8.37264150943396,4.26439232409382,3.19488817891374,6.81818181818182,9.38337801608579
"321",1.1968085106383,1.6025641025641,5.54245283018868,7.46268656716418,7.18849840255591,22.7272727272727,12.0643431635389
"322",1.86170212765957,4.80769230769231,7.19339622641509,6.39658848614073,7.98722044728434,15.9090909090909,18.7667560321716
"323",1.72872340425532,0,8.37264150943396,4.26439232409382,8.78594249201278,25,24.1286863270778
"324",0.930851063829787,0,6.13207547169811,6.39658848614073,2.3961661341853,13.6363636363636,16.0857908847185
"325",0.930851063829787,99.3589743589744,5.89622641509434,100.213219616205,99.8402555910543,100,100.536193029491
"326",0.664893617021277,99.3589743589744,9.55188679245283,100.213219616205,99.8402555910543,100,100.536193029491
"327",99.8670212765958,99.3589743589744,99.7641509433962,100.213219616205,99.8402555910543,100,100.536193029491
"328",1.46276595744681,99.3589743589744,5.89622641509434,100.213219616205,99.8402555910543,100,100.536193029491
"329",0.930851063829787,0,8.37264150943396,6.39658848614073,8.78594249201278,27.2727272727273,21.4477211796247
"330",100,99.3589743589744,99.8820754716981,100.213219616205,99.8402555910543,100,100.536193029491
"331",1.46276595744681,0,7.19339622641509,4.26439232409382,6.38977635782748,25,17.426273458445
"332",100,99.3589743589744,99.8820754716981,100.213219616205,99.8402555910543,100,100.536193029491
"333",0.531914893617021,99.3589743589744,7.07547169811321,100.213219616205,99.8402555910543,100,99.1957104557641
"334",1.72872340425532,99.3589743589744,7.78301886792453,100.213219616205,99.8402555910543,100,100.536193029491
"335",0.398936170212766,99.3589743589744,6.25,100.213219616205,99.8402555910543,100,100.536193029491
"336",1.06382978723404,0,5.42452830188679,7.46268656716418,4.79233226837061,6.81818181818182,17.426273458445
"337",1.59574468085106,99.3589743589744,6.48584905660377,100.213219616205,99.0415335463259,100,100.536193029491
"338",1.46276595744681,99.3589743589744,7.42924528301887,100.213219616205,99.8402555910543,100,100.536193029491
"339",0.664893617021277,1.6025641025641,5.42452830188679,7.46268656716418,8.78594249201278,18.1818181818182,22.7882037533512
"340",1.46276595744681,99.3589743589744,8.0188679245283,100.213219616205,99.8402555910543,100,100.536193029491
"341",1.06382978723404,1.6025641025641,6.83962264150943,4.26439232409382,7.18849840255591,13.6363636363636,20.1072386058981
"342",1.1968085106383,0,7.66509433962264,6.39658848614073,3.99361022364217,11.3636363636364,17.426273458445
"343",1.86170212765957,99.3589743589744,6.83962264150943,100.213219616205,99.8402555910543,100,100.536193029491
"344",0.930851063829787,99.3589743589744,6.60377358490566,100.213219616205,99.8402555910543,100,100.536193029491
"345",0.930851063829787,3.20512820512821,6.13207547169811,10.6609808102345,4.79233226837061,18.1818181818182,13.4048257372654
"346",0.664893617021277,3.20512820512821,7.66509433962264,9.59488272921109,7.18849840255591,13.6363636363636,18.7667560321716
"347",100,99.3589743589744,99.8820754716981,100.213219616205,99.8402555910543,100,100.536193029491
"348",1.59574468085106,99.3589743589744,7.42924528301887,100.213219616205,99.8402555910543,100,100.536193029491
"349",0.531914893617021,99.3589743589744,7.66509433962264,100.213219616205,98.2428115015974,100,100.536193029491
"350",1.06382978723404,99.3589743589744,6.95754716981132,100.213219616205,99.8402555910543,100,100.536193029491
"351",1.06382978723404,0,7.19339622641509,5.33049040511727,12.779552715655,18.1818181818182,18.7667560321716
"352",1.46276595744681,99.3589743589744,8.37264150943396,100.213219616205,99.8402555910543,100,100.536193029491
"353",99.8670212765958,99.3589743589744,99.8820754716981,100.213219616205,99.8402555910543,100,100.536193029491
"354",1.32978723404255,1.6025641025641,7.54716981132075,7.46268656716418,2.3961661341853,13.6363636363636,17.426273458445
"355",1.72872340425532,99.3589743589744,8.49056603773585,100.213219616205,99.8402555910543,100,100.536193029491
"356",1.86170212765957,1.6025641025641,6.72169811320755,5.33049040511727,10.3833865814696,27.2727272727273,12.0643431635389
"357",1.86170212765957,4.80769230769231,8.25471698113208,13.8592750533049,7.18849840255591,22.7272727272727,21.4477211796247
"358",1.86170212765957,0,7.42924528301887,5.33049040511727,10.3833865814696,4.54545454545455,16.0857908847185
"359",1.86170212765957,1.6025641025641,10.0235849056604,6.39658848614073,11.9808306709265,15.9090909090909,20.1072386058981
"360",100,99.3589743589744,99.8820754716981,100.213219616205,99.8402555910543,100,100.536193029491
"361",100,99.3589743589744,99.8820754716981,100.213219616205,99.8402555910543,100,100.536193029491
"362",1.72872340425532,0,8.37264150943396,3.19829424307036,11.9808306709265,18.1818181818182,16.0857908847185
"363",1.59574468085106,1.6025641025641,7.66509433962264,5.33049040511727,3.19488817891374,15.9090909090909,18.7667560321716
"364",1.1968085106383,3.20512820512821,9.90566037735849,6.39658848614073,6.38977635782748,22.7272727272727,21.4477211796247
"365",0.664893617021277,3.20512820512821,6.72169811320755,7.46268656716418,3.99361022364217,11.3636363636364,10.7238605898123
"366",2.12765957446809,0,6.95754716981132,12.7931769722815,6.38977635782748,18.1818181818182,24.1286863270778
"367",0.664893617021277,0,7.78301886792453,7.46268656716418,11.1821086261981,20.4545454545455,22.7882037533512
"368",1.86170212765957,99.3589743589744,7.78301886792453,100.213219616205,99.8402555910543,100,100.536193029491
"369",1.59574468085106,3.20512820512821,8.0188679245283,6.39658848614073,7.18849840255591,9.09090909090909,18.7667560321716
"370",1.06382978723404,3.20512820512821,7.07547169811321,4.26439232409382,6.38977635782748,9.09090909090909,18.7667560321716
"371",1.32978723404255,99.3589743589744,7.54716981132075,100.213219616205,99.8402555910543,97.7272727272727,100.536193029491
"372",1.1968085106383,99.3589743589744,7.90094339622642,99.1471215351812,99.8402555910543,100,100.536193029491
"373",1.1968085106383,1.6025641025641,6.36792452830189,12.7931769722815,7.18849840255591,9.09090909090909,14.745308310992
"374",1.06382978723404,1.6025641025641,7.42924528301887,9.59488272921109,7.18849840255591,27.2727272727273,8.04289544235925
"375",1.1968085106383,99.3589743589744,8.25471698113208,100.213219616205,99.8402555910543,100,100.536193029491
"376",1.32978723404255,1.6025641025641,7.31132075471698,7.46268656716418,12.779552715655,22.7272727272727,22.7882037533512
"377",2.12765957446809,3.20512820512821,7.31132075471698,9.59488272921109,7.18849840255591,18.1818181818182,24.1286863270778
"378",99.8670212765958,99.3589743589744,99.8820754716981,100.213219616205,99.8402555910543,100,100.536193029491
"379",100,99.3589743589744,99.7641509433962,100.213219616205,99.8402555910543,100,100.536193029491
"380",0.930851063829787,0,5.77830188679245,5.33049040511727,3.19488817891374,20.4545454545455,14.745308310992
"381",0.664893617021277,0,5.30660377358491,11.727078891258,10.3833865814696,18.1818181818182,25.4691689008043
"382",100,99.3589743589744,99.8820754716981,100.213219616205,99.8402555910543,100,100.536193029491
"383",1.59574468085106,99.3589743589744,7.07547169811321,100.213219616205,99.8402555910543,100,100.536193029491
"384",100,99.3589743589744,99.8820754716981,100.213219616205,99.8402555910543,100,100.536193029491
"385",0.930851063829787,3.20512820512821,7.19339622641509,4.26439232409382,1.59744408945687,4.54545454545455,13.4048257372654
"386",1.46276595744681,6.41025641025641,6.25,9.59488272921109,11.9808306709265,15.9090909090909,20.1072386058981
"387",1.59574468085106,96.1538461538462,7.19339622641509,100.213219616205,98.2428115015974,97.7272727272727,100.536193029491
"388",100,99.3589743589744,99.8820754716981,100.213219616205,99.8402555910543,100,100.536193029491
"389",0.797872340425532,99.3589743589744,6.13207547169811,100.213219616205,99.8402555910543,100,100.536193029491
"390",0.930851063829787,0,6.95754716981132,3.19829424307036,5.59105431309904,11.3636363636364,8.04289544235925
"391",1.1968085106383,99.3589743589744,7.90094339622642,100.213219616205,99.0415335463259,100,100.536193029491
"392",100,99.3589743589744,99.8820754716981,100.213219616205,99.8402555910543,100,100.536193029491
"393",1.32978723404255,99.3589743589744,6.72169811320755,100.213219616205,99.8402555910543,100,100.536193029491
"394",0.797872340425532,99.3589743589744,5.18867924528302,100.213219616205,99.8402555910543,100,100.536193029491
"395",1.46276595744681,3.20512820512821,7.90094339622642,10.6609808102345,8.78594249201278,25,18.7667560321716
"396",2.92553191489362,3.20512820512821,8.72641509433962,7.46268656716418,9.58466453674121,15.9090909090909,13.4048257372654
"397",100,99.3589743589744,99.7641509433962,100.213219616205,99.8402555910543,100,100.536193029491
"398",0.930851063829787,99.3589743589744,4.95283018867925,100.213219616205,99.8402555910543,100,100.536193029491
"399",0.930851063829787,1.6025641025641,8.84433962264151,7.46268656716418,11.1821086261981,13.6363636363636,13.4048257372654
"400",1.86170212765957,99.3589743589744,9.43396226415094,100.213219616205,99.8402555910543,100,100.536193029491
"401",100,99.3589743589744,99.8820754716981,100.213219616205,99.8402555910543,100,100.536193029491
"402",0.531914893617021,0,6.25,10.6609808102345,10.3833865814696,13.6363636363636,13.4048257372654
"403",1.1968085106383,1.6025641025641,7.07547169811321,11.727078891258,9.58466453674121,11.3636363636364,10.7238605898123
"404",1.59574468085106,0,8.25471698113208,9.59488272921109,11.1821086261981,29.5454545454545,20.1072386058981
"405",100,99.3589743589744,99.8820754716981,100.213219616205,99.8402555910543,100,100.536193029491
"406",1.32978723404255,3.20512820512821,6.72169811320755,7.46268656716418,6.38977635782748,15.9090909090909,17.426273458445
"407",1.06382978723404,99.3589743589744,6.36792452830189,100.213219616205,99.8402555910543,100,100.536193029491
"408",1.46276595744681,3.20512820512821,6.36792452830189,8.52878464818763,3.99361022364217,15.9090909090909,18.7667560321716
"409",100,99.3589743589744,99.8820754716981,100.213219616205,99.8402555910543,100,100.536193029491
"410",1.72872340425532,1.6025641025641,6.60377358490566,7.46268656716418,3.99361022364217,13.6363636363636,8.04289544235925
"411",1.99468085106383,1.6025641025641,5.66037735849057,7.46268656716418,7.18849840255591,13.6363636363636,18.7667560321716
"412",100,99.3589743589744,99.8820754716981,100.213219616205,99.8402555910543,100,100.536193029491
"413",0.930851063829787,3.20512820512821,5.42452830188679,7.46268656716418,3.99361022364217,11.3636363636364,16.0857908847185
"414",1.72872340425532,99.3589743589744,8.60849056603774,100.213219616205,99.8402555910543,100,100.536193029491
"415",100,99.3589743589744,99.8820754716981,100.213219616205,99.8402555910543,100,100.536193029491
"416",0.930851063829787,99.3589743589744,6.72169811320755,100.213219616205,99.8402555910543,100,100.536193029491
"417",1.32978723404255,99.3589743589744,7.54716981132075,99.1471215351812,99.0415335463259,100,100.536193029491
"418",1.46276595744681,97.7564102564102,7.31132075471698,98.0810234541578,99.8402555910543,100,100.536193029491
"419",1.99468085106383,1.6025641025641,7.78301886792453,8.52878464818763,6.38977635782748,13.6363636363636,14.745308310992
"420",1.06382978723404,99.3589743589744,8.72641509433962,100.213219616205,99.0415335463259,100,100.536193029491
"421",0.664893617021277,3.20512820512821,5.07075471698113,8.52878464818763,9.58466453674121,13.6363636363636,14.745308310992
"422",1.59574468085106,0,9.7877358490566,3.19829424307036,4.79233226837061,27.2727272727273,18.7667560321716
"423",0.930851063829787,0,6.95754716981132,11.727078891258,9.58466453674121,22.7272727272727,18.7667560321716
"424",0.930851063829787,99.3589743589744,7.07547169811321,100.213219616205,99.8402555910543,100,100.536193029491
"425",1.32978723404255,4.80769230769231,7.78301886792453,8.52878464818763,5.59105431309904,18.1818181818182,21.4477211796247
"426",1.06382978723404,99.3589743589744,9.31603773584906,100.213219616205,99.8402555910543,100,100.536193029491
"427",0.930851063829787,99.3589743589744,7.78301886792453,100.213219616205,99.8402555910543,100,100.536193029491
"428",1.86170212765957,99.3589743589744,6.25,100.213219616205,99.8402555910543,100,100.536193029491
"429",1.72872340425532,0,6.72169811320755,7.46268656716418,6.38977635782748,11.3636363636364,17.426273458445
"430",1.72872340425532,1.6025641025641,6.48584905660377,6.39658848614073,6.38977635782748,13.6363636363636,24.1286863270778
"431",0.797872340425532,99.3589743589744,8.0188679245283,100.213219616205,99.8402555910543,100,100.536193029491
"432",0.664893617021277,99.3589743589744,5.18867924528302,100.213219616205,99.8402555910543,100,100.536193029491
"433",99.8670212765958,99.3589743589744,99.8820754716981,100.213219616205,99.8402555910543,100,100.536193029491
"434",1.46276595744681,3.20512820512821,7.42924528301887,3.19829424307036,3.99361022364217,13.6363636363636,24.1286863270778
"435",0.398936170212766,1.6025641025641,6.36792452830189,10.6609808102345,7.98722044728434,15.9090909090909,22.7882037533512
"436",0.664893617021277,1.6025641025641,6.36792452830189,8.52878464818763,9.58466453674121,11.3636363636364,8.04289544235925
"437",0.797872340425532,99.3589743589744,6.83962264150943,100.213219616205,99.8402555910543,100,100.536193029491
"438",0.797872340425532,8.01282051282051,8.13679245283019,13.8592750533049,15.1757188498403,31.8181818181818,21.4477211796247
"439",2.3936170212766,0,7.42924528301887,5.33049040511727,9.58466453674121,13.6363636363636,24.1286863270778
"440",1.1968085106383,0,7.54716981132075,6.39658848614073,3.99361022364217,9.09090909090909,13.4048257372654
"441",1.72872340425532,0,9.08018867924528,3.19829424307036,8.78594249201278,18.1818181818182,8.04289544235925
"442",1.06382978723404,0,7.31132075471698,5.33049040511727,14.3769968051118,29.5454545454545,29.4906166219839
"443",0.930851063829787,99.3589743589744,7.19339622641509,100.213219616205,99.8402555910543,100,100.536193029491
"444",1.1968085106383,0,6.48584905660377,6.39658848614073,11.9808306709265,13.6363636363636,20.1072386058981
"445",100,99.3589743589744,99.8820754716981,100.213219616205,99.8402555910543,100,100.536193029491
"446",1.72872340425532,0,7.19339622641509,6.39658848614073,6.38977635782748,18.1818181818182,21.4477211796247
"447",1.06382978723404,99.3589743589744,7.31132075471698,100.213219616205,99.8402555910543,100,100.536193029491
"448",1.1968085106383,0,7.42924528301887,5.33049040511727,6.38977635782748,9.09090909090909,8.04289544235925
"449",1.1968085106383,4.80769230769231,5.89622641509434,9.59488272921109,10.3833865814696,18.1818181818182,22.7882037533512
"450",100,99.3589743589744,99.8820754716981,100.213219616205,99.8402555910543,100,100.536193029491
"451",1.59574468085106,99.3589743589744,8.84433962264151,100.213219616205,99.8402555910543,100,100.536193029491
"452",1.1968085106383,99.3589743589744,7.31132075471698,100.213219616205,99.8402555910543,100,100.536193029491
"453",0.930851063829787,99.3589743589744,5.89622641509434,100.213219616205,99.8402555910543,97.7272727272727,100.536193029491
"454",0.797872340425532,99.3589743589744,6.83962264150943,100.213219616205,99.8402555910543,100,100.536193029491
"455",100,99.3589743589744,99.8820754716981,100.213219616205,99.8402555910543,100,100.536193029491
"456",0.664893617021277,99.3589743589744,5.30660377358491,100.213219616205,99.8402555910543,100,100.536193029491
"457",1.59574468085106,0,7.31132075471698,4.26439232409382,4.79233226837061,4.54545454545455,8.04289544235925
"458",1.59574468085106,0,8.25471698113208,5.33049040511727,7.98722044728434,9.09090909090909,16.0857908847185
"459",0.664893617021277,0,6.25,11.727078891258,6.38977635782748,18.1818181818182,16.0857908847185
"460",1.72872340425532,0,5.89622641509434,8.52878464818763,4.79233226837061,27.2727272727273,21.4477211796247
"461",1.06382978723404,99.3589743589744,4.71698113207547,100.213219616205,99.8402555910543,100,100.536193029491
"462",1.32978723404255,3.20512820512821,7.66509433962264,3.19829424307036,7.18849840255591,29.5454545454545,22.7882037533512
"463",1.06382978723404,0,8.37264150943396,10.6609808102345,7.98722044728434,15.9090909090909,18.7667560321716
"464",100,99.3589743589744,99.8820754716981,100.213219616205,99.8402555910543,100,100.536193029491
"465",100,99.3589743589744,99.8820754716981,100.213219616205,99.8402555910543,100,100.536193029491
"466",100,99.3589743589744,99.8820754716981,100.213219616205,99.8402555910543,100,100.536193029491
"467",1.06382978723404,99.3589743589744,7.07547169811321,100.213219616205,99.8402555910543,100,100.536193029491
"468",1.06382978723404,99.3589743589744,5.66037735849057,100.213219616205,99.8402555910543,100,100.536193029491
"469",0.531914893617021,1.6025641025641,5.42452830188679,8.52878464818763,3.99361022364217,9.09090909090909,20.1072386058981
"470",0.664893617021277,1.6025641025641,7.90094339622642,5.33049040511727,4.79233226837061,11.3636363636364,14.745308310992
"471",100,99.3589743589744,99.8820754716981,100.213219616205,99.8402555910543,100,100.536193029491
"472",2.26063829787234,1.6025641025641,8.0188679245283,6.39658848614073,3.99361022364217,20.4545454545455,17.426273458445
"473",100,99.3589743589744,99.8820754716981,100.213219616205,99.8402555910543,100,100.536193029491
"474",1.06382978723404,0,7.42924528301887,1.06609808102345,2.3961661341853,22.7272727272727,22.7882037533512
"475",1.59574468085106,0,10.0235849056604,8.52878464818763,7.18849840255591,9.09090909090909,24.1286863270778
"476",1.32978723404255,1.6025641025641,6.83962264150943,2.13219616204691,5.59105431309904,13.6363636363636,18.7667560321716
"477",100,99.3589743589744,99.8820754716981,100.213219616205,99.8402555910543,100,100.536193029491
"478",99.8670212765958,99.3589743589744,99.7641509433962,100.213219616205,99.8402555910543,100,100.536193029491
"479",1.32978723404255,99.3589743589744,6.36792452830189,100.213219616205,99.8402555910543,97.7272727272727,100.536193029491
"480",0.664893617021277,1.6025641025641,7.66509433962264,10.6609808102345,6.38977635782748,15.9090909090909,14.745308310992
"481",100,99.3589743589744,99.8820754716981,100.213219616205,99.8402555910543,100,100.536193029491
"482",1.1968085106383,3.20512820512821,5.66037735849057,10.6609808102345,3.99361022364217,20.4545454545455,26.8096514745308
"483",1.1968085106383,0,8.13679245283019,7.46268656716418,3.99361022364217,15.9090909090909,32.171581769437
"484",1.99468085106383,99.3589743589744,7.90094339622642,100.213219616205,99.8402555910543,100,100.536193029491
"485",0.664893617021277,1.6025641025641,6.95754716981132,8.52878464818763,7.18849840255591,11.3636363636364,22.7882037533512
"486",1.59574468085106,4.80769230769231,8.72641509433962,11.727078891258,7.98722044728434,27.2727272727273,13.4048257372654
"487",1.1968085106383,0,7.07547169811321,6.39658848614073,11.1821086261981,20.4545454545455,20.1072386058981
"488",0.531914893617021,99.3589743589744,5.66037735849057,98.0810234541578,99.8402555910543,100,100.536193029491
"489",1.46276595744681,99.3589743589744,8.60849056603774,100.213219616205,99.8402555910543,97.7272727272727,100.536193029491
"490",1.46276595744681,99.3589743589744,7.19339622641509,100.213219616205,99.8402555910543,100,100.536193029491
"491",2.26063829787234,0,7.31132075471698,4.26439232409382,3.19488817891374,11.3636363636364,14.745308310992
"492",1.46276595744681,0,6.48584905660377,11.727078891258,7.18849840255591,15.9090909090909,21.4477211796247
"493",100,99.3589743589744,99.8820754716981,100.213219616205,99.8402555910543,100,100.536193029491
"494",1.46276595744681,99.3589743589744,7.19339622641509,100.213219616205,99.8402555910543,100,100.536193029491
"495",100,99.3589743589744,99.8820754716981,100.213219616205,99.8402555910543,100,100.536193029491
"496",1.46276595744681,99.3589743589744,5.89622641509434,100.213219616205,99.8402555910543,100,100.536193029491
"497",1.32978723404255,1.6025641025641,5.89622641509434,3.19829424307036,6.38977635782748,13.6363636363636,32.171581769437
"498",1.1968085106383,99.3589743589744,6.72169811320755,100.213219616205,99.8402555910543,100,100.536193029491
"499",1.1968085106383,0,8.84433962264151,11.727078891258,11.1821086261981,18.1818181818182,20.1072386058981
"500",1.32978723404255,1.6025641025641,6.36792452830189,6.39658848614073,11.9808306709265,20.4545454545455,21.4477211796247
