"","age1_orange.A","age1_green.A","age2_no_comorbid_orange.A","age2_no_comorbid_green.A","age2_comorbid_green.A","age3_no_comorbid_green.A","age3_comorbid_green.A"
"1",10,0,9,0,0,0,0
"2",6,0,10,0,0,0,0
"3",0,0,0,0,0,0,0
"4",0,0,0,0,0,0,0
"5",8,0,12,0,0,0,0
"6",0,0,0,0,0,0,0
"7",9,0,7,0,0,0,0
"8",9,0,8,0,0,0,0
"9",9,0,11,0,0,0,0
"10",9,0,13,0,0,0,0
"11",0,0,0,0,0,0,0
"12",13,0,11,0,0,0,0
"13",0,0,0,0,0,0,0
"14",1,0,0,0,0,0,0
"15",0,0,0,0,0,0,0
"16",10,0,10,0,0,0,0
"17",0,0,0,0,0,0,0
"18",11,0,13,0,1,0,0
"19",13,0,8,0,1,0,0
"20",11,0,12,0,0,0,0
"21",16,0,10,0,0,0,0
"22",0,0,0,0,0,0,0
"23",8,0,7,0,0,0,0
"24",0,0,0,0,0,0,0
"25",9,1,10,2,2,0,1
"26",0,0,0,0,0,0,0
"27",0,0,0,0,0,0,0
"28",9,2,11,3,3,1,2
"29",0,0,0,0,0,0,0
"30",11,2,15,1,2,0,0
"31",9,0,11,0,0,0,0
"32",0,0,0,0,0,0,0
"33",10,0,12,0,0,0,0
"34",7,0,10,0,0,0,0
"35",8,0,7,0,0,0,0
"36",16,0,15,0,0,0,0
"37",11,1,13,1,2,1,2
"38",10,1,8,4,1,0,1
"39",12,0,7,0,0,0,0
"40",11,0,8,0,0,0,0
"41",10,0,9,0,0,0,0
"42",0,0,0,0,0,0,0
"43",13,0,15,0,0,0,0
"44",10,0,10,0,0,0,0
"45",0,0,0,0,0,0,0
"46",5,0,12,0,0,0,0
"47",17,0,10,0,0,0,0
"48",8,0,9,0,0,0,0
"49",11,1,11,2,3,1,2
"50",8,0,10,0,0,0,0
"51",10,0,7,0,0,0,0
"52",10,0,9,0,0,0,0
"53",0,0,0,0,0,0,0
"54",13,0,10,0,0,0,0
"55",9,0,15,0,0,0,0
"56",9,0,10,0,0,0,0
"57",8,0,9,0,0,0,0
"58",9,2,11,2,2,0,1
"59",11,2,8,1,2,1,1
"60",7,0,10,0,0,0,0
"61",7,0,7,0,0,0,0
"62",0,0,0,0,0,0,0
"63",14,0,12,0,0,0,0
"64",9,1,9,3,4,0,3
"65",12,1,8,1,3,0,2
"66",10,0,8,0,0,0,0
"67",12,0,13,0,0,0,0
"68",6,0,7,0,0,0,0
"69",0,0,0,0,0,0,0
"70",12,0,10,0,0,0,0
"71",15,0,11,0,0,0,0
"72",8,0,10,0,0,0,0
"73",10,0,13,0,0,0,0
"74",10,0,9,0,0,0,0
"75",10,2,10,1,4,0,3
"76",11,0,8,0,0,0,0
"77",10,0,8,0,0,0,0
"78",8,0,7,0,0,0,0
"79",8,0,9,0,0,0,0
"80",15,0,13,0,0,0,0
"81",0,0,0,0,0,0,0
"82",7,1,14,2,0,0,1
"83",8,0,7,0,0,0,0
"84",0,0,1,0,0,0,0
"85",9,0,6,0,0,0,0
"86",0,0,0,0,0,0,0
"87",8,0,12,0,0,0,0
"88",11,0,10,0,0,0,0
"89",8,0,12,0,0,0,0
"90",8,0,9,0,0,0,0
"91",0,0,0,0,0,0,0
"92",0,0,0,0,0,0,0
"93",11,0,14,0,2,1,1
"94",0,0,1,0,0,0,0
"95",0,0,1,0,0,0,0
"96",13,0,15,0,0,0,0
"97",8,0,10,0,0,0,0
"98",8,0,6,0,0,0,0
"99",11,0,8,0,0,0,0
"100",11,0,10,0,1,0,1
"101",0,0,0,0,0,0,0
"102",5,0,8,0,0,0,0
"103",8,0,8,0,0,0,0
"104",15,0,11,0,0,0,0
"105",12,1,11,0,2,0,1
"106",8,0,8,0,0,0,0
"107",12,0,11,0,0,0,0
"108",11,0,10,0,0,0,0
"109",10,0,10,0,0,0,0
"110",0,0,1,0,0,0,0
"111",7,0,10,0,0,0,0
"112",9,0,8,0,0,0,0
"113",9,0,10,0,0,0,0
"114",7,0,11,0,0,0,0
"115",9,0,9,0,0,0,0
"116",10,1,7,1,2,0,1
"117",0,0,0,0,0,0,0
"118",0,0,0,0,0,0,0
"119",0,0,0,0,0,0,0
"120",14,0,12,0,0,0,0
"121",0,0,0,0,0,0,0
"122",8,0,11,0,0,0,0
"123",8,0,11,0,0,0,0
"124",8,0,10,0,0,0,0
"125",15,0,16,0,0,0,0
"126",0,0,1,0,0,0,0
"127",8,0,9,0,0,0,0
"128",0,0,0,0,0,0,0
"129",0,0,1,0,0,0,0
"130",12,0,13,0,0,0,0
"131",0,0,0,0,0,0,0
"132",14,0,18,1,2,1,1
"133",0,0,0,0,0,0,0
"134",10,0,17,0,0,0,0
"135",10,0,10,0,0,0,0
"136",12,0,12,0,0,0,0
"137",8,0,9,0,0,0,0
"138",13,0,10,0,0,0,0
"139",0,0,1,0,0,0,0
"140",8,0,8,0,0,0,0
"141",14,0,13,0,0,0,0
"142",0,0,0,0,0,0,0
"143",17,0,11,0,0,0,0
"144",0,0,0,0,0,0,0
"145",10,0,13,0,0,0,0
"146",0,0,0,0,0,0,0
"147",7,0,5,0,0,0,0
"148",8,0,8,0,0,0,0
"149",0,0,0,0,0,0,0
"150",10,1,9,1,2,0,2
"151",11,0,11,0,0,0,0
"152",10,0,9,0,0,0,0
"153",0,0,0,0,0,0,0
"154",15,0,10,0,0,0,0
"155",10,0,10,0,0,0,0
"156",13,1,8,2,2,0,0
"157",9,0,12,0,0,0,0
"158",0,0,0,0,0,0,0
"159",0,0,0,0,0,0,0
"160",10,0,5,0,0,0,0
"161",0,0,0,0,0,0,0
"162",8,0,9,0,0,0,0
"163",7,0,12,0,0,0,0
"164",8,1,7,1,2,1,1
"165",0,0,0,0,0,0,0
"166",0,0,1,0,0,0,0
"167",13,0,12,0,0,0,0
"168",14,0,11,0,0,0,0
"169",10,0,9,3,1,1,1
"170",20,0,11,0,0,0,0
"171",8,1,8,2,1,0,1
"172",7,0,8,0,0,0,0
"173",0,0,0,0,0,0,0
"174",0,0,1,0,0,0,0
"175",10,0,12,0,0,0,0
"176",14,0,11,0,0,0,0
"177",0,0,0,0,0,0,0
"178",7,0,11,0,0,0,0
"179",8,0,7,0,0,0,0
"180",13,1,11,1,1,0,1
"181",11,0,11,0,0,0,0
"182",12,0,8,0,0,0,0
"183",8,0,10,0,0,0,0
"184",8,0,8,0,0,0,0
"185",0,0,0,0,0,0,0
"186",11,0,10,0,0,0,0
"187",14,0,11,0,0,0,0
"188",0,0,0,0,0,0,0
"189",10,0,11,0,0,0,0
"190",19,0,9,0,0,0,0
"191",15,0,7,0,0,0,0
"192",13,0,6,0,0,0,0
"193",11,0,14,0,0,0,0
"194",8,0,7,0,0,0,0
"195",7,0,10,0,0,0,0
"196",10,0,10,0,0,0,0
"197",10,1,10,1,3,1,0
"198",0,0,0,0,0,0,0
"199",9,0,10,0,0,0,0
"200",10,0,10,0,2,1,1
"201",11,1,10,3,1,0,1
"202",10,0,12,0,0,0,0
"203",9,0,13,0,0,0,0
"204",12,0,15,0,0,0,0
"205",11,0,16,0,0,0,0
"206",10,0,13,0,0,0,0
"207",13,1,15,2,1,1,0
"208",11,0,9,0,0,0,0
"209",13,2,8,2,2,1,2
"210",0,0,0,0,0,0,0
"211",0,0,0,0,0,0,0
"212",0,0,0,0,0,0,0
"213",13,0,9,0,0,0,0
"214",0,0,0,0,0,0,0
"215",9,0,10,0,0,0,0
"216",0,0,0,0,0,0,0
"217",0,0,0,0,0,0,0
"218",0,0,1,0,0,0,0
"219",9,1,8,2,2,0,1
"220",11,0,10,0,1,0,0
"221",11,3,9,2,2,1,1
"222",10,2,10,1,1,0,2
"223",9,0,12,0,0,0,0
"224",9,0,10,0,0,0,0
"225",10,0,7,0,0,0,0
"226",0,0,0,0,0,0,0
"227",0,0,0,0,0,0,0
"228",0,0,1,0,0,0,0
"229",10,0,7,0,0,0,0
"230",8,0,11,0,0,0,0
"231",9,0,8,0,0,0,0
"232",0,0,0,0,0,0,0
"233",11,0,13,0,0,0,0
"234",9,0,9,0,0,0,0
"235",9,0,7,0,0,0,0
"236",10,0,7,0,0,0,0
"237",0,0,0,0,0,0,0
"238",0,0,0,0,0,0,0
"239",0,0,0,0,0,0,0
"240",12,0,10,0,0,0,0
"241",8,0,10,0,0,0,0
"242",10,0,9,0,0,0,0
"243",0,0,0,0,0,0,0
"244",10,0,12,0,0,0,0
"245",8,0,16,0,0,0,0
"246",10,0,10,0,0,0,0
"247",11,0,12,0,0,0,0
"248",11,0,7,0,0,0,0
"249",8,0,10,0,0,0,0
"250",0,0,0,0,0,0,0
"251",0,0,0,0,0,0,0
"252",9,0,5,0,0,0,0
"253",9,0,9,0,0,0,0
"254",12,0,10,0,0,0,0
"255",12,0,13,1,0,0,0
"256",0,0,0,0,0,0,0
"257",9,0,10,0,0,0,0
"258",10,0,12,0,0,0,0
"259",12,0,12,0,0,0,0
"260",0,0,0,0,0,0,0
"261",11,1,13,2,4,0,0
"262",0,0,0,0,0,0,0
"263",9,0,10,0,0,0,0
"264",0,0,0,0,0,0,0
"265",0,0,0,0,0,0,0
"266",16,0,10,0,0,0,0
"267",9,0,9,0,0,0,0
"268",17,0,9,0,0,0,0
"269",6,0,10,0,0,0,0
"270",10,0,8,0,0,0,0
"271",10,0,14,1,2,0,2
"272",13,0,13,0,0,0,0
"273",13,0,13,0,0,0,0
"274",10,0,11,0,0,0,0
"275",6,0,8,0,0,0,0
"276",10,0,8,0,0,0,0
"277",7,0,13,0,0,1,0
"278",9,2,11,3,2,1,1
"279",10,0,12,0,0,0,0
"280",9,0,11,0,0,0,0
"281",14,0,8,0,1,0,0
"282",9,0,9,0,0,0,0
"283",6,0,9,0,0,0,0
"284",1,0,1,0,0,0,0
"285",9,0,7,0,0,0,0
"286",0,0,0,0,0,0,0
"287",0,0,0,0,0,0,0
"288",0,0,0,0,0,0,0
"289",9,0,10,0,0,0,0
"290",10,2,13,1,1,0,1
"291",7,0,11,0,0,0,0
"292",9,0,8,0,0,0,0
"293",0,0,1,0,0,0,0
"294",13,0,14,0,0,0,0
"295",10,0,9,0,0,0,0
"296",12,1,9,1,2,0,1
"297",8,3,9,1,1,1,1
"298",14,0,18,0,0,0,0
"299",12,0,13,0,0,0,0
"300",4,0,9,0,0,0,0
"301",0,0,0,0,0,0,0
"302",0,0,0,0,0,0,0
"303",10,0,7,0,0,0,0
"304",0,0,0,0,0,0,0
"305",1,0,0,0,0,0,0
"306",9,1,11,2,3,0,2
"307",0,0,0,0,0,0,0
"308",9,0,12,0,0,0,0
"309",0,0,1,0,0,0,0
"310",0,0,1,0,0,0,0
"311",0,0,0,0,0,0,0
"312",1,0,1,0,0,0,0
"313",12,0,16,0,0,0,0
"314",14,3,7,2,1,0,2
"315",13,0,9,0,0,0,0
"316",14,0,12,0,0,0,0
"317",11,0,6,0,0,0,0
"318",0,0,1,0,0,0,0
"319",12,0,6,0,0,0,0
"320",10,0,6,0,0,0,0
"321",8,0,10,1,0,3,4
"322",7,2,8,0,1,1,1
"323",8,0,9,0,0,0,0
"324",13,1,15,0,1,1,0
"325",10,0,11,0,0,0,0
"326",0,0,1,0,0,0,0
"327",14,0,5,0,0,0,0
"328",0,0,1,0,0,0,0
"329",14,0,8,0,0,0,0
"330",0,0,0,0,0,0,0
"331",10,0,8,0,1,0,0
"332",14,0,13,0,0,0,0
"333",11,0,11,0,0,0,0
"334",8,0,9,0,0,0,0
"335",8,0,9,0,0,0,0
"336",15,0,10,0,0,0,0
"337",6,0,10,0,0,0,0
"338",0,0,0,0,0,0,0
"339",7,0,14,0,0,0,0
"340",7,0,12,0,0,0,0
"341",10,0,11,0,0,0,0
"342",18,0,13,0,0,0,0
"343",14,0,16,0,0,0,0
"344",20,0,13,0,0,0,0
"345",8,0,10,0,0,0,0
"346",0,0,0,0,0,0,0
"347",12,2,11,3,2,1,1
"348",12,0,12,0,0,0,0
"349",0,0,0,0,0,0,0
"350",12,1,10,4,1,1,1
"351",0,0,1,0,0,0,0
"352",0,0,0,0,0,0,0
"353",0,0,0,0,0,0,0
"354",12,0,12,0,0,0,0
"355",10,0,13,0,0,0,0
"356",15,0,11,0,0,0,0
"357",0,0,0,0,0,0,0
"358",0,0,0,0,0,0,0
"359",14,1,11,2,1,2,1
"360",7,0,7,0,1,0,0
"361",8,0,6,0,0,0,0
"362",13,1,10,1,3,1,1
"363",9,0,8,0,0,0,0
"364",11,0,9,0,0,1,0
"365",8,0,11,0,0,0,0
"366",0,0,0,0,0,0,0
"367",14,0,12,0,0,0,0
"368",15,0,11,0,0,0,0
"369",15,0,8,0,0,0,0
"370",0,0,0,0,0,0,0
"371",0,0,0,0,0,0,0
"372",8,0,6,0,0,0,0
"373",12,0,14,0,0,0,0
"374",14,0,10,0,0,0,0
"375",13,0,10,0,0,0,0
"376",0,0,0,0,0,0,0
"377",12,0,8,0,0,0,0
"378",10,0,13,0,0,0,0
"379",11,0,11,0,0,0,0
"380",12,0,12,0,0,0,0
"381",13,0,13,0,0,0,0
"382",10,0,9,0,0,0,0
"383",8,0,5,0,0,0,0
"384",0,0,0,0,0,0,0
"385",11,0,9,0,0,0,0
"386",0,0,0,0,0,0,0
"387",0,0,1,0,0,0,0
"388",11,1,9,1,2,2,1
"389",13,0,17,0,0,0,0
"390",12,0,15,0,0,0,0
"391",15,0,12,0,0,0,0
"392",11,0,7,0,0,0,0
"393",8,0,13,0,0,0,0
"394",11,0,9,0,0,0,0
"395",9,0,16,0,0,0,0
"396",11,0,13,0,0,1,0
"397",15,0,9,0,0,0,0
"398",9,0,7,0,0,0,0
"399",0,0,0,0,0,0,0
"400",0,0,0,0,0,0,0
"401",0,0,1,0,0,0,0
"402",0,0,0,0,0,0,0
"403",0,0,1,0,0,0,0
"404",12,0,10,0,0,0,0
"405",11,0,11,0,0,0,0
"406",9,0,9,0,0,0,0
"407",14,0,11,0,0,0,0
"408",9,0,10,0,0,0,0
"409",10,0,12,0,0,0,0
"410",9,0,14,0,0,0,0
"411",0,0,0,0,0,0,0
"412",0,0,0,0,0,0,0
"413",11,0,9,0,0,0,0
"414",10,0,9,0,0,0,0
"415",0,0,0,0,0,0,0
"416",5,0,8,0,0,0,0
"417",10,0,10,0,0,0,0
"418",9,0,11,0,0,0,0
"419",12,0,7,0,0,0,0
"420",13,0,15,0,0,0,0
"421",9,0,12,0,0,0,0
"422",14,0,11,0,0,0,0
"423",0,0,0,0,0,0,0
"424",13,0,9,0,0,0,0
"425",0,0,1,0,0,0,0
"426",10,0,6,0,0,0,0
"427",6,0,10,0,0,0,0
"428",6,0,10,0,0,0,0
"429",12,0,12,0,0,0,0
"430",0,0,1,0,0,0,0
"431",11,0,10,0,0,0,0
"432",7,0,11,0,1,0,0
"433",10,0,12,0,0,0,0
"434",0,0,0,0,0,0,0
"435",7,0,7,0,0,0,0
"436",13,0,13,0,0,0,0
"437",0,0,0,0,0,0,0
"438",0,0,1,0,0,0,0
"439",0,0,0,0,0,0,0
"440",6,0,11,0,0,0,0
"441",7,2,13,2,2,1,1
"442",0,0,0,0,0,0,0
"443",11,0,7,0,0,0,0
"444",12,0,9,0,0,0,0
"445",8,0,6,0,0,0,0
"446",10,0,11,0,0,0,0
"447",10,0,6,0,0,0,0
"448",9,0,10,0,0,0,0
"449",14,0,13,0,0,0,0
"450",8,0,11,0,0,0,0
"451",0,0,1,0,0,0,0
"452",13,0,9,0,0,0,0
"453",12,0,13,0,0,0,0
"454",8,0,11,0,0,0,0
"455",12,0,13,0,0,0,0
"456",10,0,11,0,0,0,0
"457",0,0,1,0,0,0,0
"458",9,0,9,0,0,0,0
"459",11,0,14,0,0,0,0
"460",11,0,13,0,0,0,0
"461",0,0,0,0,0,0,0
"462",13,1,10,1,2,1,1
"463",0,0,0,0,0,0,0
"464",12,0,10,0,0,0,0
"465",0,0,0,0,0,0,0
"466",9,0,7,0,0,0,0
"467",9,0,9,0,0,0,0
"468",0,0,0,0,0,0,0
"469",9,0,14,0,0,0,0
"470",12,1,12,1,2,2,2
"471",7,0,8,0,0,0,0
"472",8,0,10,0,0,0,0
"473",0,0,0,0,0,0,0
"474",16,0,8,0,0,0,0
"475",10,0,10,0,0,0,0
"476",11,0,10,0,0,0,0
"477",8,0,9,0,0,0,0
"478",0,0,0,0,0,0,0
"479",7,0,14,0,0,0,0
"480",10,0,9,0,0,0,0
"481",14,0,11,0,0,0,0
"482",8,0,6,0,0,0,0
"483",0,0,0,0,0,0,0
"484",9,0,5,0,0,0,0
"485",0,0,0,0,0,0,0
"486",0,0,1,0,0,0,0
"487",7,0,13,0,0,0,0
"488",13,0,12,0,0,0,0
"489",0,0,0,0,0,0,0
"490",0,0,0,0,0,0,0
"491",12,0,10,0,0,0,0
"492",9,0,13,0,0,0,0
"493",0,0,1,0,0,0,0
"494",0,0,1,0,0,0,0
"495",11,0,11,0,0,0,0
"496",8,0,14,0,0,0,0
"497",11,0,13,0,0,0,0
"498",10,0,9,0,0,0,0
"499",10,0,13,0,0,0,0
"500",0,0,0,0,0,0,0
"501",8,0,13,0,0,0,0
"502",7,0,9,0,0,0,0
"503",5,0,5,0,0,0,0
"504",0,0,0,0,0,0,0
"505",11,0,9,0,0,0,0
"506",6,0,7,0,0,0,0
"507",11,0,6,0,0,0,0
"508",0,0,0,0,0,0,0
"509",13,0,11,0,0,0,0
"510",2,0,0,0,0,0,0
"511",9,0,16,0,0,0,0
"512",11,0,10,0,0,0,0
"513",0,0,0,0,0,0,0
"514",0,0,0,0,0,0,0
"515",8,0,8,0,0,0,0
"516",8,0,8,0,0,0,0
"517",13,2,6,1,2,1,1
"518",11,0,8,0,0,0,0
"519",5,0,12,0,0,0,0
"520",11,0,7,0,0,0,0
"521",0,0,1,0,0,0,0
"522",8,0,8,0,1,0,0
"523",8,2,10,2,1,0,0
"524",13,0,11,0,0,0,0
"525",0,0,2,0,0,0,0
"526",13,0,14,0,0,0,0
"527",1,0,0,0,0,0,0
"528",8,0,5,0,0,0,0
"529",7,1,7,3,1,1,2
"530",11,0,16,0,0,0,0
"531",6,0,8,0,0,0,0
"532",0,0,0,0,0,0,0
"533",0,0,0,0,0,0,0
"534",13,0,7,0,0,0,0
"535",8,0,10,0,0,0,0
"536",0,0,0,0,0,0,0
"537",16,0,13,0,0,0,0
"538",12,0,10,0,0,0,0
"539",0,0,0,0,0,0,0
"540",10,0,10,0,0,0,0
"541",10,0,13,0,0,0,0
"542",11,0,12,0,0,0,0
"543",9,0,7,0,0,0,0
"544",10,0,11,0,0,0,0
"545",17,0,9,0,0,0,0
"546",10,0,11,0,0,0,0
"547",11,0,9,0,0,0,0
"548",11,0,9,0,0,0,0
"549",11,0,7,0,0,0,0
"550",12,2,11,2,1,1,1
"551",9,0,15,0,0,0,0
"552",0,0,0,0,0,0,0
"553",10,0,12,0,0,0,0
"554",11,0,11,0,0,0,0
"555",9,0,10,0,0,0,0
"556",0,0,0,0,0,0,0
"557",10,0,9,0,0,0,0
"558",0,0,1,0,0,0,0
"559",13,0,8,0,0,0,0
"560",0,0,1,0,0,0,0
"561",11,0,11,0,0,0,0
"562",14,0,11,0,0,0,0
"563",6,0,7,0,0,0,0
"564",0,0,1,0,0,0,0
"565",12,0,9,0,0,0,0
"566",0,0,0,0,0,0,0
"567",13,0,12,0,0,0,0
"568",0,0,0,0,0,0,0
"569",0,0,0,0,0,0,0
"570",0,0,0,0,0,0,0
"571",9,0,11,0,0,0,0
"572",10,0,8,0,0,0,0
"573",0,0,0,0,0,0,0
"574",17,1,11,0,1,0,0
"575",0,0,0,0,0,0,0
"576",6,0,13,0,0,0,0
"577",10,0,10,0,0,0,0
"578",12,0,13,0,0,0,0
"579",10,1,10,2,2,0,1
"580",10,0,12,0,0,0,0
"581",10,0,10,0,0,0,0
"582",12,0,11,0,0,0,0
"583",10,0,9,0,0,0,0
"584",16,1,16,1,3,1,1
"585",8,0,11,0,0,0,0
"586",0,0,0,0,0,0,0
"587",0,0,1,0,0,0,0
"588",0,0,0,0,0,0,0
"589",0,0,0,0,0,0,0
"590",0,0,1,0,0,0,0
"591",12,0,10,0,0,0,0
"592",0,0,0,0,0,0,0
"593",17,0,14,0,0,0,0
"594",9,0,15,0,0,0,0
"595",13,0,9,0,0,0,0
"596",12,0,10,0,0,0,0
"597",9,0,7,0,0,0,0
"598",0,0,0,0,0,0,0
"599",10,0,7,0,0,0,0
"600",11,0,10,0,0,0,0
"601",7,0,12,0,0,0,0
"602",0,0,0,0,0,0,0
"603",7,0,8,0,0,0,0
"604",0,0,0,0,0,0,0
"605",0,0,0,0,0,0,0
"606",1,0,0,0,0,0,0
"607",7,0,14,0,0,0,0
"608",1,0,1,0,0,0,0
"609",8,0,9,0,0,0,0
"610",9,3,9,1,3,1,1
"611",0,0,0,0,0,0,0
"612",6,0,9,0,0,0,0
"613",13,0,8,0,0,0,0
"614",10,0,10,0,0,0,0
"615",0,0,0,0,0,0,0
"616",9,0,12,0,0,0,0
"617",12,0,9,0,1,0,0
"618",13,0,9,0,0,0,0
"619",0,0,0,0,0,0,0
"620",9,0,7,0,0,0,0
"621",12,0,13,0,0,0,0
"622",9,0,14,0,0,0,0
"623",13,2,12,2,3,1,2
"624",5,0,8,0,0,0,0
"625",14,0,12,1,3,0,1
"626",0,0,1,0,0,0,0
"627",0,0,0,0,0,0,0
"628",7,0,11,0,0,0,0
"629",10,0,12,0,0,0,0
"630",10,0,15,0,0,0,0
"631",0,0,1,0,0,0,0
"632",13,0,11,0,0,0,0
"633",10,0,9,0,0,0,0
"634",15,0,8,0,0,0,0
"635",13,0,10,0,0,0,0
"636",10,0,14,0,0,0,0
"637",12,0,11,0,0,0,0
"638",10,0,7,0,0,0,0
"639",15,0,10,0,0,0,0
"640",15,0,10,0,0,0,0
"641",11,0,14,0,0,0,0
"642",20,0,11,0,0,0,0
"643",9,0,12,0,0,0,0
"644",0,0,0,0,0,0,0
"645",7,0,7,0,0,0,0
"646",9,0,16,0,0,0,0
"647",0,0,0,0,0,0,0
"648",0,0,0,0,0,0,0
"649",8,0,13,0,0,0,0
"650",9,0,7,0,0,0,0
"651",10,0,11,0,0,0,0
"652",14,0,7,0,0,0,0
"653",15,0,13,0,0,0,0
"654",0,0,0,0,0,0,0
"655",7,0,12,0,0,0,0
"656",13,0,10,0,0,0,0
"657",10,0,10,0,0,0,0
"658",9,0,9,0,0,0,0
"659",11,0,5,0,0,0,0
"660",0,0,0,0,0,0,0
"661",0,0,0,0,0,0,0
"662",16,0,13,0,0,0,0
"663",15,0,9,0,0,0,0
"664",7,0,11,0,0,0,0
"665",0,0,1,0,0,0,0
"666",9,0,5,0,0,0,0
"667",9,0,12,0,0,0,0
"668",8,0,11,0,0,0,0
"669",11,1,10,1,3,0,2
"670",7,1,7,2,2,2,0
"671",0,0,0,0,0,0,0
"672",0,0,0,0,0,0,0
"673",7,0,13,0,0,0,0
"674",10,0,8,0,0,0,0
"675",10,3,8,2,2,2,1
"676",1,0,0,0,0,0,0
"677",9,0,14,0,0,0,0
"678",9,0,6,0,0,0,0
"679",11,0,9,0,0,0,0
"680",13,0,5,0,0,0,0
"681",7,0,6,0,0,0,0
"682",0,0,1,0,0,0,0
"683",11,0,10,0,0,0,0
"684",9,1,10,2,2,1,1
"685",14,0,11,0,0,0,0
"686",9,0,10,0,0,0,0
"687",11,0,6,0,0,0,0
"688",10,0,17,0,0,0,0
"689",7,0,11,0,0,0,0
"690",0,0,0,0,0,0,0
"691",9,0,9,0,0,0,0
"692",12,2,7,2,1,1,2
"693",0,0,0,0,0,0,0
"694",0,0,0,0,0,0,0
"695",9,0,8,0,0,0,0
"696",6,0,11,0,0,0,0
"697",13,0,9,0,0,0,0
"698",12,0,9,0,0,0,0
"699",10,0,11,0,0,0,0
"700",15,1,10,1,2,0,2
"701",10,0,11,0,0,0,0
"702",13,0,12,0,0,0,0
"703",13,0,13,0,0,0,0
"704",14,0,9,0,0,0,0
"705",6,0,9,0,0,0,0
"706",0,0,0,0,0,0,0
"707",11,0,12,0,0,0,0
"708",13,2,9,2,2,1,1
"709",7,0,15,0,0,0,0
"710",0,0,0,0,0,0,0
"711",0,0,0,0,0,0,0
"712",0,0,0,0,0,0,0
"713",9,0,12,0,0,0,0
"714",0,0,0,0,0,0,0
"715",14,0,8,0,0,0,0
"716",0,0,1,0,0,0,0
"717",0,0,0,0,0,0,0
"718",0,0,1,0,0,0,0
"719",9,0,10,0,0,0,0
"720",9,0,14,0,0,0,0
"721",10,0,6,0,0,0,0
"722",6,0,9,0,0,0,0
"723",8,0,8,0,0,0,0
"724",0,0,1,0,0,0,0
"725",0,0,0,0,0,0,0
"726",7,0,12,0,0,0,0
"727",11,0,12,0,0,0,0
"728",10,1,13,2,2,0,1
"729",0,0,0,0,0,0,0
"730",0,0,0,0,0,0,0
"731",10,0,9,0,0,0,0
"732",14,1,7,1,1,1,1
"733",10,0,9,0,0,0,0
"734",0,0,1,0,0,0,0
"735",12,0,9,0,0,0,0
"736",0,0,0,0,0,0,0
"737",12,1,12,1,1,3,1
"738",13,0,10,0,0,0,0
"739",0,0,0,0,0,0,0
"740",12,0,11,0,0,0,0
"741",11,0,11,0,0,0,0
"742",12,0,9,0,0,0,0
"743",12,0,7,0,0,0,0
"744",16,0,11,0,0,0,0
"745",0,0,0,0,0,0,0
"746",0,0,1,0,0,0,0
"747",12,0,9,0,0,0,0
"748",0,0,0,0,0,0,0
"749",11,0,6,0,0,0,0
"750",9,0,8,0,0,0,0
"751",11,0,6,0,0,0,0
"752",10,0,12,0,0,0,0
"753",0,0,0,0,0,0,0
"754",15,0,12,0,0,0,0
"755",13,0,10,0,0,0,0
"756",12,0,8,0,0,0,0
"757",10,0,9,0,0,0,0
"758",7,0,10,0,0,0,0
"759",13,0,15,0,0,0,0
"760",9,0,9,0,0,0,0
"761",0,0,0,0,0,0,0
"762",0,0,1,0,0,0,0
"763",7,0,8,0,0,0,0
"764",11,0,13,0,0,0,0
"765",10,0,10,1,0,0,0
"766",12,0,11,0,0,0,0
"767",0,0,0,0,0,0,0
"768",0,0,0,0,0,0,0
"769",12,0,12,0,0,0,0
"770",11,0,15,0,0,0,0
"771",0,0,0,0,0,0,0
"772",10,0,10,0,0,0,0
"773",6,0,6,0,0,0,0
"774",7,0,10,0,0,0,0
"775",0,0,2,0,0,0,0
"776",8,0,16,0,0,0,0
"777",10,0,10,0,0,0,0
"778",11,0,12,0,0,0,0
"779",10,0,7,0,0,0,0
"780",0,0,0,0,0,0,0
"781",8,0,8,0,0,0,0
"782",0,0,0,0,0,0,0
"783",8,0,9,0,0,0,0
"784",13,0,17,0,0,0,0
"785",8,0,14,0,0,0,0
"786",14,0,9,0,0,0,0
"787",12,0,8,0,0,0,0
"788",8,1,8,5,2,1,1
"789",14,0,15,0,0,0,0
"790",14,0,11,0,0,1,0
"791",10,0,11,0,0,0,0
"792",1,0,1,0,0,0,0
"793",0,0,0,0,0,0,0
"794",10,0,8,0,0,0,0
"795",12,0,10,0,0,0,0
"796",10,0,17,0,0,0,0
"797",16,0,13,0,0,0,0
"798",13,4,11,1,2,2,1
"799",11,0,10,0,0,0,0
"800",8,0,10,0,0,0,0
"801",14,0,10,0,0,0,0
"802",0,0,0,0,0,0,0
"803",15,0,11,0,0,0,0
"804",9,0,6,0,0,0,0
"805",10,0,9,0,0,0,0
"806",10,0,10,0,0,0,0
"807",8,1,9,1,2,0,2
"808",13,1,12,2,1,1,0
"809",10,0,11,0,0,0,0
"810",7,0,10,0,0,0,0
"811",11,0,11,0,0,0,0
"812",12,0,10,0,0,0,1
"813",10,0,8,0,0,0,0
"814",11,0,14,0,0,0,0
"815",9,0,12,0,0,0,0
"816",8,0,7,0,0,0,0
"817",9,2,7,2,3,1,1
"818",9,0,6,0,0,0,0
"819",8,1,11,2,3,1,2
"820",0,0,0,0,0,0,0
"821",13,0,11,0,0,0,0
"822",12,0,12,0,0,0,0
"823",0,0,0,0,0,0,0
"824",11,0,11,0,0,0,0
"825",7,0,7,0,0,0,0
"826",8,0,13,0,0,0,0
"827",11,1,17,1,1,1,1
"828",7,0,10,0,0,0,0
"829",16,1,16,1,1,0,1
"830",13,0,14,0,0,0,0
"831",11,0,9,0,0,0,0
"832",14,0,5,0,0,0,0
"833",13,0,9,0,0,0,0
"834",11,1,8,3,3,0,1
"835",7,0,4,0,0,0,0
"836",8,0,9,0,2,1,1
"837",11,0,9,0,0,0,0
"838",13,0,11,0,0,0,0
"839",16,2,11,1,3,3,2
"840",9,0,8,0,0,0,0
"841",13,3,10,1,2,1,2
"842",11,0,13,0,0,0,0
"843",13,0,8,0,0,0,0
"844",10,0,8,0,0,0,0
"845",0,0,1,0,0,0,0
"846",12,1,14,2,2,2,1
"847",11,0,11,0,0,0,0
"848",10,0,10,0,0,0,0
"849",0,0,0,0,0,0,0
"850",11,0,10,0,0,0,0
"851",10,1,17,2,1,0,0
"852",14,0,9,0,0,0,0
"853",11,0,14,0,0,0,0
"854",0,0,0,0,0,0,0
"855",16,0,10,0,0,0,0
"856",13,0,8,0,0,0,0
"857",9,0,12,0,0,0,0
"858",0,0,0,0,0,0,0
"859",12,0,10,0,0,0,0
"860",0,0,0,0,0,0,0
"861",10,0,7,0,0,0,0
"862",16,0,13,0,0,0,0
"863",0,0,0,0,0,0,0
"864",9,1,7,1,1,1,0
"865",8,0,9,0,0,0,0
"866",0,0,0,0,0,0,0
"867",12,0,10,0,0,0,0
"868",13,0,7,0,0,0,0
"869",14,0,12,0,0,0,0
"870",0,0,1,0,0,0,0
"871",0,0,0,0,0,0,0
"872",0,0,0,0,0,0,0
"873",7,0,9,0,0,0,0
"874",8,0,14,0,0,0,0
"875",14,0,9,0,0,0,0
"876",14,2,9,2,2,1,1
"877",0,0,1,0,0,0,0
"878",10,0,11,0,0,0,0
"879",12,0,9,0,0,0,0
"880",11,0,9,0,0,0,0
"881",12,0,10,0,0,0,0
"882",0,0,0,0,0,0,0
"883",0,0,0,0,0,0,0
"884",12,3,13,2,2,1,1
"885",11,0,11,0,0,0,0
"886",14,0,15,0,0,0,0
"887",19,0,9,0,0,0,0
"888",10,0,11,0,0,0,0
"889",11,0,9,0,0,0,0
"890",14,0,13,0,0,0,0
"891",1,0,0,0,0,0,0
"892",12,0,11,0,0,0,0
"893",0,0,0,0,0,0,0
"894",10,1,7,1,1,1,1
"895",9,0,9,0,0,0,0
"896",0,0,0,0,0,0,0
"897",0,0,0,0,0,0,0
"898",0,0,0,0,0,0,0
"899",10,1,10,1,2,0,2
"900",11,0,16,0,0,0,0
"901",9,0,10,0,0,0,0
"902",16,0,6,0,0,0,0
"903",11,0,7,0,0,0,0
"904",0,0,0,0,0,0,0
"905",12,0,8,0,0,0,0
"906",0,0,0,0,0,0,0
"907",10,0,8,0,0,0,0
"908",10,0,8,0,0,0,0
"909",10,1,9,3,2,1,2
"910",11,0,10,0,0,0,0
"911",11,0,6,0,0,0,0
"912",0,0,0,0,0,0,0
"913",9,0,11,0,0,0,0
"914",0,0,0,0,0,0,0
"915",7,0,9,0,0,0,0
"916",11,0,10,0,0,0,0
"917",11,0,11,0,0,0,0
"918",0,0,0,0,0,0,0
"919",12,0,11,0,0,0,0
"920",10,0,7,0,0,0,0
"921",9,1,7,3,2,1,2
"922",0,0,0,0,0,0,0
"923",12,0,11,0,0,0,0
"924",11,0,7,0,0,0,0
"925",0,0,0,0,0,0,0
"926",8,0,4,0,0,0,0
"927",12,0,9,0,0,0,0
"928",10,0,12,0,0,0,0
"929",10,0,8,0,0,0,0
"930",0,0,0,0,0,0,0
"931",10,0,13,0,0,0,0
"932",13,0,10,0,0,0,0
"933",0,0,0,0,0,0,0
"934",0,0,0,0,0,0,0
"935",10,0,6,0,0,0,0
"936",5,0,7,0,0,0,0
"937",0,0,0,0,0,0,0
"938",12,0,7,0,0,0,0
"939",0,0,0,0,0,0,0
"940",13,0,14,0,0,0,0
"941",0,0,0,0,0,0,0
"942",12,0,9,0,0,0,0
"943",15,0,13,0,0,0,0
"944",10,0,9,0,0,0,0
"945",0,0,0,0,0,0,0
"946",10,0,9,0,0,0,0
"947",9,0,9,0,0,0,0
"948",11,0,10,0,0,0,0
"949",8,0,13,0,0,0,0
"950",9,0,7,0,0,0,0
"951",0,0,0,0,0,0,0
"952",9,0,11,0,0,0,0
"953",8,0,10,0,0,0,0
"954",14,0,8,0,0,0,0
"955",15,1,8,1,1,1,1
"956",16,0,10,0,0,0,0
"957",11,0,13,0,0,0,0
"958",11,0,12,0,0,0,0
"959",9,0,11,0,0,0,0
"960",14,0,11,0,0,0,0
"961",10,0,15,0,0,0,0
"962",13,1,10,1,2,1,1
"963",13,0,10,0,0,0,0
"964",9,0,13,0,0,0,0
"965",12,0,12,0,0,0,0
"966",13,0,10,0,0,0,0
"967",10,3,9,1,2,0,1
"968",0,0,0,0,0,0,0
"969",10,0,6,0,0,0,0
"970",10,2,9,4,2,0,1
"971",12,0,19,0,0,0,1
"972",11,0,10,0,0,0,0
"973",11,0,9,0,0,0,0
"974",14,0,10,0,0,0,0
"975",6,0,12,0,0,0,0
"976",15,0,9,0,0,0,0
"977",11,0,6,0,0,0,0
"978",10,0,13,0,0,0,0
"979",8,0,8,0,0,0,0
"980",9,0,8,0,0,0,0
"981",13,0,8,0,0,0,0
"982",11,0,10,0,0,0,0
"983",0,0,1,0,0,0,0
"984",8,1,11,1,1,0,1
"985",19,0,11,0,0,0,0
"986",7,0,9,0,0,0,0
"987",0,0,0,0,0,0,0
"988",6,1,8,2,1,1,1
"989",8,0,8,0,0,0,0
"990",11,0,10,0,0,0,0
"991",9,0,7,0,0,0,0
"992",10,3,10,2,2,0,0
"993",6,0,8,0,0,0,0
"994",11,0,10,0,0,0,0
"995",9,0,10,0,0,0,0
"996",0,0,0,0,0,0,0
"997",8,0,11,0,0,0,0
"998",0,0,0,0,0,0,0
"999",11,0,9,0,0,0,0
"1000",9,0,12,0,0,0,0
"1001",10,0,10,0,0,0,0
"1002",8,1,13,0,0,1,0
"1003",0,0,0,0,0,0,0
"1004",1,0,0,0,0,0,0
"1005",0,0,0,0,0,0,0
"1006",11,1,9,0,1,0,2
"1007",0,0,0,0,0,0,0
"1008",0,0,0,0,0,0,0
"1009",9,0,11,0,0,0,0
"1010",0,0,1,0,0,0,0
"1011",13,1,8,2,3,1,1
"1012",8,0,7,0,0,0,0
"1013",10,4,11,1,3,1,2
"1014",0,0,1,0,0,0,0
"1015",10,0,9,0,0,0,0
"1016",10,0,9,0,0,0,0
"1017",14,0,10,0,0,0,0
"1018",0,0,0,0,0,0,0
"1019",14,0,10,0,0,0,0
"1020",11,2,12,4,5,2,1
"1021",12,0,10,0,0,0,0
"1022",15,1,10,2,2,2,1
"1023",11,0,12,0,0,0,0
"1024",13,0,10,0,0,0,0
"1025",0,0,0,0,0,0,0
"1026",0,0,1,0,0,0,0
"1027",10,0,7,0,0,0,0
"1028",0,0,0,0,0,0,0
"1029",10,0,12,0,0,0,0
"1030",11,0,12,0,0,0,0
"1031",12,0,12,0,0,0,0
"1032",10,0,10,0,0,0,0
"1033",7,1,10,1,2,1,1
"1034",8,0,11,0,0,0,0
"1035",0,0,0,0,0,0,0
"1036",11,0,13,0,0,0,0
"1037",15,0,13,0,0,0,0
"1038",8,0,11,0,0,0,0
"1039",8,0,8,0,0,0,0
"1040",7,0,8,0,0,0,0
"1041",11,0,10,0,0,0,0
"1042",0,0,1,0,0,0,0
"1043",15,0,9,0,1,0,0
"1044",9,0,10,0,0,0,0
"1045",12,0,7,0,0,0,0
"1046",10,1,12,2,4,2,1
"1047",11,0,13,0,0,0,0
"1048",0,0,0,0,0,0,0
"1049",12,0,14,0,0,0,0
"1050",15,0,9,0,0,0,0
"1051",10,0,12,0,0,0,0
"1052",11,0,8,0,0,0,0
"1053",0,0,0,0,0,0,0
"1054",0,0,1,0,0,0,0
"1055",6,0,11,0,0,0,0
"1056",6,0,9,0,0,0,0
"1057",13,0,14,0,0,0,0
"1058",0,0,0,0,0,0,0
"1059",16,0,12,0,0,0,0
"1060",8,0,9,0,0,0,0
"1061",0,0,0,0,0,0,0
"1062",8,0,9,0,0,0,0
"1063",9,0,11,0,0,0,0
"1064",8,0,9,0,0,0,0
"1065",11,0,11,0,0,0,0
"1066",10,0,6,0,0,0,0
"1067",0,0,0,0,0,0,0
"1068",12,0,10,0,0,0,0
"1069",0,0,0,0,0,0,0
"1070",12,0,7,0,0,0,0
"1071",10,0,11,0,0,0,0
"1072",12,0,9,0,0,0,0
"1073",0,0,1,0,0,0,0
"1074",14,0,13,0,0,0,0
"1075",16,0,11,0,0,0,0
"1076",0,0,0,0,0,0,0
"1077",12,0,11,0,0,0,0
"1078",11,0,13,0,0,0,0
"1079",10,0,10,0,0,0,0
"1080",11,0,12,0,0,0,0
"1081",0,0,0,0,0,0,0
"1082",0,0,0,0,0,0,0
"1083",10,0,12,0,0,0,0
"1084",11,0,11,0,0,0,0
"1085",0,0,0,0,0,0,0
"1086",13,0,14,0,0,0,0
"1087",14,0,12,0,0,0,0
"1088",12,0,12,0,0,0,0
"1089",13,0,11,0,0,0,0
"1090",11,0,7,0,0,0,0
"1091",0,0,0,0,0,0,0
"1092",12,0,7,0,0,0,0
"1093",11,0,9,0,0,0,0
"1094",10,0,9,0,0,0,0
"1095",0,0,0,0,0,0,0
"1096",0,0,1,0,0,0,0
"1097",0,0,0,0,0,0,0
"1098",0,0,0,0,0,0,0
"1099",10,0,8,0,0,0,0
"1100",9,0,7,0,0,0,0
"1101",13,0,13,0,0,0,0
"1102",7,0,6,0,0,0,0
"1103",6,0,11,0,0,0,0
"1104",13,0,10,0,0,0,0
"1105",12,0,11,0,0,0,0
"1106",14,4,12,2,1,2,2
"1107",11,0,15,0,0,0,0
"1108",10,1,10,0,2,1,2
"1109",11,2,10,1,3,0,2
"1110",10,0,10,0,0,0,0
"1111",0,0,0,0,0,0,0
"1112",10,3,9,3,2,1,2
"1113",10,0,10,0,0,0,0
"1114",0,0,1,0,0,0,0
"1115",9,0,8,0,0,0,0
"1116",6,0,11,0,0,0,0
"1117",13,0,10,0,0,0,0
"1118",9,1,9,1,1,0,1
"1119",17,0,11,0,0,0,0
"1120",12,0,8,0,0,0,0
"1121",12,0,12,0,0,0,0
"1122",8,0,9,0,0,0,0
"1123",10,2,9,2,4,0,1
"1124",8,1,10,2,2,1,1
"1125",10,0,9,0,0,0,0
"1126",10,0,9,0,0,0,0
"1127",10,0,11,0,0,0,0
"1128",0,0,0,0,0,0,0
"1129",10,0,9,1,0,0,0
"1130",10,0,8,0,0,0,0
"1131",9,0,10,0,0,0,0
"1132",0,0,0,0,0,0,0
"1133",8,0,10,0,0,0,0
"1134",9,0,10,0,0,0,0
"1135",14,0,10,0,0,0,0
"1136",14,0,11,0,0,0,0
"1137",9,0,14,0,0,0,0
"1138",12,0,10,0,0,0,0
"1139",0,0,0,0,0,0,0
"1140",13,0,13,1,1,0,0
"1141",13,0,8,0,0,0,0
"1142",0,0,0,0,0,0,0
"1143",0,0,0,0,0,0,0
"1144",0,0,0,0,0,0,0
"1145",12,2,11,1,1,0,1
"1146",0,0,0,0,0,0,0
"1147",9,0,11,0,0,0,0
"1148",11,0,12,0,0,0,0
"1149",0,0,0,0,0,0,0
"1150",0,0,0,0,0,0,0
"1151",11,0,9,0,0,0,0
"1152",11,0,13,0,0,0,0
"1153",8,0,8,0,0,0,0
"1154",0,0,0,0,0,0,0
"1155",0,0,0,0,0,0,0
"1156",11,1,8,3,2,1,1
"1157",8,0,10,0,0,0,0
"1158",0,0,1,0,0,0,0
"1159",11,0,8,0,0,0,0
"1160",9,1,7,2,4,1,1
"1161",7,0,8,0,0,0,0
"1162",0,0,0,0,0,0,0
"1163",13,1,12,1,2,0,2
"1164",16,0,9,0,0,0,0
"1165",0,0,1,0,0,0,0
"1166",12,0,11,0,0,0,0
"1167",14,0,12,0,0,0,0
"1168",9,0,8,0,0,0,0
"1169",9,0,10,0,0,0,0
"1170",0,0,0,0,0,0,0
"1171",15,0,12,0,0,0,0
"1172",9,0,9,0,0,0,0
"1173",0,0,1,0,0,0,0
"1174",8,0,8,0,0,0,0
"1175",0,0,0,0,0,0,0
"1176",12,0,9,0,0,0,0
"1177",9,0,10,0,0,0,0
"1178",12,3,17,1,2,1,1
"1179",14,0,15,0,0,0,0
"1180",12,0,9,0,0,0,0
"1181",0,0,0,0,0,0,0
"1182",9,0,14,0,0,0,0
"1183",8,0,12,0,0,0,0
"1184",7,0,15,0,0,0,0
"1185",0,0,0,0,0,0,0
"1186",0,0,0,0,0,0,0
"1187",6,0,13,0,0,0,0
"1188",10,0,10,0,0,0,0
"1189",9,0,8,0,0,0,0
"1190",10,0,6,0,0,0,0
"1191",11,0,11,0,0,0,0
"1192",10,0,10,0,0,0,0
"1193",8,0,13,0,0,0,0
"1194",7,0,9,0,0,0,0
"1195",12,0,9,0,0,0,0
"1196",0,0,0,0,0,0,0
"1197",9,0,8,0,0,0,0
"1198",9,0,15,0,0,0,0
"1199",10,0,9,0,0,0,0
"1200",0,0,1,0,0,0,0
"1201",11,0,8,0,0,0,0
"1202",0,0,0,0,0,0,0
"1203",8,0,10,0,0,0,0
"1204",13,0,13,0,0,0,0
"1205",11,0,10,0,0,0,0
"1206",8,0,8,0,0,0,0
"1207",11,0,11,0,0,0,0
"1208",15,0,11,0,0,0,0
"1209",10,0,11,0,0,0,0
"1210",11,0,8,0,0,0,0
"1211",13,0,10,0,0,0,0
"1212",7,0,9,0,0,0,0
"1213",8,0,15,0,0,0,0
"1214",0,0,1,0,0,0,0
"1215",11,0,8,0,0,0,0
"1216",12,0,13,0,0,0,0
"1217",0,0,0,0,0,0,0
"1218",16,0,8,0,0,0,0
"1219",13,0,9,0,0,0,0
"1220",11,0,14,0,0,0,0
"1221",10,0,13,0,0,0,0
"1222",10,0,11,0,0,0,0
"1223",0,0,0,0,0,0,0
"1224",0,0,1,0,0,0,0
"1225",11,1,13,0,0,0,1
"1226",0,0,0,0,0,0,0
"1227",0,0,0,0,0,0,0
"1228",11,0,12,0,0,0,0
"1229",13,0,8,0,0,0,0
"1230",9,0,8,0,0,0,0
"1231",13,0,9,0,0,0,0
"1232",12,0,10,0,0,0,0
"1233",11,0,8,0,0,0,0
"1234",6,0,16,0,0,0,0
"1235",7,0,9,0,0,0,0
"1236",0,0,0,0,0,0,0
"1237",7,0,12,0,0,0,0
"1238",11,0,12,0,0,0,0
"1239",10,1,9,2,3,0,1
"1240",14,0,13,0,0,0,0
"1241",11,0,14,0,0,0,0
"1242",9,0,10,0,0,0,0
"1243",8,0,11,0,0,0,0
"1244",0,0,0,0,0,0,0
"1245",0,0,0,0,0,0,0
"1246",9,0,15,0,0,0,0
"1247",9,0,12,0,0,0,0
"1248",14,0,9,0,0,0,0
"1249",12,0,9,0,0,0,0
"1250",12,0,13,0,0,0,0
"1251",11,0,9,0,0,0,0
"1252",8,1,7,2,1,1,0
"1253",14,0,12,0,0,0,0
"1254",13,0,14,0,0,0,0
"1255",0,0,0,0,0,0,0
"1256",9,0,8,0,0,0,0
"1257",11,0,9,0,0,0,0
"1258",14,0,11,0,0,0,0
"1259",16,0,10,0,0,0,0
"1260",0,0,0,0,0,0,0
"1261",8,0,14,0,0,0,0
"1262",8,0,7,0,0,0,0
"1263",0,0,0,0,0,0,0
"1264",11,2,7,1,3,1,1
"1265",0,0,0,0,0,0,0
"1266",10,0,14,0,0,0,0
"1267",10,0,14,1,0,0,0
"1268",0,0,0,0,0,0,0
"1269",0,0,0,0,0,0,0
"1270",0,0,0,0,0,0,0
"1271",0,0,0,0,0,0,0
"1272",0,0,0,0,0,0,0
"1273",12,0,10,0,0,0,0
"1274",9,0,14,0,0,0,0
"1275",11,0,10,0,0,0,0
"1276",10,0,12,0,0,0,0
"1277",0,0,1,0,0,0,0
"1278",10,0,10,0,0,0,0
"1279",13,0,8,0,0,0,0
"1280",0,0,0,0,0,0,0
"1281",0,0,0,0,0,0,0
"1282",0,0,0,0,0,0,0
"1283",11,0,8,0,0,0,0
"1284",8,0,6,0,0,0,0
"1285",0,0,0,0,0,0,0
"1286",6,0,10,0,0,0,0
"1287",10,0,8,0,0,0,0
"1288",0,0,1,0,0,0,0
"1289",11,0,8,0,0,0,0
"1290",9,0,6,0,0,0,0
"1291",0,0,0,0,0,0,0
"1292",9,0,15,0,0,0,0
"1293",13,0,9,0,0,0,0
"1294",11,0,11,0,0,0,0
"1295",10,0,12,0,0,0,0
"1296",8,0,13,0,0,0,0
"1297",0,0,0,0,0,0,0
"1298",13,0,12,0,0,0,0
"1299",1,0,0,0,0,0,0
"1300",11,0,8,0,0,0,0
"1301",10,0,10,0,0,0,0
"1302",0,0,0,0,0,0,0
"1303",0,0,1,0,0,0,0
"1304",7,0,11,0,0,0,0
"1305",0,0,1,0,0,0,0
"1306",13,0,16,0,0,0,0
"1307",13,0,11,0,0,0,0
"1308",14,0,5,0,0,0,0
"1309",7,1,9,2,1,1,2
"1310",15,0,8,0,0,0,0
"1311",8,0,7,0,0,0,0
"1312",10,0,10,0,0,0,0
"1313",0,0,0,0,0,0,0
"1314",8,0,8,0,0,0,0
"1315",14,0,9,0,0,0,0
"1316",0,0,0,0,0,0,0
"1317",10,0,11,0,0,0,0
"1318",11,1,10,1,1,1,1
"1319",11,0,8,0,0,0,0
"1320",0,0,0,0,0,0,0
"1321",11,0,8,0,0,0,0
"1322",6,0,8,0,0,0,0
"1323",8,0,10,0,0,0,0
"1324",9,0,9,0,0,0,0
"1325",7,0,10,0,0,0,0
"1326",15,0,8,1,0,0,1
"1327",13,0,9,0,0,0,0
"1328",10,0,12,0,0,0,0
"1329",9,0,11,0,0,0,0
"1330",6,0,9,0,0,0,0
"1331",11,0,9,0,0,0,0
"1332",10,0,12,0,0,0,0
"1333",10,0,14,0,0,0,0
"1334",0,0,1,0,0,0,0
"1335",0,0,1,0,0,0,0
"1336",0,0,0,0,0,0,0
"1337",0,0,1,0,0,0,0
"1338",11,0,9,0,0,0,0
"1339",0,0,0,0,0,0,0
"1340",8,0,9,0,0,0,0
"1341",13,0,14,0,0,0,0
"1342",13,0,11,0,0,0,0
"1343",10,0,17,0,0,0,0
"1344",0,0,1,0,0,0,0
"1345",0,0,1,0,0,0,0
"1346",10,0,16,2,3,0,2
"1347",15,0,10,0,0,0,0
"1348",0,0,0,0,0,0,0
"1349",12,0,13,0,0,0,0
"1350",0,0,1,0,0,0,0
"1351",12,0,7,0,0,0,0
"1352",12,0,16,0,0,0,0
"1353",8,0,11,0,0,0,0
"1354",0,0,0,0,0,0,0
"1355",11,0,12,0,0,0,0
"1356",12,0,8,0,0,0,0
"1357",0,0,1,0,0,0,0
"1358",9,0,8,0,0,0,0
"1359",14,0,10,0,0,0,0
"1360",11,0,13,0,0,0,0
"1361",11,0,9,0,0,0,0
"1362",10,1,7,2,1,0,1
"1363",0,0,0,0,0,0,0
"1364",15,0,6,0,0,0,0
"1365",13,0,12,0,0,0,0
"1366",12,0,14,0,0,0,0
"1367",0,0,0,0,0,0,0
"1368",0,0,0,0,0,0,0
"1369",0,0,1,0,0,0,0
"1370",0,0,0,0,0,0,0
"1371",9,0,12,0,0,0,0
"1372",0,0,0,0,0,0,0
"1373",9,0,10,0,0,0,0
"1374",0,0,0,0,0,0,0
"1375",8,0,10,0,0,0,0
"1376",0,0,0,0,0,0,0
"1377",0,0,0,0,0,0,0
"1378",0,0,1,0,0,0,0
"1379",15,0,6,0,0,0,0
"1380",9,0,7,0,0,0,0
"1381",15,0,9,0,0,0,0
"1382",13,0,11,0,0,0,0
"1383",5,0,10,0,0,0,0
"1384",12,0,12,0,0,0,0
"1385",0,0,0,0,0,0,0
"1386",12,1,9,4,5,0,0
"1387",16,0,12,0,0,0,0
"1388",9,0,8,0,0,0,0
"1389",12,1,9,2,1,0,1
"1390",13,0,10,0,0,0,0
"1391",0,0,0,0,0,0,0
"1392",11,0,10,0,0,0,0
"1393",12,0,9,0,0,0,0
"1394",9,0,9,0,0,0,0
"1395",0,0,0,0,0,0,0
"1396",9,0,17,0,0,0,0
"1397",11,0,9,0,0,0,0
"1398",0,0,1,0,0,0,0
"1399",0,0,1,0,0,0,0
"1400",0,0,0,0,0,0,0
"1401",0,0,0,0,0,0,0
"1402",10,0,10,1,3,0,1
"1403",9,0,6,0,0,0,0
"1404",0,0,0,0,0,0,0
"1405",12,2,9,2,3,1,0
"1406",11,0,8,0,0,0,0
"1407",10,0,12,0,0,0,0
"1408",0,0,0,0,0,0,0
"1409",9,0,7,0,0,0,0
"1410",12,0,13,0,0,0,0
"1411",0,0,1,0,0,0,0
"1412",0,0,0,0,0,0,0
"1413",0,0,0,0,0,0,0
"1414",0,0,0,0,0,0,0
"1415",11,0,16,0,0,0,0
"1416",10,0,11,0,0,0,0
"1417",9,0,8,0,0,0,0
"1418",11,0,11,0,0,0,0
"1419",9,0,9,0,0,0,0
"1420",10,0,11,0,0,0,0
"1421",8,0,10,0,0,0,1
"1422",0,0,1,0,0,0,0
"1423",9,0,7,0,0,0,0
"1424",10,0,9,0,0,0,0
"1425",0,0,1,0,0,0,0
"1426",9,1,7,1,4,0,2
"1427",8,0,11,0,0,0,0
"1428",7,0,10,0,0,0,0
"1429",5,0,10,0,0,0,0
"1430",0,0,0,0,0,0,0
"1431",9,0,10,0,0,0,0
"1432",10,0,11,0,0,0,0
"1433",7,0,6,0,0,0,0
"1434",0,0,1,0,0,0,0
"1435",9,0,7,0,0,0,0
"1436",13,0,8,0,0,0,0
"1437",17,1,14,1,2,1,1
"1438",13,0,12,0,0,0,0
"1439",0,0,1,0,0,0,0
"1440",15,0,20,0,0,0,0
"1441",11,1,11,1,2,1,1
"1442",0,0,0,0,0,0,0
"1443",6,0,8,0,0,0,0
"1444",10,0,8,0,0,0,0
"1445",13,0,10,0,0,0,0
"1446",0,0,0,0,0,0,0
"1447",11,0,13,0,0,0,0
"1448",12,2,5,2,1,0,0
"1449",10,0,10,1,0,0,0
"1450",13,0,12,0,0,0,0
"1451",1,0,1,0,0,0,0
"1452",0,0,0,0,0,0,0
"1453",13,0,8,0,0,0,0
"1454",1,0,0,0,0,0,0
"1455",9,0,5,0,0,0,0
"1456",8,0,10,0,0,0,0
"1457",10,0,10,0,0,0,0
"1458",10,0,14,0,0,0,0
"1459",0,0,1,0,0,0,0
"1460",9,1,11,2,2,0,2
"1461",7,2,9,2,1,1,0
"1462",13,0,7,0,0,0,0
"1463",11,1,12,2,1,0,1
"1464",11,1,6,2,1,0,0
"1465",0,0,0,0,0,0,0
"1466",7,0,8,0,0,0,0
"1467",0,0,0,0,0,0,0
"1468",6,0,14,0,0,0,0
"1469",10,0,11,0,0,0,0
"1470",9,0,8,0,0,0,0
"1471",6,0,12,0,0,0,0
"1472",0,0,1,0,0,0,0
"1473",9,2,11,2,1,1,1
"1474",8,0,10,0,0,0,0
"1475",0,0,1,0,0,0,0
"1476",13,1,14,1,0,0,0
"1477",9,0,10,0,0,0,0
"1478",11,0,15,0,0,0,0
"1479",0,0,1,0,0,0,0
"1480",0,0,1,0,0,0,0
"1481",0,0,0,0,0,0,0
"1482",9,0,6,0,0,0,0
"1483",9,0,12,0,0,0,0
"1484",11,1,9,1,0,0,0
"1485",0,0,0,0,0,0,0
"1486",0,0,0,0,0,0,0
"1487",6,1,9,1,2,1,0
"1488",11,0,8,0,0,0,0
"1489",10,0,10,0,0,0,0
"1490",13,0,11,0,0,0,0
"1491",6,0,10,0,0,0,0
"1492",11,0,5,0,0,0,0
"1493",10,0,13,0,0,0,0
"1494",11,0,13,0,0,0,0
"1495",10,0,7,0,0,0,0
"1496",0,0,0,0,0,0,0
"1497",14,0,10,0,0,0,0
"1498",0,0,0,0,0,0,0
"1499",8,0,14,0,0,0,0
"1500",9,0,12,0,0,0,0
"1501",10,0,11,0,1,0,0
"1502",0,0,1,0,0,0,0
"1503",9,0,11,0,0,0,0
"1504",0,0,0,0,0,0,0
"1505",10,0,10,0,0,0,0
"1506",10,0,9,0,0,0,0
"1507",13,0,8,0,0,0,0
"1508",12,0,8,0,0,0,0
"1509",14,0,10,0,0,0,0
"1510",14,0,13,0,0,0,0
"1511",7,0,9,0,0,0,0
"1512",9,0,11,0,0,0,0
"1513",9,0,10,0,0,0,0
"1514",13,0,12,0,0,0,0
"1515",9,0,11,0,0,0,0
"1516",12,0,12,0,0,0,0
"1517",13,0,10,0,0,0,0
"1518",9,0,10,0,0,0,0
"1519",13,1,9,2,4,1,2
"1520",15,0,11,0,0,0,0
"1521",12,0,7,0,0,0,0
"1522",7,0,9,0,0,0,0
"1523",15,0,9,0,0,0,0
"1524",0,0,1,0,0,0,0
"1525",7,0,12,0,0,0,0
"1526",10,0,9,0,0,0,0
"1527",1,0,0,0,0,0,0
"1528",13,0,8,0,0,0,0
"1529",0,0,0,0,0,0,0
"1530",6,0,6,0,0,0,0
"1531",12,0,11,0,0,0,0
"1532",11,0,10,0,0,0,0
"1533",8,0,10,0,0,0,0
"1534",0,0,0,0,0,0,0
"1535",12,0,12,0,0,0,0
"1536",9,0,7,0,0,0,0
"1537",17,1,13,1,1,0,0
"1538",10,1,15,1,1,0,2
"1539",6,0,9,0,0,0,0
"1540",0,0,0,0,0,0,0
"1541",0,0,0,0,0,0,0
"1542",1,0,0,0,0,0,0
"1543",12,0,12,0,0,0,0
"1544",15,0,9,1,1,1,1
"1545",11,2,8,1,3,1,2
"1546",11,0,15,0,0,0,0
"1547",8,0,12,0,0,0,0
"1548",12,1,9,2,1,0,2
"1549",9,0,9,0,0,0,0
"1550",0,0,0,0,0,0,0
"1551",0,0,0,0,0,0,0
"1552",13,0,8,0,0,0,0
"1553",14,0,10,1,2,1,0
"1554",17,0,12,0,0,0,0
"1555",14,0,13,0,0,0,0
"1556",0,0,0,0,0,0,0
"1557",14,0,7,0,0,0,0
"1558",0,0,0,0,0,0,0
"1559",8,0,9,0,0,0,0
"1560",0,0,0,0,0,0,0
"1561",7,0,6,0,0,0,0
"1562",0,0,0,0,0,0,0
"1563",11,0,12,0,0,0,0
"1564",12,0,14,0,0,0,0
"1565",12,0,16,0,0,0,0
"1566",12,0,8,1,2,1,1
"1567",10,0,11,0,0,0,0
"1568",11,0,7,0,0,0,0
"1569",12,0,10,0,0,0,0
"1570",7,0,6,0,0,0,0
"1571",0,0,0,0,0,0,0
"1572",0,0,0,0,0,0,0
"1573",15,2,13,2,2,1,2
"1574",11,1,11,3,0,1,3
"1575",9,0,10,0,0,0,0
"1576",5,0,10,0,0,0,0
"1577",10,0,9,0,0,0,0
"1578",8,0,7,0,0,0,0
"1579",12,0,11,0,0,0,0
"1580",6,0,10,0,0,0,0
"1581",11,0,9,0,0,0,0
"1582",9,0,9,0,0,0,0
"1583",0,0,0,0,0,0,0
"1584",0,0,0,0,0,0,0
"1585",14,0,7,0,0,0,0
"1586",1,0,0,0,0,0,0
"1587",13,0,10,0,0,0,0
"1588",0,0,0,0,0,0,0
"1589",8,2,10,2,2,1,1
"1590",7,2,12,3,3,1,1
"1591",10,0,8,0,0,0,0
"1592",9,0,12,0,0,0,0
"1593",8,0,9,0,0,0,0
"1594",8,0,7,0,0,0,0
"1595",15,0,7,0,0,0,0
"1596",7,0,11,0,0,0,0
"1597",7,0,12,0,0,0,0
"1598",13,0,13,0,0,0,0
"1599",0,0,0,0,0,0,0
"1600",15,0,12,0,0,0,0
"1601",0,0,0,0,0,0,0
"1602",0,0,0,0,0,0,0
"1603",8,0,16,0,0,0,0
"1604",12,0,11,0,0,0,0
"1605",12,1,11,2,2,1,1
"1606",0,0,0,0,0,0,0
"1607",0,0,0,0,0,0,0
"1608",10,0,15,0,0,0,0
"1609",7,0,15,0,0,0,0
"1610",18,0,14,0,0,0,0
"1611",12,0,9,0,0,0,0
"1612",12,1,10,0,0,1,1
"1613",12,1,10,1,2,1,2
"1614",0,0,0,0,0,0,0
"1615",11,0,12,0,0,0,0
"1616",7,0,9,0,0,0,0
"1617",6,0,9,0,0,0,0
"1618",13,0,12,0,1,0,0
"1619",16,0,9,0,0,0,0
"1620",8,1,13,1,2,0,2
"1621",11,0,12,0,0,0,0
"1622",10,0,10,0,0,0,0
"1623",0,0,1,0,0,0,0
"1624",9,0,7,0,0,0,0
"1625",11,1,11,3,6,1,1
"1626",12,0,12,0,0,0,0
"1627",10,0,14,0,0,0,0
"1628",11,0,12,0,0,0,0
"1629",12,0,10,0,0,0,0
"1630",13,1,9,2,1,0,2
"1631",9,0,7,0,0,0,0
"1632",12,0,15,0,0,0,0
"1633",17,0,8,0,0,0,0
"1634",2,0,0,0,0,0,0
"1635",14,0,9,0,0,0,0
"1636",15,0,9,0,0,0,0
"1637",14,1,13,0,0,2,0
"1638",14,0,9,0,0,0,0
"1639",13,0,9,0,0,0,0
"1640",9,0,9,0,0,0,0
"1641",8,0,8,0,0,0,0
"1642",0,0,2,0,0,0,0
"1643",8,0,9,0,0,0,0
"1644",8,2,7,1,3,1,3
"1645",9,0,5,0,0,0,0
"1646",0,0,0,0,0,0,0
"1647",11,0,12,0,0,0,0
"1648",15,0,11,0,0,0,0
"1649",0,0,1,0,0,0,0
"1650",13,0,14,0,0,0,0
"1651",17,1,11,1,1,1,1
"1652",14,0,16,0,0,0,0
"1653",11,0,7,0,0,0,0
"1654",9,0,7,0,0,0,0
"1655",16,0,9,0,0,0,0
"1656",0,0,1,0,0,0,0
"1657",5,0,8,0,0,0,0
"1658",13,0,11,0,0,0,0
"1659",8,0,10,0,0,0,0
"1660",15,0,8,0,0,0,0
"1661",0,0,0,0,0,0,0
"1662",6,0,8,0,0,0,0
"1663",7,0,11,0,0,0,0
"1664",15,0,7,0,0,0,0
"1665",0,0,1,0,0,0,0
"1666",9,0,8,0,0,0,0
"1667",8,0,20,0,0,0,0
"1668",0,0,1,0,0,0,0
"1669",13,0,11,0,0,0,0
"1670",14,0,11,0,0,0,0
"1671",10,0,12,0,0,0,0
"1672",8,0,14,0,0,0,0
"1673",0,0,0,0,0,0,0
"1674",9,0,8,0,1,0,0
"1675",9,0,17,0,0,0,0
"1676",8,0,11,0,0,0,0
"1677",0,0,0,0,0,0,0
"1678",9,0,12,0,0,0,0
"1679",14,1,11,2,1,0,1
"1680",7,0,9,0,0,0,0
"1681",10,0,13,0,0,0,0
"1682",12,1,12,1,1,0,1
"1683",10,0,12,0,0,0,0
"1684",13,0,7,0,0,0,0
"1685",12,0,13,0,0,0,0
"1686",7,0,12,0,0,0,0
"1687",11,0,9,0,0,0,0
"1688",9,0,10,0,0,0,0
"1689",0,0,1,0,0,0,0
"1690",10,1,10,2,2,0,0
"1691",11,0,11,0,0,0,0
"1692",8,0,10,0,0,0,0
"1693",10,0,10,0,0,0,0
"1694",11,1,10,1,1,0,1
"1695",11,0,9,0,0,0,0
"1696",8,0,8,0,0,0,0
"1697",10,0,14,0,0,0,0
"1698",12,0,10,0,0,0,0
"1699",11,0,7,0,0,0,0
"1700",0,0,1,0,0,0,0
"1701",0,0,1,0,0,0,0
"1702",8,0,9,0,0,0,0
"1703",0,0,1,0,0,0,0
"1704",0,0,0,0,0,0,0
"1705",11,0,15,0,0,0,0
"1706",0,0,1,0,0,0,0
"1707",11,0,14,0,0,0,0
"1708",0,0,0,0,0,0,0
"1709",10,1,10,0,1,0,0
"1710",14,0,13,0,0,0,0
"1711",0,0,0,0,0,0,0
"1712",14,0,9,0,0,0,0
"1713",10,0,5,0,0,0,0
"1714",10,0,9,0,0,0,0
"1715",10,0,8,0,0,0,0
"1716",7,0,11,0,0,0,0
"1717",14,0,11,0,0,0,0
"1718",12,0,10,0,0,0,0
"1719",11,0,10,0,0,0,0
"1720",16,1,14,1,3,1,1
"1721",11,0,10,0,0,0,0
"1722",0,0,0,0,0,0,0
"1723",0,0,0,0,0,0,0
"1724",8,0,12,0,0,0,0
"1725",6,0,5,0,0,0,0
"1726",12,0,13,0,0,0,0
"1727",10,1,8,3,2,1,0
"1728",0,0,0,0,0,0,0
"1729",0,0,0,0,0,0,0
"1730",9,0,7,0,0,0,0
"1731",15,0,11,0,0,0,0
"1732",10,0,8,0,0,0,0
"1733",17,0,10,0,0,0,0
"1734",9,0,6,0,0,0,0
"1735",0,0,0,0,0,0,0
"1736",11,0,9,0,0,0,0
"1737",15,0,13,0,0,0,0
"1738",8,0,13,0,0,0,0
"1739",8,1,8,3,2,0,1
"1740",10,0,10,0,0,0,0
"1741",11,0,8,0,0,0,0
"1742",12,0,9,0,0,0,0
"1743",8,0,12,0,0,0,0
"1744",7,1,8,2,3,1,1
"1745",10,0,7,0,0,0,0
"1746",9,2,12,1,2,0,2
"1747",13,2,8,1,1,0,0
"1748",15,0,9,0,0,0,0
"1749",6,0,12,0,0,0,0
"1750",0,0,0,0,0,0,0
"1751",0,0,0,0,0,0,0
"1752",8,0,11,0,0,0,0
"1753",8,0,15,0,0,0,0
"1754",7,0,8,0,0,0,0
"1755",9,0,8,0,0,0,0
"1756",0,0,0,0,0,0,0
"1757",0,0,0,0,0,0,0
"1758",9,0,10,0,0,0,0
"1759",10,0,9,0,0,0,0
"1760",10,0,12,0,0,0,0
"1761",0,0,0,0,0,0,0
"1762",11,2,11,2,2,2,2
"1763",10,0,11,0,0,0,0
"1764",16,0,10,0,0,0,0
"1765",0,0,1,0,0,0,0
"1766",9,0,7,0,0,0,0
"1767",11,0,11,0,0,0,0
"1768",1,0,0,0,0,0,0
"1769",0,0,0,0,0,0,0
"1770",13,0,13,0,0,0,0
"1771",0,0,0,0,0,0,0
"1772",14,0,12,0,0,0,0
"1773",0,0,0,0,0,0,0
"1774",8,0,8,0,0,0,0
"1775",0,0,0,0,0,0,0
"1776",0,0,0,0,0,0,0
"1777",14,0,8,0,0,0,0
"1778",13,0,5,0,0,0,0
"1779",10,0,11,0,0,0,0
"1780",8,0,16,0,0,0,0
"1781",0,0,0,0,0,0,0
"1782",10,0,10,0,0,0,0
"1783",0,0,0,0,0,0,0
"1784",0,0,0,0,0,0,0
"1785",6,0,9,1,0,0,0
"1786",8,1,9,1,1,0,1
"1787",11,0,6,0,0,0,0
"1788",11,0,17,0,0,0,0
"1789",1,0,0,0,0,0,0
"1790",9,0,11,0,0,0,0
"1791",16,0,12,0,0,0,0
"1792",13,0,10,0,0,0,0
"1793",8,1,11,3,4,1,2
"1794",8,2,8,0,2,1,1
"1795",0,0,0,0,0,0,0
"1796",11,1,14,1,3,0,2
"1797",0,0,0,0,0,0,0
"1798",11,0,11,0,0,0,0
"1799",14,0,10,0,0,0,0
"1800",15,0,8,0,0,0,0
"1801",0,0,0,0,0,0,0
"1802",14,1,10,1,2,0,1
"1803",10,0,9,0,0,0,0
"1804",12,0,11,0,0,0,0
"1805",8,0,6,0,0,0,0
"1806",13,0,13,0,0,0,0
"1807",11,0,16,0,0,0,0
"1808",9,0,12,0,0,0,0
"1809",0,0,0,0,0,0,0
"1810",12,0,8,0,0,0,0
"1811",13,0,10,0,0,0,0
"1812",0,0,0,0,0,0,0
"1813",13,0,21,0,0,0,0
"1814",8,0,18,0,0,0,0
"1815",11,0,14,0,0,0,0
"1816",0,0,0,0,0,0,0
"1817",18,0,8,0,0,0,0
"1818",0,0,0,0,0,0,0
"1819",12,0,13,0,0,0,0
"1820",8,0,14,0,0,0,0
"1821",16,0,12,0,0,0,0
"1822",14,0,11,0,0,0,0
"1823",0,0,0,0,0,0,0
"1824",0,0,0,0,0,0,0
"1825",10,1,10,0,3,0,1
"1826",11,0,13,0,0,0,0
"1827",10,0,10,0,0,0,0
"1828",10,0,12,0,0,0,0
"1829",14,0,9,0,0,0,0
"1830",9,1,9,1,0,0,0
"1831",9,0,9,0,0,0,0
"1832",8,0,10,0,0,0,0
"1833",11,0,11,0,0,0,0
"1834",0,0,0,0,0,0,0
"1835",7,0,16,0,0,0,0
"1836",8,0,11,0,0,0,0
"1837",0,0,0,0,0,0,0
"1838",1,0,0,0,0,0,0
"1839",12,0,14,0,0,0,0
"1840",10,0,11,0,0,0,0
"1841",10,0,13,0,0,0,0
"1842",8,0,9,0,0,0,0
"1843",13,0,7,0,0,0,0
"1844",0,0,1,0,0,0,0
"1845",7,0,8,0,0,0,0
"1846",6,0,9,0,0,0,0
"1847",12,0,15,0,0,0,0
"1848",0,0,0,0,0,0,0
"1849",11,0,7,0,0,0,0
"1850",0,0,0,0,0,0,0
"1851",10,0,8,0,0,0,0
"1852",0,0,0,0,0,0,0
"1853",11,1,12,2,1,0,1
"1854",13,0,5,1,0,0,0
"1855",11,0,12,0,0,0,0
"1856",12,0,13,0,0,0,0
"1857",10,0,13,0,0,0,0
"1858",15,0,14,0,0,0,0
"1859",0,0,0,0,0,0,0
"1860",5,0,9,0,0,0,0
"1861",10,0,13,0,0,0,0
"1862",11,0,12,0,0,0,0
"1863",9,0,10,0,0,0,0
"1864",11,0,8,0,0,0,0
"1865",0,0,0,0,0,0,0
"1866",17,0,10,0,0,0,0
"1867",9,0,11,0,0,0,0
"1868",20,0,11,0,0,0,0
"1869",0,0,0,0,0,0,0
"1870",10,0,12,0,0,0,0
"1871",9,0,8,0,0,0,0
"1872",10,3,10,3,1,1,1
"1873",11,0,9,0,0,0,0
"1874",0,0,0,0,0,0,0
"1875",11,0,8,0,0,0,0
"1876",12,0,10,0,0,0,0
"1877",9,0,9,0,0,0,0
"1878",11,0,11,0,0,0,0
"1879",11,0,10,0,0,0,0
"1880",0,0,0,0,0,0,0
"1881",10,0,7,0,0,0,0
"1882",14,2,12,1,1,3,1
"1883",0,0,0,0,0,0,0
"1884",1,0,0,0,0,0,0
"1885",13,0,7,0,0,0,0
"1886",1,0,0,0,0,0,0
"1887",9,0,11,0,0,0,0
"1888",7,0,11,0,0,0,0
"1889",12,0,10,0,0,0,0
"1890",5,0,10,0,0,0,0
"1891",10,0,7,0,0,0,0
"1892",11,0,11,0,0,0,0
"1893",12,0,12,0,0,0,0
"1894",11,0,9,1,1,1,1
"1895",8,0,12,0,0,0,0
"1896",15,0,11,0,0,0,0
"1897",0,0,0,0,0,0,0
"1898",12,0,6,0,0,0,0
"1899",11,0,13,0,0,0,0
"1900",10,0,15,0,0,0,0
"1901",8,2,13,3,2,1,1
"1902",11,0,12,0,0,0,0
"1903",15,0,10,1,0,0,0
"1904",10,0,8,0,0,0,0
"1905",13,0,16,0,0,0,0
"1906",9,0,11,0,0,0,0
"1907",12,0,7,0,0,0,0
"1908",9,0,6,0,0,0,0
"1909",14,0,10,0,0,0,0
"1910",0,0,1,0,0,0,0
"1911",13,1,10,0,1,2,0
"1912",8,2,14,0,1,0,1
"1913",0,0,1,0,0,0,0
"1914",10,0,8,0,0,0,0
"1915",0,0,1,0,0,0,0
"1916",14,0,8,0,0,0,0
"1917",9,0,12,0,0,0,0
"1918",0,0,0,0,0,0,0
"1919",0,0,0,0,0,0,0
"1920",7,0,11,0,0,0,0
"1921",15,0,11,0,0,0,0
"1922",8,0,9,0,0,0,0
"1923",15,0,14,0,0,0,0
"1924",14,1,12,2,2,0,0
"1925",12,1,12,1,2,0,1
"1926",9,0,13,0,0,0,0
"1927",10,0,9,0,0,0,0
"1928",10,0,9,0,0,0,0
"1929",0,0,0,0,0,0,0
"1930",11,0,11,0,0,0,0
"1931",12,0,9,0,0,0,0
"1932",0,0,1,0,0,0,0
"1933",13,0,15,0,0,0,0
"1934",0,0,0,0,0,0,0
"1935",11,0,11,0,0,0,0
"1936",14,1,7,1,2,1,1
"1937",11,0,11,0,0,0,0
"1938",11,0,10,0,0,0,0
"1939",9,0,13,0,0,0,0
"1940",0,0,0,0,0,0,0
"1941",8,0,10,0,0,0,0
"1942",17,0,8,0,0,0,0
"1943",0,0,0,0,0,0,0
"1944",0,0,0,0,0,0,0
"1945",13,0,10,0,0,0,0
"1946",7,0,11,0,0,0,0
"1947",0,0,0,0,0,0,0
"1948",13,0,12,0,0,0,0
"1949",1,0,1,0,0,0,0
"1950",12,0,9,0,0,0,0
"1951",10,0,10,0,0,0,0
"1952",11,0,9,0,0,0,0
"1953",10,0,9,0,0,0,0
"1954",12,0,14,0,0,0,0
"1955",13,0,20,0,0,0,0
"1956",0,0,0,0,0,0,0
"1957",19,0,8,0,0,0,0
"1958",8,0,17,0,0,0,0
"1959",7,0,13,0,0,0,0
"1960",7,0,7,0,0,0,0
"1961",0,0,1,0,0,0,0
"1962",7,0,8,0,0,0,0
"1963",0,0,0,0,0,0,0
"1964",6,0,8,0,0,0,0
"1965",7,0,11,0,0,0,0
"1966",0,0,0,0,0,0,0
"1967",9,0,8,0,0,0,0
"1968",0,0,0,0,0,0,0
"1969",12,0,9,0,0,0,0
"1970",0,0,0,0,0,0,0
"1971",0,0,1,0,0,0,0
"1972",9,0,10,0,0,1,0
"1973",13,0,12,0,0,0,0
"1974",7,0,10,0,0,0,0
"1975",11,0,11,0,0,0,0
"1976",0,0,0,0,0,0,0
"1977",13,0,11,0,0,0,0
"1978",0,0,0,0,0,0,0
"1979",9,0,9,0,0,0,0
"1980",0,0,0,0,0,0,0
"1981",9,0,6,0,0,0,0
"1982",8,0,8,0,0,0,0
"1983",10,0,12,0,0,0,0
"1984",13,0,5,0,0,0,0
"1985",14,0,15,1,2,0,0
"1986",10,0,11,0,0,0,0
"1987",12,0,16,0,0,0,0
"1988",13,0,15,0,0,0,0
"1989",11,0,11,0,0,0,0
"1990",10,0,12,0,0,0,0
"1991",11,0,11,0,0,0,0
"1992",10,0,3,0,0,0,0
"1993",10,0,11,0,0,0,0
"1994",10,2,13,1,1,1,2
"1995",13,0,9,0,0,0,0
"1996",0,0,0,0,0,0,0
"1997",12,0,8,0,0,0,0
"1998",10,0,12,0,0,0,0
"1999",13,0,10,0,0,1,0
"2000",10,0,12,0,0,1,0
"2001",13,0,7,0,0,0,0
"2002",10,0,9,0,0,0,0
"2003",15,0,13,0,0,0,0
"2004",12,0,7,0,0,0,0
"2005",0,0,0,0,0,0,0
"2006",10,0,11,0,0,0,0
"2007",0,0,0,0,0,0,0
"2008",12,0,8,0,0,0,0
"2009",13,0,15,0,2,1,0
"2010",12,0,10,0,0,0,0
"2011",8,0,12,0,0,0,0
"2012",11,0,11,0,0,0,0
"2013",8,0,14,0,0,0,0
"2014",9,0,12,0,0,0,0
"2015",10,0,12,0,0,0,0
"2016",11,0,6,0,0,0,0
"2017",15,0,13,0,0,0,0
"2018",0,0,0,0,0,0,0
"2019",13,0,8,0,0,0,0
"2020",9,0,14,0,0,0,0
"2021",10,0,11,0,0,0,0
"2022",9,0,9,0,0,0,0
"2023",12,0,13,0,0,0,0
"2024",10,0,8,0,0,0,0
"2025",14,1,9,0,0,0,1
"2026",10,0,13,0,0,0,0
"2027",9,0,8,0,0,0,0
"2028",8,0,11,0,0,0,0
"2029",12,0,9,0,0,0,0
"2030",13,0,7,0,0,0,0
"2031",14,2,9,2,3,1,3
"2032",0,0,0,0,0,0,0
"2033",8,0,8,0,0,0,0
"2034",13,0,10,0,0,0,0
"2035",16,0,7,0,0,0,0
"2036",10,0,10,0,0,0,0
"2037",0,0,1,0,0,0,0
"2038",10,0,11,0,0,0,0
"2039",7,1,7,0,0,0,0
"2040",11,0,6,0,0,0,0
"2041",9,0,11,0,0,0,0
"2042",0,0,0,0,0,0,0
"2043",15,0,11,0,0,0,0
"2044",0,0,1,0,0,0,0
"2045",15,0,10,0,0,0,0
"2046",0,0,0,0,0,0,0
"2047",0,0,0,0,0,0,0
"2048",8,0,13,0,0,0,0
"2049",0,0,0,0,0,0,0
"2050",9,0,13,0,0,0,0
"2051",0,0,0,0,0,0,0
"2052",14,0,4,0,0,0,0
"2053",0,0,0,0,0,0,0
"2054",0,0,0,0,0,0,0
"2055",9,0,9,0,0,0,0
"2056",11,0,11,0,0,0,0
"2057",12,0,7,0,0,0,0
"2058",11,0,11,0,0,0,0
"2059",11,1,9,1,1,1,1
"2060",0,0,1,0,0,0,0
"2061",10,0,10,0,0,0,0
"2062",12,0,9,0,0,0,0
"2063",12,0,10,0,0,0,0
"2064",9,0,15,0,0,0,0
"2065",0,0,0,0,0,0,0
"2066",0,0,0,0,0,0,0
"2067",0,0,1,0,0,0,0
"2068",10,0,10,0,0,0,0
"2069",10,0,9,0,0,0,0
"2070",0,0,0,0,0,0,0
"2071",17,0,9,0,0,0,0
"2072",0,0,0,0,0,0,0
"2073",12,3,9,1,1,0,1
"2074",0,0,0,0,0,0,0
"2075",7,0,11,0,0,0,0
"2076",9,0,8,0,0,0,0
"2077",11,1,13,1,2,1,1
"2078",0,0,0,0,0,0,0
"2079",13,0,10,0,0,0,0
"2080",14,0,7,0,0,0,0
"2081",0,0,0,0,0,0,0
"2082",0,0,0,0,0,0,0
"2083",0,0,0,0,0,0,0
"2084",8,0,10,0,0,0,0
"2085",10,0,8,0,0,0,0
"2086",11,0,8,0,0,0,0
"2087",12,0,15,0,0,0,0
"2088",11,0,12,0,0,0,0
"2089",8,0,9,0,0,0,0
"2090",13,0,12,0,0,0,0
"2091",0,0,0,0,0,0,0
"2092",11,0,11,0,0,0,0
"2093",12,0,7,0,0,0,0
"2094",11,0,7,0,0,0,0
"2095",11,0,14,1,0,0,0
"2096",11,0,6,0,0,0,0
"2097",0,0,0,0,0,0,0
"2098",12,0,10,0,0,0,0
"2099",0,0,0,0,0,0,0
"2100",12,0,9,0,0,0,0
"2101",12,0,12,0,0,0,0
"2102",17,0,11,0,0,0,0
"2103",0,0,0,0,0,0,0
"2104",0,0,0,0,0,0,0
"2105",0,0,1,0,0,0,0
"2106",0,0,0,0,0,0,0
"2107",13,0,13,0,0,0,0
"2108",8,0,7,0,0,0,0
"2109",13,0,8,0,0,0,0
"2110",0,0,0,0,0,0,0
"2111",7,0,12,0,0,0,0
"2112",0,0,0,0,0,0,0
"2113",10,0,13,0,0,0,0
"2114",10,1,7,2,2,1,2
"2115",7,0,9,0,0,0,0
"2116",0,0,0,0,0,0,0
"2117",11,0,9,0,0,0,0
"2118",11,0,12,0,0,0,0
"2119",11,0,8,0,0,0,0
"2120",13,0,9,0,0,0,0
"2121",11,0,11,0,0,0,0
"2122",12,0,7,0,0,0,0
"2123",9,0,12,0,0,0,0
"2124",8,0,9,0,0,0,0
"2125",13,0,7,0,0,0,0
"2126",8,0,11,0,0,0,0
"2127",6,0,9,0,0,0,0
"2128",11,0,8,0,0,0,0
"2129",10,0,17,0,0,0,0
"2130",0,0,0,0,0,0,0
"2131",8,0,11,0,0,0,0
"2132",0,0,1,0,0,0,0
"2133",13,0,10,0,0,0,0
"2134",11,0,13,0,0,0,0
"2135",0,0,0,0,0,0,0
"2136",10,0,7,0,0,0,0
"2137",8,0,8,0,0,0,0
"2138",8,0,15,0,0,0,0
"2139",13,0,8,0,0,0,0
"2140",0,0,0,0,0,0,0
"2141",13,0,11,0,0,0,0
"2142",9,1,7,1,4,0,1
"2143",9,0,10,0,0,0,0
"2144",11,1,7,1,3,1,0
"2145",14,0,9,0,0,0,0
"2146",15,0,9,0,0,0,0
"2147",0,0,0,0,0,0,0
"2148",0,0,0,0,0,0,0
"2149",0,0,0,0,0,0,0
"2150",10,0,10,0,0,0,0
"2151",6,0,10,0,0,0,0
"2152",10,0,6,0,0,0,0
"2153",0,0,0,0,0,0,0
"2154",11,0,11,0,0,0,0
"2155",0,0,0,0,0,0,0
"2156",0,0,0,0,0,0,0
"2157",13,2,10,1,1,0,1
"2158",1,0,0,0,0,0,0
"2159",0,0,1,0,0,0,0
"2160",6,0,5,0,0,0,0
"2161",10,0,12,0,0,0,0
"2162",11,0,10,0,0,0,0
"2163",15,0,10,0,0,0,0
"2164",0,0,0,0,0,0,0
"2165",10,0,10,0,0,0,0
"2166",11,0,9,0,0,0,0
"2167",0,0,0,0,0,0,0
"2168",11,0,7,0,0,0,0
"2169",9,0,11,0,0,0,0
"2170",10,0,10,0,0,0,0
"2171",9,0,9,0,0,0,0
"2172",10,0,7,0,0,0,0
"2173",0,0,0,0,0,0,0
"2174",0,0,0,0,0,0,0
"2175",0,0,1,0,0,0,0
"2176",13,0,9,0,0,0,0
"2177",10,0,13,0,0,0,0
"2178",11,0,9,0,0,0,0
"2179",10,0,10,0,0,0,0
"2180",12,0,8,1,0,1,1
"2181",0,0,0,0,0,0,0
"2182",11,1,11,1,1,0,0
"2183",6,0,8,0,0,0,0
"2184",4,0,7,0,0,0,0
"2185",7,0,10,0,0,0,0
"2186",13,0,8,0,0,0,0
"2187",0,0,0,0,0,0,0
"2188",9,0,9,0,0,0,0
"2189",13,0,9,0,0,0,0
"2190",7,0,10,0,0,0,0
"2191",0,0,0,0,0,0,0
"2192",8,0,11,0,0,0,0
"2193",0,0,0,0,0,0,0
"2194",11,0,11,0,0,0,0
"2195",10,0,17,0,0,0,0
"2196",12,0,11,0,0,0,0
"2197",13,0,17,0,0,0,0
"2198",9,0,16,0,0,0,0
"2199",8,0,8,0,0,0,0
"2200",13,0,9,0,0,0,0
"2201",11,0,10,0,0,0,0
"2202",0,0,1,0,0,0,0
"2203",11,0,11,0,0,0,0
"2204",11,0,8,0,0,0,0
"2205",13,0,15,0,0,0,0
"2206",0,0,0,0,0,0,0
"2207",14,0,12,0,0,0,0
"2208",0,0,0,0,0,0,0
"2209",9,0,7,0,0,0,0
"2210",11,0,11,0,0,0,0
"2211",10,0,9,0,0,0,0
"2212",9,0,9,0,0,0,0
"2213",1,0,0,0,0,0,0
"2214",0,0,0,0,0,0,0
"2215",0,0,0,0,0,0,0
"2216",10,0,8,0,0,0,0
"2217",0,0,0,0,0,0,0
"2218",0,0,1,0,0,0,0
"2219",8,0,10,0,0,0,0
"2220",14,0,10,0,0,0,0
"2221",6,0,6,0,0,0,0
"2222",12,0,12,0,0,0,0
"2223",0,0,0,0,0,0,0
"2224",13,0,8,0,0,0,0
"2225",0,0,1,0,0,0,0
"2226",9,0,13,0,0,0,0
"2227",9,0,11,0,0,0,0
"2228",7,0,12,0,0,0,0
"2229",10,0,9,0,0,0,0
"2230",9,0,12,0,0,0,0
"2231",13,0,11,0,0,0,0
"2232",11,0,7,0,0,0,0
"2233",14,0,7,0,0,0,0
"2234",13,0,11,0,0,0,0
"2235",0,0,0,0,0,0,0
"2236",12,1,10,2,2,1,1
"2237",9,0,10,0,0,0,0
"2238",8,0,9,0,0,0,0
"2239",11,1,10,1,1,1,2
"2240",10,0,5,0,0,0,0
"2241",0,0,1,0,0,0,0
"2242",0,0,0,0,0,0,0
"2243",7,0,16,0,0,0,0
"2244",0,0,0,0,0,0,0
"2245",9,1,9,2,2,1,1
"2246",0,0,0,0,0,0,0
"2247",11,0,9,0,0,0,0
"2248",13,0,8,0,0,0,0
"2249",11,0,11,0,0,0,0
"2250",0,0,0,0,0,0,0
"2251",8,0,14,0,0,0,0
"2252",12,0,10,0,0,0,0
"2253",0,0,0,0,0,0,0
"2254",16,0,8,0,0,0,0
"2255",14,0,14,0,0,0,0
"2256",10,0,11,0,0,0,0
"2257",12,1,13,4,1,1,1
"2258",0,0,0,0,0,0,0
"2259",13,0,11,0,0,0,0
"2260",10,0,13,0,0,0,0
"2261",13,0,9,0,0,0,0
"2262",11,0,12,0,0,0,0
"2263",0,0,0,0,0,0,0
"2264",11,0,8,0,0,0,0
"2265",9,0,11,0,0,0,0
"2266",0,0,0,0,0,0,0
"2267",9,0,12,0,0,0,0
"2268",7,0,9,0,0,0,0
"2269",13,0,10,0,0,0,0
"2270",0,0,0,0,0,0,0
"2271",9,0,6,0,0,0,0
"2272",0,0,0,0,0,0,0
"2273",12,0,14,0,0,0,0
"2274",9,0,10,0,0,0,0
"2275",8,0,7,0,0,0,0
"2276",8,0,13,0,0,0,0
"2277",13,0,7,0,0,0,0
"2278",0,0,0,0,0,0,0
"2279",15,0,9,0,0,0,0
"2280",13,0,10,0,0,0,0
"2281",11,0,11,0,0,0,0
"2282",0,0,0,0,0,0,0
"2283",9,0,7,0,0,0,0
"2284",11,0,9,0,0,0,0
"2285",11,0,14,0,0,0,0
"2286",11,0,10,0,0,0,0
"2287",0,0,0,0,0,0,0
"2288",13,0,8,0,0,0,0
"2289",11,0,5,0,0,0,0
"2290",8,0,6,0,0,0,0
"2291",0,0,0,0,0,0,0
"2292",10,2,19,1,2,1,1
"2293",12,0,13,0,0,0,0
"2294",20,0,13,0,0,0,0
"2295",0,0,0,0,0,0,0
"2296",11,0,9,0,0,0,0
"2297",8,0,9,0,0,0,0
"2298",12,0,9,0,0,0,0
"2299",6,0,8,0,0,0,0
"2300",9,0,10,0,0,0,0
"2301",13,0,11,0,0,0,0
"2302",10,0,13,0,0,0,0
"2303",9,0,12,1,4,0,1
"2304",11,0,8,0,0,0,0
"2305",0,0,0,0,0,0,0
"2306",9,0,11,0,0,0,0
"2307",0,0,0,0,0,0,0
"2308",0,0,0,0,0,0,0
"2309",10,0,12,0,0,0,0
"2310",13,0,15,0,0,0,0
"2311",10,2,9,2,4,1,0
"2312",8,0,15,0,0,0,0
"2313",1,0,1,0,0,0,0
"2314",10,0,11,0,0,0,0
"2315",14,0,13,0,0,0,0
"2316",13,0,12,0,0,0,0
"2317",9,0,10,0,0,0,0
"2318",9,0,14,0,0,0,0
"2319",13,0,8,0,0,0,0
"2320",9,0,10,0,0,0,0
"2321",6,0,10,0,0,0,0
"2322",0,0,0,0,0,0,0
"2323",9,2,12,2,2,0,1
"2324",13,0,8,0,0,0,0
"2325",0,0,0,0,0,0,0
"2326",0,0,0,0,0,0,0
"2327",0,0,0,0,0,0,0
"2328",8,0,9,0,0,0,0
"2329",11,2,6,2,1,1,1
"2330",8,0,8,0,0,0,0
"2331",13,0,10,0,0,0,0
"2332",9,0,13,0,0,0,0
"2333",14,0,10,0,0,0,0
"2334",10,0,11,0,0,0,0
"2335",9,0,6,0,0,0,0
"2336",12,2,11,0,1,1,3
"2337",11,0,9,0,0,0,0
"2338",11,0,10,0,0,0,0
"2339",12,1,8,2,2,0,2
"2340",9,0,10,0,0,0,0
"2341",12,0,7,0,0,0,0
"2342",9,1,7,2,1,0,1
"2343",13,0,12,0,0,0,0
"2344",13,0,11,1,2,0,2
"2345",0,0,1,0,0,0,0
"2346",8,0,14,1,0,0,0
"2347",10,0,14,0,0,0,0
"2348",13,0,10,0,0,0,0
"2349",11,0,11,0,0,0,0
"2350",9,0,12,0,0,0,0
"2351",12,0,17,0,0,0,0
"2352",12,0,9,0,0,0,0
"2353",0,0,0,0,0,0,0
"2354",13,3,7,1,1,1,1
"2355",13,0,9,0,0,0,0
"2356",9,0,10,0,0,0,0
"2357",10,0,11,0,0,0,0
"2358",0,0,0,0,0,0,0
"2359",9,0,7,0,0,0,0
"2360",9,0,11,0,0,0,0
"2361",0,0,0,0,0,0,0
"2362",11,0,13,0,0,0,0
"2363",8,4,10,1,2,0,1
"2364",10,0,7,0,0,0,0
"2365",0,0,0,0,0,0,0
"2366",8,0,7,0,0,0,0
"2367",13,2,9,2,2,0,1
"2368",1,0,1,0,0,0,0
"2369",13,0,13,0,0,0,0
"2370",10,0,9,0,0,0,0
"2371",13,0,14,0,0,0,0
"2372",12,0,10,0,0,0,0
"2373",13,0,10,0,0,0,0
"2374",10,0,12,0,0,0,0
"2375",8,0,8,0,0,0,0
"2376",0,0,1,0,0,0,0
"2377",15,0,7,0,0,0,0
"2378",9,1,14,3,1,1,1
"2379",10,0,17,0,0,0,0
"2380",8,1,8,3,3,1,1
"2381",0,0,0,0,0,0,0
"2382",11,0,7,0,0,0,0
"2383",0,0,1,0,0,0,0
"2384",12,0,8,0,0,0,0
"2385",11,0,7,0,0,0,0
"2386",0,0,0,0,0,0,0
"2387",0,0,0,0,0,0,0
"2388",10,0,6,0,0,0,0
"2389",11,1,4,1,1,0,0
"2390",0,0,0,0,0,0,0
"2391",0,0,1,0,0,0,0
"2392",9,0,10,0,0,0,0
"2393",10,0,12,0,0,0,0
"2394",11,0,13,0,0,0,0
"2395",9,0,13,0,0,0,0
"2396",12,0,9,0,0,0,0
"2397",8,0,11,0,0,0,0
"2398",0,0,0,0,0,0,0
"2399",11,0,10,0,0,0,0
"2400",0,0,0,0,0,0,0
"2401",8,0,13,0,0,0,0
"2402",13,0,7,0,0,0,0
"2403",7,0,7,0,0,0,0
"2404",10,0,15,0,0,0,0
"2405",0,0,0,0,0,0,0
"2406",0,0,0,0,0,0,0
"2407",0,0,0,0,0,0,0
"2408",9,1,17,2,1,1,3
"2409",9,0,9,0,0,0,0
"2410",12,0,9,0,0,0,0
"2411",17,0,10,0,0,0,0
"2412",12,0,10,0,0,0,0
"2413",10,0,12,0,0,0,0
"2414",11,0,12,0,0,0,0
"2415",8,0,7,0,0,0,0
"2416",0,0,0,0,0,0,0
"2417",9,0,11,0,0,0,0
"2418",10,0,11,0,0,0,0
"2419",0,0,1,0,0,0,0
"2420",12,0,16,0,0,0,0
"2421",11,0,13,0,0,0,0
"2422",0,0,0,0,0,0,0
"2423",14,0,7,0,0,0,0
"2424",9,0,11,0,0,0,0
"2425",0,0,0,0,0,0,0
"2426",7,0,7,0,0,0,0
"2427",11,0,7,0,0,0,0
"2428",9,0,10,0,0,0,0
"2429",8,0,10,0,0,0,0
"2430",0,0,1,0,0,0,0
"2431",10,0,9,0,0,0,0
"2432",12,0,8,0,0,0,0
"2433",1,0,0,0,0,0,0
"2434",12,0,10,0,0,0,0
"2435",0,0,0,0,0,0,0
"2436",0,0,1,0,0,0,0
"2437",8,0,11,0,0,0,0
"2438",0,0,0,0,0,0,0
"2439",0,0,0,0,0,0,0
"2440",14,0,12,0,0,0,0
"2441",11,0,14,0,0,0,0
"2442",0,0,1,0,0,0,0
"2443",0,0,0,0,0,0,0
"2444",16,0,8,0,0,0,0
"2445",0,0,1,0,0,0,0
"2446",7,0,9,0,0,0,0
"2447",14,0,10,0,0,0,0
"2448",0,0,0,0,0,0,0
"2449",8,0,12,0,0,0,0
"2450",0,0,1,0,0,0,0
"2451",14,0,15,0,0,0,0
"2452",15,0,11,0,0,0,0
"2453",12,0,11,0,0,0,0
"2454",9,0,10,0,0,0,0
"2455",0,0,1,0,0,0,0
"2456",13,0,10,0,0,0,0
"2457",0,0,0,0,0,0,0
"2458",13,0,13,0,0,0,0
"2459",10,0,12,0,0,0,0
"2460",0,0,0,0,0,0,0
"2461",14,0,10,0,0,0,0
"2462",1,0,1,0,0,0,0
"2463",0,0,0,0,0,0,0
"2464",0,0,0,0,0,0,0
"2465",14,0,11,0,0,0,0
"2466",7,0,16,2,1,1,0
"2467",10,0,13,0,0,0,0
"2468",0,0,0,0,0,0,0
"2469",0,0,0,0,0,0,0
"2470",7,0,12,0,0,0,0
"2471",6,0,16,0,0,0,0
"2472",12,0,9,0,0,0,0
"2473",4,0,12,0,0,0,0
"2474",0,0,1,0,0,0,0
"2475",8,0,10,0,0,0,0
"2476",7,1,8,1,3,1,1
"2477",11,0,6,0,0,0,0
"2478",11,0,9,0,0,0,0
"2479",17,0,10,0,0,0,0
"2480",0,0,0,0,0,0,0
"2481",0,0,0,0,0,0,0
"2482",11,0,12,0,0,0,0
"2483",9,0,11,0,0,0,0
"2484",8,0,9,0,0,0,0
"2485",12,0,13,0,0,0,0
"2486",12,1,10,2,2,0,2
"2487",8,0,7,0,0,0,0
"2488",9,0,11,0,0,0,0
"2489",8,1,9,3,2,0,1
"2490",13,0,8,2,2,0,2
"2491",7,0,8,0,0,0,0
"2492",9,0,9,0,0,0,0
"2493",11,0,11,0,0,0,0
"2494",7,0,7,0,0,0,0
"2495",0,0,0,0,0,0,0
"2496",12,0,9,0,0,0,0
"2497",13,0,11,0,0,0,0
"2498",10,0,9,0,0,0,0
"2499",11,0,7,0,0,0,0
"2500",10,0,9,0,0,0,0
