"","age1.E","age2_no_comorbid.E","age2_comorbid.E","age3_no_comorbid.E","age3_comorbid.E"
"1",4.87240217346003,0,0,3.94321615239874,0
"2",31.0775826639825,36.8041128774308,38.0744669781659,33.4536874347129,43.0778339011732
"3",0,0,0,0,0
"4",0,0,0,0,0
"5",44.1433482087092,50.1675025508028,45.6174015097593,48.5655414838344,47.0102479526038
"6",0,0,2.78953537429475,0,0
"7",30.8724228913801,33.6524435805108,29.7239961484055,34.3992447275332,33.5449634647857
"8",29.7257173451373,32.5238964608641,28.931038224761,32.3132994399921,37.6188208038045
"9",29.9112330449761,33.5705366234695,30.6352856923268,28.2003614108059,34.7149534522613
"10",39.6406509351318,40.8783841846594,45.0585280615893,37.3614589063003,44.8392984202122
"11",0,0,0,0,0
"12",35.7154857940451,38.3144867486183,34.1682425645233,40.2360826725105,39.1654968713218
"13",34.0334736659189,34.3458114262211,39.6802366401741,33.3268330459754,34.7786353152263
"14",42.2295481341534,41.0399457592455,48.5932416265631,53.3207431754865,39.650704511451
"15",43.9508335673659,44.8199358966539,49.7756021119184,47.5841588528384,50.5609322762738
"16",39.9787088748415,40.3194291280331,42.0694190908584,40.7093806426146,43.2096524528428
"17",44.57447150778,46.7116360783711,40.876532846883,50.0336611524541,50.0336611524541
"18",30.5886585013896,30.2196527134715,26.3306412595913,31.6896595227607,36.2828711155932
"19",29.8466368447742,35.7729667296006,36.1739718763308,39.0201694135876,36.580307231984
"20",25.4054355357674,27.7933681469387,31.4523366498407,19.0682557531251,29.711402171714
"21",39.4157181380132,40.9385260279199,42.116661103704,39.4122344000434,41.355732251671
"22",0,0,0,0,0
"23",58.2346323365687,59.3014424042569,60.5764557471758,58.1824005117719,61.8451948290205
"24",33.4103031145675,37.1086938519446,36.8113025808798,35.2122192668785,39.0512034062335
"25",32.3966685536691,35.7608968273155,31.3244271644129,31.5204803552701,37.9143760485574
"26",30.3926607433366,31.8400611220418,32.2702937782366,29.2179431473621,35.748281925143
"27",45.4011222325308,46.3979929047577,47.2193583595645,52.2712187862493,48.4059980110883
"28",39.9849879011811,37.1321448353554,41.6749249483076,46.1672660553679,26.9311758478438
"29",43.9136228455117,44.7185174238268,41.9854445383711,46.8130135390686,41.3630871249949
"30",0,0,0,0,0
"31",33.0835908717369,29.30121149869,34.390505961803,39.5949420872479,37.7144140821517
"32",30.2181165103505,32.5873802716055,33.708583323623,28.9447491540635,30.5158859019381
"33",42.3951478732256,44.8849841940573,42.9031967941541,48.9779412028873,44.2036323842983
"34",33.9349525940676,36.0240099572804,39.7347997321657,41.2645019502661,29.4226588305897
"35",39.6531226889986,46.3203415759469,44.5313401322225,43.0707993219963,44.7529124826154
"36",0,0,0,0,0
"37",31.0414550755911,31.6951162864851,27.6209369644102,36.6010024513616,31.2499100195572
"38",41.9566314421228,40.181497603818,42.1566442196654,41.133098445753,43.9827300868515
"39",0,0,0,0,0
"40",40.3225816742349,42.4653928625586,43.8594899685839,55.0135286515304,45.1578924378904
"41",39.4542997425067,40.7929384904449,45.2953204630482,43.8000212755539,37.6044287638071
"42",0,0,0,0,0
"43",27.3180590457611,31.1935016051055,29.6204429554891,30.1332330038416,34.0082353149443
"44",42.9509838743975,42.7557364592727,41.9925075275702,42.7557364592727,37.6137457814248
"45",32.2439629695906,29.3688543683498,30.1323022375726,35.4822346110022,36.1587647171193
"46",34.9728659950099,39.815837238992,43.9511154784696,34.58074507567,40.0505185006264
"47",39.8197310360979,40.3969797777623,43.096538019148,49.9635312719407,39.3105405643057
"48",33.3070549473983,35.742704661382,36.2511571470319,37.3877197386118,37.4726242298233
"49",36.9024741573085,36.9858936336382,36.6818124266278,35.6731413654454,33.4002222154868
"50",27.6984459180093,27.9819481510062,30.6850675104219,31.3921588302977,31.3921588302977
"51",32.9715015116019,32.9715015116019,37.9314982647148,41.588119105628,35.6258509621633
"52",11.6398438717862,0,0,0,0
"53",60.8170980166706,59.2898801500555,61.2549386269157,62.3420824529846,61.1895104311267
"54",0,0,0,0,0
"55",28.1247095139204,29.365180435217,31.5602381560573,32.2952370620462,33.1066708708201
"56",42.9427491112319,49.0528201431544,44.5928585010894,49.3594948351808,45.9414645757299
"57",34.1649918869743,37.1460651616815,34.9292996823558,40.0774863862939,45.639025578252
"58",51.0070112649068,55.4064529863062,56.9716347470007,53.2202498294957,54.3517965219055
"59",47.1992814857548,49.9111900606922,49.3542353133177,46.6622463147721,47.6714969375796
"60",51.6047675341496,58.0374725575825,56.202596171108,56.3618576660003,56.4001439273831
"61",36.8277635642872,38.7258199272613,36.2188376992947,39.3105284566208,38.5719564173904
"62",28.8265717557758,31.5996929364099,31.2396234305786,30.0221441553216,37.1979890143054
"63",46.9278190817321,49.2243349972,49.0939711425368,43.9615714606999,45.7014350511613
"64",4.18915122373569,0,0,0,0
"65",35.8933764720394,37.8661850571335,36.4593322214603,45.000409218202,42.2702720695365
"66",0,0,0,0,0
"67",33.91331414457,38.088684405216,35.1493158475621,37.9776782635995,41.9150250077688
"68",34.5413647971811,34.5047588986428,38.7276305696096,44.3189104499017,34.5047588986428
"69",36.0438931166453,38.1216923114026,31.6574322118158,30.6642139220894,36.1113906532407
"70",35.969326772445,34.2908760570743,36.7084061499589,38.3907984884802,31.9720800298065
"71",29.6853321828454,35.5049482232292,30.4992595921397,26.2324966848618,34.8194981202652
"72",40.0423976316333,40.566015523745,39.371441729361,46.1421000742517,46.9271721375328
"73",29.7592966180445,34.7150244262136,31.4942638274945,38.2860200346466,33.3977233711382
"74",36.5573773061976,37.7106811777507,35.2053265810448,43.6400124251048,40.7833967220094
"75",34.157592548343,38.5516113273587,35.7519419462116,33.918169139145,42.8590707294285
"76",39.8404890749792,40.0980666988408,36.6877403994106,27.3352298767726,36.443529182833
"77",36.498715094787,41.5336087878138,36.1656963345502,44.9230423968076,41.7788072028302
"78",0,0,0,0,0
"79",42.4598874769489,53.3957718450304,46.9883663762613,54.2604983944942,39.1723035754959
"80",34.5084654333727,37.5689894095579,41.9704625517651,34.3019037748421,37.0255992484677
"81",46.8396669628444,49.3444212422425,48.8190313842873,48.6899416776889,51.0234935975625
"82",0,0,0,0,0
"83",28.738801677833,34.6079421250604,30.4733193714619,32.5273013916048,31.4412716134973
"84",30.2757509927286,32.5590399361345,27.2565788301847,36.8486423112072,31.1933318092868
"85",48.4010495756566,54.8840148089367,52.898823587104,50.169768559956,53.361042837314
"86",25.9906270344411,30.7519590431149,34.276748658456,33.7530129396917,23.8087443040868
"87",30.1824843532998,34.1142034759104,27.9862563116949,39.0612839167433,30.248289987749
"88",0,0,0,0,0
"89",46.7265992395887,46.371422387849,42.9023977706127,47.387295267294,44.136496896076
"90",0,0,0,0,0
"91",37.0266541038569,35.611481715955,39.3692262347671,34.6664546514979,38.1134371758711
"92",31.4535457929794,33.9755182223129,37.6615679081907,32.9452894023186,40.3786184810824
"93",39.6725085875192,37.6989396295449,39.6516918730896,45.389761258629,44.9313474202835
"94",46.7228349599944,48.1164975070156,47.1297111044793,50.0986883820586,57.193053658232
"95",35.9786467281005,37.3370532358733,30.4289254787257,31.4241727574511,39.5230909057997
"96",36.0855828122255,36.0855828122255,34.4912928607302,32.6989541595207,46.5483459893863
"97",24.0136749530011,28.9012838154719,29.4735812883551,31.6380086724254,28.3530813117215
"98",33.260597257709,33.5417428103918,31.9032504557321,35.6335740111539,31.9032504557321
"99",0,0,0,0,0
"100",19.4911824148047,0,0,0,0
"101",33.6533944340702,38.0252528902628,31.5961446630705,36.1412766368329,37.7033265403614
"102",33.6521884872248,36.2653196396985,35.1838331984076,37.0908610473309,34.0784679513076
"103",31.5416654178844,31.5416654178844,36.5974893004917,32.188455597132,34.8176788694304
"104",26.9362013018901,28.859628545956,33.5519930558087,39.1485520730168,28.6666410777844
"105",37.4592208744998,37.5344852120815,37.2074575351793,35.6960598172634,40.9341498739767
"106",31.3143770808378,32.5133059593772,36.8008560639773,31.927591612432,34.7101190330828
"107",42.6987725125086,43.329046652162,38.669483467399,45.6686655470449,45.2920420985629
"108",41.1147599357387,46.503809585984,39.0767279601661,44.7941008221729,40.0251738072854
"109",0,0,0,0,0
"110",31.0294559557387,34.3402875967433,25.3852750369767,30.2580319206545,28.7966397275589
"111",31.7685226889111,33.849295848769,37.5454707312014,39.8816523034129,37.3285113100804
"112",53.2882122270783,53.8395291001864,59.0296280987298,48.9621545001925,54.5969213871173
"113",34.7618991478505,39.8801200513443,32.4021414522595,36.8276281133939,34.1478903377121
"114",39.7357577643922,43.6144165054306,40.6882733124451,39.630601264128,43.6144165054306
"115",29.5245922837849,35.1203882246298,26.4294195905688,24.9077578325525,27.9031154444934
"116",39.8629665825458,47.4004362407854,35.2900221321727,48.5991940762211,51.0391528612829
"117",0,0,0,0,0
"118",26.2515308693276,31.1941863841235,23.9907836618655,23.0489494742349,30.8016324871137
"119",48.327343122517,48.2292329980472,58.1275142867943,56.1767870863225,60.3084610092921
"120",57.6741967040193,55.6392559643479,62.7732564304227,53.2186814933118,59.6471119168435
"121",40.7204513581869,45.5780190049446,41.5176202773039,46.1402976367853,41.9806539851208
"122",42.7882097193831,43.4822203130117,49.5166588630947,53.4410183945232,42.2495708839941
"123",43.8615835770553,46.1003858352209,44.3916833214592,48.8231968955809,43.3503340875711
"124",2.35069604777426,0,0,0,0
"125",38.2859623477831,44.4806973835684,42.4860561789234,40.6381478637844,38.8864613101462
"126",51.2585719508933,52.0144303702675,49.3196493911771,58.7389198590706,59.3076822402904
"127",28.8483794805647,32.3666437294984,27.2184022330118,28.2714423080409,29.2759688219115
"128",39.9191030077791,40.4410073060013,44.9176102309629,49.2999017606159,47.9764412327586
"129",60.8344934291045,60.7467472134554,63.0425488270704,64.8627625363629,57.0995985243745
"130",31.114029243439,35.4647814523343,32.1609198304633,39.4563957002924,34.3521849987766
"131",35.949952980949,38.3890056874529,42.6190008091257,33.6078729983204,42.9838755266044
"132",28.7790261664378,30.8979178025595,38.3953966794683,32.2639029031876,30.5225527394651
"133",50.750446041259,53.7529048013048,51.9510675051791,59.5959622291027,57.5412524764442
"134",32.1970927566781,34.2968312232077,32.5422295085917,36.6362258522411,35.3903166708155
"135",44.8608332080852,44.534611950284,49.7729771753137,42.8135580638466,52.5448646956927
"136",80.1252875375657,81.8114246564411,90.0605041043021,79.8006769900172,69.0485152203696
"137",0,0,0,0,0
"138",36.7968386058982,40.5515702990201,42.5984547469506,32.3141011614937,33.4061259689449
"139",35.4229987328569,35.6135370170469,41.9339501207343,40.6309368032228,39.3893073890123
"140",0,0,0,0,0
"141",44.1156744050016,44.3777209211491,48.7640502197768,40.1335932083336,45.7251927103681
"142",0,0,0,0,0
"143",32.2998389017764,31.05112227924,39.2455467876234,35.728494891686,27.7163239978888
"144",40.0464540714163,41.2671450282842,44.8673238473056,45.5014834663812,39.0049537129734
"145",48.0665452351475,47.7696644901263,53.5887458597376,47.1303618698138,54.6179096670812
"146",28.7813781299144,28.6193997568025,30.540161121058,25.1268547010528,27.1718638421714
"147",41.5141611451239,43.0189226323088,35.8936306898467,40.8367964297109,44.7309558329408
"148",50.750426931658,55.1506393143464,59.6937074949891,52.1407196586986,53.3046993653415
"149",0,0,0,0,0
"150",34.765260632027,38.163483148723,39.7369803516586,39.1687525053107,38.3733714018466
"151",0,0,0,0,0
"152",36.3524027571638,36.1796475279249,37.8365118196142,41.119490525245,38.0292418337359
"153",32.047907691227,33.4629766604038,29.7658856162769,35.553458428011,36.8744287826285
"154",0,0,0,0,0
"155",42.074226751009,43.4946282303419,45.2622391089479,55.9857089898192,39.7696527206283
"156",35.5743764497771,36.6906482366131,33.4265137820767,36.6906482366131,34.8344913223908
"157",45.8554701262864,40.735419538238,45.9074967223122,52.0381129350525,52.0381129350525
"158",42.5334815711704,46.7396119738117,43.0776619321053,45.927034947836,45.2396691200325
"159",42.145388179188,41.9858320422302,39.3872078804363,45.1641976910302,44.6266656295291
"160",40.3598180448391,42.111622180728,38.916843014538,35.6566726010036,44.3580912424013
"161",32.3415954322516,32.8367145850368,32.6925168256455,38.9441633923782,36.6469343882973
"162",39.6648278464048,42.823012955488,46.162450359645,47.3573585927178,45.7180365688373
"163",49.4414138213174,53.3572841135656,50.2499013083403,55.2115435846769,48.5151820285715
"164",41.3226910887945,43.9965852332572,35.5276083268751,42.3368186677333,46.5886264081
"165",33.9780084703363,37.1672692737647,39.3552479608287,41.5761231396617,41.6596799010758
"166",32.0213836185197,35.2793416080358,39.3741990300038,39.4230634531993,40.0023424692999
"167",33.8269904502889,33.8269904502889,35.7290325616169,33.0135356693426,36.6168451625034
"168",0,0,0,0,0
"169",0,0,0,0,0
"170",47.4474124882589,49.0415612451553,42.367039035704,46.2133590784686,43.1887263240603
"171",49.1599146667684,51.0293790787482,47.2713356155863,50.3922205279622,54.5700172389119
"172",0,0,0,0,0
"173",55.442198148184,55.8008247842232,56.5740986446553,63.93801734063,52.814462745723
"174",0,0,0,0,0
"175",56.7943265069444,54.2360252231839,51.7421840816932,58.1045688970034,56.0294157046792
"176",0,0,0,0,0
"177",65.2644080189661,68.584822930537,68.7951684217735,72.2418463898244,63.9356158136107
"178",46.5817630589876,48.7573188673797,43.8154739587809,44.0993879631768,41.8660360304558
"179",0,0,0,0,0
"180",32.0170933401923,36.2881066288382,37.4434338244341,40.5688457754848,41.4809724046248
"181",36.5421586611672,45.2076266103443,44.0350413637533,41.8021368260237,40.7991495856283
"182",0,0,0,0,0
"183",0,0,0,0,0
"184",34.7739835280456,36.2277001369434,36.0128286652658,35.1815276435619,45.6696718203754
"185",57.9194217678273,57.9741816886641,60.2837230035504,61.5473456672951,69.5273098619748
"186",45.3514270764464,46.6009438291007,49.1082783244123,54.8039826907449,42.1888367375488
"187",40.4088382531297,40.8103362813491,43.4461682716721,39.6639703138599,40.972731233915
"188",41.6289735028749,47.3200270947204,46.6737935637155,48.7174957291264,46.6737935637155
"189",0,0,0,0,0
"190",32.9300116141092,38.068131163703,32.8331099367715,35.7553727217665,35.1510698964217
"191",0,0,0,0,0
"192",29.4038054616314,28.5327523873597,28.4428734094628,25.5594136538298,27.5303290345051
"193",29.8054424985195,33.9476985644216,30.8978346428382,43.5165659218656,36.333008283287
"194",50.7161016084001,53.1668237869889,53.7190907006392,40.6783259507798,52.2882615973039
"195",39.5751997154892,38.3584707906318,41.23655596166,54.0780411693325,41.0602279537294
"196",0,0,0,0,0
"197",0,0,0,0,0
"198",33.7632447893726,36.812113858225,36.3848362593067,37.7076190597384,37.303980571783
"199",34.3624670052096,37.1807176113056,34.5139713189941,38.7506214926695,30.8622763571231
"200",37.026591566262,33.5596781554556,32.9166474814296,45.315557371623,41.0566888062754
"201",39.1691009834665,36.7425094257598,31.9254736310831,40.0956203343901,36.6730978097654
"202",36.7658372533461,32.5659094322203,37.7029265385469,31.1523632317517,34.574027511909
"203",37.9237259901289,37.2760187589817,32.8157048288798,35.9593219998779,47.0888867722688
"204",48.1167691606528,49.0716056863437,43.4811373516885,40.7868158348532,45.5259396370944
"205",30.8996007402084,33.7599573350505,35.3711096459267,36.0203569347122,35.3711096459267
"206",37.399860992732,38.7057442401381,37.4565248770294,41.1327998540965,38.2822063335021
"207",50.9575356959879,49.223329817202,50.9575356959879,44.7305911884827,61.2272832015506
"208",37.3440547440601,40.7923580104403,39.5504467159366,43.5724709192048,40.2605496006045
"209",0,0,0,0,0
"210",36.8210033811162,41.9722615550298,39.9360072896889,34.5598199700569,44.3529289365273
"211",0,0,0,0,0
"212",34.1201284006449,39.6339665604142,37.1677289642055,40.2268270906953,39.1571428006772
"213",30.6806318394166,30.6806318394166,23.9602254858277,30.4745248271606,38.6639235005497
"214",0,0,0,0,0
"215",43.0938927420889,46.1730138266098,41.6455956984035,42.6597509549908,38.4922245913445
"216",33.4664051515245,34.0404832903207,39.7458085271244,33.7667755225794,32.3724114812348
"217",35.5484365637457,34.6288996977961,34.6288996977961,41.9065889974949,36.396909753737
"218",42.5993945952153,40.0361587174543,42.3752669048106,38.8039351395317,43.450499095562
"219",36.7381678009963,41.1102491805058,37.95097073821,27.2299190319862,42.9050957560418
"220",34.1012787742482,38.5845293106343,40.3962871053678,31.7163509003077,43.9415273696693
"221",29.2553564121909,34.9266758887366,29.8870149056163,30.4907595328294,32.7555135475888
"222",31.041871822458,31.802522656598,36.5046387429973,30.8926233585993,27.9678828475178
"223",46.5555993005896,45.4640537034454,45.2896861551212,48.9511725517634,48.8950858838998
"224",29.8996715979039,32.1373038237476,33.146354845709,36.4999049984935,36.9323617695746
"225",43.7926281618584,47.345408550509,43.7926281618584,49.0397059631723,45.9957786361152
"226",36.7526499078665,40.7402462416737,38.5671515122974,38.4794965150398,38.5671515122974
"227",47.1129598767175,48.7800285636128,53.6424193714012,48.0207471450134,61.7354078278067
"228",9.62882167540094,0,0,0,0
"229",36.9598199581067,40.8584479408706,46.1935621788989,44.9596696978963,33.9846329637727
"230",35.3784561926457,36.1600638030181,37.4173025495907,43.3940258153169,30.0155478728741
"231",0,0,0,0,0
"232",40.5192988217179,38.40220746037,38.40220746037,39.576258307793,40.5192988217179
"233",42.9978575047476,47.7382492769038,51.3265925125527,53.3064644102914,51.3265925125527
"234",35.4081896852136,36.3210331982883,36.0576673096995,34.5531590107439,33.3011061523838
"235",49.6450891462451,50.5934891690447,47.6270636076216,57.4001216247907,59.2076827994455
"236",34.6891380454947,37.6893819368077,33.0170239060595,44.7831391349269,35.5110078356935
"237",46.4211390793625,52.0882938576483,54.445737319557,51.4715137780247,47.9788458610908
"238",31.3430947408419,31.3910742198841,39.218604104851,33.4676230371375,32.0617052251663
"239",37.2321876782711,40.4129415920498,35.802022146931,38.4857799405549,43.1390903858385
"240",59.8430890936461,65.556883647447,59.1497194676469,73.9595991151658,62.6887845779998
"241",36.2752660727561,39.2463590154543,39.5714525920203,35.5899318907414,41.3607143870458
"242",51.9223624540406,49.293470007455,49.293470007455,56.102610900563,49.7993954359506
"243",36.9961143882177,41.7933071228025,41.6570711631172,39.0106275459804,39.584861629108
"244",33.0207065733228,38.8788895215045,35.3675222244629,39.2521991278111,32.8282053078084
"245",38.8336195246415,43.1929536879009,41.7516632353618,48.9751354247103,45.907332367271
"246",33.7361738356348,36.3285066800886,40.3438674536155,34.2690295419587,33.2528273794777
"247",3.38454709751331,0,0,0,0
"248",0,0,0,0,0
"249",0,0,0,0,0
"250",43.3439562559603,48.1388318632618,55.4087891835881,57.545016089236,44.3490771565937
"251",38.6157414253925,38.4387149089988,43.1186843144202,41.2858578023255,38.8597116020117
"252",42.1013396002679,45.2895373832179,52.2587860896207,45.8621692160107,49.7499846631927
"253",43.0485967414101,47.8871448800514,43.7650033218365,42.0754624893059,48.9862055349531
"254",0,0,0,0,0
"255",29.3148436832736,30.14915564369,31.6554755698188,29.8307938489724,37.853951426841
"256",39.2427422391267,43.0700047601231,39.0934337710499,43.646226481987,50.1536474016689
"257",32.4184936453867,33.2495663668914,32.4184936453867,33.9296367794782,35.4151756925136
"258",31.3878960348561,32.0624465608704,27.2184066658982,30.8650609781133,27.5312384634861
"259",0,0,0,0,0
"260",5.06274517680925,8.08233694959666,3.91018882599224,0,0
"261",0,0,0,0,0
"262",0.860456537748059,0,0,0,0
"263",36.1135941750016,47.790322907146,46.0655155097934,42.9536638917518,43.2915395250763
"264",39.4426942869439,40.1383980340712,40.420633042473,39.2522680273491,46.7810484582092
"265",55.0761943003409,59.0170989027432,60.1221911650371,56.6260226601845,55.7685551354717
"266",51.0880180233992,55.4166879280823,58.9339744693017,54.9667383768557,49.079082673182
"267",51.4570056766864,54.9191000857643,50.2997900837093,48.9059557960322,47.0482651450877
"268",36.5601614592639,43.318512830322,38.4395988686922,36.3527056158075,31.3860331226856
"269",53.8078483021323,57.468337763606,58.119689063034,55.9732512760838,56.9810489859931
"270",38.7898906128227,36.7619033289123,45.5619604593825,48.356162289216,40.072199176562
"271",0,0,0,0,0
"272",0,0,0,0,0
"273",47.2571607758757,47.2891321848269,47.4417708328569,52.8441420444539,59.5185636319093
"274",36.2477692342214,38.9409236351043,41.098086598495,39.0601470614629,40.5498838448366
"275",44.5207401402781,45.4592136282777,45.5788876956593,47.0090127607304,45.4544070767171
"276",0,0,0,0,0
"277",0,0,0,0,0
"278",41.0271981903034,42.954416766893,47.2642601749033,37.8752774072049,49.8733319555127
"279",34.8814455159818,32.023789291863,31.2363116087806,39.1426823393495,38.115203203058
"280",47.8520500316458,52.1749273976358,50.7811427636281,63.4487180450824,47.8679742851794
"281",45.3294834213098,45.2653393255696,48.2717771035656,44.3846177012079,44.3262026749377
"282",51.3366739852555,57.8602453612627,50.989539074122,45.2828601672591,58.8578641594902
"283",27.7957359143754,31.2331908049055,30.9942333670101,34.9206274600412,26.6827388576729
"284",34.045719013622,36.2952904644044,33.5626542225198,30.8665792256902,34.5491761564402
"285",34.0386097942687,38.4299520223428,32.4623075402859,34.023868936931,34.5842915124597
"286",0,0,0,0,0
"287",34.7888237760103,39.5663355915619,34.1697211817704,34.8803961020079,37.8961644615142
"288",28.7266795806993,31.5565582932964,32.4694030499158,26.0605985264241,33.4935963422519
"289",4.33821303581877,0,0,0,0
"290",33.6220992604434,37.9577177705395,33.4986405044973,36.9643122306407,41.7429387071548
"291",41.3192049976084,40.3216834176152,45.5313646029972,45.6340664480944,37.5238971805473
"292",0,0,0,0,0
"293",27.521084469346,27.4479652462329,28.0401328035716,19.847672028536,34.8066720261945
"294",42.3853361195449,42.3853361195449,46.115147030946,47.7773968903883,47.0778648369661
"295",34.0380727935149,39.5247557208961,39.4003220312993,39.6365897002198,33.3136880718685
"296",35.8000849728347,36.0962928182537,32.9748029661199,41.747582982416,35.4680024361327
"297",0,0,0,0,0
"298",0,0,0,0,0
"299",0,0,0,0,0
"300",34.5384665936669,35.5691883807724,36.7478048931456,14.9171884328976,33.3654995116136
"301",30.1363422085472,36.3338633466042,31.0559302375771,36.0798084304338,35.2470579296556
"302",40.8309641374419,44.9930057608473,43.3871512033268,46.6155194356994,39.4676459325653
"303",27.4467323630391,31.4590544359257,33.4251171070062,32.1394475358961,33.8259230788595
"304",35.9626242494323,40.2742538357093,38.9156620877446,32.8940878923759,42.7782712694685
"305",33.5117216712255,37.1429574535656,35.8164374322456,40.363655943867,30.4326140325975
"306",0,0,0,0,0
"307",39.5555764408105,42.2618346253839,48.1026776547462,42.6506803478773,30.6124242575076
"308",44.8468771203362,45.8591914119988,41.5219784104031,44.1807569001123,50.3342211574535
"309",30.2670324611822,35.9059131783728,32.2669392185926,34.2987343458451,38.3549281676947
"310",32.2757537298972,33.8756190984124,31.6078749017805,31.8230371279499,28.4681621016922
"311",25.5377160017835,28.566206284309,30.2047338449607,29.8217541358612,31.9707938135565
"312",37.881790209257,38.5504940037091,36.8224817291852,35.3467778742951,37.3371420751285
"313",30.252504720378,33.0632826116202,32.3883957701508,28.099514662704,34.4887461388938
"314",43.1475770447018,45.3670392441478,45.1100023507578,47.6450822867482,46.4653231916308
"315",32.4244336839824,37.7387596267981,38.9353922026036,24.3576639861891,39.710181568295
"316",5.61742656100477,0,0,0,0
"317",42.7059081206131,43.5773904096064,41.4989130765271,47.4492729522756,42.5876953705729
"318",46.3508992143302,51.2612268705517,47.5620024877208,47.6694462962702,42.5634073086744
"319",40.1275097036174,42.782377093774,41.9699787759977,37.8642482495103,43.4152858112568
"320",0,0,0,0,0
"321",31.4696590450921,31.8543800496459,27.686399366163,29.1929754040643,28.2200129692962
"322",0,0,0,0,0
"323",34.9565753195071,37.2977614047048,40.9442872239282,39.4971726497536,34.6242829912576
"324",25.334049713343,26.7763808161533,24.7602311081735,25.2217698585261,26.8218719021617
"325",30.0210516628142,27.7025201014186,31.0214517975596,31.2087785611387,39.9665551154925
"326",27.4842347089554,0,0,0,0
"327",31.3000649427721,32.9429027874958,39.2889928351534,30.4629626143396,34.2810821207009
"328",31.5184672329406,35.6319908192222,31.5184672329406,27.0211986830182,37.3830914416721
"329",32.4717294559178,30.9822682948008,29.3436767216837,37.4731735692697,35.6834183634043
"330",34.8653531843652,38.1713152774231,41.3363203117448,49.4273351785757,39.6961411746854
"331",33.7179040540859,37.6150061441555,37.6037527191296,44.1490050206878,32.8903264216769
"332",0,0,0,0,0
"333",34.1572126361008,32.4823140075709,37.9174834232447,31.985913045855,39.0997498906408
"334",31.579634128658,33.4742408146773,41.866746566489,34.6277936789185,31.1050384748503
"335",0,0,0,0,0
"336",0,0,0,0,0
"337",57.8260636413477,58.3251668289801,60.6731883294401,54.5974187173959,61.4301815234789
"338",38.5790390329754,37.621492756306,34.0301245547145,38.8379030340853,35.4285569720731
"339",40.6978156708826,38.2109690143737,44.4880974886318,40.6978156708826,41.4178194128563
"340",0,0,0,0,0
"341",39.169651042628,41.9462802963124,44.2553737280599,43.2145568888356,35.8202366321974
"342",27.3791375587492,29.4973605791243,29.5907079819735,22.9039730424275,27.8302436372701
"343",30.0683905443721,35.7281252506183,33.3380784976692,29.1558630559944,36.3954723992053
"344",32.5633838489738,37.2470758237082,40.8821256706858,37.1773233522764,35.4381590665209
"345",30.2214956982345,34.8174421365162,30.6998566061097,26.0196612343784,40.6337984940058
"346",0,0,0,0,0
"347",43.1878375612493,44.5421790989382,45.369736848497,43.1467319731467,48.1418082157185
"348",30.0748341904574,34.4078663669787,32.8640612168282,36.1125343947923,34.5848421520251
"349",30.0319225083069,33.0657077117652,36.9256938608423,40.9819043987592,43.2185378531809
"350",0,0,0,0,0
"351",30.4915772163622,31.6193208904066,30.69694161775,41.5617100799402,30.1010380915784
"352",34.6998817729324,35.8240067689542,33.4990658629646,39.4716832565288,34.5362787099172
"353",48.9067623227043,48.2644237613554,42.8549107247952,46.3981718813658,49.2890838815702
"354",37.074620331368,39.4972168867732,33.8291289868049,40.273353431237,42.6654606442332
"355",50.0669040709335,53.1961579823429,52.4624948485765,50.9044065874691,61.030735768712
"356",36.9161346008085,42.5081747537329,40.7906950281623,39.6059418711614,44.1002025368234
"357",28.7766118789278,29.3153843297123,30.0317040838806,28.7766118789278,27.224837737463
"358",33.0338310188686,34.7262114028298,33.0027790941336,30.2493611412705,37.616863384657
"359",30.4282228116803,34.4682079564599,37.1418874132589,42.5235016316511,37.8831484651107
"360",44.1004670890088,45.428798572065,44.8714939881082,43.2227516059879,41.505342682855
"361",29.0520695876332,28.6616516676355,30.0127393633566,32.4204953188866,28.3010214212648
"362",33.8059998573809,39.245086934507,37.650092524053,42.108204512922,35.5221780327397
"363",28.0686738446844,25.9986842223485,28.6128538737301,29.914908612687,28.166210757669
"364",47.9649435632754,49.669554577526,51.826531148815,56.0570159466555,50.8237484631157
"365",38.0047518368413,40.873162114939,41.0402335012734,43.9308396906101,38.8273458885161
"366",41.9197733878382,42.0024955893036,42.0834326680916,46.2904498082472,43.3548114318469
"367",0,0,0,0,0
"368",37.6008870695941,38.1010371533064,38.4551516407859,32.7232830677605,51.8527245827249
"369",40.497763043188,41.1704724473134,48.2721360759554,43.9063133637677,47.0215855671923
"370",40.1872302752635,40.020881500519,34.6088246857714,44.1676459670808,46.0351616955469
"371",36.9384047325322,38.582290150275,39.2427189684724,35.7253417188073,46.7218806719855
"372",33.4966430956707,34.3609293729742,37.59083071542,33.2586475318008,36.4068200577494
"373",42.1212280146075,46.1410453261784,50.2639159281441,44.2153581804362,47.3157116065105
"374",53.1503025768131,52.1529388209506,55.1505354207986,58.6473103683121,51.7099158011818
"375",41.1461224894947,40.8100779298877,40.9666181363468,41.7182896127648,44.7170598703946
"376",30.3327727117022,31.2576177348127,29.4669473259212,31.9100870070112,37.9391459631762
"377",0,0,0,0,0
"378",0,0,0,0,0
"379",30.9343312850254,33.1291131994858,33.5332851517409,37.0525961520709,33.4446093111298
"380",0,0,0,0,0
"381",4.59726236827715,0,0,0,0
"382",31.8276260068148,36.7808815077242,35.5939582050673,30.4198366249331,36.907456818399
"383",0,0,0,0,0
"384",52.5358103525904,57.0003387927552,55.2299189377971,48.4835938730458,51.5576973361792
"385",0,0,0,0,0
"386",28.0627350459007,30.1441670801691,27.4019670079871,35.8076475064113,28.5530292340871
"387",33.8552566848458,34.5925698896397,37.4728141071219,26.5849261998861,47.4071113224363
"388",0,0,0,0,0
"389",42.8701796200045,42.7220998090311,42.3438637755575,45.5686065805233,42.7220998090311
"390",0,0,0,0,0
"391",41.4264219405154,49.9622552375291,45.3252541708505,37.9740926942632,48.8121067535063
"392",0,0,0,0,0
"393",0,0,0,0,0
"394",68.3716639016554,67.0754118806473,68.0788096419738,73.0335094456621,74.1969277431797
"395",36.998241136338,38.6677319366317,33.6769152372143,35.8774886808455,38.375544080042
"396",27.7918251740554,32.4173882241139,26.2792804830605,34.1907897923342,28.2419846781476
"397",43.3940970097163,48.5775891475641,46.5249919964795,38.5346358015341,41.8436772929877
"398",37.7346892934615,37.9597863304905,41.2620391033711,41.1919754548276,48.314153572342
"399",0,0,0,0,0
"400",0,0,0,0,0
"401",34.0352788979733,37.0484485514581,34.831654166399,40.4905077401353,36.0192843852398
"402",44.9975357672096,49.4375071075452,47.5803860166097,50.8418825217308,42.4046911886618
"403",37.9003349530508,40.7137099702624,40.802971435079,38.3937844688194,39.2801532010072
"404",42.1530909664034,48.1760613383476,48.1760613383476,51.1626888106657,52.4008810535884
"405",14.0972843259767,0,0,0,0
"406",40.5160344952055,44.7645424480199,36.6797088596784,37.1927494782052,49.303411817128
"407",42.3167978889788,45.8826300496471,44.9689180867353,42.0799993691415,44.7176042202418
"408",0,0,0,0,0
"409",36.3288271991002,40.7567228684754,40.0246843165749,26.6079040070305,38.2528221466864
"410",45.3807842393601,49.2216576395178,49.6728927751181,46.7857756870152,43.8807707959338
"411",40.7902526210358,40.1462956248444,38.0010659368412,41.062931369528,44.5434874321182
"412",30.1878108423319,31.2241432235308,31.8622657701192,32.8196076490415,31.5844173302513
"413",43.855247601568,47.1196369948918,49.1796182496273,50.4390510645486,50.529259856217
"414",30.706923777261,27.7846077313108,31.9382064909343,38.4601679285121,35.768113553613
"415",34.6741939225249,37.7513365693253,36.9503484278336,35.3243408391771,35.3708481567599
"416",34.231385114326,37.5454068364626,39.9190291779655,33.2105403494177,46.4987318588838
"417",33.5547399999256,36.4156201638763,37.8978744609361,37.7137608869148,32.9814839781407
"418",52.6227410888561,52.3208931850881,53.6981401560946,60.2625814118151,52.7835463020865
"419",0,0,0,0,0
"420",0,0,0,0,0
"421",45.2141187958713,45.4238434782811,47.1860053874869,50.0151854635696,48.3568788280359
"422",33.5984952319734,31.0501241672656,35.0087782147217,33.8107157984193,36.5126563344907
"423",40.0639625017974,39.8654424904638,39.9672264128859,38.1326169637742,46.1774959454363
"424",57.8269701922675,55.8613820255116,57.9757357193267,51.8383584761491,57.9757357193267
"425",39.7524975266256,38.9783146779702,37.9201442654566,47.860395027163,37.9201442654566
"426",40.2274885978514,41.8497999105435,42.1245276895608,41.5205711600725,39.8779803652956
"427",0,0,0,0,0
"428",4.07694431886164,0,0,0,0
"429",48.6458234236825,48.6458234236825,48.8600249740168,45.7931191187454,54.6772840060592
"430",46.5324014631321,55.7863421825537,50.5552705848194,55.7863421825537,46.4254218759207
"431",0,0,0,0,0
"432",0,0,0,0,0
"433",43.3787686536422,47.3246666572122,37.5991435709665,42.3813319419103,51.7302899227354
"434",29.9718880658775,30.9996763910091,33.7956333742425,31.45454889949,25.8393999718426
"435",1.18996392193131,0,0,0,0
"436",5.57831095111522,0,0,0,0
"437",37.7522571061803,36.8107727280877,32.4963213295686,37.6122606639407,36.8771361420136
"438",33.9475505026549,36.4165048437675,37.1559110566034,27.7814213801625,33.254741001585
"439",55.9367323361025,52.4841100255555,56.7217892632072,62.2021842249633,52.3914543296409
"440",0,0,0,0,0
"441",42.7508076643342,45.686857947657,40.8740855931895,36.9978666606575,41.2990984129063
"442",17.0145249541176,0,0,0,0
"443",0,0,0,0,0
"444",33.9966310309089,36.5549671708765,42.6240212098751,41.1248691454159,37.5334489746884
"445",40.3160405552672,45.1780560295715,47.3976086065113,36.4144588825097,37.520296829179
"446",36.2481951745658,36.6132657290915,41.1926728215704,33.6357000724359,35.8324021507117
"447",32.6501772337156,37.0218792498128,34.2539907403879,36.226829945359,36.226829945359
"448",0,0,0,0,0
"449",33.3892377189069,35.2256959902513,37.9100593812568,37.3049153594594,42.8706212280177
"450",36.0936047427594,41.1523042921671,36.5452285951085,36.6172838695565,43.602929484068
"451",0,0,0,0,0
"452",35.3303507321329,40.3694482023627,37.3758414110376,43.3776695080872,38.2617083158204
"453",34.8186363358182,39.055642401802,38.3426249712387,40.2730426164353,35.3859668723251
"454",0,0,0,0,0
"455",41.3293271692744,41.9970118145067,42.9046899487585,34.8895315330549,42.1929031275655
"456",67.9517729094919,66.7733965670462,64.7771578462995,61.7583233071893,70.4625291997265
"457",0,0,0,0,0
"458",45.9447010643594,47.0464321305936,45.2264671570181,49.5674725010582,47.8543776469662
"459",0,0,0,0,0
"460",41.3509749484417,41.6502474428013,39.3230575462614,48.3583180933056,46.5709778243644
"461",38.558368174552,38.9676012110117,34.4987855562611,47.7657373934771,42.5414970004577
"462",0,0,0,0,0
"463",53.8305316666981,52.6135235203548,56.5843723977357,56.4983416916412,51.0098794318304
"464",40.7766561761863,36.1582910386234,42.1646902799289,43.3416000370212,38.9082577061755
"465",41.6855542464468,40.6297940278283,42.0363033583118,50.2392633624012,43.9433330356532
"466",49.2421187751309,59.1493779458035,59.0631597424825,61.0844711047314,54.5421794814765
"467",36.484041263155,40.116486793483,40.2135764600328,38.6421366484583,35.0501568351972
"468",29.3340222181832,30.9770553095586,29.2597640792504,24.651646757327,31.4069251703708
"469",41.1199771938324,46.6596806842066,45.0813646080731,43.6274154758621,50.7840261891564
"470",27.4510359184309,0,0,0,0
"471",47.1989813571269,51.9027430505595,47.2052110768027,50.6271177791779,46.9577597262421
"472",33.3994603894265,36.3455584343872,36.7624662598718,36.7624662598718,35.5870934334925
"473",33.3007286989415,38.2067653474523,33.3007286989415,38.2869308616905,33.9410168303538
"474",39.2176010321802,42.0174331069291,41.9099506452357,37.5779621588965,42.1079285394008
"475",50.7927201179489,52.4753544956244,51.893201899486,49.9629631230354,56.7456368797052
"476",40.6412016942156,40.6412016942156,43.4067765193747,43.2271618578403,37.1531867851173
"477",12.3806940702976,0,0,0,0
"478",45.7225370538373,50.7328757943435,47.7396590013613,55.6325385100711,46.7795406412747
"479",37.5728368852611,42.1842507014863,46.2157123926581,43.8566166284128,42.850000224288
"480",31.9663306932613,33.5100280879051,32.3443492381633,38.1937606206284,29.901752733072
"481",47.4890696535879,50.8627804241356,49.3025757582008,53.4627884206235,48.9634298996321
"482",0,0,0,0,0
"483",74.5757626904112,75.7989951737475,74.0559311368037,74.9043765591592,79.6062772749275
"484",4.11589498009007,0,0,0,0
"485",37.9243994109346,37.9243994109346,37.7343400468661,42.7659384782143,47.5393733636264
"486",56.0606496826379,55.94593910724,51.679279657992,54.6878850593748,55.7478267394268
"487",0,0,0,0,0
"488",0,0,0,0,0
"489",32.2233429256926,32.1269834953972,35.0172194481589,39.0256531155252,33.0695205268478
"490",0,0,0,0,0
"491",31.8839065584435,37.2329958057886,33.9623422238196,36.0480767727217,37.3162235915032
"492",0,0,0,0,0
"493",35.7526622869795,36.3496026551495,31.709796737426,38.4028304472482,31.9765688069797
"494",5.39235831325364,0,0,0,0
"495",43.7311362784738,43.7902423437791,42.9370041740503,43.7902423437791,43.7902423437791
"496",46.0367792809687,46.0396839480467,47.8260154636024,43.2976183125788,45.1586375172927
"497",35.4924709987415,38.4537260051084,38.8778785519443,38.2431446640248,44.8230692561821
"498",42.7751412916652,42.7751412916652,46.7512748037257,41.0756457859825,44.9346942917702
"499",31.5476341136733,37.4331639872526,31.1761309734418,28.9411902771894,39.2443342433242
"500",31.1151408897283,29.5027906694502,28.9902755119896,29.5027906694502,33.2044214420086
