"","age1_orange.P","age1_green.P","age2_no_comorbid_orange.P","age2_no_comorbid_green.P","age2_comorbid_green.P","age3_no_comorbid_green.P","age3_comorbid_green.P"
"1",1,0,1,0,0,0,0
"2",0,0,1,0,0,0,0
"3",16,0,17,0,0,1,0
"4",18,3,15,4,4,1,3
"5",0,0,1,0,0,0,0
"6",0,0,2,0,0,0,0
"7",2,0,2,0,0,0,0
"8",0,0,1,0,0,0,0
"9",0,0,1,0,0,0,0
"10",0,0,1,0,0,0,0
"11",0,0,1,0,0,0,0
"12",0,0,1,0,0,0,0
"13",1,0,1,0,0,0,0
"14",22,0,15,0,0,0,0
"15",0,0,1,0,0,0,0
"16",0,0,1,0,0,0,0
"17",1,0,1,0,0,0,0
"18",20,0,10,0,1,0,0
"19",0,0,1,0,0,0,0
"20",25,1,22,1,1,2,2
"21",18,0,22,1,0,0,0
"22",1,0,3,0,0,0,0
"23",0,0,1,0,0,0,0
"24",0,0,1,0,0,0,0
"25",17,0,9,0,0,0,0
"26",0,0,1,0,0,0,0
"27",0,0,1,0,0,0,0
"28",0,0,1,0,0,0,0
"29",20,0,14,0,0,0,0
"30",15,0,14,0,0,0,0
"31",18,4,10,2,2,1,1
"32",18,0,14,0,0,0,0
"33",1,0,1,0,0,0,0
"34",18,0,17,0,0,0,0
"35",0,0,1,0,0,0,0
"36",15,0,14,0,0,0,0
"37",0,0,1,0,0,0,0
"38",0,0,1,0,0,0,0
"39",1,0,1,0,0,0,0
"40",12,0,12,0,0,0,0
"41",0,0,1,0,0,0,0
"42",0,0,1,0,0,0,0
"43",0,0,1,0,0,0,0
"44",0,0,1,0,0,0,0
"45",16,1,11,1,1,0,0
"46",11,0,9,0,0,0,0
"47",13,0,14,0,0,0,0
"48",17,0,19,0,0,0,0
"49",0,0,2,0,0,0,0
"50",17,0,16,0,0,0,0
"51",0,0,1,0,0,0,0
"52",21,0,11,0,0,0,0
"53",0,0,1,0,0,0,0
"54",0,0,1,0,0,0,0
"55",0,0,1,0,0,0,0
"56",0,0,1,0,0,0,0
"57",0,0,1,0,0,0,0
"58",0,0,1,0,0,0,0
"59",19,0,20,0,0,0,0
"60",2,0,1,0,0,0,0
"61",17,0,13,0,0,0,0
"62",10,0,8,0,0,0,0
"63",19,0,15,0,0,0,0
"64",13,0,16,0,0,0,0
"65",0,0,1,0,0,0,0
"66",20,1,17,2,3,1,1
"67",23,0,17,0,0,0,0
"68",14,0,16,0,0,0,0
"69",16,0,13,0,0,0,0
"70",0,0,1,0,0,0,0
"71",17,1,26,1,2,0,3
"72",16,0,16,0,0,0,0
"73",2,0,2,0,0,0,0
"74",12,0,12,0,0,0,0
"75",21,0,16,0,0,0,0
"76",13,0,9,0,0,0,0
"77",17,3,15,2,3,1,3
"78",17,0,14,0,0,0,0
"79",0,0,1,0,0,0,0
"80",14,0,16,0,0,0,0
"81",0,0,1,0,0,0,0
"82",14,0,12,0,0,0,0
"83",1,0,2,0,0,0,0
"84",15,1,12,0,1,1,0
"85",0,0,1,0,0,0,0
"86",0,0,1,0,0,0,0
"87",0,0,1,0,0,0,0
"88",0,0,1,0,0,0,0
"89",0,0,1,0,0,0,0
"90",0,0,1,0,0,0,0
"91",15,2,14,2,3,2,2
"92",1,0,1,0,0,0,0
"93",19,0,19,0,0,0,0
"94",0,0,1,0,0,0,0
"95",0,0,1,0,0,0,0
"96",16,0,17,0,0,1,0
"97",0,0,1,0,0,0,0
"98",22,0,16,0,0,0,0
"99",0,0,1,0,0,0,0
"100",0,0,1,0,0,0,0
"101",0,0,1,0,0,0,0
"102",18,1,17,2,1,1,1
"103",0,0,1,0,0,0,0
"104",0,0,1,0,0,0,0
"105",0,0,1,0,0,0,0
"106",19,0,17,0,0,0,0
"107",0,0,1,0,0,0,0
"108",1,0,1,0,0,0,0
"109",17,0,13,0,0,0,0
"110",20,5,14,2,5,2,2
"111",0,0,1,0,0,0,0
"112",13,0,8,1,0,0,0
"113",0,0,1,0,0,0,0
"114",15,0,18,0,0,0,0
"115",0,0,1,0,0,0,0
"116",15,0,15,0,0,0,0
"117",0,0,1,0,0,0,0
"118",1,0,1,0,0,0,0
"119",0,0,1,0,0,0,0
"120",17,0,17,0,0,0,1
"121",0,0,1,0,0,0,0
"122",0,0,1,0,0,0,0
"123",15,0,15,0,0,0,0
"124",11,0,13,0,0,0,0
"125",0,0,1,0,0,0,0
"126",0,0,1,0,0,0,0
"127",11,0,14,0,0,0,0
"128",20,0,11,0,0,0,0
"129",13,0,11,0,0,0,0
"130",0,0,1,0,0,0,0
"131",12,2,12,2,4,2,1
"132",25,0,16,0,0,0,0
"133",13,3,12,5,5,1,1
"134",1,0,1,0,0,0,0
"135",17,3,20,2,4,2,2
"136",1,0,1,0,0,0,0
"137",0,0,1,0,0,0,0
"138",14,0,12,1,0,0,0
"139",13,0,6,0,0,0,0
"140",0,0,1,0,0,0,0
"141",0,0,1,0,0,0,0
"142",12,0,11,0,0,0,0
"143",11,0,9,0,0,0,0
"144",0,0,1,0,0,0,0
"145",12,3,16,2,3,1,1
"146",17,0,15,0,0,0,0
"147",1,0,1,0,0,0,0
"148",0,0,3,0,0,0,0
"149",1,0,1,0,0,0,0
"150",0,0,1,0,0,0,0
"151",0,0,1,0,0,0,0
"152",1,0,1,0,0,0,0
"153",18,0,14,0,0,0,0
"154",0,0,1,0,0,0,0
"155",17,0,13,0,0,0,0
"156",17,0,23,0,1,0,0
"157",1,0,1,0,0,0,0
"158",0,0,1,0,0,0,0
"159",0,0,1,0,0,0,0
"160",0,0,1,0,0,0,0
"161",11,0,9,0,0,0,0
"162",1,0,1,0,0,0,0
"163",2,0,2,0,0,0,0
"164",0,0,1,0,0,0,0
"165",1,0,2,0,0,0,0
"166",13,0,16,0,0,0,0
"167",14,0,12,0,1,0,0
"168",19,0,19,0,0,0,0
"169",15,1,11,0,1,0,0
"170",0,0,1,0,0,0,0
"171",0,0,1,0,0,0,0
"172",0,0,1,0,0,0,0
"173",0,0,1,0,0,0,0
"174",0,0,1,0,0,0,0
"175",14,0,13,0,0,0,0
"176",17,0,16,0,0,0,0
"177",15,0,10,0,0,0,0
"178",12,2,12,2,4,0,3
"179",0,0,1,0,0,0,0
"180",9,0,7,0,0,0,0
"181",1,0,1,0,0,0,0
"182",0,0,2,0,0,0,0
"183",0,0,1,0,0,0,0
"184",0,0,1,0,0,0,0
"185",17,0,16,1,0,0,1
"186",0,0,1,0,0,0,0
"187",13,0,19,0,0,0,0
"188",1,0,1,0,0,0,0
"189",17,0,15,0,0,0,0
"190",0,0,1,0,0,0,0
"191",0,0,1,0,0,0,0
"192",0,0,1,0,0,0,0
"193",0,0,1,0,0,0,0
"194",9,0,10,0,0,0,0
"195",1,0,1,0,0,0,0
"196",0,0,1,0,0,0,0
"197",13,0,15,0,0,0,0
"198",22,0,21,0,0,0,0
"199",21,0,16,0,0,0,0
"200",0,0,1,0,0,0,0
"201",15,0,14,0,0,0,0
"202",0,0,1,0,0,0,0
"203",0,0,1,0,0,0,0
"204",1,0,1,0,0,0,0
"205",19,0,20,0,0,0,0
"206",22,0,16,0,0,0,0
"207",0,0,1,0,0,0,0
"208",0,0,1,0,0,0,0
"209",2,0,4,0,0,0,0
"210",22,0,18,0,1,0,0
"211",11,0,9,0,0,1,0
"212",22,0,26,0,0,0,0
"213",14,0,11,0,0,0,0
"214",13,0,11,1,0,0,1
"215",16,0,14,0,0,0,0
"216",18,0,16,0,0,0,0
"217",0,0,1,0,0,0,0
"218",17,0,18,0,0,0,0
"219",13,2,12,1,1,0,0
"220",0,0,1,0,0,0,0
"221",4,0,2,0,0,0,0
"222",18,1,16,1,2,1,1
"223",0,0,1,0,0,0,0
"224",0,0,1,0,0,0,0
"225",21,0,20,0,0,0,0
"226",15,0,20,0,0,0,0
"227",11,1,8,0,0,0,0
"228",16,0,11,0,0,0,0
"229",1,0,1,0,0,0,0
"230",1,0,1,0,0,0,0
"231",22,0,16,0,0,0,0
"232",20,0,17,0,0,0,0
"233",1,0,1,0,0,0,0
"234",13,1,11,0,1,1,0
"235",13,4,15,3,4,2,3
"236",0,0,1,0,0,0,0
"237",17,0,15,0,0,0,0
"238",0,0,1,0,0,0,0
"239",2,0,2,0,0,0,0
"240",17,2,12,2,4,2,4
"241",16,0,16,0,0,0,0
"242",0,0,1,0,0,0,0
"243",13,0,10,0,0,0,0
"244",20,0,15,0,0,0,0
"245",12,0,10,0,0,0,0
"246",0,0,1,0,0,0,0
"247",0,0,1,0,0,0,0
"248",15,0,13,0,0,0,0
"249",0,0,1,0,0,0,0
"250",0,0,1,0,0,0,0
"251",0,0,1,0,0,0,0
"252",24,0,18,0,0,0,0
"253",16,0,15,0,1,0,0
"254",0,0,1,0,0,0,0
"255",14,0,13,0,0,0,0
"256",1,0,1,0,0,0,0
"257",2,0,1,0,0,0,0
"258",0,0,1,0,0,0,0
"259",9,0,6,0,0,0,0
"260",0,0,1,0,0,0,0
"261",0,0,1,0,0,0,0
"262",12,0,17,0,0,0,0
"263",0,0,1,0,0,0,0
"264",0,0,1,0,0,0,0
"265",13,0,11,0,0,0,0
"266",0,0,1,0,0,0,0
"267",17,0,16,0,0,0,0
"268",0,0,1,0,0,0,0
"269",0,0,1,0,0,0,0
"270",12,0,12,0,0,0,0
"271",0,0,1,0,0,0,0
"272",10,0,10,0,0,0,0
"273",12,0,11,0,0,0,0
"274",17,0,11,0,0,0,0
"275",18,0,10,0,1,0,0
"276",1,0,1,0,0,0,0
"277",16,0,12,0,0,0,0
"278",0,0,1,0,0,0,0
"279",0,0,1,0,0,0,0
"280",4,0,2,0,0,0,0
"281",0,0,1,0,0,0,0
"282",20,0,11,0,0,0,0
"283",16,0,12,0,0,0,0
"284",14,0,12,1,0,0,1
"285",0,0,1,0,0,0,0
"286",12,0,14,0,0,0,0
"287",10,0,8,0,0,0,0
"288",15,0,13,0,0,0,0
"289",1,0,2,0,0,0,0
"290",15,0,10,0,0,0,0
"291",0,0,1,0,0,0,0
"292",0,0,1,0,0,0,0
"293",19,0,14,0,0,0,0
"294",25,0,18,0,0,0,0
"295",17,0,13,0,0,0,0
"296",0,0,1,0,0,0,0
"297",2,0,1,0,0,0,0
"298",2,0,1,0,0,0,0
"299",0,0,1,0,0,0,0
"300",0,0,1,0,0,0,0
"301",0,0,1,0,0,0,0
"302",0,0,1,0,0,0,0
"303",1,0,2,0,0,0,0
"304",0,0,1,0,0,0,0
"305",25,0,20,0,0,0,0
"306",17,0,12,0,0,0,0
"307",1,0,1,0,0,0,0
"308",15,0,11,0,0,0,0
"309",11,0,10,0,0,0,0
"310",14,3,16,3,4,1,2
"311",1,0,1,0,0,0,0
"312",0,0,1,0,0,0,0
"313",23,0,15,0,0,0,0
"314",20,0,17,0,1,0,0
"315",18,0,14,0,0,0,0
"316",10,0,10,0,0,0,0
"317",12,0,13,0,0,0,1
"318",1,0,2,0,0,0,0
"319",14,0,13,0,0,0,0
"320",0,0,1,0,0,0,0
"321",17,0,13,0,0,0,0
"322",0,0,1,0,0,0,0
"323",13,0,10,0,0,0,0
"324",24,0,18,0,0,0,0
"325",0,0,1,0,0,0,0
"326",14,3,12,2,3,1,2
"327",0,0,1,0,0,0,0
"328",0,0,1,0,0,0,0
"329",14,0,13,0,0,0,0
"330",23,4,18,3,4,3,3
"331",0,0,1,0,0,0,0
"332",0,0,1,0,0,0,0
"333",0,0,1,0,0,0,0
"334",15,0,14,0,0,0,0
"335",0,0,1,0,0,0,0
"336",0,0,1,0,0,0,0
"337",19,0,17,0,0,0,0
"338",1,0,1,0,0,0,0
"339",20,0,17,0,0,0,0
"340",0,0,1,0,0,0,0
"341",0,0,1,0,0,0,0
"342",0,0,1,0,0,0,0
"343",13,1,13,0,1,0,0
"344",0,0,1,0,0,0,0
"345",1,0,1,0,0,0,0
"346",16,1,12,0,0,1,0
"347",17,0,11,0,0,0,0
"348",16,5,17,3,4,2,2
"349",0,0,1,0,0,0,0
"350",13,0,16,0,0,0,0
"351",0,0,1,0,0,0,0
"352",0,0,1,0,0,0,0
"353",21,0,18,0,0,0,0
"354",2,0,1,0,0,0,0
"355",19,0,17,0,0,0,0
"356",0,0,1,0,0,0,0
"357",0,0,1,0,0,0,0
"358",22,3,20,3,4,2,2
"359",0,0,1,0,0,0,0
"360",0,0,1,0,0,0,0
"361",2,0,1,0,0,0,0
"362",23,0,19,0,0,0,0
"363",0,0,1,0,0,0,0
"364",21,1,12,1,2,0,1
"365",15,0,16,0,0,0,0
"366",16,0,16,0,0,0,0
"367",15,3,17,6,4,1,3
"368",17,0,21,0,0,0,0
"369",15,0,11,0,0,0,0
"370",21,0,19,0,0,0,0
"371",14,0,12,0,0,0,0
"372",0,0,1,0,0,0,0
"373",1,0,1,0,0,0,0
"374",0,0,1,0,0,0,0
"375",0,0,1,0,0,0,0
"376",0,0,1,0,0,0,0
"377",0,0,1,0,0,0,0
"378",17,0,13,0,0,0,0
"379",1,0,2,0,0,0,0
"380",2,0,2,0,0,0,0
"381",12,0,10,0,0,0,0
"382",0,0,1,0,0,0,0
"383",20,1,12,0,1,1,1
"384",1,0,1,0,0,0,0
"385",0,0,1,0,0,0,0
"386",20,0,17,0,0,0,0
"387",1,0,1,0,0,0,0
"388",0,0,1,0,0,0,0
"389",11,1,11,0,1,1,0
"390",21,0,12,1,0,0,0
"391",0,0,1,0,0,0,0
"392",17,1,19,1,1,1,1
"393",15,0,12,0,0,0,0
"394",0,0,1,0,0,0,0
"395",18,0,10,0,0,0,0
"396",0,0,1,0,0,0,0
"397",0,0,1,0,0,0,0
"398",14,3,15,2,3,2,1
"399",0,0,1,0,0,0,0
"400",0,0,1,0,0,0,0
"401",17,1,16,0,0,0,1
"402",0,0,1,0,0,0,0
"403",18,0,10,0,0,0,0
"404",12,0,15,0,0,0,0
"405",20,1,16,2,1,0,1
"406",19,0,18,0,0,0,0
"407",1,0,1,0,0,0,0
"408",2,0,3,0,0,0,0
"409",16,0,17,0,0,0,0
"410",15,0,9,0,0,0,0
"411",0,0,1,0,0,0,0
"412",14,2,15,5,3,1,3
"413",0,0,1,0,0,0,0
"414",1,0,1,0,0,0,0
"415",20,0,13,0,0,0,0
"416",18,0,16,0,0,0,0
"417",0,0,1,0,0,0,0
"418",23,0,18,0,0,0,0
"419",20,0,17,0,0,0,0
"420",0,0,1,0,0,0,0
"421",1,0,1,0,0,0,0
"422",18,1,17,0,0,0,0
"423",0,0,1,0,0,0,0
"424",12,0,11,0,1,0,0
"425",22,0,19,0,0,0,0
"426",15,0,14,0,0,0,0
"427",1,0,1,0,0,0,0
"428",0,0,1,0,0,0,0
"429",1,0,1,0,0,0,0
"430",1,0,1,0,0,0,0
"431",13,0,15,0,0,0,0
"432",2,0,1,0,0,0,0
"433",16,0,14,0,1,0,0
"434",15,5,13,5,4,3,2
"435",1,0,1,0,0,0,0
"436",0,0,1,0,0,0,0
"437",0,0,1,0,0,0,0
"438",0,0,1,0,0,0,0
"439",0,0,1,0,0,0,0
"440",0,0,1,0,0,0,0
"441",12,0,17,0,0,0,0
"442",3,0,2,0,0,0,0
"443",17,1,12,0,3,0,0
"444",23,1,19,0,0,0,0
"445",0,0,1,0,0,0,0
"446",21,0,15,0,0,0,0
"447",0,0,1,0,0,0,0
"448",17,0,12,0,1,0,0
"449",16,0,15,0,0,0,0
"450",18,0,17,0,1,1,1
"451",3,0,2,0,0,0,0
"452",0,0,1,0,0,0,0
"453",13,0,11,0,0,0,0
"454",16,0,13,0,0,0,0
"455",0,0,1,0,0,0,0
"456",20,0,19,0,0,0,0
"457",2,0,1,0,0,0,0
"458",0,0,1,0,0,0,0
"459",16,1,12,3,3,1,1
"460",0,0,1,0,0,0,0
"461",12,0,12,0,0,0,0
"462",25,0,18,0,0,0,0
"463",21,2,23,1,4,2,2
"464",2,0,3,0,0,0,1
"465",27,0,18,0,1,0,0
"466",0,0,1,0,0,0,0
"467",0,0,1,0,0,0,0
"468",0,0,1,0,0,0,0
"469",1,0,1,0,0,0,0
"470",0,0,1,0,0,0,0
"471",0,0,1,0,0,0,0
"472",14,0,12,0,0,0,0
"473",22,0,17,0,0,0,0
"474",11,2,10,3,5,1,4
"475",21,0,15,0,0,0,1
"476",0,0,1,0,0,0,0
"477",0,0,1,0,0,0,0
"478",0,0,1,0,0,0,0
"479",0,0,1,0,0,0,0
"480",0,0,1,0,0,0,0
"481",14,0,22,0,1,0,0
"482",0,0,1,0,0,0,0
"483",1,0,1,0,0,0,0
"484",8,0,8,0,0,0,0
"485",17,0,11,0,0,0,0
"486",17,0,16,0,0,0,0
"487",14,0,13,0,0,0,0
"488",17,0,15,0,1,0,0
"489",0,0,1,0,0,0,0
"490",0,0,1,0,0,0,0
"491",18,0,18,0,0,0,0
"492",19,0,19,0,0,0,0
"493",0,0,1,0,0,0,0
"494",0,0,1,0,0,0,0
"495",17,0,17,0,0,0,0
"496",0,0,1,0,0,0,0
"497",13,0,13,0,0,0,0
"498",15,0,11,0,0,0,0
"499",2,0,1,0,0,0,0
"500",0,0,1,0,0,0,0
"501",22,0,16,0,0,0,0
"502",0,0,1,0,0,0,0
"503",0,0,1,0,0,0,0
"504",0,0,1,0,0,0,0
"505",0,0,1,0,0,0,0
"506",0,0,1,0,0,0,0
"507",1,0,1,0,0,0,0
"508",21,0,20,0,0,0,0
"509",17,0,22,0,0,0,0
"510",15,0,10,1,0,0,0
"511",0,0,1,0,0,0,0
"512",17,0,20,0,0,0,1
"513",0,0,1,0,0,0,0
"514",0,0,1,0,0,0,0
"515",10,0,14,0,0,0,0
"516",0,0,1,0,0,0,0
"517",20,0,14,0,0,0,0
"518",17,0,16,0,0,0,0
"519",0,0,1,0,0,0,0
"520",2,0,3,0,0,0,0
"521",14,3,8,4,6,1,2
"522",1,0,1,0,0,0,0
"523",0,0,1,0,0,0,0
"524",0,0,1,0,0,0,0
"525",17,0,14,0,0,0,0
"526",7,0,7,0,0,0,0
"527",1,0,1,0,0,0,0
"528",1,0,1,0,0,0,0
"529",0,0,1,0,0,0,0
"530",0,0,1,0,0,0,0
"531",15,0,18,0,0,0,0
"532",2,0,1,0,0,0,0
"533",13,0,17,0,0,0,0
"534",19,5,22,2,4,2,1
"535",0,0,1,0,0,0,0
"536",1,0,1,0,0,0,0
"537",16,2,16,1,2,1,0
"538",0,0,1,0,0,0,0
"539",0,0,1,0,0,0,0
"540",16,0,18,0,1,0,0
"541",0,0,1,0,0,0,0
"542",0,0,1,0,0,0,0
"543",21,0,18,0,0,0,0
"544",0,0,1,0,0,0,0
"545",0,0,1,0,0,0,0
"546",0,0,1,0,0,0,0
"547",1,0,1,0,0,0,0
"548",1,0,1,0,0,0,0
"549",12,2,12,1,2,1,1
"550",0,0,1,0,0,0,0
"551",20,1,15,1,1,1,0
"552",0,0,1,0,0,0,0
"553",0,0,2,0,0,0,0
"554",0,0,1,0,0,0,0
"555",0,0,1,0,0,0,0
"556",23,0,22,0,0,0,0
"557",17,0,15,0,0,0,0
"558",0,0,1,0,0,0,0
"559",1,0,1,0,0,0,0
"560",0,0,1,0,0,0,0
"561",2,0,1,0,0,0,0
"562",21,0,17,0,0,0,0
"563",18,0,14,0,0,0,0
"564",0,0,1,0,0,0,0
"565",0,0,1,0,0,0,0
"566",15,0,13,0,1,0,0
"567",18,0,15,1,0,0,0
"568",17,0,13,0,0,0,0
"569",18,0,21,0,0,1,0
"570",1,0,3,0,0,0,0
"571",0,0,1,0,0,0,0
"572",24,0,17,0,0,0,1
"573",0,0,1,0,0,0,0
"574",3,0,1,0,0,0,0
"575",15,0,16,0,0,0,0
"576",19,0,15,0,0,0,0
"577",0,0,1,0,0,0,0
"578",0,0,1,0,0,0,0
"579",0,0,1,0,0,0,0
"580",19,0,17,0,0,0,0
"581",0,0,1,0,0,0,0
"582",11,0,12,0,0,0,0
"583",14,0,11,1,0,0,0
"584",0,0,1,0,0,0,0
"585",0,0,1,0,0,0,0
"586",1,0,1,0,0,0,0
"587",0,0,1,0,0,0,0
"588",2,0,1,0,0,0,0
"589",0,0,1,0,0,0,0
"590",0,0,2,0,0,0,0
"591",0,0,1,0,0,0,0
"592",1,0,1,0,0,0,0
"593",10,0,9,0,0,0,0
"594",10,0,11,0,0,0,0
"595",0,0,1,0,0,0,0
"596",1,0,1,0,0,0,0
"597",13,0,13,0,0,0,0
"598",16,0,17,0,0,0,0
"599",1,0,1,0,0,0,0
"600",10,0,9,0,0,0,0
"601",0,0,1,0,0,0,0
"602",1,0,1,0,0,0,0
"603",17,0,19,0,0,0,0
"604",17,0,18,0,1,0,0
"605",18,1,16,0,0,0,0
"606",19,0,14,0,0,0,0
"607",0,0,1,0,0,0,0
"608",1,0,1,0,0,0,0
"609",15,0,12,0,0,0,0
"610",1,0,1,0,0,0,0
"611",19,0,18,0,0,0,0
"612",16,0,13,0,0,0,0
"613",12,2,10,1,3,0,0
"614",0,0,1,0,0,0,0
"615",14,0,12,0,0,0,0
"616",11,0,10,0,0,0,0
"617",15,0,13,0,0,0,0
"618",13,0,15,0,0,0,0
"619",16,0,13,0,0,0,0
"620",18,0,21,0,1,0,0
"621",0,0,1,0,0,0,0
"622",14,0,17,0,0,0,0
"623",0,0,1,0,0,0,0
"624",16,0,14,0,0,0,0
"625",1,0,1,0,0,0,0
"626",2,0,2,0,0,0,0
"627",15,0,22,0,0,0,0
"628",15,4,11,5,4,3,3
"629",14,0,15,0,0,0,0
"630",1,0,1,0,0,0,0
"631",0,0,1,0,0,0,0
"632",0,0,1,0,0,0,0
"633",0,0,1,0,0,0,0
"634",1,0,1,0,0,0,0
"635",0,0,1,0,0,0,0
"636",0,0,1,0,0,0,0
"637",22,0,12,0,0,0,0
"638",0,0,1,0,0,0,0
"639",0,0,1,0,0,0,0
"640",0,0,1,0,0,0,0
"641",9,0,9,0,0,0,0
"642",18,0,16,0,0,1,0
"643",0,0,1,0,0,0,0
"644",0,0,1,0,0,0,0
"645",15,0,11,0,0,0,0
"646",0,0,1,0,0,0,0
"647",16,0,14,0,0,0,0
"648",19,2,20,2,2,2,2
"649",13,2,14,2,2,1,1
"650",1,0,1,0,0,0,0
"651",13,0,9,0,0,1,1
"652",0,0,1,0,0,0,0
"653",0,0,1,0,0,0,0
"654",0,0,1,0,0,0,0
"655",1,0,2,0,0,0,0
"656",1,0,2,0,0,0,0
"657",1,0,1,0,0,0,0
"658",20,0,22,0,0,0,0
"659",0,0,1,0,0,0,0
"660",1,0,2,0,0,0,0
"661",16,0,15,0,0,1,0
"662",0,0,1,0,0,0,0
"663",15,0,14,0,0,0,0
"664",0,0,1,0,0,0,0
"665",12,0,11,0,0,0,0
"666",0,0,1,0,0,0,0
"667",0,0,1,0,0,0,0
"668",0,0,1,0,0,0,0
"669",12,0,11,0,0,0,0
"670",22,0,19,0,0,0,0
"671",21,2,16,2,3,1,2
"672",0,0,1,0,0,0,0
"673",0,0,1,0,0,0,0
"674",0,0,1,0,0,0,0
"675",24,0,21,0,0,0,0
"676",0,0,1,0,0,0,0
"677",0,0,1,0,0,0,0
"678",1,0,1,0,0,0,0
"679",1,0,1,0,0,0,0
"680",13,0,10,0,0,0,0
"681",19,0,18,0,0,0,0
"682",0,0,1,0,0,0,0
"683",0,0,1,0,0,0,0
"684",0,0,1,0,0,0,0
"685",17,2,14,3,3,1,2
"686",19,0,16,0,0,0,0
"687",0,0,1,0,0,0,0
"688",0,0,1,0,0,0,0
"689",16,0,15,1,0,0,1
"690",0,0,1,0,0,0,0
"691",19,0,16,0,0,0,0
"692",19,0,10,0,0,0,0
"693",1,0,1,0,0,0,0
"694",21,0,11,0,0,0,0
"695",14,0,9,0,0,0,0
"696",18,0,14,0,0,0,0
"697",0,0,1,0,0,0,0
"698",15,0,11,0,0,0,0
"699",20,2,14,1,2,1,2
"700",0,0,1,0,0,0,0
"701",0,0,1,0,0,0,0
"702",0,0,1,0,0,0,0
"703",1,0,1,0,0,0,0
"704",11,0,10,1,0,0,0
"705",14,0,14,0,0,0,0
"706",1,0,3,0,0,0,0
"707",18,0,10,0,0,0,0
"708",1,0,1,0,0,0,0
"709",0,0,2,0,0,0,0
"710",0,0,1,0,0,0,0
"711",1,0,1,0,0,0,0
"712",1,0,2,0,0,0,0
"713",2,0,1,0,0,0,0
"714",1,0,2,0,0,0,0
"715",0,0,1,0,0,0,0
"716",18,0,10,0,0,0,0
"717",0,0,1,0,0,0,0
"718",12,2,10,3,3,1,2
"719",13,0,8,0,0,0,0
"720",16,0,10,0,0,0,0
"721",19,0,15,1,0,0,1
"722",17,0,17,0,0,0,0
"723",0,0,1,0,0,0,0
"724",0,0,1,0,0,0,0
"725",10,0,14,0,0,0,0
"726",20,0,17,0,0,0,0
"727",13,0,14,0,0,0,0
"728",17,1,14,0,0,0,0
"729",17,0,10,0,1,0,0
"730",3,0,1,0,0,0,0
"731",18,0,16,0,0,0,0
"732",0,0,1,0,0,0,0
"733",0,0,1,0,0,0,0
"734",15,0,22,0,0,0,0
"735",0,0,1,0,0,0,0
"736",0,0,1,0,0,0,0
"737",0,0,1,0,0,0,0
"738",12,0,15,0,0,0,0
"739",18,0,14,0,0,0,0
"740",18,0,12,0,0,0,0
"741",13,0,17,0,0,0,0
"742",1,0,1,0,0,0,0
"743",14,0,11,0,0,0,0
"744",1,0,1,0,0,0,0
"745",0,0,1,0,0,0,0
"746",20,0,13,0,1,0,0
"747",1,0,1,0,0,0,0
"748",1,0,1,0,0,0,0
"749",1,0,1,0,0,0,0
"750",11,3,12,3,5,3,5
"751",20,0,12,0,1,1,0
"752",1,0,1,0,0,0,0
"753",19,0,19,0,0,0,0
"754",1,0,1,0,0,0,0
"755",15,0,18,0,0,0,0
"756",19,3,17,3,6,1,2
"757",24,0,21,0,0,0,0
"758",15,0,16,0,0,0,0
"759",1,0,1,0,0,0,0
"760",2,0,1,0,0,0,0
"761",0,0,1,0,0,0,0
"762",18,0,16,0,0,0,0
"763",18,5,17,3,3,1,2
"764",13,4,13,2,3,3,2
"765",16,0,13,0,0,0,0
"766",0,0,1,0,0,0,0
"767",12,0,11,0,1,0,0
"768",13,0,14,0,0,0,0
"769",0,0,1,0,0,0,0
"770",0,0,1,0,0,0,0
"771",0,0,1,0,0,0,0
"772",2,0,1,0,0,0,0
"773",1,0,1,0,0,0,0
"774",21,0,18,0,0,0,0
"775",0,0,1,0,0,0,0
"776",14,0,14,0,0,0,0
"777",16,0,18,0,0,0,0
"778",0,0,1,0,0,0,0
"779",20,0,14,1,1,0,1
"780",0,0,1,0,0,0,0
"781",0,0,1,0,0,0,0
"782",0,0,1,0,0,0,0
"783",16,0,17,2,1,1,1
"784",0,0,1,0,0,0,0
"785",21,5,15,5,3,2,3
"786",15,0,15,0,0,0,0
"787",23,0,13,0,0,0,0
"788",3,0,2,0,0,0,0
"789",0,0,1,0,0,0,0
"790",14,0,12,0,0,0,0
"791",0,0,1,0,0,0,0
"792",18,0,14,0,0,0,0
"793",16,0,14,2,1,0,0
"794",22,0,22,0,0,0,0
"795",15,0,15,0,0,0,0
"796",0,0,2,0,0,0,0
"797",18,0,16,0,0,0,0
"798",0,0,1,0,0,0,0
"799",0,0,1,0,0,0,0
"800",0,0,1,0,0,0,0
"801",15,0,13,0,1,0,0
"802",0,0,1,0,0,0,0
"803",21,3,14,5,5,2,2
"804",1,0,1,0,0,0,0
"805",0,0,1,0,0,0,0
"806",0,0,1,0,0,0,0
"807",2,0,2,0,0,0,0
"808",14,0,12,0,0,0,0
"809",15,0,11,0,0,0,1
"810",17,0,14,0,0,0,0
"811",0,0,1,0,0,0,0
"812",0,0,1,0,0,0,0
"813",14,1,14,0,0,0,0
"814",17,0,11,1,0,0,1
"815",1,0,2,0,0,0,0
"816",0,0,2,0,0,0,0
"817",0,0,1,0,0,0,0
"818",0,0,1,0,0,0,0
"819",15,0,13,0,0,0,0
"820",0,0,1,0,0,0,0
"821",1,0,2,0,0,0,0
"822",13,0,12,0,0,0,0
"823",0,0,1,0,0,0,0
"824",0,0,1,0,0,0,0
"825",16,0,17,0,0,0,0
"826",0,0,1,0,0,0,0
"827",3,0,2,0,0,0,0
"828",18,1,17,0,0,0,0
"829",17,0,17,0,0,0,1
"830",2,0,2,0,0,0,0
"831",17,0,15,0,0,0,0
"832",0,0,1,0,0,0,0
"833",15,0,13,0,0,0,0
"834",1,0,1,0,0,0,0
"835",2,0,2,0,0,0,0
"836",17,0,14,0,0,0,0
"837",14,4,14,3,4,1,2
"838",18,0,20,0,0,0,0
"839",17,0,13,1,1,0,0
"840",18,0,16,0,0,0,0
"841",1,0,1,0,0,0,0
"842",0,0,1,0,0,0,0
"843",0,0,1,0,0,0,0
"844",0,0,1,0,0,0,0
"845",2,0,2,0,0,0,0
"846",0,0,1,0,0,0,0
"847",25,0,19,0,0,0,0
"848",14,0,8,0,0,0,0
"849",0,0,1,0,0,0,0
"850",0,0,2,0,0,0,0
"851",12,3,9,1,3,2,1
"852",0,0,1,0,0,0,0
"853",0,0,1,0,0,0,0
"854",0,0,1,0,0,0,0
"855",18,0,16,0,0,0,0
"856",17,0,14,0,1,0,0
"857",0,0,1,0,0,0,0
"858",19,1,18,1,1,0,0
"859",1,0,1,0,0,0,0
"860",10,0,9,0,0,0,0
"861",17,1,13,3,3,1,1
"862",12,4,8,2,3,1,2
"863",18,0,13,0,0,0,0
"864",22,0,15,0,0,0,0
"865",20,0,16,0,0,0,0
"866",0,0,1,0,0,0,0
"867",16,0,17,0,0,0,0
"868",0,0,1,0,0,0,0
"869",16,0,15,0,0,0,0
"870",0,0,1,0,0,0,0
"871",1,0,1,0,0,0,0
"872",16,0,13,2,1,1,0
"873",0,0,1,0,0,0,0
"874",0,0,1,0,0,0,0
"875",19,0,14,0,0,0,0
"876",0,0,1,0,0,0,0
"877",16,0,13,1,1,0,0
"878",7,0,7,0,0,0,0
"879",0,0,1,0,0,0,0
"880",0,0,1,0,0,0,0
"881",14,0,10,0,0,0,0
"882",24,0,20,0,0,0,0
"883",0,0,1,0,0,0,0
"884",20,1,16,1,1,0,1
"885",3,0,1,0,0,0,0
"886",0,0,1,0,0,0,0
"887",15,0,10,0,1,0,0
"888",14,0,13,0,0,0,0
"889",0,0,1,0,0,0,0
"890",15,2,13,0,1,1,1
"891",18,3,14,3,4,2,3
"892",0,0,1,0,0,0,0
"893",0,0,1,0,0,0,0
"894",19,0,17,0,0,0,0
"895",1,0,1,0,0,0,0
"896",11,0,12,0,0,0,0
"897",15,0,15,0,0,0,0
"898",15,0,15,0,0,0,0
"899",27,2,17,2,4,1,2
"900",20,0,16,0,0,0,0
"901",12,0,12,0,0,0,0
"902",12,1,13,1,1,2,1
"903",0,0,1,0,0,0,0
"904",19,0,17,0,0,0,0
"905",12,1,8,0,1,0,1
"906",0,0,1,0,0,0,0
"907",21,0,22,0,0,0,0
"908",14,0,16,0,0,0,0
"909",1,0,1,0,0,0,0
"910",10,0,11,0,0,0,0
"911",3,0,2,0,0,0,0
"912",14,0,15,0,0,0,0
"913",0,0,1,0,0,0,0
"914",16,0,15,0,0,1,0
"915",16,0,14,0,0,0,0
"916",21,0,18,0,0,0,0
"917",0,0,1,0,0,0,0
"918",0,0,1,0,0,0,0
"919",0,0,1,0,0,0,0
"920",19,0,16,0,0,1,0
"921",21,0,17,0,0,0,0
"922",14,0,15,0,0,0,0
"923",16,0,15,0,0,0,0
"924",0,0,1,0,0,0,0
"925",22,0,19,0,0,0,0
"926",17,0,15,0,0,0,0
"927",0,0,1,0,0,0,0
"928",0,0,1,0,0,0,0
"929",1,0,1,0,0,0,0
"930",1,0,2,0,0,0,0
"931",0,0,1,0,0,0,0
"932",1,0,1,0,0,0,0
"933",0,0,1,0,0,0,0
"934",16,0,11,0,0,0,0
"935",1,0,1,0,0,0,0
"936",23,0,19,0,0,0,0
"937",28,0,25,0,0,0,0
"938",23,4,18,4,4,1,4
"939",15,2,12,2,2,2,3
"940",1,0,1,0,0,0,0
"941",17,1,17,3,1,2,0
"942",21,0,16,0,0,0,0
"943",2,0,2,0,0,0,0
"944",1,0,1,0,0,0,0
"945",1,0,1,0,0,0,0
"946",15,0,12,0,0,0,0
"947",13,0,13,0,0,0,0
"948",0,0,1,0,0,0,0
"949",0,0,1,0,0,0,0
"950",0,0,1,0,0,0,0
"951",28,0,17,0,0,0,0
"952",1,0,1,0,0,0,0
"953",0,0,1,0,0,0,0
"954",1,0,1,0,0,0,0
"955",16,0,15,0,0,0,0
"956",0,0,1,0,0,0,0
"957",25,0,13,0,0,0,0
"958",21,0,14,0,0,0,0
"959",0,0,1,0,0,0,0
"960",0,0,1,0,0,0,0
"961",0,0,1,0,0,0,0
"962",16,0,13,0,0,0,0
"963",19,0,19,0,0,0,0
"964",19,0,16,0,0,0,0
"965",0,0,1,0,0,0,0
"966",0,0,1,0,0,0,0
"967",0,0,1,0,0,0,0
"968",0,0,1,0,0,0,0
"969",0,0,1,0,0,0,0
"970",0,0,1,0,0,0,0
"971",0,0,1,0,0,0,0
"972",13,0,11,2,0,0,0
"973",3,0,2,0,0,0,0
"974",26,0,21,0,0,0,0
"975",14,0,16,0,0,0,0
"976",14,0,10,0,0,0,0
"977",2,0,1,0,0,0,0
"978",22,1,16,0,0,1,0
"979",0,0,1,0,0,0,0
"980",13,0,12,0,0,0,0
"981",0,0,1,0,0,0,0
"982",19,0,23,0,0,0,0
"983",13,0,14,0,0,0,0
"984",0,0,1,0,0,0,0
"985",16,3,15,2,3,1,2
"986",16,0,12,0,0,0,0
"987",0,0,1,0,0,0,0
"988",2,0,1,0,0,0,0
"989",13,0,11,0,0,0,0
"990",0,0,1,0,0,0,0
"991",0,0,1,0,0,0,0
"992",14,0,14,0,1,0,0
"993",0,0,1,0,0,0,0
"994",0,0,1,0,0,0,0
"995",10,3,9,2,4,2,4
"996",1,0,1,0,0,0,0
"997",0,0,1,0,0,0,0
"998",17,0,17,0,0,0,0
"999",0,0,2,0,0,0,0
"1000",19,2,19,0,2,1,1
"1001",18,0,17,0,0,0,0
"1002",15,0,11,0,0,0,0
"1003",14,0,13,0,0,0,0
"1004",20,0,13,0,0,0,0
"1005",26,0,16,0,0,0,0
"1006",1,0,1,0,0,0,0
"1007",16,0,15,0,0,0,0
"1008",10,0,10,0,0,0,0
"1009",0,0,1,0,0,0,0
"1010",1,0,2,0,0,0,0
"1011",0,0,1,0,0,0,0
"1012",22,0,16,0,0,0,0
"1013",12,1,13,2,1,1,1
"1014",1,0,1,0,0,0,0
"1015",0,0,1,0,0,0,0
"1016",0,0,1,0,0,0,0
"1017",0,0,1,0,0,0,0
"1018",3,0,1,0,0,0,0
"1019",26,0,20,0,0,0,0
"1020",0,0,1,0,0,0,0
"1021",18,0,15,0,0,0,0
"1022",16,0,15,0,0,0,0
"1023",1,0,1,0,0,0,0
"1024",0,0,1,0,0,0,0
"1025",23,0,18,0,0,0,0
"1026",0,0,1,0,0,0,0
"1027",12,0,9,0,0,0,0
"1028",0,0,1,0,0,0,0
"1029",0,0,1,0,0,0,0
"1030",0,0,1,0,0,0,0
"1031",0,0,1,0,0,0,0
"1032",12,0,10,0,1,0,0
"1033",14,0,13,0,0,0,0
"1034",17,0,15,0,0,0,0
"1035",20,0,21,0,0,0,0
"1036",0,0,1,0,0,0,0
"1037",15,0,14,0,0,0,0
"1038",0,0,1,0,0,0,0
"1039",15,0,15,0,0,0,0
"1040",23,3,24,2,3,2,2
"1041",20,0,18,1,1,0,1
"1042",13,0,12,0,0,0,0
"1043",1,0,1,0,0,0,0
"1044",1,0,1,0,0,0,0
"1045",11,0,13,0,0,0,0
"1046",19,0,22,0,0,0,0
"1047",17,0,21,0,0,0,0
"1048",3,0,1,0,0,0,0
"1049",0,0,1,0,0,0,0
"1050",1,0,1,0,0,0,0
"1051",0,0,1,0,0,0,0
"1052",15,0,18,0,0,0,0
"1053",1,0,1,0,0,0,0
"1054",1,0,2,0,0,0,0
"1055",21,0,18,0,0,0,0
"1056",0,0,1,0,0,0,0
"1057",1,0,1,0,0,0,0
"1058",0,0,1,0,0,0,0
"1059",18,0,14,0,0,0,0
"1060",11,0,8,0,0,0,0
"1061",0,0,1,0,0,0,0
"1062",0,0,1,0,0,0,0
"1063",1,0,1,0,0,0,0
"1064",0,0,1,0,0,0,0
"1065",0,0,1,0,0,0,0
"1066",0,0,1,0,0,0,0
"1067",1,0,1,0,0,0,0
"1068",16,0,13,0,0,0,0
"1069",0,0,1,0,0,0,0
"1070",0,0,1,0,0,0,0
"1071",1,0,1,0,0,0,0
"1072",0,0,2,0,0,0,0
"1073",13,0,15,0,0,0,0
"1074",0,0,1,0,0,0,0
"1075",0,0,1,0,0,0,0
"1076",0,0,1,0,0,0,0
"1077",0,0,1,0,0,0,0
"1078",1,0,1,0,0,0,0
"1079",11,0,8,0,0,0,0
"1080",1,0,1,0,0,0,0
"1081",1,0,1,0,0,0,0
"1082",15,2,16,1,3,2,2
"1083",0,0,1,0,0,0,0
"1084",19,0,11,0,0,0,1
"1085",11,0,9,0,0,0,0
"1086",1,0,1,0,0,0,0
"1087",0,0,1,0,0,0,0
"1088",1,0,1,0,0,0,0
"1089",26,0,20,0,0,0,0
"1090",0,0,1,0,0,0,0
"1091",14,0,17,0,0,0,0
"1092",0,0,1,0,0,0,0
"1093",19,0,17,1,0,0,1
"1094",0,0,1,0,0,0,0
"1095",1,0,1,0,0,0,0
"1096",0,0,1,0,0,0,0
"1097",0,0,1,0,0,0,0
"1098",0,0,1,0,0,0,0
"1099",14,0,14,0,0,0,0
"1100",0,0,1,0,0,0,0
"1101",15,0,18,1,0,0,0
"1102",19,0,20,1,0,0,1
"1103",1,0,2,0,0,0,0
"1104",2,0,1,0,0,0,0
"1105",18,0,15,0,0,0,0
"1106",0,0,1,0,0,0,0
"1107",0,0,1,0,0,0,0
"1108",21,0,15,0,0,0,0
"1109",19,0,21,0,0,0,0
"1110",0,0,1,0,0,0,0
"1111",9,0,7,0,0,0,0
"1112",12,2,12,2,3,2,2
"1113",19,0,16,0,0,0,0
"1114",17,0,15,0,1,0,0
"1115",21,3,23,2,2,1,2
"1116",15,0,13,1,0,0,0
"1117",0,0,1,0,0,0,0
"1118",11,0,8,0,0,0,0
"1119",0,0,1,0,0,0,0
"1120",0,0,1,0,0,0,0
"1121",21,0,19,0,0,0,0
"1122",15,0,16,0,0,0,0
"1123",4,0,3,0,0,0,0
"1124",15,1,16,0,0,1,0
"1125",0,0,1,0,0,0,0
"1126",0,0,1,0,0,0,0
"1127",15,5,15,3,5,3,2
"1128",13,2,11,3,3,2,2
"1129",0,0,1,0,0,0,0
"1130",9,0,12,0,0,0,0
"1131",13,0,13,0,0,0,0
"1132",14,2,10,3,2,1,2
"1133",23,0,16,0,0,0,0
"1134",0,0,1,0,0,0,0
"1135",15,0,14,0,0,1,0
"1136",18,0,17,0,0,0,0
"1137",0,0,1,0,0,0,0
"1138",2,0,2,0,0,0,0
"1139",0,0,1,0,0,0,0
"1140",1,0,1,0,0,0,0
"1141",0,0,1,0,0,0,0
"1142",18,0,19,0,0,0,0
"1143",0,0,1,0,0,0,0
"1144",20,0,15,0,0,0,0
"1145",20,1,18,0,0,0,0
"1146",0,0,1,0,0,0,0
"1147",17,0,15,0,0,0,0
"1148",17,3,15,4,3,2,2
"1149",0,0,1,0,0,0,0
"1150",0,0,1,0,0,0,0
"1151",1,0,1,0,0,0,0
"1152",0,0,1,0,0,0,0
"1153",22,0,19,0,0,0,0
"1154",0,0,1,0,0,0,0
"1155",0,0,1,0,0,0,0
"1156",14,0,12,0,0,0,0
"1157",10,0,9,1,0,0,0
"1158",1,0,1,0,0,0,0
"1159",0,0,1,0,0,0,0
"1160",17,2,15,2,3,1,1
"1161",18,1,17,1,0,1,1
"1162",12,2,11,2,2,1,2
"1163",20,0,18,0,0,0,0
"1164",19,0,15,0,0,1,0
"1165",0,0,1,0,0,0,0
"1166",18,0,20,0,0,0,0
"1167",0,0,1,0,0,0,0
"1168",0,0,1,0,0,0,0
"1169",0,0,1,0,0,0,0
"1170",16,0,14,1,0,0,0
"1171",15,1,16,2,3,0,3
"1172",0,0,1,0,0,0,0
"1173",0,0,1,0,0,0,0
"1174",12,0,9,0,0,0,0
"1175",0,0,1,0,0,0,0
"1176",13,0,16,0,1,0,0
"1177",0,0,1,0,0,0,0
"1178",0,0,1,0,0,0,0
"1179",1,0,1,0,0,0,0
"1180",2,0,1,0,0,0,0
"1181",15,0,12,0,1,0,0
"1182",1,0,1,0,0,0,0
"1183",19,0,19,0,0,0,0
"1184",0,0,1,0,0,0,0
"1185",18,0,19,0,0,0,0
"1186",20,0,18,0,0,0,0
"1187",0,0,1,0,0,0,0
"1188",25,3,19,4,5,2,3
"1189",11,1,10,0,1,0,0
"1190",15,0,14,0,0,0,0
"1191",0,0,1,0,0,0,0
"1192",11,1,13,1,0,1,1
"1193",0,0,1,0,0,0,0
"1194",18,0,16,0,0,0,0
"1195",21,1,17,0,1,0,1
"1196",16,0,12,0,0,0,0
"1197",22,5,20,4,6,3,3
"1198",12,0,10,0,0,0,0
"1199",3,0,2,0,0,0,0
"1200",18,1,16,1,2,0,0
"1201",1,0,1,0,0,0,0
"1202",1,0,1,0,0,0,0
"1203",16,0,13,0,0,0,0
"1204",17,0,18,0,0,0,0
"1205",12,2,10,1,1,0,1
"1206",0,0,1,0,0,0,0
"1207",0,0,1,0,0,0,0
"1208",20,0,17,0,0,0,0
"1209",20,0,14,0,0,0,0
"1210",0,0,1,0,0,0,0
"1211",12,0,12,0,0,0,0
"1212",0,0,1,0,0,0,0
"1213",0,0,1,0,0,0,0
"1214",15,0,16,0,1,0,1
"1215",0,0,1,0,0,0,0
"1216",12,0,9,0,0,0,0
"1217",0,0,1,0,0,0,0
"1218",0,0,1,0,0,0,0
"1219",2,0,1,0,0,0,0
"1220",2,0,1,0,0,0,0
"1221",0,0,1,0,0,0,0
"1222",19,0,14,0,0,0,0
"1223",23,0,20,0,0,0,0
"1224",0,0,1,0,0,0,0
"1225",23,2,12,2,5,2,2
"1226",14,3,14,3,4,2,2
"1227",1,0,1,0,0,0,0
"1228",0,0,1,0,0,0,0
"1229",22,0,15,1,0,0,0
"1230",16,0,13,0,0,0,0
"1231",0,0,1,0,0,0,0
"1232",19,0,14,0,0,0,0
"1233",0,0,1,0,0,0,0
"1234",20,0,14,0,0,0,0
"1235",3,0,1,0,0,0,0
"1236",0,0,1,0,0,0,0
"1237",0,0,2,0,0,0,0
"1238",0,0,1,0,0,0,0
"1239",0,0,1,0,0,0,0
"1240",25,0,16,0,0,0,0
"1241",0,0,1,0,0,0,0
"1242",20,0,18,0,0,0,0
"1243",15,1,15,0,0,0,1
"1244",0,0,1,0,0,0,0
"1245",18,0,12,0,0,0,0
"1246",18,0,15,0,0,0,0
"1247",1,0,1,0,0,0,0
"1248",17,1,16,0,0,0,0
"1249",0,0,1,0,0,0,0
"1250",1,0,1,0,0,0,0
"1251",15,0,15,0,0,0,0
"1252",0,0,1,0,0,0,0
"1253",9,4,11,4,5,2,2
"1254",22,3,19,2,5,2,1
"1255",24,0,18,0,0,0,0
"1256",12,0,10,0,0,0,0
"1257",0,0,1,0,0,0,0
"1258",14,0,14,0,0,0,0
"1259",0,0,1,0,0,0,0
"1260",17,0,22,0,0,0,0
"1261",0,0,1,0,0,0,0
"1262",0,0,1,0,0,0,0
"1263",18,4,16,4,6,2,2
"1264",16,1,8,0,0,0,1
"1265",9,0,9,0,0,0,0
"1266",12,0,9,0,0,0,0
"1267",13,0,12,0,0,0,0
"1268",0,0,1,0,0,0,0
"1269",15,0,16,0,0,0,0
"1270",17,0,23,0,1,0,0
"1271",16,0,17,1,1,0,0
"1272",20,0,19,0,0,0,0
"1273",0,0,1,0,0,0,0
"1274",1,0,1,0,0,0,0
"1275",1,0,1,0,0,0,0
"1276",0,0,1,0,0,0,0
"1277",18,0,9,0,0,0,1
"1278",17,0,18,0,0,0,0
"1279",11,2,10,3,3,1,1
"1280",0,0,1,0,0,0,0
"1281",14,0,12,0,0,1,0
"1282",0,0,1,0,0,0,0
"1283",19,0,15,0,0,0,0
"1284",22,0,14,1,0,0,0
"1285",0,0,1,0,0,0,0
"1286",0,0,1,0,0,0,0
"1287",24,1,19,1,2,0,1
"1288",22,3,16,4,4,2,1
"1289",0,0,1,0,0,0,0
"1290",0,0,1,0,0,0,0
"1291",0,0,1,0,0,0,0
"1292",0,0,1,0,0,0,0
"1293",16,0,11,0,0,0,0
"1294",1,0,1,0,0,0,0
"1295",0,0,1,0,0,0,0
"1296",19,3,15,4,3,2,3
"1297",17,0,28,0,0,0,0
"1298",13,3,8,3,3,2,1
"1299",1,0,1,0,0,0,0
"1300",14,0,21,0,0,0,0
"1301",1,0,2,0,0,0,0
"1302",0,0,1,0,0,0,0
"1303",21,0,19,0,0,0,0
"1304",18,2,12,0,0,0,0
"1305",6,0,7,0,0,0,0
"1306",11,1,12,0,0,0,0
"1307",0,0,1,0,0,0,0
"1308",0,0,1,0,0,0,0
"1309",0,0,1,0,0,0,0
"1310",2,0,3,0,0,0,0
"1311",0,0,1,0,0,0,0
"1312",16,0,17,0,0,0,0
"1313",11,0,12,0,0,0,0
"1314",13,0,10,0,0,0,0
"1315",0,0,1,0,0,0,0
"1316",5,0,2,0,0,0,0
"1317",0,0,1,0,0,0,0
"1318",0,0,1,0,0,0,0
"1319",1,0,1,0,0,0,0
"1320",12,0,12,0,0,0,0
"1321",20,0,15,1,0,0,1
"1322",12,0,11,0,0,0,0
"1323",0,0,1,0,0,0,0
"1324",1,0,1,0,0,0,0
"1325",0,0,1,0,0,0,0
"1326",0,0,1,0,0,0,0
"1327",14,0,9,0,0,0,0
"1328",3,0,1,0,0,0,0
"1329",18,0,14,0,0,0,0
"1330",16,0,12,1,0,0,1
"1331",20,3,21,2,4,1,3
"1332",17,1,10,2,3,0,1
"1333",0,0,1,0,0,0,0
"1334",13,1,13,3,1,0,1
"1335",11,0,13,2,0,0,0
"1336",18,0,12,0,0,0,0
"1337",0,0,2,0,0,0,0
"1338",18,0,17,0,0,0,0
"1339",1,0,1,0,0,0,0
"1340",22,0,21,0,0,0,0
"1341",0,0,1,0,0,0,0
"1342",0,0,1,0,0,0,0
"1343",0,0,1,0,0,0,0
"1344",22,0,15,0,0,0,0
"1345",23,0,21,0,1,0,0
"1346",0,0,1,0,0,0,0
"1347",0,0,1,0,0,0,0
"1348",15,0,12,0,0,0,0
"1349",12,0,10,0,0,0,0
"1350",1,0,1,0,0,0,0
"1351",0,0,1,0,0,0,0
"1352",17,0,15,0,0,0,0
"1353",0,0,1,0,0,0,0
"1354",0,0,1,0,0,0,0
"1355",0,0,1,0,0,0,0
"1356",0,0,1,0,0,0,0
"1357",15,0,20,0,0,0,0
"1358",17,0,18,0,1,0,0
"1359",2,0,1,0,0,0,0
"1360",11,0,8,0,0,0,0
"1361",1,0,1,0,0,0,0
"1362",16,6,15,5,5,2,2
"1363",20,1,20,1,2,1,1
"1364",11,0,11,0,0,0,0
"1365",11,0,9,0,0,0,0
"1366",0,0,1,0,0,0,0
"1367",15,0,14,0,0,0,0
"1368",0,0,1,0,0,0,0
"1369",15,0,11,0,0,0,0
"1370",1,0,1,0,0,0,0
"1371",0,0,1,0,0,0,0
"1372",22,0,17,0,0,0,0
"1373",15,0,13,0,0,0,0
"1374",17,0,10,0,0,0,0
"1375",15,0,12,0,0,0,0
"1376",0,0,1,0,0,0,0
"1377",0,0,1,0,0,0,0
"1378",16,0,15,0,0,0,0
"1379",0,0,1,0,0,0,0
"1380",22,0,21,2,1,0,0
"1381",1,0,2,0,0,0,0
"1382",2,0,2,0,0,0,0
"1383",13,0,12,0,0,0,0
"1384",17,0,17,0,0,0,0
"1385",0,0,1,0,0,0,0
"1386",12,0,11,0,0,0,0
"1387",1,0,1,0,0,0,0
"1388",0,0,1,0,0,0,0
"1389",0,0,1,0,0,0,0
"1390",0,0,1,0,0,0,0
"1391",14,0,12,0,0,0,0
"1392",3,0,3,0,0,0,0
"1393",0,0,1,0,0,0,0
"1394",1,0,1,0,0,0,0
"1395",15,0,13,0,0,0,0
"1396",0,0,1,0,0,0,0
"1397",0,0,1,0,0,0,0
"1398",0,0,1,0,0,0,0
"1399",21,0,22,0,0,0,0
"1400",24,0,20,0,0,0,0
"1401",15,0,13,0,0,0,0
"1402",0,0,1,0,0,0,0
"1403",0,0,1,0,0,0,0
"1404",24,0,20,0,0,0,0
"1405",0,0,1,0,0,0,0
"1406",1,0,1,0,0,0,0
"1407",0,0,1,0,0,0,0
"1408",0,0,1,0,0,0,0
"1409",0,0,1,0,0,0,0
"1410",0,0,1,0,0,0,0
"1411",14,0,13,0,0,0,0
"1412",1,0,2,0,0,0,0
"1413",14,0,16,0,0,0,0
"1414",0,0,1,0,0,0,0
"1415",12,2,11,2,4,2,5
"1416",16,0,10,0,0,0,0
"1417",0,0,1,0,0,0,0
"1418",1,0,2,0,0,0,0
"1419",0,0,2,0,0,0,0
"1420",1,0,2,0,0,0,0
"1421",16,2,13,1,3,0,1
"1422",0,0,1,0,0,0,0
"1423",0,0,1,0,0,0,0
"1424",3,0,3,0,1,0,0
"1425",0,0,1,0,0,0,0
"1426",18,0,13,0,0,0,0
"1427",11,0,11,0,0,0,0
"1428",14,0,9,0,0,0,0
"1429",0,0,1,0,0,0,0
"1430",2,0,1,0,0,0,0
"1431",0,0,1,0,0,0,0
"1432",0,0,1,0,0,0,0
"1433",17,1,14,0,0,0,0
"1434",0,0,1,0,0,0,0
"1435",0,0,1,0,0,0,0
"1436",11,0,13,0,0,0,0
"1437",22,1,16,0,1,0,0
"1438",13,0,11,0,0,0,0
"1439",0,0,1,0,0,0,0
"1440",1,0,1,0,0,0,0
"1441",0,0,1,0,0,0,0
"1442",0,0,1,0,0,0,0
"1443",24,0,19,0,0,0,1
"1444",0,0,1,0,0,0,0
"1445",0,0,1,0,0,0,0
"1446",16,0,15,0,0,0,0
"1447",0,0,1,0,0,0,0
"1448",16,0,16,0,0,0,0
"1449",18,1,16,1,1,1,0
"1450",1,0,2,0,0,0,0
"1451",0,0,1,0,0,0,0
"1452",0,0,1,0,0,0,0
"1453",18,0,15,0,0,0,0
"1454",1,0,1,0,0,0,0
"1455",17,0,14,0,0,0,0
"1456",0,0,1,0,0,0,0
"1457",0,0,1,0,0,0,0
"1458",0,0,1,0,0,0,0
"1459",18,1,20,2,2,1,0
"1460",0,0,1,0,0,0,0
"1461",0,0,1,0,0,0,0
"1462",2,0,1,0,0,0,0
"1463",1,0,2,0,0,0,0
"1464",0,0,1,0,0,0,0
"1465",15,0,12,1,0,0,0
"1466",19,0,20,0,0,0,0
"1467",18,0,10,0,0,0,0
"1468",16,1,17,0,0,1,1
"1469",1,0,1,0,0,0,0
"1470",0,0,1,0,0,0,0
"1471",16,0,13,0,0,0,0
"1472",0,0,2,0,0,0,0
"1473",19,0,20,0,0,0,0
"1474",0,0,1,0,0,0,0
"1475",11,0,10,0,0,0,0
"1476",0,0,1,0,0,0,0
"1477",17,3,14,2,3,1,1
"1478",0,0,1,0,0,0,0
"1479",17,5,15,4,3,2,2
"1480",0,0,1,0,0,0,0
"1481",1,0,1,0,0,0,0
"1482",0,0,1,0,0,0,0
"1483",18,0,14,0,0,0,0
"1484",17,0,18,0,0,0,0
"1485",16,1,19,0,2,0,2
"1486",1,0,1,0,0,0,0
"1487",0,0,1,0,0,0,0
"1488",17,1,16,2,2,1,1
"1489",21,1,20,0,0,0,0
"1490",12,0,10,0,0,0,0
"1491",0,0,1,0,0,0,0
"1492",11,4,11,2,3,1,1
"1493",0,0,1,0,0,0,0
"1494",0,0,1,0,0,0,0
"1495",24,0,20,0,0,0,0
"1496",7,0,8,0,0,0,0
"1497",14,0,14,0,0,0,0
"1498",0,0,1,0,0,0,0
"1499",0,0,1,0,0,0,0
"1500",0,0,1,0,0,0,0
"1501",0,0,1,0,0,0,0
"1502",19,0,18,0,0,0,0
"1503",0,0,1,0,0,0,0
"1504",0,0,1,0,0,0,0
"1505",10,0,15,0,0,0,0
"1506",17,0,14,0,0,0,0
"1507",0,0,1,0,0,0,0
"1508",19,0,17,0,0,0,0
"1509",20,3,22,2,5,1,2
"1510",25,0,17,0,0,0,0
"1511",19,0,17,0,0,0,0
"1512",1,0,2,0,0,0,0
"1513",12,1,14,2,2,0,1
"1514",21,0,21,0,0,0,0
"1515",0,0,1,0,0,0,0
"1516",22,2,16,2,3,1,2
"1517",0,0,1,0,0,0,0
"1518",0,0,1,0,0,0,0
"1519",0,0,1,0,0,0,0
"1520",18,2,17,1,2,1,2
"1521",16,0,13,0,1,0,0
"1522",12,0,12,0,1,0,0
"1523",13,0,14,0,0,0,0
"1524",0,0,1,0,0,0,0
"1525",0,0,1,0,0,0,0
"1526",0,0,1,0,0,0,0
"1527",0,0,1,0,0,0,0
"1528",20,0,15,0,0,0,0
"1529",12,0,12,0,0,0,0
"1530",1,0,1,0,0,0,0
"1531",15,1,20,1,1,0,1
"1532",21,0,18,0,0,0,0
"1533",0,0,1,0,0,0,0
"1534",0,0,1,0,0,0,0
"1535",16,3,18,2,3,1,1
"1536",1,0,1,0,0,0,0
"1537",1,0,1,0,0,0,0
"1538",16,0,13,0,0,0,0
"1539",24,0,25,1,0,0,0
"1540",13,0,15,0,0,0,0
"1541",0,0,1,0,0,0,0
"1542",0,0,1,0,0,0,0
"1543",0,0,1,0,0,0,0
"1544",19,1,11,0,1,0,0
"1545",0,0,1,0,0,0,0
"1546",0,0,1,0,0,0,0
"1547",1,0,2,0,0,0,0
"1548",17,0,15,0,0,0,0
"1549",3,0,2,0,0,0,0
"1550",0,0,1,0,0,0,0
"1551",13,0,12,0,0,0,0
"1552",0,0,1,0,0,0,0
"1553",16,4,14,3,5,2,2
"1554",12,0,15,0,0,0,0
"1555",1,0,1,0,0,0,0
"1556",2,0,1,0,0,0,0
"1557",19,0,14,1,1,0,0
"1558",18,0,15,0,0,0,0
"1559",16,1,11,1,2,0,1
"1560",16,1,13,0,1,1,0
"1561",0,0,1,0,0,0,0
"1562",19,0,19,0,0,0,0
"1563",0,0,1,0,0,0,0
"1564",1,0,1,0,0,0,0
"1565",16,0,17,0,0,0,0
"1566",13,0,12,0,0,0,0
"1567",18,0,13,0,0,0,0
"1568",10,0,8,0,0,0,0
"1569",1,0,1,0,0,0,0
"1570",0,0,1,0,0,0,0
"1571",0,0,1,0,0,0,0
"1572",1,0,1,0,0,0,0
"1573",14,3,12,3,5,2,2
"1574",1,0,1,0,0,0,0
"1575",1,0,1,0,0,0,0
"1576",17,0,13,0,0,0,0
"1577",0,0,1,0,0,0,0
"1578",14,0,14,0,0,0,0
"1579",15,0,14,0,0,0,1
"1580",12,0,14,0,0,0,0
"1581",3,0,3,0,0,0,0
"1582",0,0,1,0,0,0,0
"1583",21,0,16,0,0,0,0
"1584",16,0,14,0,0,0,0
"1585",1,0,1,0,0,0,0
"1586",0,0,1,0,0,0,0
"1587",0,0,1,0,0,0,0
"1588",0,0,1,0,0,0,0
"1589",0,0,1,0,0,0,0
"1590",0,0,1,0,0,0,0
"1591",15,0,12,0,0,0,0
"1592",0,0,1,0,0,0,0
"1593",11,0,13,0,0,0,0
"1594",0,0,1,0,0,0,0
"1595",0,0,1,0,0,0,0
"1596",0,0,1,0,0,0,0
"1597",23,0,19,0,0,0,0
"1598",1,0,1,0,0,0,0
"1599",0,0,1,0,0,0,0
"1600",0,0,1,0,0,0,0
"1601",0,0,1,0,0,0,0
"1602",0,0,1,0,0,0,0
"1603",8,0,7,0,0,0,0
"1604",1,0,1,0,0,0,0
"1605",10,0,8,0,0,0,0
"1606",1,0,2,0,0,0,0
"1607",1,0,1,0,0,0,0
"1608",20,0,12,0,0,0,0
"1609",0,0,1,0,0,0,0
"1610",9,0,10,0,0,0,0
"1611",0,0,1,0,0,0,0
"1612",0,0,1,0,0,0,0
"1613",0,0,1,0,0,0,0
"1614",13,0,14,0,0,0,0
"1615",16,3,16,1,3,1,1
"1616",15,0,10,0,0,0,0
"1617",2,0,2,0,0,0,0
"1618",2,0,2,0,0,0,0
"1619",18,0,17,0,0,0,0
"1620",20,0,15,0,0,0,0
"1621",0,0,1,0,0,0,0
"1622",19,0,19,0,0,0,0
"1623",0,0,1,0,0,0,0
"1624",2,0,1,0,0,0,0
"1625",0,0,1,0,0,0,0
"1626",14,2,11,3,2,1,1
"1627",17,0,14,0,0,0,0
"1628",15,0,14,0,0,0,0
"1629",0,0,1,0,0,0,0
"1630",0,0,2,0,0,0,0
"1631",25,0,24,1,1,0,0
"1632",17,0,19,0,0,0,0
"1633",0,0,1,0,0,0,0
"1634",17,0,17,0,0,0,0
"1635",0,0,1,0,0,0,0
"1636",1,0,1,0,0,0,0
"1637",0,0,1,0,0,0,0
"1638",0,0,1,0,0,0,0
"1639",1,0,1,0,0,0,0
"1640",20,1,18,0,0,0,1
"1641",2,0,1,0,0,0,0
"1642",14,4,13,4,3,2,2
"1643",17,0,15,0,0,0,0
"1644",2,0,1,0,0,0,0
"1645",0,0,1,0,0,0,0
"1646",0,0,1,0,0,0,0
"1647",0,0,1,0,0,0,0
"1648",11,0,14,0,0,0,0
"1649",17,0,16,0,0,0,0
"1650",0,0,1,0,0,0,0
"1651",19,0,14,0,1,0,0
"1652",1,0,1,0,0,0,0
"1653",0,0,1,0,0,0,0
"1654",2,0,1,0,0,0,0
"1655",13,0,9,0,0,0,0
"1656",13,0,10,0,0,0,0
"1657",0,0,1,0,0,0,0
"1658",16,0,16,1,0,0,1
"1659",9,0,12,0,0,0,0
"1660",0,0,1,0,0,0,0
"1661",16,0,14,0,0,0,0
"1662",17,0,18,0,0,0,0
"1663",0,0,1,0,0,0,0
"1664",0,0,1,0,0,0,0
"1665",0,0,1,0,0,0,0
"1666",0,0,1,0,0,0,0
"1667",19,1,11,0,0,0,0
"1668",17,0,12,0,0,0,0
"1669",19,0,19,0,0,0,0
"1670",9,0,10,0,0,0,0
"1671",17,0,17,0,0,0,0
"1672",0,0,1,0,0,0,0
"1673",0,0,1,0,0,0,0
"1674",14,0,12,0,0,0,0
"1675",0,0,1,0,0,0,0
"1676",16,0,13,0,0,0,0
"1677",5,0,3,0,0,0,0
"1678",0,0,1,0,0,0,0
"1679",2,0,1,0,0,0,0
"1680",0,0,1,0,0,0,0
"1681",0,0,1,0,0,0,0
"1682",1,0,1,0,0,0,0
"1683",25,0,19,0,0,0,0
"1684",20,1,14,1,0,0,1
"1685",0,0,1,0,0,0,0
"1686",20,0,14,0,0,0,0
"1687",1,0,2,0,0,0,0
"1688",1,0,1,0,0,0,0
"1689",0,0,1,0,0,0,0
"1690",18,0,19,0,0,0,0
"1691",0,0,1,0,0,0,0
"1692",0,0,1,0,0,0,0
"1693",0,0,1,0,0,0,0
"1694",0,0,1,0,0,0,0
"1695",15,0,14,0,0,0,0
"1696",20,0,19,0,0,0,0
"1697",0,0,1,0,0,0,0
"1698",0,0,1,0,0,0,0
"1699",0,0,1,0,0,0,0
"1700",0,0,1,0,0,0,0
"1701",24,0,17,0,0,0,0
"1702",18,0,15,0,0,0,0
"1703",1,0,2,0,0,0,0
"1704",16,0,13,0,0,0,0
"1705",0,0,1,0,0,0,0
"1706",0,0,1,0,0,0,0
"1707",10,2,10,3,3,1,2
"1708",0,0,1,0,0,0,0
"1709",14,0,16,0,0,0,0
"1710",9,0,8,0,0,0,0
"1711",16,0,12,0,0,0,0
"1712",0,0,1,0,0,0,0
"1713",1,0,1,0,0,0,0
"1714",10,0,8,0,0,0,0
"1715",0,0,1,0,0,0,0
"1716",0,0,1,0,0,0,0
"1717",19,0,20,0,0,0,0
"1718",14,1,12,1,0,0,1
"1719",0,0,1,0,0,0,0
"1720",0,0,1,0,0,0,0
"1721",12,0,10,0,0,0,0
"1722",10,0,10,0,0,0,0
"1723",18,0,14,0,0,0,0
"1724",1,0,1,0,0,0,0
"1725",13,0,11,0,0,0,0
"1726",13,3,11,4,4,2,2
"1727",25,0,20,0,0,0,0
"1728",19,0,18,0,0,0,0
"1729",0,0,1,0,0,0,0
"1730",0,0,1,0,0,0,0
"1731",15,0,12,0,0,0,0
"1732",16,0,11,0,0,0,0
"1733",22,0,16,0,0,0,0
"1734",12,0,10,0,0,0,0
"1735",0,0,1,0,0,0,0
"1736",1,0,2,0,0,0,0
"1737",0,0,1,0,0,0,0
"1738",0,0,1,0,0,0,0
"1739",0,0,1,0,0,0,0
"1740",0,0,1,0,0,0,0
"1741",1,0,1,0,0,0,0
"1742",0,0,1,0,0,0,0
"1743",0,0,1,0,0,0,0
"1744",0,0,1,0,0,0,0
"1745",1,0,1,0,0,0,0
"1746",0,0,1,0,0,0,0
"1747",0,0,1,0,0,0,0
"1748",11,0,14,0,0,0,0
"1749",0,0,1,0,0,0,0
"1750",2,0,1,0,0,0,0
"1751",0,0,1,0,0,0,0
"1752",3,0,1,0,0,0,0
"1753",15,2,20,7,4,2,4
"1754",0,0,1,0,0,0,0
"1755",20,0,14,0,0,0,0
"1756",0,0,1,0,0,0,0
"1757",12,0,10,0,0,0,0
"1758",15,0,14,0,0,0,0
"1759",0,0,1,0,0,0,0
"1760",0,0,1,0,0,0,0
"1761",7,1,10,1,0,0,0
"1762",17,0,15,0,0,0,0
"1763",1,0,1,0,0,0,0
"1764",1,0,1,0,0,0,0
"1765",0,0,2,0,0,0,0
"1766",25,0,18,0,0,0,0
"1767",13,0,15,0,0,0,0
"1768",0,0,1,0,0,0,0
"1769",0,0,1,0,0,0,0
"1770",18,0,20,0,0,0,0
"1771",1,0,1,0,0,0,0
"1772",22,2,17,2,2,1,2
"1773",0,0,1,0,0,0,0
"1774",16,0,14,0,1,0,0
"1775",1,0,1,0,0,0,0
"1776",1,0,1,0,0,0,0
"1777",0,0,1,0,0,0,0
"1778",0,0,1,0,0,0,0
"1779",0,0,1,0,0,0,0
"1780",16,1,16,1,1,0,0
"1781",0,0,1,0,0,0,0
"1782",0,0,1,0,0,0,0
"1783",0,0,1,0,0,0,0
"1784",19,0,9,0,0,0,0
"1785",0,0,1,0,0,0,0
"1786",0,0,1,0,0,0,0
"1787",0,0,1,0,0,0,0
"1788",22,0,14,0,0,0,1
"1789",0,0,1,0,0,0,0
"1790",0,0,1,0,0,0,0
"1791",0,0,1,0,0,0,0
"1792",0,0,1,0,0,0,0
"1793",22,0,16,0,0,0,0
"1794",13,0,11,0,0,0,0
"1795",4,0,3,0,0,0,0
"1796",12,0,11,0,0,0,0
"1797",0,0,1,0,0,0,0
"1798",0,0,1,0,0,0,0
"1799",1,0,1,0,0,0,0
"1800",0,0,2,0,0,0,0
"1801",2,0,1,0,0,0,0
"1802",19,0,16,0,1,0,0
"1803",2,0,1,0,0,0,0
"1804",25,0,16,0,0,0,0
"1805",0,0,1,0,0,0,0
"1806",21,2,15,3,4,2,2
"1807",17,1,17,0,0,0,0
"1808",13,0,19,0,0,0,0
"1809",0,0,1,0,0,0,0
"1810",0,0,1,0,0,0,0
"1811",16,2,13,2,5,1,2
"1812",1,0,1,0,0,0,0
"1813",1,0,1,0,0,0,0
"1814",13,0,10,1,0,0,0
"1815",0,0,1,0,0,0,0
"1816",0,0,1,0,0,0,0
"1817",15,0,13,0,0,0,0
"1818",19,0,19,0,0,0,0
"1819",1,0,1,0,0,0,0
"1820",18,2,16,3,2,1,1
"1821",14,0,12,0,0,0,1
"1822",0,0,1,0,0,0,0
"1823",0,0,1,0,0,0,0
"1824",20,0,15,0,0,0,0
"1825",0,0,1,0,0,0,0
"1826",17,0,17,0,0,0,0
"1827",16,0,14,0,0,0,0
"1828",0,0,1,0,0,0,0
"1829",0,0,1,0,0,0,0
"1830",18,0,11,0,0,0,0
"1831",0,0,1,0,0,0,0
"1832",18,0,13,0,0,0,0
"1833",1,0,1,0,0,0,0
"1834",1,0,2,0,0,0,0
"1835",1,0,1,0,0,0,0
"1836",19,0,16,0,0,0,0
"1837",0,0,1,0,0,0,0
"1838",17,0,15,1,1,0,1
"1839",17,0,18,0,1,0,0
"1840",1,0,1,0,0,0,0
"1841",23,0,16,0,0,0,0
"1842",0,0,1,0,0,0,0
"1843",0,0,1,0,0,0,0
"1844",0,0,1,0,0,0,0
"1845",30,3,23,1,2,1,1
"1846",18,0,18,1,0,0,0
"1847",1,0,1,0,0,0,0
"1848",1,0,1,0,0,0,0
"1849",14,1,12,1,1,0,1
"1850",0,0,1,0,0,0,0
"1851",17,0,11,0,0,0,0
"1852",0,0,1,0,0,0,0
"1853",17,0,19,0,0,0,0
"1854",0,0,1,0,0,0,0
"1855",0,0,1,0,0,0,0
"1856",0,0,1,0,0,0,0
"1857",2,0,1,0,0,0,0
"1858",1,0,1,0,0,0,0
"1859",0,0,1,0,0,0,0
"1860",0,0,1,0,0,0,0
"1861",14,0,14,0,0,0,0
"1862",19,0,22,0,0,0,0
"1863",16,1,13,0,0,0,0
"1864",0,0,1,0,0,0,0
"1865",15,0,10,0,0,0,0
"1866",0,0,1,0,0,0,0
"1867",20,0,14,0,0,0,0
"1868",0,0,1,0,0,0,0
"1869",15,0,12,0,1,2,0
"1870",0,0,1,0,0,0,0
"1871",0,0,1,0,0,0,0
"1872",11,0,12,0,0,0,0
"1873",0,0,1,0,0,0,0
"1874",0,0,1,0,0,0,0
"1875",0,0,1,0,0,0,0
"1876",22,0,17,0,0,0,0
"1877",10,4,11,2,3,1,1
"1878",1,0,2,0,0,0,0
"1879",1,0,1,0,0,0,0
"1880",16,0,12,0,0,0,0
"1881",17,0,21,0,0,0,0
"1882",20,0,18,0,0,0,0
"1883",1,0,1,0,0,0,0
"1884",0,0,1,0,0,0,0
"1885",1,0,1,0,0,0,0
"1886",0,0,2,0,0,0,0
"1887",0,0,1,0,0,0,0
"1888",13,0,11,0,0,0,0
"1889",1,0,1,0,0,0,0
"1890",13,1,19,1,1,0,1
"1891",1,0,1,0,0,0,0
"1892",14,0,11,0,0,0,0
"1893",0,0,1,0,0,0,0
"1894",1,0,1,0,0,0,0
"1895",14,3,13,1,2,0,0
"1896",3,0,1,0,0,0,0
"1897",20,0,19,0,1,0,0
"1898",0,0,1,0,0,0,0
"1899",0,0,1,0,0,0,0
"1900",19,0,14,0,0,0,0
"1901",16,1,16,0,0,0,0
"1902",8,0,8,0,0,0,0
"1903",0,0,1,0,0,0,0
"1904",1,0,1,0,0,0,0
"1905",2,0,1,0,0,0,0
"1906",14,0,15,2,1,0,0
"1907",0,0,1,0,0,0,0
"1908",3,0,2,0,0,0,0
"1909",19,0,15,0,0,0,0
"1910",0,0,1,0,0,0,0
"1911",0,0,1,0,0,0,0
"1912",20,0,21,0,0,0,0
"1913",23,0,17,0,0,0,0
"1914",11,0,10,0,0,0,0
"1915",0,0,1,0,0,0,0
"1916",16,0,12,0,0,0,0
"1917",21,0,19,0,0,0,0
"1918",9,0,14,0,0,0,0
"1919",16,0,18,0,0,0,0
"1920",18,0,18,0,0,0,0
"1921",13,1,16,0,0,0,0
"1922",1,0,1,0,0,0,0
"1923",22,0,17,0,0,0,0
"1924",12,2,11,1,1,0,1
"1925",0,0,1,0,0,0,0
"1926",0,0,1,0,0,0,0
"1927",14,0,10,1,1,1,0
"1928",19,0,16,0,0,0,0
"1929",16,0,15,0,0,0,0
"1930",0,0,1,0,0,0,0
"1931",18,0,17,0,0,0,0
"1932",0,0,1,0,0,0,0
"1933",14,0,15,0,0,0,0
"1934",0,0,1,0,0,0,0
"1935",26,3,24,3,4,2,3
"1936",19,0,14,0,0,0,0
"1937",15,0,15,0,1,0,1
"1938",0,0,1,0,0,0,0
"1939",23,0,21,0,0,0,0
"1940",11,0,7,0,0,0,0
"1941",13,0,12,0,0,0,0
"1942",1,3,1,2,4,4,3
"1943",23,0,21,0,0,0,0
"1944",0,0,1,0,0,0,0
"1945",12,0,14,0,0,0,0
"1946",10,0,9,0,0,0,0
"1947",21,0,15,0,0,0,0
"1948",14,1,10,0,0,0,0
"1949",0,0,1,0,0,0,0
"1950",17,0,15,0,0,0,0
"1951",0,0,1,0,0,0,0
"1952",16,0,13,0,0,0,0
"1953",11,0,11,0,0,0,0
"1954",0,0,1,0,0,0,0
"1955",16,0,14,1,0,0,0
"1956",20,0,12,1,1,0,0
"1957",17,0,18,0,0,0,0
"1958",1,0,1,0,0,0,0
"1959",16,0,11,0,0,0,0
"1960",1,0,1,0,0,0,0
"1961",14,0,13,1,0,0,0
"1962",0,0,1,0,0,0,0
"1963",0,0,1,0,0,0,0
"1964",17,0,18,0,0,1,0
"1965",0,0,1,0,0,0,0
"1966",19,0,16,0,0,0,0
"1967",14,0,14,0,0,0,0
"1968",15,1,10,1,0,0,0
"1969",19,0,15,0,0,0,0
"1970",21,0,15,0,0,0,0
"1971",3,0,2,0,0,0,0
"1972",2,0,1,0,0,0,0
"1973",0,0,1,0,0,0,0
"1974",11,1,9,1,0,0,0
"1975",16,0,13,0,0,0,0
"1976",18,0,15,0,0,0,0
"1977",1,0,1,0,0,0,0
"1978",1,0,1,0,0,0,0
"1979",0,0,1,0,0,0,0
"1980",14,0,12,0,0,0,0
"1981",0,0,1,0,0,0,0
"1982",20,1,19,0,0,0,0
"1983",0,0,1,0,0,0,0
"1984",1,0,1,0,0,0,0
"1985",0,0,1,0,0,0,0
"1986",15,2,13,2,3,1,2
"1987",0,0,1,0,0,0,0
"1988",0,0,1,0,0,0,0
"1989",22,0,19,0,0,0,0
"1990",3,0,1,0,0,0,0
"1991",20,0,10,0,0,0,0
"1992",8,0,7,0,0,0,0
"1993",17,0,17,0,0,0,0
"1994",1,0,3,0,0,0,0
"1995",9,0,8,1,1,0,0
"1996",17,0,14,0,0,0,0
"1997",24,0,18,0,0,0,0
"1998",19,0,26,0,1,1,1
"1999",10,0,11,0,0,0,0
"2000",0,0,1,0,0,0,0
"2001",20,2,17,2,3,2,2
"2002",11,0,11,0,0,0,0
"2003",1,0,1,0,0,0,0
"2004",1,0,2,0,0,0,0
"2005",0,0,1,0,0,0,0
"2006",0,0,1,0,0,0,0
"2007",2,0,2,0,0,0,0
"2008",0,0,1,0,0,0,0
"2009",0,0,1,0,0,0,0
"2010",17,0,18,0,0,0,0
"2011",0,0,1,0,0,0,0
"2012",1,0,1,0,0,0,0
"2013",0,0,1,0,0,0,0
"2014",14,0,8,0,0,0,0
"2015",15,0,16,0,0,0,0
"2016",0,0,1,0,0,0,0
"2017",0,0,1,0,0,0,0
"2018",16,2,15,2,3,1,3
"2019",13,1,12,0,2,0,0
"2020",0,0,1,0,0,0,0
"2021",22,0,16,0,0,0,0
"2022",14,0,13,0,0,0,0
"2023",1,0,1,0,0,0,0
"2024",0,0,1,0,0,0,0
"2025",16,0,21,0,0,0,0
"2026",0,0,1,0,0,0,0
"2027",16,0,14,0,1,0,0
"2028",0,0,1,0,0,0,0
"2029",15,0,17,0,0,0,0
"2030",21,0,18,0,0,0,0
"2031",14,0,11,0,0,0,0
"2032",1,0,1,0,0,0,0
"2033",0,0,1,0,0,0,0
"2034",19,0,20,0,0,0,0
"2035",0,0,1,0,0,0,0
"2036",1,0,1,0,0,0,0
"2037",1,0,1,0,0,0,0
"2038",16,0,14,0,0,0,0
"2039",19,1,15,3,3,1,2
"2040",1,0,1,0,0,0,0
"2041",0,0,1,0,0,0,0
"2042",0,0,1,0,0,0,0
"2043",13,0,11,0,0,0,0
"2044",0,0,1,0,0,0,0
"2045",20,0,17,0,1,0,0
"2046",11,0,11,0,0,0,0
"2047",1,0,2,0,0,0,0
"2048",16,2,15,0,1,1,0
"2049",0,0,1,0,0,0,0
"2050",0,0,1,0,0,0,0
"2051",18,0,17,0,1,0,0
"2052",0,0,1,0,0,0,0
"2053",12,0,8,0,0,0,0
"2054",0,0,1,0,0,0,0
"2055",21,2,21,3,3,2,4
"2056",19,0,15,0,0,0,0
"2057",24,0,21,0,0,0,0
"2058",16,0,12,0,0,0,0
"2059",0,0,1,0,0,0,0
"2060",0,0,1,0,0,0,0
"2061",1,0,1,0,0,0,0
"2062",0,0,1,0,0,0,0
"2063",0,0,1,0,0,0,0
"2064",0,0,1,0,0,0,0
"2065",2,0,1,0,0,0,0
"2066",14,0,16,0,0,0,0
"2067",1,0,1,0,0,0,0
"2068",1,0,1,0,0,0,0
"2069",19,0,17,0,1,0,0
"2070",17,0,13,0,0,0,0
"2071",16,0,12,0,0,0,0
"2072",10,4,10,3,5,2,2
"2073",1,0,2,0,0,0,0
"2074",19,1,18,0,0,0,0
"2075",0,0,1,0,0,0,0
"2076",1,0,1,0,0,0,0
"2077",15,0,12,0,0,0,0
"2078",0,0,1,0,0,0,0
"2079",0,0,1,0,0,0,0
"2080",0,0,1,0,0,0,0
"2081",1,0,1,0,0,0,0
"2082",0,0,1,0,0,0,0
"2083",15,0,9,0,1,0,1
"2084",0,0,1,0,0,0,0
"2085",14,0,13,0,0,0,0
"2086",0,0,1,0,0,0,0
"2087",1,0,1,0,0,0,0
"2088",0,0,1,0,0,0,0
"2089",17,0,17,0,0,0,0
"2090",16,0,16,2,0,0,0
"2091",13,0,15,0,0,0,0
"2092",0,0,1,0,0,0,0
"2093",0,0,1,0,0,0,0
"2094",0,0,1,0,0,0,0
"2095",0,0,1,0,0,0,0
"2096",24,0,19,0,0,0,0
"2097",11,0,9,0,0,0,0
"2098",17,0,13,0,0,0,1
"2099",17,0,18,0,0,0,0
"2100",18,0,15,0,0,0,0
"2101",22,4,19,2,3,1,2
"2102",1,0,1,0,0,0,0
"2103",0,0,1,0,0,0,0
"2104",16,0,15,0,0,0,0
"2105",17,0,13,1,0,0,0
"2106",0,0,1,0,0,0,0
"2107",1,0,1,0,0,0,0
"2108",20,0,17,0,0,0,0
"2109",0,0,1,0,0,0,0
"2110",0,0,1,0,0,0,0
"2111",12,1,9,0,0,0,0
"2112",18,7,15,4,3,2,3
"2113",0,0,1,0,0,0,0
"2114",1,0,1,0,0,0,0
"2115",16,0,17,1,1,0,0
"2116",17,0,14,0,0,1,0
"2117",0,0,1,0,0,0,0
"2118",0,0,1,0,0,0,0
"2119",0,0,1,0,0,0,0
"2120",11,0,11,0,0,0,0
"2121",0,0,1,0,0,0,0
"2122",0,0,1,0,0,0,0
"2123",19,0,16,0,0,0,0
"2124",1,0,1,0,0,0,0
"2125",15,0,10,0,0,0,0
"2126",16,1,17,1,1,0,1
"2127",12,0,12,0,0,0,0
"2128",12,0,11,0,0,0,0
"2129",17,0,21,0,0,0,0
"2130",2,0,2,0,0,0,0
"2131",0,0,1,0,0,0,0
"2132",16,0,10,1,0,0,0
"2133",0,0,1,0,0,0,0
"2134",0,0,1,0,0,0,0
"2135",13,0,16,0,0,0,0
"2136",13,2,8,2,4,1,2
"2137",14,1,12,2,2,1,1
"2138",0,0,1,0,0,0,0
"2139",0,0,1,0,0,0,0
"2140",10,0,9,0,0,0,0
"2141",21,0,18,0,0,0,0
"2142",17,0,16,0,0,0,0
"2143",0,0,1,0,0,0,0
"2144",12,0,12,0,0,0,0
"2145",0,0,1,0,0,0,0
"2146",0,0,1,0,0,0,0
"2147",18,0,16,0,0,0,0
"2148",0,0,1,0,0,0,0
"2149",0,0,1,0,0,0,0
"2150",0,0,1,0,0,0,0
"2151",19,1,19,0,0,0,0
"2152",0,0,1,0,0,0,0
"2153",15,1,12,1,2,0,0
"2154",14,0,13,0,0,0,0
"2155",1,0,1,0,0,0,0
"2156",15,0,11,0,0,0,0
"2157",11,0,12,0,0,0,0
"2158",0,0,1,0,0,0,0
"2159",21,0,19,0,0,0,0
"2160",21,0,17,0,0,0,0
"2161",0,0,1,0,0,0,0
"2162",0,0,1,0,0,0,0
"2163",15,0,16,0,0,0,0
"2164",10,1,12,1,1,0,2
"2165",0,0,1,0,0,0,0
"2166",16,0,12,0,0,0,0
"2167",12,0,11,0,0,0,0
"2168",0,0,1,0,0,0,0
"2169",9,0,10,0,0,0,0
"2170",0,0,2,0,0,0,0
"2171",0,0,1,0,0,0,0
"2172",0,0,1,0,0,0,0
"2173",0,0,1,0,0,0,0
"2174",14,1,10,1,1,0,1
"2175",0,0,1,0,0,0,0
"2176",0,0,1,0,0,0,0
"2177",0,0,1,0,0,0,0
"2178",0,0,1,0,0,0,0
"2179",10,0,7,0,0,0,0
"2180",11,0,9,0,0,0,0
"2181",0,0,1,0,0,0,0
"2182",18,0,24,0,0,0,0
"2183",15,0,14,0,0,0,0
"2184",0,0,1,0,0,0,0
"2185",0,0,1,0,0,0,0
"2186",16,0,14,0,0,0,0
"2187",9,1,7,1,2,1,1
"2188",15,0,11,0,0,0,0
"2189",0,0,1,0,0,0,0
"2190",0,0,1,0,0,0,0
"2191",23,0,18,1,0,0,0
"2192",0,0,1,0,0,0,0
"2193",0,0,1,0,0,0,0
"2194",14,0,12,0,0,0,0
"2195",1,0,1,0,0,0,0
"2196",0,0,1,0,0,0,0
"2197",21,0,12,0,0,0,0
"2198",0,0,1,0,0,0,0
"2199",16,0,12,0,0,0,0
"2200",0,0,1,0,0,0,0
"2201",0,0,1,0,0,0,0
"2202",12,2,11,1,3,1,0
"2203",12,0,11,0,0,0,0
"2204",0,0,1,0,0,0,0
"2205",1,0,1,0,0,0,0
"2206",15,0,12,0,0,0,0
"2207",20,0,15,0,0,0,0
"2208",0,0,1,0,0,0,0
"2209",0,0,2,0,0,0,0
"2210",12,0,10,0,0,0,0
"2211",0,0,1,0,0,0,0
"2212",0,0,1,0,0,0,0
"2213",1,0,1,0,0,0,0
"2214",18,0,19,0,0,0,0
"2215",13,0,12,0,0,0,0
"2216",13,0,11,0,0,0,0
"2217",0,0,1,0,0,0,0
"2218",0,0,2,0,0,0,0
"2219",1,0,1,0,0,0,0
"2220",18,0,16,0,0,0,0
"2221",19,0,19,0,0,0,0
"2222",10,0,9,1,0,0,0
"2223",11,1,12,0,0,0,0
"2224",0,0,1,0,0,0,0
"2225",20,2,11,3,3,1,3
"2226",0,0,1,0,0,0,0
"2227",0,0,1,0,0,0,0
"2228",0,0,1,0,0,0,0
"2229",0,0,1,0,0,0,0
"2230",0,0,1,0,0,0,0
"2231",0,0,1,0,0,0,0
"2232",0,0,1,0,0,0,0
"2233",0,0,2,0,0,0,0
"2234",0,0,1,0,0,0,0
"2235",0,0,1,0,0,0,0
"2236",0,0,1,0,0,0,0
"2237",0,0,1,0,0,0,0
"2238",0,0,1,0,0,0,0
"2239",2,0,1,0,0,0,0
"2240",14,0,15,0,0,0,0
"2241",0,0,1,0,0,0,0
"2242",14,0,11,0,0,0,0
"2243",18,3,13,6,3,3,2
"2244",0,0,1,0,0,0,0
"2245",0,0,1,0,0,0,0
"2246",2,0,3,0,0,0,0
"2247",1,0,1,0,0,0,0
"2248",20,0,16,0,0,0,0
"2249",3,0,3,0,0,0,0
"2250",22,2,18,2,2,2,0
"2251",0,0,1,0,0,0,0
"2252",1,0,2,0,0,0,0
"2253",12,4,10,3,4,2,5
"2254",0,0,1,0,0,0,0
"2255",19,0,16,0,0,0,0
"2256",1,0,1,0,0,0,0
"2257",1,0,1,0,0,0,0
"2258",1,0,1,0,0,0,0
"2259",0,0,1,0,0,0,0
"2260",17,2,18,2,2,1,1
"2261",0,0,1,0,0,0,0
"2262",0,0,1,0,0,0,0
"2263",0,0,1,0,0,0,0
"2264",1,0,2,0,0,0,0
"2265",14,0,13,0,0,0,0
"2266",0,0,1,0,0,0,0
"2267",0,0,1,0,0,0,0
"2268",17,0,16,0,0,0,0
"2269",0,0,2,0,0,0,0
"2270",1,0,1,0,0,0,0
"2271",13,0,14,0,0,0,0
"2272",23,0,24,0,0,0,0
"2273",12,2,8,1,3,1,2
"2274",0,0,1,0,0,0,0
"2275",21,0,16,0,1,0,0
"2276",0,0,1,0,0,0,0
"2277",12,1,13,1,0,0,0
"2278",16,0,12,0,0,0,0
"2279",1,0,1,0,0,0,0
"2280",0,0,1,0,0,0,0
"2281",15,0,17,0,0,0,0
"2282",13,0,16,0,0,0,0
"2283",16,0,16,0,0,0,0
"2284",23,0,17,0,0,0,0
"2285",0,0,1,0,0,0,0
"2286",18,0,20,0,0,0,0
"2287",14,0,14,0,0,0,0
"2288",17,1,14,1,1,0,1
"2289",20,0,13,0,0,0,0
"2290",21,0,13,0,0,0,0
"2291",15,0,18,0,0,0,0
"2292",13,0,11,0,0,0,0
"2293",21,2,21,2,3,2,3
"2294",0,0,1,0,0,0,0
"2295",0,0,1,0,0,0,0
"2296",0,0,1,0,0,0,0
"2297",12,0,12,0,0,0,0
"2298",18,1,17,0,0,0,0
"2299",1,0,1,0,0,0,0
"2300",0,0,1,0,0,0,0
"2301",18,0,16,0,0,0,0
"2302",1,0,1,0,0,0,0
"2303",0,0,1,0,0,0,0
"2304",0,0,1,0,0,0,0
"2305",17,0,12,0,0,0,0
"2306",0,0,1,0,0,0,0
"2307",1,0,1,0,0,0,0
"2308",0,0,1,0,0,0,0
"2309",14,0,11,0,0,0,0
"2310",0,0,1,0,0,0,0
"2311",14,0,15,0,0,0,0
"2312",11,0,9,0,0,0,0
"2313",14,0,14,0,0,0,0
"2314",0,0,1,0,0,0,0
"2315",11,0,11,0,0,0,0
"2316",14,0,14,0,0,0,0
"2317",0,0,1,0,0,0,0
"2318",17,3,15,4,3,2,2
"2319",0,0,2,0,0,0,0
"2320",9,0,6,0,0,0,0
"2321",1,0,1,0,0,0,0
"2322",12,0,11,0,0,0,0
"2323",12,0,12,0,0,0,0
"2324",0,0,1,0,0,0,0
"2325",9,0,8,0,0,0,0
"2326",0,0,1,0,0,0,0
"2327",12,0,14,0,0,0,0
"2328",17,0,18,0,0,0,0
"2329",0,0,1,0,0,0,0
"2330",0,0,1,0,0,0,0
"2331",18,0,17,0,0,0,0
"2332",14,0,14,0,1,0,0
"2333",13,2,9,3,3,1,2
"2334",0,0,1,0,0,0,0
"2335",16,0,9,0,0,0,0
"2336",0,0,1,0,0,0,0
"2337",0,0,1,0,0,0,0
"2338",2,0,1,0,0,0,0
"2339",8,0,8,0,0,0,0
"2340",1,0,1,0,0,0,0
"2341",2,0,1,0,0,0,0
"2342",17,0,15,0,0,0,0
"2343",0,0,1,0,0,0,0
"2344",14,0,13,0,0,0,0
"2345",3,0,4,0,0,0,0
"2346",0,0,1,0,0,0,0
"2347",11,1,7,3,1,0,2
"2348",18,2,15,3,3,1,2
"2349",18,0,21,0,0,0,0
"2350",3,0,2,0,0,0,0
"2351",0,0,1,0,0,0,0
"2352",0,0,1,0,0,0,0
"2353",14,0,16,0,0,0,0
"2354",1,0,1,0,0,0,0
"2355",3,0,1,0,0,0,0
"2356",17,0,21,0,0,0,0
"2357",12,0,12,0,0,0,0
"2358",0,0,1,0,0,0,0
"2359",0,0,1,0,0,0,0
"2360",0,0,1,0,0,0,0
"2361",16,0,16,0,0,0,0
"2362",1,0,1,0,0,0,0
"2363",21,0,22,0,0,0,0
"2364",1,0,1,0,0,0,0
"2365",16,0,13,0,1,0,0
"2366",23,0,18,0,0,0,0
"2367",0,0,1,0,0,0,0
"2368",19,0,18,0,0,0,0
"2369",18,0,19,0,0,0,0
"2370",20,1,15,0,0,0,0
"2371",18,0,19,0,0,0,0
"2372",14,0,11,0,0,0,0
"2373",20,0,31,0,0,0,0
"2374",21,0,17,1,0,1,0
"2375",20,0,21,0,0,0,0
"2376",12,0,8,0,0,0,0
"2377",0,0,1,0,0,0,0
"2378",1,0,1,0,0,0,0
"2379",18,2,14,1,2,1,0
"2380",0,0,1,0,0,0,0
"2381",0,0,1,0,0,0,0
"2382",15,0,12,0,0,0,0
"2383",18,0,14,0,0,0,0
"2384",0,0,1,0,0,0,0
"2385",18,0,18,0,0,0,0
"2386",16,0,18,0,0,0,0
"2387",16,0,12,0,0,0,0
"2388",0,0,1,0,0,0,0
"2389",16,0,14,0,0,0,0
"2390",14,0,12,0,0,0,0
"2391",1,0,1,0,0,0,0
"2392",0,0,1,0,0,0,0
"2393",1,0,1,0,0,0,0
"2394",1,0,1,0,0,0,0
"2395",17,0,15,0,0,0,0
"2396",16,0,13,0,0,0,0
"2397",13,0,10,0,0,0,0
"2398",0,0,1,0,0,0,0
"2399",12,1,10,1,1,0,0
"2400",11,0,10,0,0,0,0
"2401",0,0,1,0,0,0,0
"2402",0,0,1,0,0,0,0
"2403",0,0,1,0,0,0,0
"2404",0,0,1,0,0,0,0
"2405",1,0,2,0,0,0,0
"2406",4,0,3,0,0,0,0
"2407",0,0,1,0,0,0,0
"2408",0,0,1,0,0,0,0
"2409",0,0,1,0,0,0,0
"2410",13,0,10,0,0,0,0
"2411",0,0,1,0,0,0,0
"2412",16,0,14,0,0,0,0
"2413",0,0,1,0,0,0,0
"2414",0,0,1,0,0,0,0
"2415",1,0,1,0,0,0,0
"2416",0,0,1,0,0,0,0
"2417",20,0,13,0,0,0,0
"2418",0,0,1,0,0,0,0
"2419",1,0,1,0,0,0,0
"2420",0,0,1,0,0,0,0
"2421",20,0,16,0,0,0,0
"2422",13,0,9,0,1,0,0
"2423",1,0,1,0,0,0,0
"2424",11,0,14,0,0,0,0
"2425",0,0,1,0,0,0,0
"2426",0,0,1,0,0,0,0
"2427",0,0,1,0,0,0,0
"2428",0,0,1,0,0,0,0
"2429",18,0,17,0,0,0,0
"2430",0,0,1,0,0,0,0
"2431",14,0,15,0,0,0,0
"2432",0,0,1,0,0,0,0
"2433",0,0,1,0,0,0,0
"2434",0,0,1,0,0,0,0
"2435",0,0,1,0,0,0,0
"2436",1,0,1,0,0,0,0
"2437",13,0,13,0,0,0,0
"2438",17,0,16,0,0,0,0
"2439",1,0,2,0,0,0,0
"2440",10,0,14,0,0,0,0
"2441",17,0,10,0,0,0,0
"2442",1,0,1,0,0,0,0
"2443",0,0,1,0,0,0,0
"2444",21,0,20,0,0,0,0
"2445",20,0,16,0,0,0,0
"2446",0,0,1,0,0,0,0
"2447",0,0,1,0,0,0,0
"2448",19,0,18,0,0,0,0
"2449",17,0,15,1,0,0,0
"2450",1,0,1,0,0,0,0
"2451",14,0,13,0,0,0,0
"2452",1,0,1,0,0,0,0
"2453",0,0,2,0,0,0,0
"2454",1,0,1,0,0,0,0
"2455",0,0,1,0,0,0,0
"2456",0,0,1,0,0,0,0
"2457",12,0,12,0,0,0,0
"2458",0,0,1,0,0,0,0
"2459",0,0,1,0,0,0,0
"2460",0,0,1,0,0,0,0
"2461",0,0,1,0,0,0,0
"2462",0,0,1,0,0,0,0
"2463",17,0,9,0,0,0,0
"2464",18,0,19,0,0,0,0
"2465",0,0,1,0,0,0,0
"2466",0,0,1,0,0,0,0
"2467",1,0,1,0,0,0,0
"2468",0,0,1,0,0,0,0
"2469",0,0,1,0,0,0,0
"2470",17,0,12,0,0,0,0
"2471",19,0,17,0,0,0,1
"2472",12,0,11,0,0,0,0
"2473",17,0,16,0,0,0,0
"2474",14,3,15,1,2,1,1
"2475",0,0,1,0,0,0,0
"2476",0,0,1,0,0,0,0
"2477",2,0,2,0,0,0,0
"2478",0,0,1,0,0,0,0
"2479",0,0,1,0,0,0,0
"2480",14,3,11,5,3,2,2
"2481",2,0,1,0,0,0,0
"2482",13,0,14,0,0,0,0
"2483",0,0,1,0,0,0,0
"2484",14,0,19,0,0,0,0
"2485",22,0,23,0,0,0,0
"2486",11,0,10,0,0,0,0
"2487",0,0,1,0,0,0,0
"2488",15,0,17,0,0,1,0
"2489",0,0,1,0,0,0,0
"2490",16,0,12,0,1,0,0
"2491",15,0,14,0,0,0,0
"2492",14,0,13,0,0,0,0
"2493",0,0,1,0,0,0,0
"2494",1,0,1,0,0,0,0
"2495",0,0,1,0,0,0,0
"2496",0,0,1,0,0,0,0
"2497",1,0,3,0,0,0,0
"2498",0,0,1,0,0,0,0
"2499",16,0,12,0,0,0,0
"2500",17,0,18,0,0,0,0
