"","age1_orange.E","age1_green.E","age2_no_comorbid_orange.E","age2_no_comorbid_green.E","age2_comorbid_green.E","age3_no_comorbid_green.E","age3_comorbid_green.E"
"1",1,0,3,0,0,0,0
"2",0,0,1,0,0,0,0
"3",18,0,17,0,0,1,0
"4",17,4,19,4,3,2,3
"5",0,0,1,0,0,0,0
"6",0,0,1,0,0,0,0
"7",2,0,2,0,0,0,0
"8",0,0,1,0,0,0,0
"9",0,0,1,0,0,0,0
"10",0,0,1,0,0,0,0
"11",0,0,1,0,0,0,0
"12",0,0,1,0,0,0,0
"13",1,0,1,0,0,0,0
"14",20,0,20,0,0,0,0
"15",0,0,1,0,0,0,0
"16",0,0,1,0,0,0,0
"17",1,0,1,0,0,0,0
"18",23,0,18,0,1,0,0
"19",0,0,1,0,0,0,0
"20",31,2,24,1,1,2,3
"21",19,0,27,1,0,0,0
"22",1,0,2,0,0,0,0
"23",0,0,1,0,0,0,0
"24",0,0,1,0,0,0,0
"25",13,0,10,0,0,0,0
"26",0,0,1,0,0,0,0
"27",0,0,1,0,0,0,0
"28",0,0,1,0,0,0,0
"29",24,0,17,0,0,0,0
"30",23,0,14,0,0,0,0
"31",16,2,11,3,1,1,2
"32",22,0,17,0,0,0,0
"33",1,0,1,0,0,0,0
"34",22,0,19,0,0,0,0
"35",0,0,1,0,0,0,0
"36",20,0,20,0,0,0,0
"37",0,0,1,0,0,0,0
"38",0,0,1,0,0,0,0
"39",1,0,1,0,0,0,0
"40",16,0,14,0,0,0,0
"41",0,0,1,0,0,0,0
"42",0,0,1,0,0,0,0
"43",0,0,1,0,0,0,0
"44",0,0,1,0,0,0,0
"45",17,1,16,1,1,0,0
"46",12,0,11,0,0,0,0
"47",16,0,13,0,0,0,0
"48",19,0,18,0,0,0,0
"49",0,0,1,0,0,0,0
"50",16,0,19,0,0,0,0
"51",0,0,1,0,0,0,0
"52",21,0,20,0,0,0,0
"53",0,0,1,0,0,0,0
"54",0,0,1,0,0,0,0
"55",0,0,1,0,0,0,0
"56",0,0,1,0,0,0,0
"57",0,0,1,0,0,0,0
"58",0,0,1,0,0,0,0
"59",29,0,16,0,0,0,0
"60",1,0,1,0,0,0,0
"61",16,0,17,0,0,0,0
"62",11,0,10,0,0,0,0
"63",24,0,22,0,0,0,0
"64",18,0,16,0,0,0,0
"65",0,0,1,0,0,0,0
"66",20,2,22,1,3,1,1
"67",24,0,21,0,0,0,0
"68",20,0,29,0,0,0,0
"69",21,0,17,0,0,0,0
"70",0,0,1,0,0,0,0
"71",22,1,27,1,2,0,2
"72",16,0,18,0,0,0,0
"73",2,0,2,0,0,0,0
"74",13,0,14,0,0,0,0
"75",25,0,22,0,0,0,0
"76",16,0,15,0,0,0,0
"77",18,2,20,3,3,1,2
"78",21,0,19,0,0,0,0
"79",0,0,1,0,0,0,0
"80",19,0,17,0,0,0,0
"81",0,0,1,0,0,0,0
"82",22,0,20,0,0,0,0
"83",1,0,1,0,0,0,0
"84",16,1,13,0,1,1,0
"85",0,0,1,0,0,0,0
"86",0,0,1,0,0,0,0
"87",0,0,1,0,0,0,0
"88",0,0,1,0,0,0,0
"89",0,0,1,0,0,0,0
"90",0,0,1,0,0,0,0
"91",17,3,17,3,5,1,1
"92",1,0,1,0,0,0,0
"93",20,0,24,0,0,0,0
"94",0,0,1,0,0,0,0
"95",0,0,1,0,0,0,0
"96",17,0,21,0,0,1,0
"97",0,0,1,0,0,0,0
"98",20,0,22,0,0,0,0
"99",0,0,1,0,0,0,0
"100",0,0,1,0,0,0,0
"101",0,0,1,0,0,0,0
"102",22,2,19,2,1,1,1
"103",0,0,1,0,0,0,0
"104",0,0,1,0,0,0,0
"105",0,0,1,0,0,0,0
"106",20,0,17,0,0,0,0
"107",0,0,1,0,0,0,0
"108",1,0,1,0,0,0,0
"109",21,0,18,0,0,0,0
"110",18,5,21,2,3,1,3
"111",0,0,1,0,0,0,0
"112",16,0,12,1,0,0,0
"113",0,0,1,0,0,0,0
"114",17,0,23,0,0,0,0
"115",0,0,1,0,0,0,0
"116",20,0,17,0,0,0,0
"117",0,0,1,0,0,0,0
"118",1,0,1,0,0,0,0
"119",0,0,1,0,0,0,0
"120",20,0,24,0,0,0,1
"121",0,0,1,0,0,0,0
"122",0,0,1,0,0,0,0
"123",19,0,18,0,0,0,0
"124",16,0,13,0,0,0,0
"125",0,0,1,0,0,0,0
"126",0,0,1,0,0,0,0
"127",16,0,15,0,0,0,0
"128",18,0,14,0,0,0,0
"129",18,0,12,0,0,0,0
"130",0,0,1,0,0,0,0
"131",18,2,16,2,4,1,1
"132",21,0,18,0,0,0,0
"133",20,4,15,3,5,2,2
"134",1,0,1,0,0,0,0
"135",29,3,25,4,3,2,2
"136",1,0,1,0,0,0,0
"137",0,0,1,0,0,0,0
"138",14,0,14,1,0,0,0
"139",15,0,11,0,0,0,0
"140",0,0,1,0,0,0,0
"141",0,0,1,0,0,0,0
"142",16,0,16,0,0,0,0
"143",13,0,13,0,0,0,0
"144",0,0,1,0,0,0,0
"145",15,3,15,2,2,1,2
"146",25,0,18,0,0,0,0
"147",1,0,1,0,0,0,0
"148",0,0,2,0,0,0,0
"149",1,0,1,0,0,0,0
"150",0,0,1,0,0,0,0
"151",0,0,1,0,0,0,0
"152",2,0,1,0,0,0,0
"153",19,0,14,0,0,0,0
"154",0,0,1,0,0,0,0
"155",20,0,16,0,0,0,0
"156",20,0,18,0,1,0,0
"157",1,0,1,0,0,0,0
"158",0,0,1,0,0,0,0
"159",0,0,1,0,0,0,0
"160",0,0,1,0,0,0,0
"161",13,0,10,0,0,0,0
"162",1,0,1,0,0,0,0
"163",3,0,2,0,0,0,0
"164",0,0,1,0,0,0,0
"165",1,0,2,0,0,0,0
"166",18,0,19,0,0,0,0
"167",16,0,16,0,1,0,0
"168",26,0,23,0,0,0,0
"169",17,1,15,0,1,0,0
"170",0,0,1,0,0,0,0
"171",0,0,1,0,0,0,0
"172",0,0,1,0,0,0,0
"173",0,0,1,0,0,0,0
"174",0,0,1,0,0,0,0
"175",19,0,11,0,0,0,0
"176",22,0,19,0,0,0,0
"177",15,0,16,0,0,0,0
"178",16,3,13,4,2,0,2
"179",0,0,1,0,0,0,0
"180",10,0,9,0,0,0,0
"181",1,0,1,0,0,0,0
"182",0,0,1,0,0,0,0
"183",0,0,1,0,0,0,0
"184",0,0,1,0,0,0,0
"185",24,0,20,1,0,0,1
"186",0,0,1,0,0,0,0
"187",18,0,22,0,0,0,0
"188",1,0,1,0,0,0,0
"189",18,0,18,0,0,0,0
"190",0,0,1,0,0,0,0
"191",0,0,1,0,0,0,0
"192",0,0,1,0,0,0,0
"193",0,0,1,0,0,0,0
"194",13,0,12,0,0,0,0
"195",1,0,1,0,0,0,0
"196",0,0,1,0,0,0,0
"197",15,0,14,0,0,0,0
"198",25,0,25,0,0,0,0
"199",19,0,19,0,0,0,0
"200",0,0,1,0,0,0,0
"201",23,0,21,0,0,0,0
"202",0,0,1,0,0,0,0
"203",0,0,2,0,0,0,0
"204",1,0,1,0,0,0,0
"205",28,0,24,0,0,0,0
"206",27,0,19,0,0,0,0
"207",0,0,1,0,0,0,0
"208",0,0,1,0,0,0,0
"209",2,0,4,0,0,0,0
"210",25,0,20,0,1,0,0
"211",19,0,14,0,0,1,0
"212",24,0,24,0,0,0,0
"213",21,0,12,0,0,0,0
"214",17,0,14,1,0,0,1
"215",22,0,17,0,0,0,0
"216",19,0,18,0,0,0,0
"217",0,0,1,0,0,0,0
"218",20,0,20,0,0,0,0
"219",17,2,18,1,2,0,0
"220",0,0,1,0,0,0,0
"221",4,0,3,0,0,0,0
"222",17,1,19,2,2,1,1
"223",0,0,1,0,0,0,0
"224",0,0,1,0,0,0,0
"225",26,0,22,0,0,0,0
"226",20,0,13,0,0,0,0
"227",14,1,12,0,0,0,0
"228",19,0,13,0,0,0,0
"229",1,0,1,0,0,0,0
"230",1,0,1,0,0,0,0
"231",25,0,19,0,0,0,0
"232",21,0,24,0,0,0,0
"233",2,0,1,0,0,0,0
"234",14,1,13,0,1,1,0
"235",15,3,17,4,5,2,3
"236",0,0,1,0,0,0,0
"237",22,0,18,0,0,0,0
"238",0,0,1,0,0,0,0
"239",3,0,1,0,0,0,0
"240",20,3,13,3,4,3,2
"241",18,0,15,0,0,0,0
"242",0,0,1,0,0,0,0
"243",12,0,12,0,0,0,0
"244",23,0,16,0,0,0,0
"245",12,0,13,0,0,0,0
"246",0,0,1,0,0,0,0
"247",0,0,1,0,0,0,0
"248",18,0,15,0,0,0,0
"249",0,0,1,0,0,0,0
"250",0,0,1,0,0,0,0
"251",0,0,1,0,0,0,0
"252",22,0,20,0,0,0,0
"253",18,0,16,0,1,0,0
"254",0,0,1,0,0,0,0
"255",18,0,21,0,0,0,0
"256",1,0,2,0,0,0,0
"257",1,0,1,0,0,0,0
"258",0,0,1,0,0,0,0
"259",12,0,7,0,0,0,0
"260",0,0,1,0,0,0,0
"261",0,0,1,0,0,0,0
"262",19,0,20,0,0,0,0
"263",0,0,1,0,0,0,0
"264",0,0,1,0,0,0,0
"265",15,0,16,0,0,0,0
"266",0,0,1,0,0,0,0
"267",22,0,20,0,0,0,0
"268",0,0,1,0,0,0,0
"269",0,0,1,0,0,0,0
"270",20,0,20,0,0,0,0
"271",0,0,1,0,0,0,0
"272",11,0,7,0,0,0,0
"273",17,0,14,0,0,0,0
"274",16,0,15,0,0,0,0
"275",17,0,17,0,1,0,0
"276",1,0,1,0,0,0,0
"277",20,0,18,0,0,0,0
"278",0,0,1,0,0,0,0
"279",0,0,1,0,0,0,0
"280",5,0,3,0,0,0,0
"281",0,0,1,0,0,0,0
"282",25,0,12,0,0,0,0
"283",18,0,14,0,0,0,0
"284",15,0,17,1,0,0,1
"285",0,0,1,0,0,0,0
"286",17,0,17,0,0,0,0
"287",13,0,9,0,0,0,0
"288",14,0,11,0,0,0,0
"289",1,0,1,0,0,0,0
"290",21,0,14,0,0,0,0
"291",0,0,1,0,0,0,0
"292",0,0,1,0,0,0,0
"293",23,0,16,0,0,0,0
"294",22,0,23,0,0,0,0
"295",24,0,15,0,0,0,0
"296",0,0,1,0,0,0,0
"297",2,0,1,0,0,0,0
"298",1,0,1,0,0,0,0
"299",0,0,1,0,0,0,0
"300",0,0,1,0,0,0,0
"301",0,0,1,0,0,0,0
"302",0,0,1,0,0,0,0
"303",2,0,2,0,0,0,0
"304",0,0,1,0,0,0,0
"305",32,0,24,0,0,0,0
"306",15,0,14,0,0,0,0
"307",1,0,1,0,0,0,0
"308",19,0,14,0,0,0,0
"309",15,0,15,0,0,0,0
"310",16,3,16,4,4,1,2
"311",1,0,2,0,0,0,0
"312",0,0,1,0,0,0,0
"313",19,0,15,0,0,0,0
"314",26,0,21,0,1,0,0
"315",17,0,17,0,0,0,0
"316",10,0,11,0,0,0,0
"317",21,0,19,0,0,0,1
"318",2,0,2,0,0,0,0
"319",22,0,13,0,0,0,0
"320",0,0,1,0,0,0,0
"321",20,0,14,0,0,0,0
"322",0,0,1,0,0,0,0
"323",18,0,13,0,0,0,0
"324",28,0,21,0,0,0,0
"325",0,0,1,0,0,0,0
"326",16,2,14,2,3,1,3
"327",0,0,1,0,0,0,0
"328",0,0,1,0,0,0,0
"329",20,0,18,0,0,0,0
"330",26,3,24,3,4,3,3
"331",0,0,1,0,0,0,0
"332",0,0,1,0,0,0,0
"333",0,0,1,0,0,0,0
"334",18,0,16,0,0,0,0
"335",0,0,1,0,0,0,0
"336",0,0,1,0,0,0,0
"337",23,0,21,0,0,0,0
"338",1,0,1,0,0,0,0
"339",23,0,23,0,0,0,0
"340",0,0,1,0,0,0,0
"341",0,0,1,0,0,0,0
"342",0,0,1,0,0,0,0
"343",17,1,16,0,1,0,0
"344",0,0,1,0,0,0,0
"345",1,0,1,0,0,0,0
"346",19,1,15,0,0,1,0
"347",18,0,13,0,0,0,0
"348",19,3,15,5,4,2,2
"349",0,0,1,0,0,0,0
"350",20,0,18,0,0,0,0
"351",0,0,1,0,0,0,0
"352",0,0,1,0,0,0,0
"353",19,0,24,0,0,0,0
"354",1,0,1,0,0,0,0
"355",18,0,20,0,0,0,0
"356",0,0,1,0,0,0,0
"357",0,0,1,0,0,0,0
"358",26,3,23,3,4,2,3
"359",0,0,1,0,0,0,0
"360",0,0,1,0,0,0,0
"361",2,0,1,0,0,0,0
"362",19,0,20,0,0,0,0
"363",0,0,1,0,0,0,0
"364",24,1,19,2,2,0,1
"365",15,0,14,0,0,0,0
"366",22,0,17,0,0,0,0
"367",15,4,18,3,6,1,2
"368",20,0,17,0,0,0,0
"369",17,0,18,0,0,0,0
"370",21,0,19,0,0,0,0
"371",16,0,12,0,0,0,0
"372",0,0,1,0,0,0,0
"373",1,0,1,0,0,0,0
"374",0,0,1,0,0,0,0
"375",0,0,1,0,0,0,0
"376",0,0,1,0,0,0,0
"377",0,0,1,0,0,0,0
"378",22,0,11,0,0,0,0
"379",1,0,1,0,0,0,0
"380",3,0,2,0,0,0,0
"381",13,0,11,0,0,0,0
"382",0,0,1,0,0,0,0
"383",20,1,19,0,2,1,1
"384",1,0,1,0,0,0,0
"385",0,0,1,0,0,0,0
"386",21,0,26,0,0,0,0
"387",1,0,1,0,0,0,0
"388",0,0,1,0,0,0,0
"389",13,1,11,0,1,1,0
"390",20,0,15,1,0,0,0
"391",0,0,1,0,0,0,0
"392",26,1,20,1,2,1,1
"393",27,0,12,0,0,0,0
"394",0,0,1,0,0,0,0
"395",25,0,17,0,0,0,0
"396",0,0,1,0,0,0,0
"397",0,0,1,0,0,0,0
"398",18,2,19,2,4,2,2
"399",0,0,1,0,0,0,0
"400",0,0,1,0,0,0,0
"401",21,1,16,0,0,0,1
"402",0,0,1,0,0,0,0
"403",17,0,13,0,0,0,0
"404",19,0,13,0,0,0,0
"405",24,2,20,1,1,0,1
"406",22,0,19,0,0,0,0
"407",2,0,2,0,0,0,0
"408",2,0,2,0,0,0,0
"409",22,0,14,0,0,0,0
"410",16,0,15,0,0,0,0
"411",0,0,1,0,0,0,0
"412",25,4,17,3,5,1,3
"413",0,0,1,0,0,0,0
"414",1,0,1,0,0,0,0
"415",25,0,22,0,0,0,0
"416",24,0,20,0,0,0,0
"417",0,0,1,0,0,0,0
"418",28,0,20,0,0,0,0
"419",20,0,16,0,0,0,0
"420",0,0,1,0,0,0,0
"421",1,0,1,0,0,0,0
"422",22,1,20,0,0,0,0
"423",0,0,1,0,0,0,0
"424",15,0,15,0,1,0,0
"425",24,0,20,0,0,0,0
"426",23,0,15,0,0,0,0
"427",2,0,1,0,0,0,0
"428",0,0,1,0,0,0,0
"429",2,0,1,0,0,0,0
"430",1,0,1,0,0,0,0
"431",16,0,13,0,0,0,0
"432",2,0,1,0,0,0,0
"433",20,0,18,0,1,0,0
"434",22,3,19,4,6,2,2
"435",1,0,1,0,0,0,0
"436",0,0,1,0,0,0,0
"437",0,0,1,0,0,0,0
"438",0,0,1,0,0,0,0
"439",0,0,1,0,0,0,0
"440",0,0,1,0,0,0,0
"441",13,0,16,0,0,0,0
"442",3,0,6,0,0,0,0
"443",17,1,16,0,1,0,0
"444",26,1,21,0,0,0,0
"445",0,0,1,0,0,0,0
"446",23,0,22,0,0,0,0
"447",0,0,1,0,0,0,0
"448",24,0,16,0,1,0,0
"449",23,0,20,0,0,0,0
"450",25,0,20,0,1,2,1
"451",4,0,4,0,0,0,0
"452",0,0,1,0,0,0,0
"453",19,0,16,0,0,0,0
"454",14,0,13,0,0,0,0
"455",0,0,1,0,0,0,0
"456",26,0,24,0,0,0,0
"457",1,0,1,0,0,0,0
"458",0,0,1,0,0,0,0
"459",21,1,15,2,2,1,2
"460",0,0,1,0,0,0,0
"461",20,0,18,0,0,0,0
"462",29,0,19,0,0,0,0
"463",27,2,25,1,4,1,2
"464",2,0,3,0,0,0,1
"465",28,0,22,0,1,0,0
"466",0,0,1,0,0,0,0
"467",0,0,1,0,0,0,0
"468",0,0,1,0,0,0,0
"469",1,0,1,0,0,0,0
"470",0,0,1,0,0,0,0
"471",0,0,1,0,0,0,0
"472",21,0,15,0,0,0,0
"473",24,0,28,0,0,0,0
"474",13,3,13,4,5,2,4
"475",27,0,20,0,0,0,1
"476",0,0,1,0,0,0,0
"477",0,0,1,0,0,0,0
"478",0,0,1,0,0,0,0
"479",0,0,1,0,0,0,0
"480",0,0,1,0,0,0,0
"481",18,0,17,0,1,0,0
"482",0,0,1,0,0,0,0
"483",1,0,1,0,0,0,0
"484",12,0,9,0,0,0,0
"485",19,0,15,0,0,0,0
"486",22,0,19,0,0,0,0
"487",17,0,13,0,0,0,0
"488",24,0,17,0,1,0,0
"489",0,0,1,0,0,0,0
"490",0,0,1,0,0,0,0
"491",21,0,19,0,0,0,0
"492",15,0,22,0,0,0,0
"493",0,0,1,0,0,0,0
"494",0,0,1,0,0,0,0
"495",18,0,16,0,0,0,0
"496",0,0,1,0,0,0,0
"497",20,0,15,0,0,0,0
"498",14,0,15,0,0,0,0
"499",1,0,1,0,0,0,0
"500",0,0,1,0,0,0,0
"501",24,0,21,0,0,0,0
"502",0,0,1,0,0,0,0
"503",0,0,1,0,0,0,0
"504",0,0,1,0,0,0,0
"505",0,0,1,0,0,0,0
"506",0,0,1,0,0,0,0
"507",1,0,1,0,0,0,0
"508",23,0,24,0,0,0,0
"509",20,0,18,0,0,0,0
"510",10,0,13,1,0,0,0
"511",0,0,1,0,0,0,0
"512",19,0,22,0,0,0,1
"513",0,0,1,0,0,0,0
"514",0,0,1,0,0,0,0
"515",17,0,16,0,0,0,0
"516",0,0,1,0,0,0,0
"517",20,0,16,0,0,0,0
"518",24,0,23,0,0,0,0
"519",0,0,1,0,0,0,0
"520",3,0,2,0,0,0,0
"521",13,4,10,5,4,2,3
"522",1,0,1,0,0,0,0
"523",0,0,1,0,0,0,0
"524",0,0,1,0,0,0,0
"525",19,0,16,0,0,0,0
"526",8,0,8,0,0,0,0
"527",1,0,1,0,0,0,0
"528",1,0,1,0,0,0,0
"529",0,0,1,0,0,0,0
"530",0,0,1,0,0,0,0
"531",25,0,16,0,0,0,0
"532",4,0,1,0,0,0,0
"533",16,0,18,0,0,0,0
"534",21,4,23,2,6,2,2
"535",0,0,1,0,0,0,0
"536",1,0,1,0,0,0,0
"537",19,2,24,1,2,1,0
"538",0,0,1,0,0,0,0
"539",0,0,1,0,0,0,0
"540",24,0,19,0,1,0,0
"541",0,0,1,0,0,0,0
"542",0,0,1,0,0,0,0
"543",21,0,19,0,0,0,0
"544",0,0,1,0,0,0,0
"545",0,0,1,0,0,0,0
"546",0,0,1,0,0,0,0
"547",1,0,2,0,0,0,0
"548",2,0,1,0,0,0,0
"549",20,2,16,2,2,1,1
"550",0,0,1,0,0,0,0
"551",20,1,17,2,1,1,0
"552",0,0,1,0,0,0,0
"553",0,0,1,0,0,0,0
"554",0,0,1,0,0,0,0
"555",0,0,1,0,0,0,0
"556",26,0,25,0,0,0,0
"557",21,0,24,0,0,0,0
"558",0,0,1,0,0,0,0
"559",1,0,1,0,0,0,0
"560",0,0,1,0,0,0,0
"561",3,0,1,0,0,0,0
"562",26,0,17,0,0,0,0
"563",20,0,16,0,0,0,0
"564",0,0,1,0,0,0,0
"565",0,0,1,0,0,0,0
"566",17,0,12,0,1,0,0
"567",17,0,16,1,0,0,0
"568",18,0,14,0,0,0,0
"569",19,0,16,0,0,1,0
"570",2,0,3,0,0,0,0
"571",0,0,1,0,0,0,0
"572",26,0,23,0,0,0,1
"573",0,0,1,0,0,0,0
"574",2,0,1,0,0,0,0
"575",19,0,18,0,0,0,0
"576",17,0,13,0,0,0,0
"577",0,0,1,0,0,0,0
"578",0,0,1,0,0,0,0
"579",0,0,1,0,0,0,0
"580",20,0,23,0,0,0,0
"581",0,0,1,0,0,0,0
"582",13,0,12,0,0,0,0
"583",15,0,16,1,0,0,0
"584",0,0,1,0,0,0,0
"585",0,0,1,0,0,0,0
"586",1,0,1,0,0,0,0
"587",0,0,1,0,0,0,0
"588",3,0,1,0,0,0,0
"589",0,0,1,0,0,0,0
"590",0,0,1,0,0,0,0
"591",0,0,1,0,0,0,0
"592",1,0,1,0,0,0,0
"593",13,0,13,0,0,0,0
"594",14,0,10,0,0,0,0
"595",0,0,1,0,0,0,0
"596",1,0,1,0,0,0,0
"597",11,0,14,0,0,0,0
"598",21,0,19,0,0,0,0
"599",1,0,1,0,0,0,0
"600",13,0,11,0,0,0,0
"601",0,0,1,0,0,0,0
"602",1,0,1,0,0,0,0
"603",20,0,20,0,0,0,0
"604",17,0,18,0,1,0,0
"605",22,1,18,0,0,0,0
"606",22,0,15,0,0,0,0
"607",0,0,1,0,0,0,0
"608",1,0,1,0,0,0,0
"609",19,0,15,0,0,0,0
"610",1,0,1,0,0,0,0
"611",23,0,16,0,0,0,0
"612",16,0,12,0,0,0,0
"613",15,2,13,1,2,0,0
"614",0,0,1,0,0,0,0
"615",17,0,12,0,0,0,0
"616",18,0,13,0,0,0,0
"617",21,0,15,0,0,0,0
"618",19,0,20,0,0,0,0
"619",17,0,15,0,0,0,0
"620",24,0,18,0,1,0,0
"621",0,0,1,0,0,0,0
"622",16,0,15,0,0,0,0
"623",0,0,1,0,0,0,0
"624",24,0,13,0,0,0,0
"625",1,0,1,0,0,0,0
"626",2,0,2,0,0,0,0
"627",26,0,17,0,0,0,0
"628",16,6,14,5,5,2,2
"629",15,0,16,0,0,0,0
"630",1,0,1,0,0,0,0
"631",0,0,1,0,0,0,0
"632",0,0,1,0,0,0,0
"633",0,0,1,0,0,0,0
"634",1,0,1,0,0,0,0
"635",0,0,1,0,0,0,0
"636",0,0,1,0,0,0,0
"637",19,0,13,0,0,0,0
"638",0,0,1,0,0,0,0
"639",0,0,1,0,0,0,0
"640",0,0,1,0,0,0,0
"641",18,0,14,0,0,0,0
"642",19,0,22,0,0,1,0
"643",0,0,1,0,0,0,0
"644",0,0,1,0,0,0,0
"645",18,0,15,0,0,0,0
"646",0,0,1,0,0,0,0
"647",23,0,21,0,0,0,0
"648",22,1,20,3,3,1,2
"649",17,3,20,2,2,1,1
"650",1,0,1,0,0,0,0
"651",14,0,15,0,0,1,1
"652",0,0,1,0,0,0,0
"653",0,0,1,0,0,0,0
"654",0,0,1,0,0,0,0
"655",1,0,1,0,0,0,0
"656",1,0,1,0,0,0,0
"657",1,0,1,0,0,0,0
"658",21,0,27,0,0,0,0
"659",0,0,1,0,0,0,0
"660",1,0,1,0,0,0,0
"661",16,0,17,0,0,1,0
"662",0,0,1,0,0,0,0
"663",18,0,17,0,0,0,0
"664",0,0,1,0,0,0,0
"665",16,0,14,0,0,0,0
"666",0,0,1,0,0,0,0
"667",0,0,1,0,0,0,0
"668",0,0,1,0,0,0,0
"669",11,0,12,0,0,0,0
"670",21,0,18,0,0,0,0
"671",18,3,18,3,5,1,2
"672",0,0,1,0,0,0,0
"673",0,0,1,0,0,0,0
"674",0,0,1,0,0,0,0
"675",24,0,27,0,0,0,0
"676",0,0,1,0,0,0,0
"677",0,0,1,0,0,0,0
"678",1,0,1,0,0,0,0
"679",1,0,1,0,0,0,0
"680",15,0,14,0,0,0,0
"681",22,0,18,0,0,0,0
"682",0,0,1,0,0,0,0
"683",0,0,1,0,0,0,0
"684",0,0,1,0,0,0,0
"685",21,3,15,5,4,2,2
"686",14,0,18,0,0,0,0
"687",0,0,1,0,0,0,0
"688",0,0,1,0,0,0,0
"689",20,0,19,1,0,0,1
"690",0,0,1,0,0,0,0
"691",21,0,21,0,0,0,0
"692",18,0,14,0,0,0,0
"693",1,0,1,0,0,0,0
"694",20,0,13,0,0,0,0
"695",18,0,15,0,0,0,0
"696",15,0,17,0,0,0,0
"697",0,0,1,0,0,0,0
"698",16,0,19,0,0,0,0
"699",32,2,16,1,1,1,3
"700",0,0,1,0,0,0,0
"701",0,0,1,0,0,0,0
"702",0,0,1,0,0,0,0
"703",1,0,1,0,0,0,0
"704",13,0,11,1,0,0,0
"705",16,0,13,0,0,0,0
"706",1,0,3,0,0,0,0
"707",16,0,13,0,0,0,0
"708",1,0,1,0,0,0,0
"709",0,0,2,0,0,0,0
"710",0,0,1,0,0,0,0
"711",1,0,1,0,0,0,0
"712",1,0,1,0,0,0,0
"713",2,0,1,0,0,0,0
"714",1,0,1,0,0,0,0
"715",0,0,1,0,0,0,0
"716",15,0,18,0,0,0,0
"717",0,0,1,0,0,0,0
"718",15,2,15,3,2,1,1
"719",16,0,11,0,0,0,0
"720",17,0,16,0,0,0,0
"721",18,0,16,1,0,0,1
"722",19,0,20,0,0,0,0
"723",0,0,1,0,0,0,0
"724",0,0,1,0,0,0,0
"725",13,0,13,0,0,0,0
"726",24,0,23,0,0,0,0
"727",14,0,17,0,0,0,0
"728",18,1,14,0,0,0,0
"729",17,0,14,0,1,0,0
"730",3,0,2,0,0,0,0
"731",24,0,19,0,0,0,0
"732",0,0,1,0,0,0,0
"733",0,0,1,0,0,0,0
"734",16,0,18,0,0,0,0
"735",0,0,1,0,0,0,0
"736",0,0,1,0,0,0,0
"737",0,0,1,0,0,0,0
"738",16,0,19,0,0,0,0
"739",21,0,14,0,0,0,0
"740",25,0,18,0,0,0,0
"741",13,0,16,0,0,0,0
"742",1,0,1,0,0,0,0
"743",14,0,20,0,0,0,0
"744",1,0,1,0,0,0,0
"745",0,0,1,0,0,0,0
"746",22,0,21,0,1,0,0
"747",1,0,1,0,0,0,0
"748",1,0,1,0,0,0,0
"749",1,0,1,0,0,0,0
"750",14,5,12,3,4,2,2
"751",27,0,17,0,1,1,0
"752",1,0,1,0,0,0,0
"753",20,0,27,0,0,0,0
"754",1,0,1,0,0,0,0
"755",25,0,17,0,0,0,0
"756",23,4,22,3,4,1,4
"757",26,0,20,0,0,0,0
"758",15,0,18,0,0,0,0
"759",1,0,1,0,0,0,0
"760",3,0,2,0,0,0,0
"761",0,0,1,0,0,0,0
"762",19,0,18,0,0,0,0
"763",21,4,23,2,3,2,2
"764",19,4,14,3,5,2,2
"765",20,0,13,0,0,0,0
"766",0,0,1,0,0,0,0
"767",17,0,15,0,1,0,0
"768",12,0,17,0,0,0,0
"769",0,0,1,0,0,0,0
"770",0,0,1,0,0,0,0
"771",0,0,1,0,0,0,0
"772",2,0,1,0,0,0,0
"773",1,0,1,0,0,0,0
"774",22,0,19,0,0,0,0
"775",0,0,1,0,0,0,0
"776",18,0,16,0,0,0,0
"777",20,0,17,0,0,0,0
"778",0,0,1,0,0,0,0
"779",19,0,17,1,1,0,1
"780",0,0,1,0,0,0,0
"781",0,0,1,0,0,0,0
"782",0,0,1,0,0,0,0
"783",17,0,20,1,1,1,1
"784",0,0,1,0,0,0,0
"785",22,4,17,4,4,3,3
"786",19,0,18,0,0,0,0
"787",23,0,18,0,0,0,0
"788",3,0,2,0,0,0,0
"789",0,0,1,0,0,0,0
"790",15,0,20,0,0,0,0
"791",0,0,1,0,0,0,0
"792",17,0,14,0,0,0,0
"793",18,0,19,1,1,0,0
"794",21,0,24,0,0,0,0
"795",21,0,17,0,0,0,0
"796",0,0,1,0,0,0,0
"797",23,0,19,0,0,0,0
"798",0,0,1,0,0,0,0
"799",0,0,1,0,0,0,0
"800",0,0,1,0,0,0,0
"801",17,0,15,0,1,0,0
"802",0,0,1,0,0,0,0
"803",22,3,18,5,4,2,2
"804",1,0,1,0,0,0,0
"805",0,0,1,0,0,0,0
"806",0,0,1,0,0,0,0
"807",3,0,2,0,0,0,0
"808",14,0,11,0,0,0,0
"809",20,0,19,0,0,0,1
"810",24,0,15,0,0,0,0
"811",0,0,1,0,0,0,0
"812",0,0,1,0,0,0,0
"813",17,1,16,0,0,0,0
"814",19,0,13,1,0,0,1
"815",2,0,2,0,0,0,0
"816",0,0,1,0,0,0,0
"817",0,0,1,0,0,0,0
"818",0,0,1,0,0,0,0
"819",17,0,13,0,0,0,0
"820",0,0,1,0,0,0,0
"821",1,0,1,0,0,0,0
"822",12,0,12,0,0,0,0
"823",0,0,1,0,0,0,0
"824",0,0,1,0,0,0,0
"825",22,0,17,0,0,0,0
"826",0,0,1,0,0,0,0
"827",3,0,1,0,0,0,0
"828",20,1,18,0,0,0,0
"829",30,0,18,0,0,0,1
"830",2,0,2,0,0,0,0
"831",20,0,22,0,0,0,0
"832",0,0,1,0,0,0,0
"833",15,0,20,0,0,0,0
"834",1,0,1,0,0,0,0
"835",1,0,2,0,0,0,0
"836",20,0,13,0,0,0,0
"837",17,4,16,2,4,3,2
"838",23,0,17,0,0,0,0
"839",23,0,14,1,1,0,0
"840",23,0,17,0,0,0,0
"841",1,0,1,0,0,0,0
"842",0,0,1,0,0,0,0
"843",0,0,1,0,0,0,0
"844",0,0,1,0,0,0,0
"845",2,0,1,0,0,0,0
"846",0,0,1,0,0,0,0
"847",22,0,19,0,0,0,0
"848",13,0,16,0,0,0,0
"849",0,0,1,0,0,0,0
"850",0,0,1,0,0,0,0
"851",13,3,12,3,4,1,1
"852",0,0,1,0,0,0,0
"853",0,0,1,0,0,0,0
"854",0,0,1,0,0,0,0
"855",25,0,18,0,0,0,0
"856",21,0,14,0,1,0,0
"857",0,0,1,0,0,0,0
"858",21,1,18,1,1,0,0
"859",1,0,1,0,0,0,0
"860",19,0,12,0,0,0,0
"861",17,1,14,2,3,1,1
"862",15,2,11,3,3,1,2
"863",17,0,21,0,0,0,0
"864",27,0,17,0,0,0,0
"865",24,0,17,0,0,0,0
"866",0,0,1,0,0,0,0
"867",20,0,18,0,0,0,0
"868",0,0,1,0,0,0,0
"869",15,0,16,0,0,0,0
"870",0,0,1,0,0,0,0
"871",1,0,1,0,0,0,0
"872",18,0,14,2,1,1,0
"873",0,0,1,0,0,0,0
"874",0,0,1,0,0,0,0
"875",27,0,18,0,0,0,0
"876",0,0,1,0,0,0,0
"877",14,0,20,1,1,0,0
"878",10,0,12,0,0,0,0
"879",0,0,1,0,0,0,0
"880",0,0,1,0,0,0,0
"881",17,0,11,0,0,0,0
"882",28,0,21,0,0,0,0
"883",0,0,1,0,0,0,0
"884",25,1,25,1,1,0,1
"885",2,0,1,0,0,0,0
"886",0,0,1,0,0,0,0
"887",23,0,11,0,1,0,0
"888",19,0,15,0,0,0,0
"889",0,0,1,0,0,0,0
"890",18,1,15,0,1,1,1
"891",24,3,16,3,4,2,2
"892",0,0,1,0,0,0,0
"893",0,0,1,0,0,0,0
"894",15,0,25,0,0,0,0
"895",1,0,1,0,0,0,0
"896",17,0,13,0,0,0,0
"897",22,0,16,0,0,0,0
"898",24,0,16,0,0,0,0
"899",26,2,27,2,4,1,2
"900",23,0,17,0,0,0,0
"901",13,0,18,0,0,0,0
"902",12,1,13,1,2,1,1
"903",0,0,1,0,0,0,0
"904",19,0,18,0,0,0,0
"905",15,1,11,0,1,0,1
"906",0,0,1,0,0,0,0
"907",26,0,26,0,0,0,0
"908",21,0,19,0,0,0,0
"909",1,0,1,0,0,0,0
"910",14,0,13,0,0,0,0
"911",3,0,2,0,0,0,0
"912",19,0,18,0,0,0,0
"913",0,0,1,0,0,0,0
"914",16,0,22,0,0,1,0
"915",19,0,17,0,0,0,0
"916",24,0,24,0,0,0,0
"917",0,0,1,0,0,0,0
"918",0,0,1,0,0,0,0
"919",0,0,1,0,0,0,0
"920",28,0,24,0,0,1,0
"921",20,0,16,0,0,0,0
"922",19,0,16,0,0,0,0
"923",19,0,16,0,0,0,0
"924",0,0,1,0,0,0,0
"925",22,0,21,0,0,0,0
"926",18,0,18,0,0,0,0
"927",0,0,1,0,0,0,0
"928",0,0,1,0,0,0,0
"929",1,0,1,0,0,0,0
"930",2,0,2,0,0,0,0
"931",0,0,1,0,0,0,0
"932",1,0,1,0,0,0,0
"933",0,0,1,0,0,0,0
"934",14,0,16,0,0,0,0
"935",1,0,1,0,0,0,0
"936",28,0,25,0,0,0,0
"937",26,0,24,0,0,0,0
"938",26,3,23,4,6,2,3
"939",17,1,13,3,3,2,2
"940",1,0,1,0,0,0,0
"941",21,2,16,2,2,1,0
"942",25,0,20,0,0,0,0
"943",2,0,4,0,0,0,0
"944",1,0,1,0,0,0,0
"945",1,0,1,0,0,0,0
"946",21,0,16,0,0,0,0
"947",17,0,15,0,0,0,0
"948",0,0,1,0,0,0,0
"949",0,0,1,0,0,0,0
"950",0,0,1,0,0,0,0
"951",27,0,21,0,0,0,0
"952",2,0,1,0,0,0,0
"953",0,0,1,0,0,0,0
"954",1,0,1,0,0,0,0
"955",21,0,16,0,0,0,0
"956",0,0,1,0,0,0,0
"957",18,0,19,0,0,0,0
"958",20,0,18,0,0,0,0
"959",0,0,1,0,0,0,0
"960",0,0,1,0,0,0,0
"961",0,0,1,0,0,0,0
"962",17,0,15,0,0,0,0
"963",21,0,20,0,0,0,0
"964",22,0,19,0,0,0,0
"965",0,0,1,0,0,0,0
"966",0,0,1,0,0,0,0
"967",0,0,1,0,0,0,0
"968",0,0,1,0,0,0,0
"969",0,0,1,0,0,0,0
"970",0,0,1,0,0,0,0
"971",0,0,1,0,0,0,0
"972",14,0,12,1,0,0,0
"973",3,0,3,0,0,0,0
"974",20,0,21,0,0,0,0
"975",18,0,19,0,0,0,0
"976",18,0,14,0,0,0,0
"977",3,0,2,0,0,0,0
"978",18,1,19,0,0,1,0
"979",0,0,1,0,0,0,0
"980",13,0,14,0,0,0,0
"981",0,0,1,0,0,0,0
"982",24,0,21,0,0,0,0
"983",20,0,17,0,0,0,0
"984",0,0,1,0,0,0,0
"985",17,3,18,3,4,1,3
"986",20,0,18,0,0,0,0
"987",0,0,1,0,0,0,0
"988",2,0,1,0,0,0,0
"989",11,0,12,0,0,0,0
"990",0,0,1,0,0,0,0
"991",0,0,1,0,0,0,0
"992",15,0,13,0,1,0,0
"993",0,0,1,0,0,0,0
"994",0,0,1,0,0,0,0
"995",12,5,12,3,4,2,3
"996",1,0,1,0,0,0,0
"997",0,0,1,0,0,0,0
"998",18,0,19,0,0,0,0
"999",0,0,1,0,0,0,0
"1000",15,2,24,0,2,1,1
"1001",18,0,17,0,0,0,0
"1002",15,0,14,0,0,0,0
"1003",21,0,17,0,0,0,0
"1004",19,0,14,0,0,0,0
"1005",30,0,19,0,0,0,0
"1006",1,0,1,0,0,0,0
"1007",20,0,18,0,0,0,0
"1008",14,0,15,0,0,0,0
"1009",0,0,1,0,0,0,0
"1010",1,0,2,0,0,0,0
"1011",0,0,1,0,0,0,0
"1012",23,0,27,0,0,0,0
"1013",14,1,16,1,1,1,1
"1014",1,0,1,0,0,0,0
"1015",0,0,1,0,0,0,0
"1016",0,0,1,0,0,0,0
"1017",0,0,1,0,0,0,0
"1018",2,0,1,0,0,0,0
"1019",20,0,22,0,0,0,0
"1020",0,0,1,0,0,0,0
"1021",16,0,19,0,0,0,0
"1022",20,0,16,0,0,0,0
"1023",1,0,1,0,0,0,0
"1024",0,0,1,0,0,0,0
"1025",31,0,27,0,0,0,0
"1026",0,0,1,0,0,0,0
"1027",15,0,17,0,0,0,0
"1028",0,0,1,0,0,0,0
"1029",0,0,1,0,0,0,0
"1030",0,0,1,0,0,0,0
"1031",0,0,1,0,0,0,0
"1032",17,0,11,0,1,0,0
"1033",20,0,11,0,0,0,0
"1034",21,0,18,0,0,0,0
"1035",18,0,27,0,0,0,0
"1036",0,0,1,0,0,0,0
"1037",17,0,20,0,0,0,0
"1038",0,0,1,0,0,0,0
"1039",19,0,16,0,0,0,0
"1040",23,4,23,4,4,2,3
"1041",20,0,22,1,1,0,1
"1042",15,0,17,0,0,0,0
"1043",1,0,1,0,0,0,0
"1044",1,0,1,0,0,0,0
"1045",16,0,19,0,0,0,0
"1046",26,0,23,0,0,0,0
"1047",15,0,18,0,0,0,0
"1048",3,0,2,0,0,0,0
"1049",0,0,1,0,0,0,0
"1050",1,0,1,0,0,0,0
"1051",0,0,1,0,0,0,0
"1052",27,0,15,0,0,0,0
"1053",1,0,1,0,0,0,0
"1054",1,0,1,0,0,0,0
"1055",24,0,20,0,0,0,0
"1056",0,0,1,0,0,0,0
"1057",2,0,1,0,0,0,0
"1058",0,0,1,0,0,0,0
"1059",21,0,18,0,0,0,0
"1060",14,0,12,0,0,0,0
"1061",0,0,1,0,0,0,0
"1062",0,0,1,0,0,0,0
"1063",1,0,1,0,0,0,0
"1064",0,0,1,0,0,0,0
"1065",0,0,1,0,0,0,0
"1066",0,0,1,0,0,0,0
"1067",1,0,1,0,0,0,0
"1068",13,0,17,0,0,0,0
"1069",0,0,1,0,0,0,0
"1070",0,0,1,0,0,0,0
"1071",1,0,1,0,0,0,0
"1072",0,0,2,0,0,0,0
"1073",14,0,16,0,0,0,0
"1074",0,0,1,0,0,0,0
"1075",0,0,1,0,0,0,0
"1076",0,0,1,0,0,0,0
"1077",0,0,1,0,0,0,0
"1078",1,0,1,0,0,0,0
"1079",12,0,9,0,0,0,0
"1080",1,0,1,0,0,0,0
"1081",1,0,1,0,0,0,0
"1082",21,2,20,1,4,1,2
"1083",0,0,1,0,0,0,0
"1084",19,0,14,0,0,0,1
"1085",11,0,11,0,0,0,0
"1086",1,0,1,0,0,0,0
"1087",0,0,1,0,0,0,0
"1088",1,0,1,0,0,0,0
"1089",25,0,21,0,0,0,0
"1090",0,0,1,0,0,0,0
"1091",22,0,24,0,0,0,0
"1092",0,0,1,0,0,0,0
"1093",23,0,16,1,0,0,1
"1094",0,0,1,0,0,0,0
"1095",1,0,1,0,0,0,0
"1096",0,0,1,0,0,0,0
"1097",0,0,1,0,0,0,0
"1098",0,0,1,0,0,0,0
"1099",14,0,16,0,0,0,0
"1100",0,0,1,0,0,0,0
"1101",19,0,16,1,0,0,0
"1102",31,0,27,1,0,0,1
"1103",1,0,2,0,0,0,0
"1104",2,0,1,0,0,0,0
"1105",21,0,18,0,0,0,0
"1106",0,0,1,0,0,0,0
"1107",0,0,1,0,0,0,0
"1108",25,0,20,0,0,0,0
"1109",18,0,17,0,0,0,0
"1110",0,0,1,0,0,0,0
"1111",11,0,9,0,0,0,0
"1112",12,3,12,4,3,2,2
"1113",21,0,17,0,0,0,0
"1114",21,0,20,0,1,0,0
"1115",24,3,24,2,2,1,2
"1116",22,0,13,1,0,0,0
"1117",0,0,1,0,0,0,0
"1118",13,0,9,0,0,0,0
"1119",0,0,1,0,0,0,0
"1120",0,0,1,0,0,0,0
"1121",26,0,24,0,0,0,0
"1122",17,0,19,0,0,0,0
"1123",4,0,4,0,0,0,0
"1124",22,1,15,0,0,1,0
"1125",0,0,1,0,0,0,0
"1126",0,0,1,0,0,0,0
"1127",15,4,16,6,4,2,5
"1128",15,2,15,4,4,1,1
"1129",0,0,1,0,0,0,0
"1130",10,0,12,0,0,0,0
"1131",18,0,18,0,0,0,0
"1132",16,3,13,3,2,1,2
"1133",23,0,20,0,0,0,0
"1134",0,0,1,0,0,0,0
"1135",16,0,17,0,0,1,0
"1136",21,0,21,0,0,0,0
"1137",0,0,1,0,0,0,0
"1138",2,0,1,0,0,0,0
"1139",0,0,1,0,0,0,0
"1140",1,0,1,0,0,0,0
"1141",0,0,1,0,0,0,0
"1142",21,0,17,0,0,0,0
"1143",0,0,1,0,0,0,0
"1144",22,0,15,0,0,0,0
"1145",25,1,21,0,0,0,0
"1146",0,0,1,0,0,0,0
"1147",20,0,15,0,0,0,0
"1148",17,3,16,2,4,1,2
"1149",0,0,1,0,0,0,0
"1150",0,0,1,0,0,0,0
"1151",1,0,1,0,0,0,0
"1152",0,0,1,0,0,0,0
"1153",28,0,22,0,0,0,0
"1154",0,0,1,0,0,0,0
"1155",0,0,1,0,0,0,0
"1156",15,0,13,0,0,0,0
"1157",11,0,9,1,0,0,0
"1158",2,0,2,0,0,0,0
"1159",0,0,1,0,0,0,0
"1160",21,3,17,2,2,1,2
"1161",23,1,17,2,0,1,1
"1162",20,3,14,1,2,1,2
"1163",28,0,16,0,0,0,0
"1164",22,0,19,0,0,1,0
"1165",0,0,1,0,0,0,0
"1166",22,0,19,0,0,0,0
"1167",0,0,1,0,0,0,0
"1168",0,0,1,0,0,0,0
"1169",0,0,1,0,0,0,0
"1170",24,0,15,1,0,0,0
"1171",22,3,21,3,4,0,1
"1172",0,0,1,0,0,0,0
"1173",0,0,1,0,0,0,0
"1174",12,0,11,0,0,0,0
"1175",0,0,1,0,0,0,0
"1176",17,0,13,0,1,0,0
"1177",0,0,1,0,0,0,0
"1178",0,0,1,0,0,0,0
"1179",1,0,1,0,0,0,0
"1180",1,0,1,0,0,0,0
"1181",16,0,17,0,1,0,0
"1182",1,0,1,0,0,0,0
"1183",20,0,24,0,0,0,0
"1184",0,0,1,0,0,0,0
"1185",26,0,21,0,0,0,0
"1186",22,0,20,0,0,0,0
"1187",0,0,1,0,0,0,0
"1188",21,3,23,2,6,2,2
"1189",16,1,13,0,1,0,0
"1190",21,0,17,0,0,0,0
"1191",0,0,1,0,0,0,0
"1192",15,1,13,1,0,1,1
"1193",0,0,1,0,0,0,0
"1194",22,0,19,0,0,0,0
"1195",26,2,19,0,1,0,1
"1196",22,0,17,0,0,0,0
"1197",27,5,19,6,6,3,3
"1198",18,0,12,0,0,0,0
"1199",4,0,1,0,0,0,0
"1200",21,1,18,1,3,0,0
"1201",1,0,1,0,0,0,0
"1202",1,0,1,0,0,0,0
"1203",24,0,18,0,0,0,0
"1204",27,0,21,0,0,0,0
"1205",16,3,12,1,2,0,1
"1206",0,0,1,0,0,0,0
"1207",0,0,1,0,0,0,0
"1208",27,0,20,0,0,0,0
"1209",19,0,19,0,0,0,0
"1210",0,0,1,0,0,0,0
"1211",19,0,16,0,0,0,0
"1212",0,0,1,0,0,0,0
"1213",0,0,1,0,0,0,0
"1214",20,0,13,0,1,0,1
"1215",0,0,1,0,0,0,0
"1216",18,0,13,0,0,0,0
"1217",0,0,1,0,0,0,0
"1218",0,0,1,0,0,0,0
"1219",2,0,1,0,0,0,0
"1220",3,0,1,0,0,0,0
"1221",0,0,1,0,0,0,0
"1222",22,0,19,0,0,0,0
"1223",28,0,22,0,0,0,0
"1224",0,0,1,0,0,0,0
"1225",19,2,15,3,5,2,2
"1226",18,3,15,2,4,1,2
"1227",1,0,1,0,0,0,0
"1228",0,0,1,0,0,0,0
"1229",29,0,20,1,0,0,0
"1230",21,0,15,0,0,0,0
"1231",0,0,1,0,0,0,0
"1232",20,0,15,0,0,0,0
"1233",0,0,1,0,0,0,0
"1234",20,0,20,0,0,0,0
"1235",2,0,2,0,0,0,0
"1236",0,0,1,0,0,0,0
"1237",0,0,1,0,0,0,0
"1238",0,0,1,0,0,0,0
"1239",0,0,1,0,0,0,0
"1240",28,0,19,0,0,0,0
"1241",0,0,1,0,0,0,0
"1242",18,0,23,0,0,0,0
"1243",17,1,21,0,0,0,1
"1244",0,0,1,0,0,0,0
"1245",24,0,19,0,0,0,0
"1246",26,0,16,0,0,0,0
"1247",1,0,1,0,0,0,0
"1248",24,1,18,0,0,0,0
"1249",0,0,1,0,0,0,0
"1250",1,0,1,0,0,0,0
"1251",22,0,17,0,0,0,0
"1252",0,0,1,0,0,0,0
"1253",14,4,11,4,4,1,3
"1254",23,3,20,2,5,2,1
"1255",30,0,20,0,0,0,0
"1256",18,0,12,0,0,0,0
"1257",0,0,1,0,0,0,0
"1258",22,0,14,0,0,0,0
"1259",0,0,1,0,0,0,0
"1260",20,0,19,0,0,0,0
"1261",0,0,1,0,0,0,0
"1262",0,0,1,0,0,0,0
"1263",20,3,17,5,4,2,2
"1264",17,1,15,0,0,0,1
"1265",12,0,11,0,0,0,0
"1266",13,0,11,0,0,0,0
"1267",18,0,11,0,0,0,0
"1268",0,0,1,0,0,0,0
"1269",20,0,21,0,0,0,0
"1270",21,0,32,0,1,0,0
"1271",18,0,16,1,1,0,0
"1272",17,0,22,0,0,0,0
"1273",0,0,1,0,0,0,0
"1274",1,0,1,0,0,0,0
"1275",1,0,1,0,0,0,0
"1276",0,0,1,0,0,0,0
"1277",18,0,13,0,0,0,1
"1278",23,0,27,0,0,0,0
"1279",14,2,11,2,2,1,2
"1280",0,0,1,0,0,0,0
"1281",13,0,13,0,0,1,0
"1282",0,0,1,0,0,0,0
"1283",20,0,11,0,0,0,0
"1284",24,0,20,1,0,0,0
"1285",0,0,1,0,0,0,0
"1286",0,0,1,0,0,0,0
"1287",32,1,21,1,2,0,1
"1288",26,3,21,2,3,1,1
"1289",0,0,1,0,0,0,0
"1290",0,0,1,0,0,0,0
"1291",0,0,1,0,0,0,0
"1292",0,0,1,0,0,0,0
"1293",20,0,17,0,0,0,0
"1294",1,0,1,0,0,0,0
"1295",0,0,1,0,0,0,0
"1296",22,3,16,3,3,4,2
"1297",20,0,25,0,0,0,0
"1298",13,4,12,4,4,2,2
"1299",1,0,1,0,0,0,0
"1300",20,0,20,0,0,0,0
"1301",2,0,1,0,0,0,0
"1302",0,0,1,0,0,0,0
"1303",22,0,20,0,0,0,0
"1304",18,1,15,0,0,0,0
"1305",8,0,12,0,0,0,0
"1306",17,1,13,0,0,0,0
"1307",0,0,1,0,0,0,0
"1308",0,0,1,0,0,0,0
"1309",0,0,1,0,0,0,0
"1310",4,0,4,0,0,0,0
"1311",0,0,1,0,0,0,0
"1312",23,0,19,0,0,0,0
"1313",16,0,14,0,0,0,0
"1314",14,0,11,0,0,0,0
"1315",0,0,1,0,0,0,0
"1316",3,0,3,0,0,0,0
"1317",0,0,1,0,0,0,0
"1318",0,0,1,0,0,0,0
"1319",1,0,1,0,0,0,0
"1320",19,0,14,0,0,0,0
"1321",25,0,24,1,0,0,1
"1322",18,0,11,0,0,0,0
"1323",0,0,1,0,0,0,0
"1324",1,0,1,0,0,0,0
"1325",0,0,1,0,0,0,0
"1326",0,0,1,0,0,0,0
"1327",14,0,13,0,0,0,0
"1328",3,0,1,0,0,0,0
"1329",16,0,14,0,0,0,0
"1330",18,0,13,1,0,0,1
"1331",23,3,19,3,5,1,2
"1332",17,1,12,2,3,0,1
"1333",0,0,1,0,0,0,0
"1334",17,1,11,1,1,0,1
"1335",15,0,16,1,0,0,0
"1336",22,0,17,0,0,0,0
"1337",0,0,1,0,0,0,0
"1338",21,0,21,0,0,0,0
"1339",1,0,1,0,0,0,0
"1340",24,0,25,0,0,0,0
"1341",0,0,1,0,0,0,0
"1342",0,0,1,0,0,0,0
"1343",0,0,1,0,0,0,0
"1344",21,0,19,0,0,0,0
"1345",24,0,27,0,1,0,0
"1346",0,0,1,0,0,0,0
"1347",0,0,1,0,0,0,0
"1348",15,0,16,0,0,0,0
"1349",12,0,11,0,0,0,0
"1350",1,0,1,0,0,0,0
"1351",0,0,1,0,0,0,0
"1352",23,0,21,0,0,0,0
"1353",0,0,1,0,0,0,0
"1354",0,0,1,0,0,0,0
"1355",0,0,1,0,0,0,0
"1356",0,0,1,0,0,0,0
"1357",20,0,15,0,0,0,0
"1358",18,0,20,0,1,0,0
"1359",2,0,1,0,0,0,0
"1360",15,0,13,0,0,0,0
"1361",1,0,1,0,0,0,0
"1362",15,4,14,4,5,2,2
"1363",21,1,20,2,2,2,1
"1364",19,0,14,0,0,0,0
"1365",14,0,12,0,0,0,0
"1366",0,0,1,0,0,0,0
"1367",20,0,17,0,0,0,0
"1368",0,0,1,0,0,0,0
"1369",17,0,16,0,0,0,0
"1370",2,0,1,0,0,0,0
"1371",0,0,1,0,0,0,0
"1372",25,0,17,0,0,0,0
"1373",19,0,18,0,0,0,0
"1374",17,0,17,0,0,0,0
"1375",21,0,18,0,0,0,0
"1376",0,0,1,0,0,0,0
"1377",0,0,1,0,0,0,0
"1378",18,0,21,0,0,0,0
"1379",0,0,1,0,0,0,0
"1380",23,0,24,1,1,0,0
"1381",1,0,2,0,0,0,0
"1382",3,0,2,0,0,0,0
"1383",16,0,13,0,0,0,0
"1384",21,0,18,0,0,0,0
"1385",0,0,1,0,0,0,0
"1386",13,0,11,0,0,0,0
"1387",1,0,1,0,0,0,0
"1388",0,0,1,0,0,0,0
"1389",0,0,1,0,0,0,0
"1390",0,0,1,0,0,0,0
"1391",18,0,17,0,0,0,0
"1392",6,0,2,0,0,0,0
"1393",0,0,1,0,0,0,0
"1394",1,0,1,0,0,0,0
"1395",20,0,14,0,0,0,0
"1396",0,0,1,0,0,0,0
"1397",0,0,1,0,0,0,0
"1398",0,0,1,0,0,0,0
"1399",22,0,21,0,0,0,0
"1400",20,0,16,0,0,0,0
"1401",19,0,14,0,0,0,0
"1402",0,0,1,0,0,0,0
"1403",0,0,1,0,0,0,0
"1404",20,0,21,0,0,0,0
"1405",0,0,1,0,0,0,0
"1406",1,0,1,0,0,0,0
"1407",0,0,1,0,0,0,0
"1408",0,0,1,0,0,0,0
"1409",0,0,1,0,0,0,0
"1410",0,0,1,0,0,0,0
"1411",17,0,13,0,0,0,0
"1412",3,0,1,0,0,0,0
"1413",24,0,22,0,0,0,0
"1414",0,0,1,0,0,0,0
"1415",12,3,14,3,4,2,4
"1416",16,0,16,0,0,0,0
"1417",0,0,1,0,0,0,0
"1418",2,0,2,0,0,0,0
"1419",0,0,1,0,0,0,0
"1420",1,0,1,0,0,0,0
"1421",21,2,15,1,1,0,1
"1422",0,0,1,0,0,0,0
"1423",0,0,1,0,0,0,0
"1424",4,0,2,0,1,0,0
"1425",0,0,1,0,0,0,0
"1426",18,0,17,0,0,0,0
"1427",14,0,11,0,0,0,0
"1428",11,0,12,0,0,0,0
"1429",0,0,1,0,0,0,0
"1430",2,0,1,0,0,0,0
"1431",0,0,1,0,0,0,0
"1432",0,0,1,0,0,0,0
"1433",22,1,15,0,0,0,0
"1434",0,0,1,0,0,0,0
"1435",0,0,1,0,0,0,0
"1436",13,0,13,0,0,0,0
"1437",29,1,17,0,1,0,0
"1438",17,0,19,0,0,0,0
"1439",0,0,1,0,0,0,0
"1440",1,0,1,0,0,0,0
"1441",0,0,1,0,0,0,0
"1442",0,0,1,0,0,0,0
"1443",26,0,21,0,0,0,1
"1444",0,0,1,0,0,0,0
"1445",0,0,1,0,0,0,0
"1446",20,0,18,0,0,0,0
"1447",0,0,1,0,0,0,0
"1448",23,0,21,0,0,0,0
"1449",18,1,17,1,1,1,0
"1450",2,0,2,0,0,0,0
"1451",0,0,1,0,0,0,0
"1452",0,0,1,0,0,0,0
"1453",26,0,23,0,0,0,0
"1454",1,0,1,0,0,0,0
"1455",21,0,13,0,0,0,0
"1456",0,0,1,0,0,0,0
"1457",0,0,1,0,0,0,0
"1458",0,0,1,0,0,0,0
"1459",24,1,15,2,2,1,0
"1460",0,0,1,0,0,0,0
"1461",0,0,1,0,0,0,0
"1462",2,0,1,0,0,0,0
"1463",2,0,1,0,0,0,0
"1464",0,0,1,0,0,0,0
"1465",18,0,16,1,0,0,0
"1466",23,0,18,0,0,0,0
"1467",24,0,16,0,0,0,0
"1468",20,1,18,0,0,1,1
"1469",1,0,1,0,0,0,0
"1470",0,0,1,0,0,0,0
"1471",17,0,13,0,0,0,0
"1472",0,0,1,0,0,0,0
"1473",26,0,18,0,0,0,0
"1474",0,0,1,0,0,0,0
"1475",13,0,11,0,0,0,0
"1476",0,0,1,0,0,0,0
"1477",23,2,16,2,2,1,1
"1478",0,0,1,0,0,0,0
"1479",16,4,21,4,4,1,3
"1480",0,0,1,0,0,0,0
"1481",1,0,1,0,0,0,0
"1482",0,0,1,0,0,0,0
"1483",23,0,16,0,0,0,0
"1484",25,0,21,0,0,0,0
"1485",22,1,17,0,2,0,1
"1486",1,0,1,0,0,0,0
"1487",0,0,1,0,0,0,0
"1488",23,1,25,2,2,1,1
"1489",28,1,21,0,0,0,0
"1490",12,0,10,0,0,0,0
"1491",0,0,1,0,0,0,0
"1492",16,5,16,2,2,1,2
"1493",0,0,1,0,0,0,0
"1494",0,0,1,0,0,0,0
"1495",28,0,24,0,0,0,0
"1496",8,0,8,0,0,0,0
"1497",16,0,17,0,0,0,0
"1498",0,0,1,0,0,0,0
"1499",0,0,1,0,0,0,0
"1500",0,0,1,0,0,0,0
"1501",0,0,1,0,0,0,0
"1502",22,0,19,0,0,0,0
"1503",0,0,1,0,0,0,0
"1504",0,0,1,0,0,0,0
"1505",15,0,14,0,0,0,0
"1506",19,0,19,0,0,0,0
"1507",0,0,1,0,0,0,0
"1508",23,0,18,0,0,0,0
"1509",24,3,22,4,4,1,1
"1510",21,0,24,0,0,0,0
"1511",15,0,22,0,0,0,0
"1512",2,0,2,0,0,0,0
"1513",15,1,15,2,2,0,1
"1514",22,0,17,0,0,0,0
"1515",0,0,1,0,0,0,0
"1516",23,3,23,3,3,2,1
"1517",0,0,1,0,0,0,0
"1518",0,0,1,0,0,0,0
"1519",0,0,1,0,0,0,0
"1520",18,2,22,3,3,1,1
"1521",16,0,17,0,1,0,0
"1522",15,0,19,0,1,0,0
"1523",16,0,15,0,0,0,0
"1524",0,0,1,0,0,0,0
"1525",0,0,1,0,0,0,0
"1526",0,0,1,0,0,0,0
"1527",0,0,1,0,0,0,0
"1528",23,0,20,0,0,0,0
"1529",16,0,14,0,0,0,0
"1530",1,0,1,0,0,0,0
"1531",18,1,19,1,1,0,1
"1532",24,0,25,0,0,0,0
"1533",0,0,1,0,0,0,0
"1534",0,0,1,0,0,0,0
"1535",17,2,20,3,3,2,1
"1536",1,0,1,0,0,0,0
"1537",1,0,1,0,0,0,0
"1538",19,0,14,0,0,0,0
"1539",29,0,25,1,0,0,0
"1540",22,0,19,0,0,0,0
"1541",0,0,1,0,0,0,0
"1542",0,0,1,0,0,0,0
"1543",0,0,1,0,0,0,0
"1544",22,1,13,0,1,0,0
"1545",0,0,1,0,0,0,0
"1546",0,0,1,0,0,0,0
"1547",2,0,1,0,0,0,0
"1548",25,0,22,0,0,0,0
"1549",3,0,2,0,0,0,0
"1550",0,0,1,0,0,0,0
"1551",15,0,15,0,0,0,0
"1552",0,0,1,0,0,0,0
"1553",24,4,18,5,4,2,2
"1554",17,0,16,0,0,0,0
"1555",3,0,1,0,0,0,0
"1556",2,0,2,0,0,0,0
"1557",19,0,20,1,1,0,0
"1558",26,0,23,0,0,0,0
"1559",14,1,18,1,2,0,1
"1560",18,1,17,0,1,1,0
"1561",0,0,1,0,0,0,0
"1562",16,0,17,0,0,0,0
"1563",0,0,1,0,0,0,0
"1564",1,0,1,0,0,0,0
"1565",21,0,20,0,0,0,0
"1566",19,0,11,0,0,0,0
"1567",21,0,19,0,0,0,0
"1568",10,0,11,0,0,0,0
"1569",1,0,1,0,0,0,0
"1570",0,0,1,0,0,0,0
"1571",0,0,1,0,0,0,0
"1572",1,0,1,0,0,0,0
"1573",20,5,15,3,6,2,3
"1574",2,0,1,0,0,0,0
"1575",2,0,1,0,0,0,0
"1576",21,0,17,0,0,0,0
"1577",0,0,1,0,0,0,0
"1578",24,0,17,0,0,0,0
"1579",19,0,14,0,0,0,1
"1580",16,0,17,0,0,0,0
"1581",5,0,3,0,0,0,0
"1582",0,0,1,0,0,0,0
"1583",23,0,19,0,0,0,0
"1584",24,0,16,0,0,0,0
"1585",1,0,1,0,0,0,0
"1586",0,0,1,0,0,0,0
"1587",0,0,1,0,0,0,0
"1588",0,0,1,0,0,0,0
"1589",0,0,1,0,0,0,0
"1590",0,0,1,0,0,0,0
"1591",17,0,17,0,0,0,0
"1592",0,0,1,0,0,0,0
"1593",15,0,16,0,0,0,0
"1594",0,0,1,0,0,0,0
"1595",0,0,1,0,0,0,0
"1596",0,0,1,0,0,0,0
"1597",22,0,27,0,0,0,0
"1598",1,0,1,0,0,0,0
"1599",0,0,1,0,0,0,0
"1600",0,0,1,0,0,0,0
"1601",0,0,1,0,0,0,0
"1602",0,0,1,0,0,0,0
"1603",11,0,10,0,0,0,0
"1604",1,0,1,0,0,0,0
"1605",11,0,11,0,0,0,0
"1606",2,0,3,0,0,0,0
"1607",1,0,1,0,0,0,0
"1608",26,0,18,0,0,0,0
"1609",0,0,1,0,0,0,0
"1610",12,0,9,0,0,0,0
"1611",0,0,1,0,0,0,0
"1612",0,0,1,0,0,0,0
"1613",0,0,1,0,0,0,0
"1614",18,0,10,0,0,0,0
"1615",17,2,19,2,3,2,2
"1616",17,0,11,0,0,0,0
"1617",2,0,2,0,0,0,0
"1618",3,0,2,0,0,0,0
"1619",26,0,20,0,0,0,0
"1620",21,0,17,0,0,0,0
"1621",0,0,1,0,0,0,0
"1622",27,0,20,0,0,0,0
"1623",0,0,1,0,0,0,0
"1624",2,0,3,0,0,0,0
"1625",0,0,1,0,0,0,0
"1626",17,3,15,2,1,1,1
"1627",21,0,16,0,0,0,0
"1628",20,0,18,0,0,0,0
"1629",0,0,1,0,0,0,0
"1630",0,0,1,0,0,0,0
"1631",25,0,25,1,1,0,0
"1632",18,0,23,0,0,0,0
"1633",0,0,1,0,0,0,0
"1634",20,0,17,0,0,0,0
"1635",0,0,1,0,0,0,0
"1636",1,0,1,0,0,0,0
"1637",0,0,1,0,0,0,0
"1638",0,0,1,0,0,0,0
"1639",2,0,1,0,0,0,0
"1640",29,1,25,0,0,0,1
"1641",2,0,2,0,0,0,0
"1642",14,2,13,3,4,1,2
"1643",21,0,16,0,0,0,0
"1644",2,0,1,0,0,0,0
"1645",0,0,1,0,0,0,0
"1646",0,0,1,0,0,0,0
"1647",0,0,1,0,0,0,0
"1648",16,0,12,0,0,0,0
"1649",17,0,18,0,0,0,0
"1650",0,0,1,0,0,0,0
"1651",22,0,15,0,1,0,0
"1652",1,0,1,0,0,0,0
"1653",0,0,1,0,0,0,0
"1654",2,0,1,0,0,0,0
"1655",13,0,11,0,0,0,0
"1656",14,0,17,0,0,0,0
"1657",0,0,1,0,0,0,0
"1658",23,0,18,1,0,0,1
"1659",14,0,12,0,0,0,0
"1660",0,0,1,0,0,0,0
"1661",21,0,15,0,0,0,0
"1662",18,0,15,0,0,0,0
"1663",0,0,1,0,0,0,0
"1664",0,0,1,0,0,0,0
"1665",0,0,1,0,0,0,0
"1666",0,0,1,0,0,0,0
"1667",20,1,12,0,0,0,0
"1668",17,0,16,0,0,0,0
"1669",24,0,15,0,0,0,0
"1670",12,0,10,0,0,0,0
"1671",23,0,17,0,0,0,0
"1672",0,0,1,0,0,0,0
"1673",0,0,1,0,0,0,0
"1674",18,0,16,0,0,0,0
"1675",0,0,1,0,0,0,0
"1676",21,0,16,0,0,0,0
"1677",5,0,4,0,0,0,0
"1678",0,0,1,0,0,0,0
"1679",1,0,1,0,0,0,0
"1680",0,0,1,0,0,0,0
"1681",0,0,1,0,0,0,0
"1682",1,0,1,0,0,0,0
"1683",28,0,22,0,0,0,0
"1684",24,1,17,1,0,0,1
"1685",0,0,1,0,0,0,0
"1686",18,0,19,0,0,0,0
"1687",3,0,1,0,0,0,0
"1688",1,0,1,0,0,0,0
"1689",0,0,1,0,0,0,0
"1690",22,0,25,0,0,0,0
"1691",0,0,1,0,0,0,0
"1692",0,0,1,0,0,0,0
"1693",0,0,1,0,0,0,0
"1694",0,0,1,0,0,0,0
"1695",20,0,16,0,0,0,0
"1696",19,0,17,0,0,0,0
"1697",0,0,1,0,0,0,0
"1698",0,0,1,0,0,0,0
"1699",0,0,1,0,0,0,0
"1700",0,0,1,0,0,0,0
"1701",23,0,22,0,0,0,0
"1702",24,0,17,0,0,0,0
"1703",2,0,1,0,0,0,0
"1704",20,0,14,0,0,0,0
"1705",0,0,1,0,0,0,0
"1706",0,0,1,0,0,0,0
"1707",13,3,14,4,4,2,3
"1708",0,0,1,0,0,0,0
"1709",21,0,20,0,0,0,0
"1710",10,0,9,0,0,0,0
"1711",16,0,15,0,0,0,0
"1712",0,0,1,0,0,0,0
"1713",1,0,1,0,0,0,0
"1714",12,0,11,0,0,0,0
"1715",0,0,1,0,0,0,0
"1716",0,0,1,0,0,0,0
"1717",18,0,27,0,0,0,0
"1718",20,1,17,1,0,0,1
"1719",0,0,1,0,0,0,0
"1720",0,0,1,0,0,0,0
"1721",14,0,11,0,0,0,0
"1722",15,0,14,0,0,0,0
"1723",24,0,25,0,0,0,0
"1724",1,0,1,0,0,0,0
"1725",13,0,12,0,0,0,0
"1726",14,5,14,3,4,2,2
"1727",22,0,22,0,0,0,0
"1728",15,0,17,0,0,0,0
"1729",0,0,1,0,0,0,0
"1730",0,0,1,0,0,0,0
"1731",15,0,14,0,0,0,0
"1732",20,0,18,0,0,0,0
"1733",21,0,19,0,0,0,0
"1734",16,0,15,0,0,0,0
"1735",0,0,1,0,0,0,0
"1736",3,0,2,0,0,0,0
"1737",0,0,1,0,0,0,0
"1738",0,0,1,0,0,0,0
"1739",0,0,1,0,0,0,0
"1740",0,0,1,0,0,0,0
"1741",1,0,1,0,0,0,0
"1742",0,0,1,0,0,0,0
"1743",0,0,1,0,0,0,0
"1744",0,0,1,0,0,0,0
"1745",1,0,1,0,0,0,0
"1746",0,0,1,0,0,0,0
"1747",0,0,1,0,0,0,0
"1748",14,0,9,0,0,0,0
"1749",0,0,1,0,0,0,0
"1750",1,0,1,0,0,0,0
"1751",0,0,1,0,0,0,0
"1752",2,0,1,0,0,0,0
"1753",18,2,19,4,3,2,3
"1754",0,0,1,0,0,0,0
"1755",17,0,16,0,0,0,0
"1756",0,0,1,0,0,0,0
"1757",17,0,12,0,0,0,0
"1758",20,0,14,0,0,0,0
"1759",0,0,1,0,0,0,0
"1760",0,0,1,0,0,0,0
"1761",11,1,10,1,0,0,0
"1762",20,0,18,0,0,0,0
"1763",2,0,1,0,0,0,0
"1764",1,0,1,0,0,0,0
"1765",0,0,2,0,0,0,0
"1766",29,0,15,0,0,0,0
"1767",17,0,20,0,0,0,0
"1768",0,0,1,0,0,0,0
"1769",0,0,1,0,0,0,0
"1770",15,0,19,0,0,0,0
"1771",1,0,1,0,0,0,0
"1772",24,2,17,2,2,1,2
"1773",0,0,1,0,0,0,0
"1774",17,0,14,0,1,0,0
"1775",1,0,1,0,0,0,0
"1776",1,0,1,0,0,0,0
"1777",0,0,1,0,0,0,0
"1778",0,0,1,0,0,0,0
"1779",0,0,1,0,0,0,0
"1780",21,1,19,1,1,0,0
"1781",0,0,1,0,0,0,0
"1782",0,0,1,0,0,0,0
"1783",0,0,1,0,0,0,0
"1784",18,0,12,0,0,0,0
"1785",0,0,1,0,0,0,0
"1786",0,0,1,0,0,0,0
"1787",0,0,1,0,0,0,0
"1788",24,0,16,0,0,0,1
"1789",0,0,1,0,0,0,0
"1790",0,0,1,0,0,0,0
"1791",0,0,1,0,0,0,0
"1792",0,0,1,0,0,0,0
"1793",21,0,20,0,0,0,0
"1794",21,0,15,0,0,0,0
"1795",3,0,4,0,0,0,0
"1796",16,0,12,0,0,0,0
"1797",0,0,1,0,0,0,0
"1798",0,0,1,0,0,0,0
"1799",1,0,1,0,0,0,0
"1800",0,0,1,0,0,0,0
"1801",1,0,2,0,0,0,0
"1802",23,0,18,0,1,0,0
"1803",2,0,2,0,0,0,0
"1804",28,0,24,0,0,0,0
"1805",0,0,1,0,0,0,0
"1806",17,4,18,3,4,2,3
"1807",24,1,16,0,0,0,0
"1808",20,0,15,0,0,0,0
"1809",0,0,1,0,0,0,0
"1810",0,0,1,0,0,0,0
"1811",19,2,15,2,5,1,2
"1812",1,0,1,0,0,0,0
"1813",1,0,1,0,0,0,0
"1814",18,0,17,1,0,0,0
"1815",0,0,1,0,0,0,0
"1816",0,0,1,0,0,0,0
"1817",16,0,17,0,0,0,0
"1818",23,0,23,0,0,0,0
"1819",1,0,1,0,0,0,0
"1820",23,1,19,2,2,2,2
"1821",25,0,16,0,0,0,1
"1822",0,0,1,0,0,0,0
"1823",0,0,1,0,0,0,0
"1824",20,0,17,0,0,0,0
"1825",0,0,1,0,0,0,0
"1826",25,0,22,0,0,0,0
"1827",21,0,20,0,0,0,0
"1828",0,0,1,0,0,0,0
"1829",0,0,1,0,0,0,0
"1830",15,0,12,0,0,0,0
"1831",0,0,1,0,0,0,0
"1832",20,0,17,0,0,0,0
"1833",2,0,1,0,0,0,0
"1834",2,0,2,0,0,0,0
"1835",1,0,1,0,0,0,0
"1836",18,0,17,0,0,0,0
"1837",0,0,1,0,0,0,0
"1838",22,0,18,1,1,0,1
"1839",23,0,22,0,1,0,0
"1840",1,0,1,0,0,0,0
"1841",22,0,19,0,0,0,0
"1842",0,0,1,0,0,0,0
"1843",0,0,1,0,0,0,0
"1844",0,0,1,0,0,0,0
"1845",25,2,25,1,2,1,2
"1846",22,0,20,1,0,0,0
"1847",2,0,1,0,0,0,0
"1848",1,0,1,0,0,0,0
"1849",17,1,13,1,1,0,1
"1850",0,0,1,0,0,0,0
"1851",17,0,17,0,0,0,0
"1852",0,0,1,0,0,0,0
"1853",26,0,17,0,0,0,0
"1854",0,0,1,0,0,0,0
"1855",0,0,1,0,0,0,0
"1856",0,0,1,0,0,0,0
"1857",2,0,1,0,0,0,0
"1858",2,0,1,0,0,0,0
"1859",0,0,1,0,0,0,0
"1860",0,0,1,0,0,0,0
"1861",18,0,14,0,0,0,0
"1862",21,0,19,0,0,0,0
"1863",17,1,13,0,0,0,0
"1864",0,0,1,0,0,0,0
"1865",20,0,12,0,0,0,0
"1866",0,0,1,0,0,0,0
"1867",22,0,21,0,0,0,0
"1868",0,0,1,0,0,0,0
"1869",17,0,15,0,1,1,0
"1870",0,0,1,0,0,0,0
"1871",0,0,1,0,0,0,0
"1872",14,0,12,0,0,0,0
"1873",0,0,1,0,0,0,0
"1874",0,0,1,0,0,0,0
"1875",0,0,1,0,0,0,0
"1876",25,0,17,0,0,0,0
"1877",15,3,15,2,3,2,2
"1878",1,0,2,0,0,0,0
"1879",1,0,1,0,0,0,0
"1880",17,0,19,0,0,0,0
"1881",21,0,22,0,0,0,0
"1882",25,0,19,0,0,0,0
"1883",1,0,1,0,0,0,0
"1884",0,0,1,0,0,0,0
"1885",1,0,1,0,0,0,0
"1886",0,0,2,0,0,0,0
"1887",0,0,1,0,0,0,0
"1888",16,0,14,0,0,0,0
"1889",2,0,1,0,0,0,0
"1890",19,2,19,1,1,0,2
"1891",1,0,1,0,0,0,0
"1892",20,0,15,0,0,0,0
"1893",0,0,1,0,0,0,0
"1894",1,0,1,0,0,0,0
"1895",16,2,13,1,2,0,0
"1896",2,0,3,0,0,0,0
"1897",21,0,17,0,1,0,0
"1898",0,0,1,0,0,0,0
"1899",0,0,1,0,0,0,0
"1900",22,0,18,0,0,0,0
"1901",25,1,22,0,0,0,0
"1902",9,0,7,0,0,0,0
"1903",0,0,1,0,0,0,0
"1904",3,0,1,0,0,0,0
"1905",2,0,2,0,0,0,0
"1906",17,0,15,1,1,0,0
"1907",0,0,1,0,0,0,0
"1908",4,0,4,0,0,0,0
"1909",26,0,23,0,0,0,0
"1910",0,0,1,0,0,0,0
"1911",0,0,1,0,0,0,0
"1912",20,0,19,0,0,0,0
"1913",26,0,23,0,0,0,0
"1914",15,0,13,0,0,0,0
"1915",0,0,1,0,0,0,0
"1916",18,0,14,0,0,0,0
"1917",21,0,22,0,0,0,0
"1918",18,0,12,0,0,0,0
"1919",16,0,19,0,0,0,0
"1920",22,0,18,0,0,0,0
"1921",16,1,12,0,0,0,0
"1922",1,0,1,0,0,0,0
"1923",25,0,19,0,0,0,0
"1924",16,1,13,1,1,0,1
"1925",0,0,1,0,0,0,0
"1926",0,0,1,0,0,0,0
"1927",17,0,15,1,1,1,0
"1928",19,0,19,0,0,0,0
"1929",19,0,16,0,0,0,0
"1930",0,0,1,0,0,0,0
"1931",21,0,20,0,0,0,0
"1932",0,0,1,0,0,0,0
"1933",15,0,13,0,0,0,0
"1934",0,0,1,0,0,0,0
"1935",29,3,27,3,4,2,4
"1936",23,0,13,0,0,0,0
"1937",23,0,20,0,1,0,1
"1938",0,0,1,0,0,0,0
"1939",32,0,28,0,0,0,0
"1940",12,0,9,0,0,0,0
"1941",13,0,14,0,0,0,0
"1942",1,3,1,3,6,2,3
"1943",25,0,23,0,0,0,0
"1944",0,0,1,0,0,0,0
"1945",15,0,12,0,0,0,0
"1946",13,0,10,0,0,0,0
"1947",18,0,16,0,0,0,0
"1948",13,1,12,0,0,0,0
"1949",0,0,1,0,0,0,0
"1950",16,0,13,0,0,0,0
"1951",0,0,1,0,0,0,0
"1952",16,0,18,0,0,0,0
"1953",15,0,10,0,0,0,0
"1954",0,0,1,0,0,0,0
"1955",19,0,16,1,0,0,0
"1956",23,0,19,1,1,0,0
"1957",24,0,24,0,0,0,0
"1958",2,0,1,0,0,0,0
"1959",16,0,14,0,0,0,0
"1960",1,0,1,0,0,0,0
"1961",21,0,14,1,0,0,0
"1962",0,0,1,0,0,0,0
"1963",0,0,1,0,0,0,0
"1964",22,0,19,0,0,1,0
"1965",0,0,1,0,0,0,0
"1966",20,0,22,0,0,0,0
"1967",18,0,19,0,0,0,0
"1968",16,1,16,1,0,0,0
"1969",23,0,17,0,0,0,0
"1970",23,0,21,0,0,0,0
"1971",4,0,2,0,0,0,0
"1972",2,0,1,0,0,0,0
"1973",0,0,1,0,0,0,0
"1974",10,1,12,1,0,0,0
"1975",20,0,19,0,0,0,0
"1976",16,0,17,0,0,0,0
"1977",1,0,1,0,0,0,0
"1978",1,0,1,0,0,0,0
"1979",0,0,1,0,0,0,0
"1980",20,0,13,0,0,0,0
"1981",0,0,1,0,0,0,0
"1982",26,1,24,0,0,0,0
"1983",0,0,1,0,0,0,0
"1984",1,0,1,0,0,0,0
"1985",0,0,1,0,0,0,0
"1986",22,2,13,2,2,1,1
"1987",0,0,1,0,0,0,0
"1988",0,0,1,0,0,0,0
"1989",25,0,24,0,0,0,0
"1990",3,0,1,0,0,0,0
"1991",20,0,13,0,0,0,0
"1992",10,0,7,0,0,0,0
"1993",18,0,20,0,0,0,0
"1994",2,0,2,0,0,0,0
"1995",13,0,9,1,1,0,0
"1996",20,0,14,0,0,0,0
"1997",21,0,18,0,0,0,0
"1998",23,0,24,0,1,1,1
"1999",16,0,13,0,0,0,0
"2000",0,0,1,0,0,0,0
"2001",21,3,15,4,4,2,2
"2002",14,0,12,0,0,0,0
"2003",1,0,1,0,0,0,0
"2004",1,0,2,0,0,0,0
"2005",0,0,1,0,0,0,0
"2006",0,0,1,0,0,0,0
"2007",1,0,4,0,0,0,0
"2008",0,0,1,0,0,0,0
"2009",0,0,1,0,0,0,0
"2010",20,0,14,0,0,0,0
"2011",0,0,1,0,0,0,0
"2012",2,0,1,0,0,0,0
"2013",0,0,1,0,0,0,0
"2014",18,0,12,0,0,0,0
"2015",21,0,17,0,0,0,0
"2016",0,0,1,0,0,0,0
"2017",0,0,1,0,0,0,0
"2018",20,2,16,2,4,2,2
"2019",12,1,15,0,1,0,0
"2020",0,0,1,0,0,0,0
"2021",26,0,17,0,0,0,0
"2022",19,0,20,0,0,0,0
"2023",1,0,1,0,0,0,0
"2024",0,0,1,0,0,0,0
"2025",20,0,21,0,0,0,0
"2026",0,0,1,0,0,0,0
"2027",22,0,14,0,1,0,0
"2028",0,0,1,0,0,0,0
"2029",17,0,19,0,0,0,0
"2030",23,0,21,0,0,0,0
"2031",19,0,16,0,0,0,0
"2032",1,0,1,0,0,0,0
"2033",0,0,1,0,0,0,0
"2034",20,0,19,0,0,0,0
"2035",0,0,1,0,0,0,0
"2036",1,0,1,0,0,0,0
"2037",1,0,1,0,0,0,0
"2038",21,0,15,0,0,0,0
"2039",16,2,20,3,3,1,2
"2040",1,0,1,0,0,0,0
"2041",0,0,1,0,0,0,0
"2042",0,0,1,0,0,0,0
"2043",14,0,12,0,0,0,0
"2044",0,0,1,0,0,0,0
"2045",22,0,16,0,1,0,0
"2046",17,0,14,0,0,0,0
"2047",1,0,1,0,0,0,0
"2048",20,2,20,0,1,1,0
"2049",0,0,1,0,0,0,0
"2050",0,0,1,0,0,0,0
"2051",21,0,18,0,1,0,0
"2052",0,0,1,0,0,0,0
"2053",14,0,10,0,0,0,0
"2054",0,0,1,0,0,0,0
"2055",24,2,25,2,4,2,2
"2056",16,0,17,0,0,0,0
"2057",23,0,27,0,0,0,0
"2058",20,0,15,0,0,0,0
"2059",0,0,1,0,0,0,0
"2060",0,0,1,0,0,0,0
"2061",1,0,1,0,0,0,0
"2062",0,0,1,0,0,0,0
"2063",0,0,1,0,0,0,0
"2064",0,0,1,0,0,0,0
"2065",1,0,1,0,0,0,0
"2066",18,0,16,0,0,0,0
"2067",1,0,1,0,0,0,0
"2068",1,0,1,0,0,0,0
"2069",22,0,24,0,1,0,0
"2070",16,0,15,0,0,0,0
"2071",16,0,12,0,0,0,0
"2072",16,3,11,3,5,2,2
"2073",1,0,1,0,0,0,0
"2074",21,1,21,0,0,0,0
"2075",0,0,1,0,0,0,0
"2076",1,0,1,0,0,0,0
"2077",17,0,17,0,0,0,0
"2078",0,0,1,0,0,0,0
"2079",0,0,1,0,0,0,0
"2080",0,0,1,0,0,0,0
"2081",2,0,1,0,0,0,0
"2082",0,0,1,0,0,0,0
"2083",18,0,14,0,1,0,1
"2084",0,0,1,0,0,0,0
"2085",14,0,20,0,0,0,0
"2086",0,0,1,0,0,0,0
"2087",1,0,1,0,0,0,0
"2088",0,0,1,0,0,0,0
"2089",17,0,20,0,0,0,0
"2090",16,0,18,1,0,0,0
"2091",18,0,18,0,0,0,0
"2092",0,0,1,0,0,0,0
"2093",0,0,1,0,0,0,0
"2094",0,0,1,0,0,0,0
"2095",0,0,1,0,0,0,0
"2096",25,0,22,0,0,0,0
"2097",14,0,12,0,0,0,0
"2098",22,0,13,0,0,0,1
"2099",25,0,18,0,0,0,0
"2100",20,0,19,0,0,0,0
"2101",25,3,21,2,6,1,2
"2102",2,0,1,0,0,0,0
"2103",0,0,1,0,0,0,0
"2104",20,0,20,0,0,0,0
"2105",20,0,22,1,0,0,0
"2106",0,0,1,0,0,0,0
"2107",1,0,1,0,0,0,0
"2108",20,0,20,0,0,0,0
"2109",0,0,1,0,0,0,0
"2110",0,0,1,0,0,0,0
"2111",10,1,11,0,0,0,0
"2112",16,7,20,3,3,2,2
"2113",0,0,1,0,0,0,0
"2114",1,0,1,0,0,0,0
"2115",19,0,18,1,1,0,0
"2116",19,0,16,0,0,1,0
"2117",0,0,1,0,0,0,0
"2118",0,0,1,0,0,0,0
"2119",0,0,1,0,0,0,0
"2120",14,0,10,0,0,0,0
"2121",0,0,1,0,0,0,0
"2122",0,0,1,0,0,0,0
"2123",21,0,22,0,0,0,0
"2124",1,0,1,0,0,0,0
"2125",15,0,16,0,0,0,0
"2126",21,1,20,2,2,0,1
"2127",18,0,12,0,0,0,0
"2128",14,0,12,0,0,0,0
"2129",21,0,26,0,0,0,0
"2130",2,0,2,0,0,0,0
"2131",0,0,1,0,0,0,0
"2132",18,0,17,1,0,0,0
"2133",0,0,1,0,0,0,0
"2134",0,0,1,0,0,0,0
"2135",20,0,23,0,0,0,0
"2136",16,2,9,2,4,1,2
"2137",23,1,17,2,1,1,1
"2138",0,0,1,0,0,0,0
"2139",0,0,1,0,0,0,0
"2140",10,0,10,0,0,0,0
"2141",26,0,22,0,0,0,0
"2142",21,0,19,0,0,0,0
"2143",0,0,1,0,0,0,0
"2144",13,0,17,0,0,0,0
"2145",0,0,1,0,0,0,0
"2146",0,0,1,0,0,0,0
"2147",25,0,20,0,0,0,0
"2148",0,0,1,0,0,0,0
"2149",0,0,1,0,0,0,0
"2150",0,0,1,0,0,0,0
"2151",22,1,21,0,0,0,0
"2152",0,0,1,0,0,0,0
"2153",14,1,14,1,1,0,0
"2154",17,0,15,0,0,0,0
"2155",1,0,1,0,0,0,0
"2156",20,0,11,0,0,0,0
"2157",16,0,12,0,0,0,0
"2158",0,0,1,0,0,0,0
"2159",21,0,21,0,0,0,0
"2160",21,0,23,0,0,0,0
"2161",0,0,1,0,0,0,0
"2162",0,0,1,0,0,0,0
"2163",19,0,21,0,0,0,0
"2164",14,1,11,2,2,0,2
"2165",0,0,1,0,0,0,0
"2166",15,0,15,0,0,0,0
"2167",15,0,15,0,0,0,0
"2168",0,0,1,0,0,0,0
"2169",12,0,13,0,0,0,0
"2170",0,0,1,0,0,0,0
"2171",0,0,1,0,0,0,0
"2172",0,0,1,0,0,0,0
"2173",0,0,1,0,0,0,0
"2174",16,1,17,1,1,0,1
"2175",0,0,1,0,0,0,0
"2176",0,0,1,0,0,0,0
"2177",0,0,1,0,0,0,0
"2178",0,0,1,0,0,0,0
"2179",11,0,10,0,0,0,0
"2180",11,0,9,0,0,0,0
"2181",0,0,1,0,0,0,0
"2182",23,0,23,0,0,0,0
"2183",20,0,16,0,0,0,0
"2184",0,0,1,0,0,0,0
"2185",0,0,1,0,0,0,0
"2186",17,0,21,0,0,0,0
"2187",13,1,10,1,1,1,1
"2188",21,0,16,0,0,0,0
"2189",0,0,1,0,0,0,0
"2190",0,0,1,0,0,0,0
"2191",28,0,25,1,0,0,0
"2192",0,0,1,0,0,0,0
"2193",0,0,1,0,0,0,0
"2194",18,0,18,0,0,0,0
"2195",1,0,1,0,0,0,0
"2196",0,0,1,0,0,0,0
"2197",25,0,17,0,0,0,0
"2198",0,0,1,0,0,0,0
"2199",15,0,13,0,0,0,0
"2200",0,0,1,0,0,0,0
"2201",0,0,1,0,0,0,0
"2202",15,2,12,2,2,1,0
"2203",17,0,14,0,0,0,0
"2204",0,0,1,0,0,0,0
"2205",1,0,1,0,0,0,0
"2206",20,0,17,0,0,0,0
"2207",25,0,19,0,0,0,0
"2208",0,0,1,0,0,0,0
"2209",0,0,1,0,0,0,0
"2210",16,0,14,0,0,0,0
"2211",0,0,1,0,0,0,0
"2212",0,0,1,0,0,0,0
"2213",1,0,1,0,0,0,0
"2214",16,0,20,0,0,0,0
"2215",19,0,17,0,0,0,0
"2216",16,0,16,0,0,0,0
"2217",0,0,1,0,0,0,0
"2218",0,0,2,0,0,0,0
"2219",1,0,1,0,0,0,0
"2220",21,0,17,0,0,0,0
"2221",22,0,22,0,0,0,0
"2222",13,0,14,1,0,0,0
"2223",16,1,15,0,0,0,0
"2224",0,0,1,0,0,0,0
"2225",16,3,18,3,3,1,4
"2226",0,0,1,0,0,0,0
"2227",0,0,1,0,0,0,0
"2228",0,0,1,0,0,0,0
"2229",0,0,1,0,0,0,0
"2230",0,0,1,0,0,0,0
"2231",0,0,1,0,0,0,0
"2232",0,0,1,0,0,0,0
"2233",0,0,1,0,0,0,0
"2234",0,0,1,0,0,0,0
"2235",0,0,1,0,0,0,0
"2236",0,0,1,0,0,0,0
"2237",0,0,1,0,0,0,0
"2238",0,0,1,0,0,0,0
"2239",2,0,1,0,0,0,0
"2240",22,0,16,0,0,0,0
"2241",0,0,1,0,0,0,0
"2242",16,0,15,0,0,0,0
"2243",20,5,19,2,4,3,3
"2244",0,0,1,0,0,0,0
"2245",0,0,1,0,0,0,0
"2246",4,0,2,0,0,0,0
"2247",1,0,1,0,0,0,0
"2248",19,0,17,0,0,0,0
"2249",3,0,1,0,0,0,0
"2250",25,2,16,2,1,1,0
"2251",0,0,1,0,0,0,0
"2252",2,0,2,0,0,0,0
"2253",11,2,11,5,4,2,3
"2254",0,0,1,0,0,0,0
"2255",19,0,16,0,0,0,0
"2256",1,0,1,0,0,0,0
"2257",1,0,1,0,0,0,0
"2258",1,0,1,0,0,0,0
"2259",0,0,1,0,0,0,0
"2260",17,1,19,1,3,1,1
"2261",0,0,1,0,0,0,0
"2262",0,0,1,0,0,0,0
"2263",0,0,1,0,0,0,0
"2264",1,0,1,0,0,0,0
"2265",20,0,16,0,0,0,0
"2266",0,0,1,0,0,0,0
"2267",0,0,1,0,0,0,0
"2268",20,0,21,0,0,0,0
"2269",0,0,1,0,0,0,0
"2270",1,0,1,0,0,0,0
"2271",19,0,16,0,0,0,0
"2272",22,0,25,0,0,0,0
"2273",16,1,12,2,2,1,1
"2274",0,0,1,0,0,0,0
"2275",18,0,25,0,1,0,0
"2276",0,0,1,0,0,0,0
"2277",15,1,15,1,0,0,0
"2278",17,0,12,0,0,0,0
"2279",1,0,1,0,0,0,0
"2280",0,0,1,0,0,0,0
"2281",22,0,19,0,0,0,0
"2282",22,0,16,0,0,0,0
"2283",27,0,19,0,0,0,0
"2284",26,0,23,0,0,0,0
"2285",0,0,1,0,0,0,0
"2286",26,0,21,0,0,0,0
"2287",21,0,18,0,0,0,0
"2288",28,1,19,1,1,0,1
"2289",17,0,15,0,0,0,0
"2290",24,0,19,0,0,0,0
"2291",22,0,18,0,0,0,0
"2292",12,0,13,0,0,0,0
"2293",26,2,21,3,3,2,2
"2294",0,0,1,0,0,0,0
"2295",0,0,1,0,0,0,0
"2296",0,0,1,0,0,0,0
"2297",12,0,13,0,0,0,0
"2298",19,1,18,0,0,0,0
"2299",1,0,1,0,0,0,0
"2300",0,0,1,0,0,0,0
"2301",26,0,20,0,0,0,0
"2302",2,0,2,0,0,0,0
"2303",0,0,1,0,0,0,0
"2304",0,0,1,0,0,0,0
"2305",22,0,21,0,0,0,0
"2306",0,0,1,0,0,0,0
"2307",1,0,1,0,0,0,0
"2308",0,0,1,0,0,0,0
"2309",19,0,13,0,0,0,0
"2310",0,0,1,0,0,0,0
"2311",14,0,13,0,0,0,0
"2312",16,0,11,0,0,0,0
"2313",15,0,14,0,0,0,0
"2314",0,0,1,0,0,0,0
"2315",12,0,13,0,0,0,0
"2316",16,0,15,0,0,0,0
"2317",0,0,1,0,0,0,0
"2318",18,4,17,5,5,1,2
"2319",0,0,1,0,0,0,0
"2320",10,0,6,0,0,0,0
"2321",1,0,1,0,0,0,0
"2322",12,0,13,0,0,0,0
"2323",18,0,12,0,0,0,0
"2324",0,0,1,0,0,0,0
"2325",13,0,10,0,0,0,0
"2326",0,0,1,0,0,0,0
"2327",18,0,14,0,0,0,0
"2328",20,0,14,0,0,0,0
"2329",0,0,1,0,0,0,0
"2330",0,0,1,0,0,0,0
"2331",20,0,19,0,0,0,0
"2332",18,0,13,0,1,0,0
"2333",14,2,12,2,3,1,2
"2334",0,0,1,0,0,0,0
"2335",12,0,11,0,0,0,0
"2336",0,0,1,0,0,0,0
"2337",0,0,1,0,0,0,0
"2338",2,0,1,0,0,0,0
"2339",16,0,9,0,0,0,0
"2340",1,0,1,0,0,0,0
"2341",3,0,1,0,0,0,0
"2342",18,0,22,0,0,0,0
"2343",0,0,1,0,0,0,0
"2344",16,0,14,0,0,0,0
"2345",5,0,4,0,0,0,0
"2346",0,0,1,0,0,0,0
"2347",12,3,10,3,2,0,3
"2348",21,3,22,2,4,1,2
"2349",21,0,21,0,0,0,0
"2350",3,0,4,0,0,0,0
"2351",0,0,1,0,0,0,0
"2352",0,0,1,0,0,0,0
"2353",24,0,17,0,0,0,0
"2354",1,0,2,0,0,0,0
"2355",2,0,1,0,0,0,0
"2356",20,0,18,0,0,0,0
"2357",16,0,19,0,0,0,0
"2358",0,0,1,0,0,0,0
"2359",0,0,1,0,0,0,0
"2360",0,0,1,0,0,0,0
"2361",19,0,21,0,0,0,0
"2362",1,0,1,0,0,0,0
"2363",23,0,24,0,0,0,0
"2364",1,0,1,0,0,0,0
"2365",14,0,16,0,1,0,0
"2366",26,0,21,0,0,0,0
"2367",0,0,1,0,0,0,0
"2368",29,0,20,0,0,0,0
"2369",19,0,16,0,0,0,0
"2370",22,1,19,0,0,0,0
"2371",21,0,16,0,0,0,0
"2372",22,0,12,0,0,0,0
"2373",22,0,29,0,0,0,0
"2374",24,0,20,1,0,1,0
"2375",27,0,20,0,0,0,0
"2376",11,0,9,0,0,0,0
"2377",0,0,1,0,0,0,0
"2378",1,0,1,0,0,0,0
"2379",20,2,18,1,2,1,0
"2380",0,0,1,0,0,0,0
"2381",0,0,1,0,0,0,0
"2382",18,0,15,0,0,0,0
"2383",20,0,14,0,0,0,0
"2384",0,0,1,0,0,0,0
"2385",24,0,17,0,0,0,0
"2386",20,0,18,0,0,0,0
"2387",20,0,13,0,0,0,0
"2388",0,0,1,0,0,0,0
"2389",14,0,13,0,0,0,0
"2390",16,0,21,0,0,0,0
"2391",1,0,1,0,0,0,0
"2392",0,0,1,0,0,0,0
"2393",1,0,1,0,0,0,0
"2394",1,0,1,0,0,0,0
"2395",21,0,14,0,0,0,0
"2396",19,0,19,0,0,0,0
"2397",11,0,13,0,0,0,0
"2398",0,0,1,0,0,0,0
"2399",15,1,14,1,1,0,0
"2400",15,0,10,0,0,0,0
"2401",0,0,1,0,0,0,0
"2402",0,0,1,0,0,0,0
"2403",0,0,1,0,0,0,0
"2404",0,0,1,0,0,0,0
"2405",2,0,2,0,0,0,0
"2406",5,0,4,0,0,0,0
"2407",0,0,1,0,0,0,0
"2408",0,0,1,0,0,0,0
"2409",0,0,1,0,0,0,0
"2410",16,0,16,0,0,0,0
"2411",0,0,1,0,0,0,0
"2412",18,0,15,0,0,0,0
"2413",0,0,1,0,0,0,0
"2414",0,0,1,0,0,0,0
"2415",1,0,1,0,0,0,0
"2416",0,0,1,0,0,0,0
"2417",20,0,15,0,0,0,0
"2418",0,0,1,0,0,0,0
"2419",1,0,1,0,0,0,0
"2420",0,0,1,0,0,0,0
"2421",19,0,20,0,0,0,0
"2422",14,0,9,0,1,0,0
"2423",1,0,1,0,0,0,0
"2424",12,0,16,0,0,0,0
"2425",0,0,1,0,0,0,0
"2426",0,0,1,0,0,0,0
"2427",0,0,1,0,0,0,0
"2428",0,0,1,0,0,0,0
"2429",20,0,25,0,0,0,0
"2430",0,0,1,0,0,0,0
"2431",17,0,13,0,0,0,0
"2432",0,0,1,0,0,0,0
"2433",0,0,1,0,0,0,0
"2434",0,0,1,0,0,0,0
"2435",0,0,1,0,0,0,0
"2436",1,0,1,0,0,0,0
"2437",17,0,13,0,0,0,0
"2438",22,0,19,0,0,0,0
"2439",2,0,1,0,0,0,0
"2440",15,0,13,0,0,0,0
"2441",21,0,13,0,0,0,0
"2442",1,0,1,0,0,0,0
"2443",0,0,1,0,0,0,0
"2444",24,0,24,0,0,0,0
"2445",24,0,19,0,0,0,0
"2446",0,0,1,0,0,0,0
"2447",0,0,1,0,0,0,0
"2448",21,0,19,0,0,0,0
"2449",20,0,21,1,0,0,0
"2450",1,0,1,0,0,0,0
"2451",21,0,13,0,0,0,0
"2452",1,0,1,0,0,0,0
"2453",0,0,1,0,0,0,0
"2454",1,0,1,0,0,0,0
"2455",0,0,1,0,0,0,0
"2456",0,0,1,0,0,0,0
"2457",13,0,13,0,0,0,0
"2458",0,0,1,0,0,0,0
"2459",0,0,1,0,0,0,0
"2460",0,0,1,0,0,0,0
"2461",0,0,1,0,0,0,0
"2462",0,0,1,0,0,0,0
"2463",18,0,14,0,0,0,0
"2464",16,0,17,0,0,0,0
"2465",0,0,1,0,0,0,0
"2466",0,0,1,0,0,0,0
"2467",1,0,1,0,0,0,0
"2468",0,0,1,0,0,0,0
"2469",0,0,1,0,0,0,0
"2470",19,0,13,0,0,0,0
"2471",22,0,23,0,0,0,1
"2472",18,0,16,0,0,0,0
"2473",22,0,18,0,0,0,0
"2474",17,4,14,1,3,1,2
"2475",0,0,1,0,0,0,0
"2476",0,0,1,0,0,0,0
"2477",2,0,1,0,0,0,0
"2478",0,0,1,0,0,0,0
"2479",0,0,1,0,0,0,0
"2480",13,4,15,6,3,2,2
"2481",2,0,2,0,0,0,0
"2482",16,0,18,0,0,0,0
"2483",0,0,1,0,0,0,0
"2484",17,0,19,0,0,0,0
"2485",18,0,22,0,0,0,0
"2486",13,0,13,0,0,0,0
"2487",0,0,1,0,0,0,0
"2488",25,0,18,0,0,1,0
"2489",0,0,1,0,0,0,0
"2490",16,0,20,0,1,0,0
"2491",20,0,16,0,0,0,0
"2492",18,0,13,0,0,0,0
"2493",0,0,1,0,0,0,0
"2494",1,0,1,0,0,0,0
"2495",0,0,1,0,0,0,0
"2496",0,0,1,0,0,0,0
"2497",2,0,2,0,0,0,0
"2498",0,0,1,0,0,0,0
"2499",17,0,16,0,0,0,0
"2500",22,0,18,0,0,0,0
