"","age1_orange.E","age1_green.E","age2_no_comorbid_orange.E","age2_no_comorbid_green.E","age2_comorbid_green.E","age3_no_comorbid_green.E","age3_comorbid_green.E"
"1",23.1382978723404,16.025641025641,17.5707547169811,12.7931769722815,15.1757188498403,15.9090909090909,10.7238605898123
"2",19.6808510638298,0,17.2169811320755,0,0,0,0
"3",19.813829787234,0,16.5094339622642,0,0,0,0
"4",20.2127659574468,17.6282051282051,15.8018867924528,15.9914712153518,13.5782747603834,20.4545454545455,16.0857908847185
"5",19.813829787234,19.2307692307692,17.9245283018868,17.0575692963753,15.1757188498403,15.9090909090909,16.0857908847185
"6",22.0744680851064,20.8333333333333,18.3962264150943,13.8592750533049,13.5782747603834,13.6363636363636,9.38337801608579
"7",20.8776595744681,14.4230769230769,16.627358490566,12.7931769722815,10.3833865814696,13.6363636363636,9.38337801608579
"8",21.0106382978723,0,15.2122641509434,0,0,0,0
"9",17.4202127659574,17.6282051282051,14.8584905660377,15.9914712153518,14.3769968051118,18.1818181818182,12.0643431635389
"10",20.3457446808511,22.4358974358974,17.9245283018868,13.8592750533049,11.1821086261981,11.3636363636364,14.745308310992
"11",23.2712765957447,27.2435897435897,20.1650943396226,20.2558635394456,18.370607028754,18.1818181818182,20.1072386058981
"12",20.4787234042553,25.6410256410256,15.4481132075472,18.1236673773987,17.5718849840256,15.9090909090909,13.4048257372654
"13",0,0,0.117924528301887,0,0,0,0
"14",20.6117021276596,16.025641025641,17.2169811320755,14.9253731343284,11.9808306709265,13.6363636363636,12.0643431635389
"15",20.8776595744681,0,18.5141509433962,0,0,0,0
"16",21.5425531914894,14.4230769230769,17.688679245283,15.9914712153518,12.779552715655,15.9090909090909,12.0643431635389
"17",0,0,0.117924528301887,0,0,0,0
"18",22.2074468085106,14.4230769230769,16.1556603773585,11.727078891258,18.370607028754,13.6363636363636,10.7238605898123
"19",21.4095744680851,16.025641025641,16.8632075471698,14.9253731343284,15.1757188498403,11.3636363636364,13.4048257372654
"20",23.6702127659574,16.025641025641,19.6933962264151,13.8592750533049,14.3769968051118,11.3636363636364,13.4048257372654
"21",18.6170212765957,12.8205128205128,18.0424528301887,10.6609808102345,10.3833865814696,11.3636363636364,12.0643431635389
"22",21.6755319148936,17.6282051282051,14.622641509434,17.0575692963753,15.1757188498403,15.9090909090909,14.745308310992
"23",19.281914893617,22.4358974358974,15.3301886792453,17.0575692963753,13.5782747603834,18.1818181818182,16.0857908847185
"24",22.0744680851064,19.2307692307692,22.6415094339623,13.8592750533049,11.1821086261981,15.9090909090909,12.0643431635389
"25",19.6808510638298,19.2307692307692,18.6320754716981,12.7931769722815,13.5782747603834,13.6363636363636,12.0643431635389
"26",23.1382978723404,20.8333333333333,17.2169811320755,18.1236673773987,19.1693290734824,11.3636363636364,9.38337801608579
"27",21.4095744680851,17.6282051282051,15.9198113207547,13.8592750533049,9.58466453674121,18.1818181818182,16.0857908847185
"28",20.7446808510638,14.4230769230769,17.3349056603774,14.9253731343284,11.9808306709265,15.9090909090909,12.0643431635389
"29",20.8776595744681,19.2307692307692,18.0424528301887,14.9253731343284,15.1757188498403,15.9090909090909,6.70241286863271
"30",0,0,0.117924528301887,0,0,0,0
"31",20.2127659574468,1.6025641025641,17.5707547169811,1.06609808102345,0.798722044728434,2.27272727272727,0
"32",19.9468085106383,1.6025641025641,15.5660377358491,0,0,0,0
"33",19.281914893617,12.8205128205128,16.9811320754717,15.9914712153518,10.3833865814696,6.81818181818182,9.38337801608579
"34",22.3404255319149,16.025641025641,14.8584905660377,17.0575692963753,13.5782747603834,13.6363636363636,13.4048257372654
"35",21.0106382978723,11.2179487179487,17.3349056603774,11.727078891258,12.779552715655,13.6363636363636,18.7667560321716
"36",19.5478723404255,16.025641025641,15.9198113207547,15.9914712153518,13.5782747603834,18.1818181818182,18.7667560321716
"37",0,0,0.117924528301887,0,0,0,0
"38",20.4787234042553,12.8205128205128,17.2169811320755,15.9914712153518,16.7731629392971,13.6363636363636,17.426273458445
"39",0,0,0.117924528301887,0,0,0,0
"40",20.6117021276596,20.8333333333333,15.5660377358491,15.9914712153518,16.7731629392971,9.09090909090909,13.4048257372654
"41",0,0,0.117924528301887,0,0,0,0
"42",22.4734042553191,22.4358974358974,18.3962264150943,18.1236673773987,12.779552715655,11.3636363636364,18.7667560321716
"43",23.6702127659574,16.025641025641,19.811320754717,11.727078891258,14.3769968051118,15.9090909090909,10.7238605898123
"44",20.6117021276596,0,15.9198113207547,0,0,0,0
"45",18.8829787234043,16.025641025641,16.9811320754717,11.727078891258,11.1821086261981,11.3636363636364,14.745308310992
"46",20.8776595744681,17.6282051282051,17.0990566037736,20.2558635394456,13.5782747603834,9.09090909090909,13.4048257372654
"47",21.1436170212766,22.4358974358974,18.3962264150943,10.6609808102345,11.9808306709265,15.9090909090909,13.4048257372654
"48",21.4095744680851,17.6282051282051,17.2169811320755,15.9914712153518,15.1757188498403,20.4545454545455,9.38337801608579
"49",21.2765957446809,19.2307692307692,16.627358490566,17.0575692963753,10.3833865814696,18.1818181818182,10.7238605898123
"50",21.8085106382979,19.2307692307692,16.9811320754717,15.9914712153518,12.779552715655,9.09090909090909,16.0857908847185
"51",23.4042553191489,22.4358974358974,17.2169811320755,17.0575692963753,13.5782747603834,15.9090909090909,16.0857908847185
"52",20.4787234042553,16.025641025641,16.7452830188679,11.727078891258,9.58466453674121,9.09090909090909,12.0643431635389
"53",22.8723404255319,20.8333333333333,17.4528301886792,12.7931769722815,11.9808306709265,11.3636363636364,14.745308310992
"54",20.2127659574468,17.6282051282051,16.3915094339623,20.2558635394456,11.9808306709265,13.6363636363636,13.4048257372654
"55",19.281914893617,14.4230769230769,18.0424528301887,13.8592750533049,14.3769968051118,13.6363636363636,12.0643431635389
"56",18.218085106383,0,14.2688679245283,0,0,0,0
"57",21.2765957446809,22.4358974358974,15.6839622641509,19.1897654584222,16.7731629392971,15.9090909090909,17.426273458445
"58",19.0159574468085,20.8333333333333,17.2169811320755,11.727078891258,14.3769968051118,22.7272727272727,13.4048257372654
"59",20.6117021276596,0,17.5707547169811,0,0.798722044728434,2.27272727272727,0
"60",19.4148936170213,19.2307692307692,17.4528301886792,15.9914712153518,12.779552715655,15.9090909090909,13.4048257372654
"61",0,0,0.117924528301887,0,0,0,0
"62",0,0,0.117924528301887,0,0,0,0
"63",21.5425531914894,17.6282051282051,17.3349056603774,13.8592750533049,16.7731629392971,15.9090909090909,14.745308310992
"64",23.2712765957447,17.6282051282051,20.4009433962264,8.52878464818763,10.3833865814696,11.3636363636364,6.70241286863271
"65",18.6170212765957,14.4230769230769,19.9292452830189,13.8592750533049,11.9808306709265,11.3636363636364,12.0643431635389
"66",18.0851063829787,14.4230769230769,14.1509433962264,14.9253731343284,14.3769968051118,15.9090909090909,10.7238605898123
"67",19.4148936170213,16.025641025641,18.3962264150943,9.59488272921109,11.1821086261981,13.6363636363636,12.0643431635389
"68",17.5531914893617,20.8333333333333,14.7405660377358,14.9253731343284,9.58466453674121,11.3636363636364,16.0857908847185
"69",19.5478723404255,14.4230769230769,17.2169811320755,9.59488272921109,10.3833865814696,13.6363636363636,9.38337801608579
"70",0,0,0.117924528301887,0,0,0,0
"71",23.1382978723404,17.6282051282051,18.2783018867925,17.0575692963753,12.779552715655,20.4545454545455,12.0643431635389
"72",21.5425531914894,19.2307692307692,17.9245283018868,13.8592750533049,14.3769968051118,11.3636363636364,16.0857908847185
"73",19.813829787234,16.025641025641,15.4481132075472,18.1236673773987,11.9808306709265,18.1818181818182,10.7238605898123
"74",0,0,0.117924528301887,0,0,0,0
"75",23.0053191489362,19.2307692307692,19.3396226415094,14.9253731343284,15.9744408945687,15.9090909090909,12.0643431635389
"76",23.0053191489362,1.6025641025641,18.75,1.06609808102345,0.798722044728434,0,1.34048257372654
"77",21.2765957446809,14.4230769230769,19.2216981132075,14.9253731343284,11.9808306709265,13.6363636363636,8.04289544235925
"78",22.0744680851064,24.0384615384615,19.5754716981132,17.0575692963753,15.9744408945687,22.7272727272727,16.0857908847185
"79",19.9468085106383,17.6282051282051,17.688679245283,14.9253731343284,14.3769968051118,11.3636363636364,14.745308310992
"80",22.2074468085106,14.4230769230769,19.5754716981132,14.9253731343284,15.1757188498403,20.4545454545455,12.0643431635389
"81",23.0053191489362,16.025641025641,20.0471698113208,11.727078891258,15.1757188498403,13.6363636363636,13.4048257372654
"82",21.8085106382979,16.025641025641,17.3349056603774,12.7931769722815,15.1757188498403,13.6363636363636,14.745308310992
"83",23.6702127659574,16.025641025641,19.9292452830189,15.9914712153518,17.5718849840256,13.6363636363636,12.0643431635389
"84",0,0,0.117924528301887,0,0,0,0
"85",20.7446808510638,17.6282051282051,16.627358490566,9.59488272921109,13.5782747603834,11.3636363636364,12.0643431635389
"86",20.3457446808511,0,16.9811320754717,0,0,2.27272727272727,0
"87",20.4787234042553,0,18.2783018867925,0,0,0,1.34048257372654
"88",22.0744680851064,0,16.8632075471698,0,0,0,0
"89",21.2765957446809,20.8333333333333,20.1650943396226,17.0575692963753,15.9744408945687,13.6363636363636,10.7238605898123
"90",21.5425531914894,16.025641025641,16.627358490566,17.0575692963753,15.1757188498403,13.6363636363636,16.0857908847185
"91",23.0053191489362,14.4230769230769,17.5707547169811,13.8592750533049,15.1757188498403,11.3636363636364,9.38337801608579
"92",21.2765957446809,24.0384615384615,18.6320754716981,13.8592750533049,15.1757188498403,15.9090909090909,16.0857908847185
"93",0,0,0.117924528301887,0,0,0,0
"94",22.6063829787234,1.6025641025641,21.1084905660377,1.06609808102345,0.798722044728434,0,0
"95",19.4148936170213,16.025641025641,17.4528301886792,12.7931769722815,12.779552715655,13.6363636363636,18.7667560321716
"96",18.3510638297872,17.6282051282051,15.3301886792453,11.727078891258,10.3833865814696,13.6363636363636,18.7667560321716
"97",23.4042553191489,19.2307692307692,18.5141509433962,13.8592750533049,11.9808306709265,13.6363636363636,12.0643431635389
"98",23.1382978723404,17.6282051282051,18.2783018867925,12.7931769722815,11.9808306709265,13.6363636363636,9.38337801608579
"99",20.8776595744681,17.6282051282051,17.4528301886792,15.9914712153518,14.3769968051118,18.1818181818182,12.0643431635389
"100",22.0744680851064,20.8333333333333,16.627358490566,14.9253731343284,9.58466453674121,20.4545454545455,12.0643431635389
"101",20.2127659574468,19.2307692307692,17.5707547169811,13.8592750533049,11.1821086261981,13.6363636363636,12.0643431635389
"102",17.686170212766,19.2307692307692,16.0377358490566,20.2558635394456,13.5782747603834,22.7272727272727,12.0643431635389
"103",20.4787234042553,22.4358974358974,18.5141509433962,13.8592750533049,16.7731629392971,9.09090909090909,12.0643431635389
"104",20.3457446808511,17.6282051282051,14.8584905660377,11.727078891258,8.78594249201278,15.9090909090909,10.7238605898123
"105",21.0106382978723,20.8333333333333,14.7405660377358,19.1897654584222,16.7731629392971,18.1818181818182,20.1072386058981
"106",21.4095744680851,0,16.627358490566,0,0,0,1.34048257372654
"107",19.4148936170213,19.2307692307692,17.3349056603774,13.8592750533049,13.5782747603834,15.9090909090909,12.0643431635389
"108",22.6063829787234,0,17.4528301886792,0,0,0,0
"109",19.5478723404255,17.6282051282051,17.2169811320755,15.9914712153518,14.3769968051118,15.9090909090909,16.0857908847185
"110",23.4042553191489,19.2307692307692,16.9811320754717,18.1236673773987,13.5782747603834,20.4545454545455,13.4048257372654
"111",20.7446808510638,16.025641025641,15.8018867924528,17.0575692963753,11.9808306709265,11.3636363636364,9.38337801608579
"112",22.3404255319149,24.0384615384615,18.9858490566038,18.1236673773987,12.779552715655,13.6363636363636,10.7238605898123
"113",21.5425531914894,22.4358974358974,18.3962264150943,11.727078891258,15.1757188498403,15.9090909090909,14.745308310992
"114",22.3404255319149,22.4358974358974,18.3962264150943,12.7931769722815,11.1821086261981,13.6363636363636,14.745308310992
"115",20.8776595744681,17.6282051282051,15.8018867924528,15.9914712153518,13.5782747603834,18.1818181818182,9.38337801608579
"116",21.9414893617021,17.6282051282051,18.1603773584906,12.7931769722815,15.1757188498403,15.9090909090909,14.745308310992
"117",21.0106382978723,19.2307692307692,17.4528301886792,14.9253731343284,13.5782747603834,11.3636363636364,12.0643431635389
"118",21.2765957446809,19.2307692307692,19.1037735849057,13.8592750533049,15.9744408945687,13.6363636363636,12.0643431635389
"119",0,0,0.117924528301887,0,0,0,0
"120",20.2127659574468,16.025641025641,16.5094339622642,10.6609808102345,11.1821086261981,13.6363636363636,9.38337801608579
"121",19.6808510638298,27.2435897435897,16.0377358490566,14.9253731343284,13.5782747603834,18.1818181818182,14.745308310992
"122",22.3404255319149,27.2435897435897,18.1603773584906,14.9253731343284,15.1757188498403,18.1818181818182,17.426273458445
"123",19.0159574468085,17.6282051282051,16.5094339622642,14.9253731343284,12.779552715655,13.6363636363636,9.38337801608579
"124",17.686170212766,22.4358974358974,17.0990566037736,11.727078891258,15.1757188498403,18.1818181818182,13.4048257372654
"125",19.0159574468085,20.8333333333333,18.1603773584906,18.1236673773987,15.9744408945687,13.6363636363636,16.0857908847185
"126",22.4734042553191,0,17.2169811320755,0,0,0,0
"127",0,0,0.117924528301887,0,0,0,0
"128",0,0,0.117924528301887,0,0,0,0
"129",19.5478723404255,25.6410256410256,19.2216981132075,18.1236673773987,11.9808306709265,13.6363636363636,16.0857908847185
"130",20.6117021276596,19.2307692307692,16.9811320754717,9.59488272921109,11.1821086261981,20.4545454545455,13.4048257372654
"131",19.6808510638298,1.6025641025641,18.75,0,0,0,0
"132",23.4042553191489,19.2307692307692,19.3396226415094,14.9253731343284,11.1821086261981,13.6363636363636,9.38337801608579
"133",19.813829787234,22.4358974358974,17.3349056603774,17.0575692963753,12.779552715655,18.1818181818182,14.745308310992
"134",19.6808510638298,0,15.2122641509434,0,0.798722044728434,0,0
"135",20.3457446808511,20.8333333333333,18.9858490566038,15.9914712153518,15.9744408945687,20.4545454545455,12.0643431635389
"136",18.0851063829787,14.4230769230769,15.2122641509434,11.727078891258,11.9808306709265,9.09090909090909,9.38337801608579
"137",21.8085106382979,16.025641025641,18.6320754716981,15.9914712153518,13.5782747603834,18.1818181818182,13.4048257372654
"138",18.6170212765957,12.8205128205128,15.4481132075472,13.8592750533049,11.1821086261981,11.3636363636364,10.7238605898123
"139",19.813829787234,20.8333333333333,16.2735849056604,15.9914712153518,15.9744408945687,18.1818181818182,13.4048257372654
"140",18.6170212765957,19.2307692307692,17.4528301886792,11.727078891258,14.3769968051118,15.9090909090909,12.0643431635389
"141",17.8191489361702,19.2307692307692,17.9245283018868,14.9253731343284,15.9744408945687,18.1818181818182,10.7238605898123
"142",20.7446808510638,0,17.9245283018868,0,0,0,0
"143",20.2127659574468,17.6282051282051,17.2169811320755,13.8592750533049,11.9808306709265,13.6363636363636,16.0857908847185
"144",20.7446808510638,14.4230769230769,17.5707547169811,9.59488272921109,8.78594249201278,9.09090909090909,8.04289544235925
"145",22.3404255319149,20.8333333333333,15.6839622641509,13.8592750533049,11.9808306709265,20.4545454545455,10.7238605898123
"146",21.5425531914894,14.4230769230769,18.9858490566038,11.727078891258,8.78594249201278,18.1818181818182,10.7238605898123
"147",21.1436170212766,17.6282051282051,18.5141509433962,8.52878464818763,10.3833865814696,11.3636363636364,14.745308310992
"148",24.7340425531915,17.6282051282051,19.6933962264151,11.727078891258,11.1821086261981,11.3636363636364,12.0643431635389
"149",21.6755319148936,22.4358974358974,14.7405660377358,13.8592750533049,15.9744408945687,15.9090909090909,10.7238605898123
"150",20.2127659574468,11.2179487179487,18.3962264150943,11.727078891258,10.3833865814696,13.6363636363636,10.7238605898123
"151",21.4095744680851,14.4230769230769,17.688679245283,20.2558635394456,13.5782747603834,11.3636363636364,9.38337801608579
"152",23.0053191489362,20.8333333333333,17.688679245283,18.1236673773987,14.3769968051118,25,16.0857908847185
"153",17.0212765957447,17.6282051282051,15.5660377358491,12.7931769722815,13.5782747603834,13.6363636363636,16.0857908847185
"154",21.2765957446809,12.8205128205128,16.2735849056604,14.9253731343284,16.7731629392971,15.9090909090909,20.1072386058981
"155",22.3404255319149,17.6282051282051,17.3349056603774,19.1897654584222,15.9744408945687,11.3636363636364,16.0857908847185
"156",22.2074468085106,22.4358974358974,17.688679245283,25.5863539445629,13.5782747603834,20.4545454545455,14.745308310992
"157",19.4148936170213,17.6282051282051,16.627358490566,12.7931769722815,13.5782747603834,9.09090909090909,10.7238605898123
"158",20.7446808510638,14.4230769230769,15.5660377358491,13.8592750533049,16.7731629392971,11.3636363636364,12.0643431635389
"159",19.9468085106383,16.025641025641,16.627358490566,18.1236673773987,15.1757188498403,15.9090909090909,14.745308310992
"160",20.8776595744681,17.6282051282051,17.8066037735849,14.9253731343284,18.370607028754,15.9090909090909,13.4048257372654
"161",20.3457446808511,14.4230769230769,17.0990566037736,19.1897654584222,13.5782747603834,15.9090909090909,16.0857908847185
"162",0,0,0.117924528301887,0,0,0,0
"163",21.9414893617021,19.2307692307692,17.9245283018868,14.9253731343284,16.7731629392971,13.6363636363636,14.745308310992
"164",21.1436170212766,19.2307692307692,17.9245283018868,15.9914712153518,12.779552715655,15.9090909090909,13.4048257372654
"165",20.3457446808511,0,19.4575471698113,1.06609808102345,0.798722044728434,0,1.34048257372654
"166",22.4734042553191,22.4358974358974,16.9811320754717,14.9253731343284,16.7731629392971,13.6363636363636,9.38337801608579
"167",22.8723404255319,0,16.627358490566,0,0,2.27272727272727,0
"168",0,0,0.117924528301887,0,0,0,0
"169",21.0106382978723,20.8333333333333,18.3962264150943,10.6609808102345,11.9808306709265,11.3636363636364,13.4048257372654
"170",0,0,0.117924528301887,0,0,0,0
"171",24.0691489361702,19.2307692307692,19.4575471698113,15.9914712153518,14.3769968051118,11.3636363636364,12.0643431635389
"172",18.0851063829787,16.025641025641,15.0943396226415,14.9253731343284,15.1757188498403,13.6363636363636,16.0857908847185
"173",18.0851063829787,11.2179487179487,18.5141509433962,10.6609808102345,11.9808306709265,13.6363636363636,14.745308310992
"174",20.3457446808511,0,16.9811320754717,0,0.798722044728434,0,0
"175",20.4787234042553,16.025641025641,17.0990566037736,13.8592750533049,11.1821086261981,15.9090909090909,9.38337801608579
"176",20.7446808510638,17.6282051282051,15.9198113207547,18.1236673773987,18.370607028754,20.4545454545455,16.0857908847185
"177",23.0053191489362,17.6282051282051,17.2169811320755,12.7931769722815,12.779552715655,15.9090909090909,10.7238605898123
"178",26.4627659574468,24.0384615384615,16.1556603773585,14.9253731343284,15.9744408945687,27.2727272727273,16.0857908847185
"179",19.4148936170213,16.025641025641,15.6839622641509,14.9253731343284,15.9744408945687,11.3636363636364,14.745308310992
"180",19.6808510638298,1.6025641025641,16.8632075471698,1.06609808102345,0.798722044728434,0,0
"181",22.2074468085106,17.6282051282051,15.6839622641509,15.9914712153518,15.1757188498403,22.7272727272727,13.4048257372654
"182",21.0106382978723,16.025641025641,17.9245283018868,20.2558635394456,16.7731629392971,20.4545454545455,13.4048257372654
"183",20.3457446808511,24.0384615384615,20.0471698113208,18.1236673773987,11.9808306709265,20.4545454545455,17.426273458445
"184",17.9521276595745,16.025641025641,14.7405660377358,14.9253731343284,12.779552715655,11.3636363636364,8.04289544235925
"185",21.6755319148936,14.4230769230769,18.6320754716981,22.3880597014925,16.7731629392971,11.3636363636364,18.7667560321716
"186",20.8776595744681,0,18.3962264150943,0,0,0,0
"187",22.7393617021277,17.6282051282051,18.3962264150943,14.9253731343284,19.1693290734824,18.1818181818182,16.0857908847185
"188",20.3457446808511,0,16.627358490566,1.06609808102345,0.798722044728434,0,0
"189",19.9468085106383,20.8333333333333,16.1556603773585,14.9253731343284,15.1757188498403,11.3636363636364,13.4048257372654
"190",19.0159574468085,0,17.2169811320755,0,0.798722044728434,0,0
"191",15.5585106382979,14.4230769230769,13.6792452830189,15.9914712153518,16.7731629392971,15.9090909090909,14.745308310992
"192",20.2127659574468,19.2307692307692,18.0424528301887,12.7931769722815,11.1821086261981,22.7272727272727,12.0643431635389
"193",19.281914893617,14.4230769230769,14.9764150943396,14.9253731343284,14.3769968051118,13.6363636363636,12.0643431635389
"194",20.7446808510638,19.2307692307692,18.1603773584906,13.8592750533049,16.7731629392971,25,16.0857908847185
"195",21.2765957446809,19.2307692307692,20.4009433962264,17.0575692963753,19.1693290734824,15.9090909090909,14.745308310992
"196",19.4148936170213,19.2307692307692,17.8066037735849,18.1236673773987,14.3769968051118,18.1818181818182,20.1072386058981
"197",21.8085106382979,17.6282051282051,17.2169811320755,9.59488272921109,12.779552715655,20.4545454545455,13.4048257372654
"198",19.9468085106383,14.4230769230769,17.4528301886792,17.0575692963753,17.5718849840256,15.9090909090909,12.0643431635389
"199",0,0,0.117924528301887,0,0,0,0
"200",21.4095744680851,22.4358974358974,18.1603773584906,13.8592750533049,13.5782747603834,20.4545454545455,17.426273458445
"201",21.9414893617021,19.2307692307692,15.6839622641509,14.9253731343284,15.1757188498403,11.3636363636364,12.0643431635389
"202",19.1489361702128,20.8333333333333,18.2783018867925,12.7931769722815,15.1757188498403,18.1818181818182,16.0857908847185
"203",19.281914893617,16.025641025641,16.2735849056604,15.9914712153518,15.1757188498403,15.9090909090909,14.745308310992
"204",19.813829787234,16.025641025641,19.6933962264151,13.8592750533049,11.9808306709265,20.4545454545455,9.38337801608579
"205",0,0,0.117924528301887,0,0,0,0
"206",22.2074468085106,16.025641025641,16.0377358490566,14.9253731343284,14.3769968051118,13.6363636363636,12.0643431635389
"207",19.0159574468085,19.2307692307692,17.688679245283,13.8592750533049,14.3769968051118,11.3636363636364,14.745308310992
"208",18.6170212765957,17.6282051282051,15.5660377358491,12.7931769722815,13.5782747603834,13.6363636363636,10.7238605898123
"209",22.8723404255319,14.4230769230769,21.4622641509434,12.7931769722815,15.9744408945687,11.3636363636364,10.7238605898123
"210",21.2765957446809,0,16.0377358490566,0,0,0,0
"211",20.4787234042553,22.4358974358974,15.9198113207547,13.8592750533049,15.9744408945687,15.9090909090909,10.7238605898123
"212",0,0,0.117924528301887,0,0,0,0
"213",21.5425531914894,17.6282051282051,18.9858490566038,12.7931769722815,15.1757188498403,15.9090909090909,14.745308310992
"214",24.468085106383,12.8205128205128,15.8018867924528,11.727078891258,11.1821086261981,18.1818181818182,14.745308310992
"215",20.6117021276596,0,17.3349056603774,0,0,0,0
"216",0,0,0.117924528301887,0,0,0,0
"217",20.8776595744681,17.6282051282051,17.8066037735849,9.59488272921109,13.5782747603834,15.9090909090909,12.0643431635389
"218",22.2074468085106,0,14.8584905660377,0,0,0,0
"219",20.7446808510638,19.2307692307692,15.9198113207547,13.8592750533049,16.7731629392971,13.6363636363636,20.1072386058981
"220",20.7446808510638,20.8333333333333,17.9245283018868,12.7931769722815,14.3769968051118,20.4545454545455,14.745308310992
"221",19.5478723404255,22.4358974358974,16.7452830188679,11.727078891258,13.5782747603834,20.4545454545455,13.4048257372654
"222",20.2127659574468,27.2435897435897,18.5141509433962,17.0575692963753,14.3769968051118,15.9090909090909,13.4048257372654
"223",19.1489361702128,20.8333333333333,17.688679245283,12.7931769722815,12.779552715655,9.09090909090909,13.4048257372654
"224",0,0,0.117924528301887,0,0,0,0
"225",20.4787234042553,24.0384615384615,16.8632075471698,13.8592750533049,17.5718849840256,13.6363636363636,13.4048257372654
"226",18.218085106383,24.0384615384615,16.2735849056604,13.8592750533049,14.3769968051118,13.6363636363636,17.426273458445
"227",0,0,0.117924528301887,0,0,0,0
"228",24.2021276595745,0,17.5707547169811,1.06609808102345,0.798722044728434,0,0
"229",21.5425531914894,22.4358974358974,18.6320754716981,18.1236673773987,12.779552715655,20.4545454545455,16.0857908847185
"230",0,0,0.117924528301887,0,0,0,0
"231",20.8776595744681,19.2307692307692,15.6839622641509,17.0575692963753,13.5782747603834,13.6363636363636,12.0643431635389
"232",19.9468085106383,16.025641025641,15.0943396226415,18.1236673773987,11.9808306709265,15.9090909090909,10.7238605898123
"233",17.8191489361702,0,15.8018867924528,0,1.59744408945687,0,0
"234",21.8085106382979,0,17.5707547169811,0,0,0,0
"235",22.8723404255319,17.6282051282051,18.8679245283019,14.9253731343284,15.9744408945687,15.9090909090909,12.0643431635389
"236",19.281914893617,0,17.4528301886792,0,0,0,0
"237",20.7446808510638,19.2307692307692,16.2735849056604,14.9253731343284,15.1757188498403,15.9090909090909,13.4048257372654
"238",18.75,14.4230769230769,15.5660377358491,13.8592750533049,15.1757188498403,18.1818181818182,18.7667560321716
"239",22.4734042553191,24.0384615384615,17.3349056603774,14.9253731343284,14.3769968051118,13.6363636363636,18.7667560321716
"240",20.4787234042553,16.025641025641,18.1603773584906,11.727078891258,11.1821086261981,9.09090909090909,8.04289544235925
"241",22.2074468085106,17.6282051282051,15.6839622641509,17.0575692963753,10.3833865814696,15.9090909090909,14.745308310992
"242",20.3457446808511,11.2179487179487,18.3962264150943,13.8592750533049,11.1821086261981,11.3636363636364,8.04289544235925
"243",21.1436170212766,12.8205128205128,15.8018867924528,11.727078891258,11.9808306709265,22.7272727272727,10.7238605898123
"244",0,0,0.117924528301887,0,0,0,0
"245",26.4627659574468,17.6282051282051,19.9292452830189,14.9253731343284,11.9808306709265,18.1818181818182,14.745308310992
"246",21.9414893617021,17.6282051282051,18.1603773584906,11.727078891258,12.779552715655,11.3636363636364,6.70241286863271
"247",20.8776595744681,12.8205128205128,14.9764150943396,15.9914712153518,15.1757188498403,13.6363636363636,10.7238605898123
"248",18.3510638297872,19.2307692307692,17.0990566037736,15.9914712153518,13.5782747603834,13.6363636363636,14.745308310992
"249",21.5425531914894,19.2307692307692,18.8679245283019,17.0575692963753,15.9744408945687,25,16.0857908847185
"250",20.4787234042553,0,14.9764150943396,0,0,0,0
"251",0.132978723404255,0,0.117924528301887,0,0,0,0
"252",20.7446808510638,20.8333333333333,17.2169811320755,15.9914712153518,15.9744408945687,18.1818181818182,14.745308310992
"253",0,0,0.117924528301887,0,0,0,0
"254",25.6648936170213,24.0384615384615,18.0424528301887,17.0575692963753,14.3769968051118,27.2727272727273,10.7238605898123
"255",22.0744680851064,17.6282051282051,17.688679245283,18.1236673773987,15.1757188498403,22.7272727272727,13.4048257372654
"256",21.2765957446809,19.2307692307692,16.7452830188679,13.8592750533049,11.1821086261981,11.3636363636364,10.7238605898123
"257",19.6808510638298,16.025641025641,18.0424528301887,11.727078891258,10.3833865814696,9.09090909090909,12.0643431635389
"258",20.2127659574468,17.6282051282051,18.5141509433962,15.9914712153518,11.9808306709265,15.9090909090909,10.7238605898123
"259",20.8776595744681,20.8333333333333,15.3301886792453,23.454157782516,11.9808306709265,15.9090909090909,14.745308310992
"260",22.7393617021277,17.6282051282051,16.5094339622642,17.0575692963753,14.3769968051118,15.9090909090909,13.4048257372654
"261",24.2021276595745,0,16.627358490566,0,0.798722044728434,0,0
"262",21.4095744680851,16.025641025641,18.3962264150943,17.0575692963753,13.5782747603834,11.3636363636364,13.4048257372654
"263",19.6808510638298,17.6282051282051,16.2735849056604,17.0575692963753,15.1757188498403,11.3636363636364,13.4048257372654
"264",19.5478723404255,20.8333333333333,15.4481132075472,12.7931769722815,11.9808306709265,18.1818181818182,10.7238605898123
"265",19.9468085106383,16.025641025641,16.5094339622642,15.9914712153518,14.3769968051118,15.9090909090909,10.7238605898123
"266",23.4042553191489,0,15.3301886792453,0,0,0,0
"267",23.1382978723404,19.2307692307692,16.8632075471698,15.9914712153518,14.3769968051118,11.3636363636364,16.0857908847185
"268",22.6063829787234,17.6282051282051,17.688679245283,18.1236673773987,16.7731629392971,13.6363636363636,12.0643431635389
"269",20.6117021276596,14.4230769230769,18.6320754716981,13.8592750533049,14.3769968051118,13.6363636363636,14.745308310992
"270",19.4148936170213,17.6282051282051,16.5094339622642,11.727078891258,12.779552715655,11.3636363636364,8.04289544235925
"271",20.7446808510638,30.448717948718,18.5141509433962,12.7931769722815,11.1821086261981,11.3636363636364,9.38337801608579
"272",0,0,0.117924528301887,0,0,0,0
"273",20.8776595744681,16.025641025641,15.0943396226415,11.727078891258,11.1821086261981,15.9090909090909,13.4048257372654
"274",20.0797872340426,22.4358974358974,17.3349056603774,14.9253731343284,11.9808306709265,18.1818181818182,6.70241286863271
"275",18.0851063829787,20.8333333333333,16.7452830188679,13.8592750533049,12.779552715655,15.9090909090909,14.745308310992
"276",19.0159574468085,22.4358974358974,17.9245283018868,14.9253731343284,12.779552715655,18.1818181818182,13.4048257372654
"277",18.3510638297872,12.8205128205128,16.3915094339623,14.9253731343284,11.1821086261981,13.6363636363636,10.7238605898123
"278",0,0,0.117924528301887,0,0,0,0
"279",22.6063829787234,19.2307692307692,20.9905660377358,13.8592750533049,15.9744408945687,13.6363636363636,9.38337801608579
"280",21.0106382978723,0,17.4528301886792,0,0,0,0
"281",20.8776595744681,16.025641025641,17.3349056603774,12.7931769722815,13.5782747603834,15.9090909090909,13.4048257372654
"282",21.4095744680851,0,17.4528301886792,0,0,0,1.34048257372654
"283",20.3457446808511,1.6025641025641,17.5707547169811,1.06609808102345,0.798722044728434,2.27272727272727,0
"284",19.1489361702128,12.8205128205128,20.4009433962264,9.59488272921109,8.78594249201278,13.6363636363636,12.0643431635389
"285",21.8085106382979,16.025641025641,17.8066037735849,12.7931769722815,13.5782747603834,15.9090909090909,12.0643431635389
"286",0,0,0.117924528301887,0,0,0,0
"287",18.75,16.025641025641,16.5094339622642,13.8592750533049,12.779552715655,13.6363636363636,12.0643431635389
"288",21.6755319148936,14.4230769230769,14.8584905660377,14.9253731343284,15.1757188498403,22.7272727272727,20.1072386058981
"289",0,0,0.117924528301887,0,0,0,0
"290",23.6702127659574,17.6282051282051,19.2216981132075,13.8592750533049,11.9808306709265,11.3636363636364,14.745308310992
"291",22.8723404255319,11.2179487179487,19.3396226415094,10.6609808102345,11.9808306709265,9.09090909090909,8.04289544235925
"292",19.6808510638298,19.2307692307692,14.2688679245283,15.9914712153518,10.3833865814696,18.1818181818182,20.1072386058981
"293",23.6702127659574,17.6282051282051,21.4622641509434,17.0575692963753,15.1757188498403,18.1818181818182,18.7667560321716
"294",21.6755319148936,24.0384615384615,16.7452830188679,20.2558635394456,13.5782747603834,13.6363636363636,13.4048257372654
"295",17.9521276595745,19.2307692307692,17.9245283018868,13.8592750533049,11.9808306709265,11.3636363636364,10.7238605898123
"296",19.4148936170213,22.4358974358974,18.5141509433962,14.9253731343284,15.1757188498403,13.6363636363636,14.745308310992
"297",20.6117021276596,19.2307692307692,18.5141509433962,15.9914712153518,11.1821086261981,18.1818181818182,12.0643431635389
"298",21.2765957446809,19.2307692307692,18.3962264150943,12.7931769722815,13.5782747603834,11.3636363636364,12.0643431635389
"299",21.0106382978723,14.4230769230769,18.6320754716981,11.727078891258,11.1821086261981,11.3636363636364,10.7238605898123
"300",21.5425531914894,16.025641025641,18.75,14.9253731343284,15.1757188498403,13.6363636363636,13.4048257372654
"301",0.132978723404255,0,0.117924528301887,0,0,0,0
"302",23.1382978723404,17.6282051282051,18.8679245283019,13.8592750533049,9.58466453674121,11.3636363636364,10.7238605898123
"303",21.8085106382979,0,15.9198113207547,0,0.798722044728434,2.27272727272727,0
"304",21.1436170212766,19.2307692307692,17.688679245283,10.6609808102345,11.9808306709265,11.3636363636364,10.7238605898123
"305",21.2765957446809,22.4358974358974,18.6320754716981,14.9253731343284,15.1757188498403,15.9090909090909,13.4048257372654
"306",20.2127659574468,19.2307692307692,15.0943396226415,18.1236673773987,15.9744408945687,11.3636363636364,14.745308310992
"307",19.6808510638298,17.6282051282051,18.9858490566038,15.9914712153518,15.9744408945687,11.3636363636364,16.0857908847185
"308",22.6063829787234,17.6282051282051,17.5707547169811,15.9914712153518,11.1821086261981,15.9090909090909,12.0643431635389
"309",0.132978723404255,0,0.117924528301887,0,0,0,0
"310",20.2127659574468,24.0384615384615,17.688679245283,14.9253731343284,11.9808306709265,18.1818181818182,14.745308310992
"311",20.2127659574468,16.025641025641,16.627358490566,12.7931769722815,15.1757188498403,15.9090909090909,16.0857908847185
"312",23.0053191489362,14.4230769230769,19.6933962264151,17.0575692963753,14.3769968051118,22.7272727272727,10.7238605898123
"313",21.2765957446809,16.025641025641,15.2122641509434,15.9914712153518,14.3769968051118,20.4545454545455,13.4048257372654
"314",21.0106382978723,0,18.8679245283019,1.06609808102345,0.798722044728434,0,0
"315",17.9521276595745,20.8333333333333,18.9858490566038,8.52878464818763,16.7731629392971,13.6363636363636,12.0643431635389
"316",0,0,0.117924528301887,0,0,0,0
"317",21.4095744680851,16.025641025641,17.4528301886792,13.8592750533049,15.9744408945687,13.6363636363636,9.38337801608579
"318",0,0,0.117924528301887,0,0,0,0
"319",20.0797872340426,16.025641025641,18.0424528301887,14.9253731343284,15.9744408945687,13.6363636363636,13.4048257372654
"320",0,0,0.117924528301887,0,0,0,0
"321",22.6063829787234,1.6025641025641,17.0990566037736,0,0.798722044728434,0,1.34048257372654
"322",20.8776595744681,16.025641025641,16.9811320754717,10.6609808102345,14.3769968051118,13.6363636363636,12.0643431635389
"323",18.3510638297872,1.6025641025641,19.3396226415094,0,0,0,1.34048257372654
"324",23.8031914893617,0,18.3962264150943,0,0.798722044728434,0,1.34048257372654
"325",19.813829787234,19.2307692307692,17.5707547169811,17.0575692963753,13.5782747603834,13.6363636363636,17.426273458445
"326",21.9414893617021,19.2307692307692,18.5141509433962,15.9914712153518,12.779552715655,13.6363636363636,10.7238605898123
"327",20.8776595744681,22.4358974358974,15.6839622641509,17.0575692963753,17.5718849840256,15.9090909090909,16.0857908847185
"328",20.7446808510638,14.4230769230769,17.4528301886792,11.727078891258,13.5782747603834,15.9090909090909,10.7238605898123
"329",21.6755319148936,20.8333333333333,18.3962264150943,21.3219616204691,15.9744408945687,11.3636363636364,17.426273458445
"330",20.8776595744681,16.025641025641,17.0990566037736,11.727078891258,15.1757188498403,15.9090909090909,12.0643431635389
"331",23.6702127659574,14.4230769230769,18.75,9.59488272921109,9.58466453674121,9.09090909090909,9.38337801608579
"332",0,0,0.117924528301887,0,0,0,0
"333",19.5478723404255,22.4358974358974,16.2735849056604,15.9914712153518,10.3833865814696,13.6363636363636,10.7238605898123
"334",19.5478723404255,19.2307692307692,16.5094339622642,11.727078891258,12.779552715655,13.6363636363636,14.745308310992
"335",21.5425531914894,11.2179487179487,18.75,12.7931769722815,12.779552715655,15.9090909090909,16.0857908847185
"336",0,0,0.117924528301887,0,0,0,0
"337",19.0159574468085,14.4230769230769,17.0990566037736,11.727078891258,13.5782747603834,11.3636363636364,10.7238605898123
"338",21.1436170212766,17.6282051282051,17.0990566037736,14.9253731343284,13.5782747603834,13.6363636363636,13.4048257372654
"339",19.1489361702128,14.4230769230769,19.2216981132075,10.6609808102345,14.3769968051118,20.4545454545455,12.0643431635389
"340",20.7446808510638,0,18.2783018867925,0,0,0,0
"341",20.8776595744681,17.6282051282051,14.5047169811321,15.9914712153518,12.779552715655,11.3636363636364,9.38337801608579
"342",20.2127659574468,14.4230769230769,18.0424528301887,10.6609808102345,11.1821086261981,9.09090909090909,16.0857908847185
"343",0.132978723404255,0,0.117924528301887,0,0,0,0
"344",20.7446808510638,20.8333333333333,17.9245283018868,13.8592750533049,11.9808306709265,11.3636363636364,12.0643431635389
"345",20.2127659574468,14.4230769230769,18.0424528301887,11.727078891258,15.9744408945687,18.1818181818182,14.745308310992
"346",20.3457446808511,1.6025641025641,18.5141509433962,1.06609808102345,0.798722044728434,0,1.34048257372654
"347",22.0744680851064,1.6025641025641,16.8632075471698,0,0,0,0
"348",18.75,14.4230769230769,19.4575471698113,13.8592750533049,12.779552715655,18.1818181818182,14.745308310992
"349",19.813829787234,17.6282051282051,20.2830188679245,12.7931769722815,12.779552715655,13.6363636363636,10.7238605898123
"350",21.1436170212766,14.4230769230769,17.5707547169811,15.9914712153518,13.5782747603834,11.3636363636364,10.7238605898123
"351",19.0159574468085,16.025641025641,13.4433962264151,17.0575692963753,15.9744408945687,13.6363636363636,10.7238605898123
"352",21.9414893617021,16.025641025641,18.1603773584906,14.9253731343284,11.9808306709265,15.9090909090909,16.0857908847185
"353",19.1489361702128,17.6282051282051,15.3301886792453,13.8592750533049,11.9808306709265,6.81818181818182,12.0643431635389
"354",19.9468085106383,24.0384615384615,17.688679245283,12.7931769722815,11.1821086261981,18.1818181818182,12.0643431635389
"355",22.4734042553191,14.4230769230769,15.3301886792453,13.8592750533049,10.3833865814696,15.9090909090909,9.38337801608579
"356",22.2074468085106,0,17.4528301886792,0,0,0,0
"357",0,0,0.117924528301887,0,0,0,0
"358",24.6010638297872,16.025641025641,16.627358490566,9.59488272921109,8.78594249201278,13.6363636363636,10.7238605898123
"359",22.6063829787234,20.8333333333333,15.9198113207547,13.8592750533049,12.779552715655,18.1818181818182,16.0857908847185
"360",20.3457446808511,19.2307692307692,18.6320754716981,13.8592750533049,12.779552715655,13.6363636363636,14.745308310992
"361",22.3404255319149,17.6282051282051,17.3349056603774,12.7931769722815,12.779552715655,11.3636363636364,12.0643431635389
"362",24.8670212765957,17.6282051282051,18.3962264150943,13.8592750533049,11.9808306709265,20.4545454545455,12.0643431635389
"363",18.8829787234043,0,18.0424528301887,1.06609808102345,0.798722044728434,2.27272727272727,1.34048257372654
"364",20.7446808510638,12.8205128205128,15.8018867924528,14.9253731343284,11.1821086261981,15.9090909090909,12.0643431635389
"365",21.1436170212766,25.6410256410256,17.4528301886792,15.9914712153518,12.779552715655,20.4545454545455,13.4048257372654
"366",19.813829787234,19.2307692307692,15.3301886792453,17.0575692963753,13.5782747603834,18.1818181818182,8.04289544235925
"367",19.4148936170213,19.2307692307692,16.627358490566,13.8592750533049,15.1757188498403,11.3636363636364,13.4048257372654
"368",19.5478723404255,16.025641025641,19.4575471698113,11.727078891258,12.779552715655,13.6363636363636,12.0643431635389
"369",19.281914893617,25.6410256410256,16.627358490566,21.3219616204691,13.5782747603834,13.6363636363636,16.0857908847185
"370",19.4148936170213,17.6282051282051,17.0990566037736,12.7931769722815,11.1821086261981,11.3636363636364,12.0643431635389
"371",22.4734042553191,19.2307692307692,22.0518867924528,20.2558635394456,15.9744408945687,13.6363636363636,10.7238605898123
"372",18.0851063829787,0,15.4481132075472,0,0,0,0
"373",0,0,0.117924528301887,0,0,0,0
"374",27.1276595744681,20.8333333333333,18.6320754716981,14.9253731343284,16.7731629392971,15.9090909090909,14.745308310992
"375",18.8829787234043,16.025641025641,13.6792452830189,13.8592750533049,15.9744408945687,9.09090909090909,18.7667560321716
"376",20.4787234042553,16.025641025641,18.9858490566038,12.7931769722815,9.58466453674121,11.3636363636364,13.4048257372654
"377",0,0,0.117924528301887,0,0,0,0
"378",22.4734042553191,20.8333333333333,18.75,21.3219616204691,11.1821086261981,13.6363636363636,10.7238605898123
"379",18.6170212765957,19.2307692307692,15.2122641509434,15.9914712153518,15.9744408945687,13.6363636363636,16.0857908847185
"380",20.7446808510638,14.4230769230769,17.9245283018868,13.8592750533049,11.9808306709265,20.4545454545455,14.745308310992
"381",19.0159574468085,14.4230769230769,16.2735849056604,12.7931769722815,10.3833865814696,13.6363636363636,12.0643431635389
"382",18.6170212765957,14.4230769230769,16.8632075471698,15.9914712153518,15.9744408945687,18.1818181818182,12.0643431635389
"383",20.4787234042553,17.6282051282051,15.5660377358491,13.8592750533049,12.779552715655,13.6363636363636,14.745308310992
"384",22.3404255319149,24.0384615384615,16.5094339622642,15.9914712153518,16.7731629392971,18.1818181818182,12.0643431635389
"385",0,0,0.117924528301887,0,0,0,0
"386",20.0797872340426,20.8333333333333,16.3915094339623,14.9253731343284,11.9808306709265,22.7272727272727,12.0643431635389
"387",22.8723404255319,19.2307692307692,17.4528301886792,10.6609808102345,12.779552715655,15.9090909090909,12.0643431635389
"388",21.6755319148936,11.2179487179487,16.9811320754717,17.0575692963753,12.779552715655,9.09090909090909,14.745308310992
"389",17.2872340425532,16.025641025641,17.5707547169811,12.7931769722815,15.9744408945687,15.9090909090909,12.0643431635389
"390",19.6808510638298,17.6282051282051,17.4528301886792,13.8592750533049,15.1757188498403,13.6363636363636,10.7238605898123
"391",0,0,0.117924528301887,0,0,0,0
"392",23.0053191489362,19.2307692307692,21.3443396226415,14.9253731343284,11.1821086261981,15.9090909090909,9.38337801608579
"393",17.686170212766,12.8205128205128,16.627358490566,14.9253731343284,7.98722044728434,13.6363636363636,9.38337801608579
"394",22.7393617021277,14.4230769230769,17.8066037735849,12.7931769722815,15.9744408945687,11.3636363636364,10.7238605898123
"395",19.281914893617,20.8333333333333,17.9245283018868,11.727078891258,11.1821086261981,15.9090909090909,9.38337801608579
"396",21.0106382978723,0,16.3915094339623,0,0,0,0
"397",20.2127659574468,12.8205128205128,15.9198113207547,18.1236673773987,11.1821086261981,11.3636363636364,13.4048257372654
"398",20.7446808510638,16.025641025641,17.3349056603774,12.7931769722815,10.3833865814696,13.6363636363636,12.0643431635389
"399",22.7393617021277,20.8333333333333,15.5660377358491,15.9914712153518,15.9744408945687,13.6363636363636,14.745308310992
"400",25.1329787234043,19.2307692307692,18.6320754716981,12.7931769722815,13.5782747603834,18.1818181818182,12.0643431635389
"401",21.6755319148936,1.6025641025641,19.6933962264151,1.06609808102345,0,0,0
"402",0,0,0.117924528301887,0,0,0,0
"403",22.7393617021277,20.8333333333333,15.8018867924528,10.6609808102345,12.779552715655,15.9090909090909,10.7238605898123
"404",23.8031914893617,14.4230769230769,19.2216981132075,10.6609808102345,11.1821086261981,13.6363636363636,10.7238605898123
"405",22.0744680851064,19.2307692307692,19.1037735849057,15.9914712153518,15.9744408945687,15.9090909090909,10.7238605898123
"406",19.5478723404255,16.025641025641,17.8066037735849,11.727078891258,10.3833865814696,11.3636363636364,12.0643431635389
"407",20.4787234042553,20.8333333333333,19.3396226415094,12.7931769722815,18.370607028754,20.4545454545455,13.4048257372654
"408",21.8085106382979,1.6025641025641,16.5094339622642,1.06609808102345,0.798722044728434,2.27272727272727,0
"409",0,0,0.117924528301887,0,0,0,0
"410",0.132978723404255,0,0.117924528301887,0,0,0,0
"411",0,0,0.117924528301887,0,0,0,0
"412",18.218085106383,17.6282051282051,15.9198113207547,11.727078891258,11.1821086261981,18.1818181818182,12.0643431635389
"413",24.2021276595745,17.6282051282051,17.2169811320755,9.59488272921109,11.9808306709265,15.9090909090909,13.4048257372654
"414",18.0851063829787,17.6282051282051,20.1650943396226,14.9253731343284,18.370607028754,15.9090909090909,13.4048257372654
"415",20.2127659574468,14.4230769230769,18.0424528301887,8.52878464818763,11.1821086261981,6.81818181818182,8.04289544235925
"416",21.1436170212766,17.6282051282051,18.9858490566038,10.6609808102345,13.5782747603834,18.1818181818182,13.4048257372654
"417",22.3404255319149,24.0384615384615,16.627358490566,19.1897654584222,14.3769968051118,11.3636363636364,13.4048257372654
"418",0,0,0.117924528301887,0,0,0,0
"419",23.1382978723404,19.2307692307692,17.0990566037736,18.1236673773987,18.370607028754,18.1818181818182,14.745308310992
"420",20.0797872340426,14.4230769230769,18.1603773584906,10.6609808102345,11.1821086261981,13.6363636363636,13.4048257372654
"421",23.0053191489362,3.20512820512821,17.8066037735849,0,0.798722044728434,0,1.34048257372654
"422",20.8776595744681,17.6282051282051,14.3867924528302,13.8592750533049,11.1821086261981,11.3636363636364,10.7238605898123
"423",20.6117021276596,0,17.0990566037736,0,0.798722044728434,0,1.34048257372654
"424",18.0851063829787,0,16.9811320754717,1.06609808102345,0,2.27272727272727,0
"425",22.0744680851064,25.6410256410256,16.9811320754717,13.8592750533049,13.5782747603834,13.6363636363636,13.4048257372654
"426",21.1436170212766,14.4230769230769,16.3915094339623,12.7931769722815,12.779552715655,13.6363636363636,10.7238605898123
"427",19.1489361702128,20.8333333333333,18.6320754716981,19.1897654584222,17.5718849840256,13.6363636363636,18.7667560321716
"428",22.7393617021277,16.025641025641,19.2216981132075,9.59488272921109,9.58466453674121,13.6363636363636,14.745308310992
"429",0,0,0.117924528301887,0,0,0,0
"430",23.4042553191489,12.8205128205128,16.0377358490566,11.727078891258,13.5782747603834,6.81818181818182,10.7238605898123
"431",0,0,0.117924528301887,0,0,0,0
"432",23.1382978723404,14.4230769230769,18.3962264150943,18.1236673773987,13.5782747603834,13.6363636363636,16.0857908847185
"433",18.75,16.025641025641,15.6839622641509,20.2558635394456,13.5782747603834,9.09090909090909,13.4048257372654
"434",20.8776595744681,14.4230769230769,18.8679245283019,11.727078891258,12.779552715655,9.09090909090909,8.04289544235925
"435",20.4787234042553,14.4230769230769,19.9292452830189,11.727078891258,14.3769968051118,13.6363636363636,10.7238605898123
"436",23.6702127659574,22.4358974358974,17.2169811320755,13.8592750533049,14.3769968051118,15.9090909090909,17.426273458445
"437",21.4095744680851,12.8205128205128,18.9858490566038,12.7931769722815,8.78594249201278,13.6363636363636,9.38337801608579
"438",20.8776595744681,19.2307692307692,14.7405660377358,12.7931769722815,14.3769968051118,15.9090909090909,10.7238605898123
"439",0,0,0.117924528301887,0,0,0,0
"440",20.2127659574468,19.2307692307692,19.2216981132075,12.7931769722815,15.1757188498403,15.9090909090909,8.04289544235925
"441",18.3510638297872,25.6410256410256,16.8632075471698,13.8592750533049,13.5782747603834,11.3636363636364,16.0857908847185
"442",18.6170212765957,16.025641025641,17.2169811320755,9.59488272921109,10.3833865814696,18.1818181818182,17.426273458445
"443",22.7393617021277,22.4358974358974,17.5707547169811,14.9253731343284,13.5782747603834,20.4545454545455,12.0643431635389
"444",19.6808510638298,17.6282051282051,15.6839622641509,13.8592750533049,18.370607028754,13.6363636363636,16.0857908847185
"445",22.8723404255319,27.2435897435897,18.75,12.7931769722815,11.1821086261981,18.1818181818182,14.745308310992
"446",19.813829787234,19.2307692307692,14.622641509434,11.727078891258,10.3833865814696,11.3636363636364,12.0643431635389
"447",21.9414893617021,16.025641025641,18.75,15.9914712153518,11.9808306709265,13.6363636363636,14.745308310992
"448",22.0744680851064,14.4230769230769,16.627358490566,12.7931769722815,10.3833865814696,20.4545454545455,10.7238605898123
"449",21.1436170212766,20.8333333333333,15.6839622641509,11.727078891258,13.5782747603834,13.6363636363636,18.7667560321716
"450",19.5478723404255,11.2179487179487,15.5660377358491,14.9253731343284,11.1821086261981,20.4545454545455,12.0643431635389
"451",20.2127659574468,22.4358974358974,20.0471698113208,13.8592750533049,13.5782747603834,18.1818181818182,10.7238605898123
"452",20.7446808510638,24.0384615384615,15.5660377358491,19.1897654584222,15.9744408945687,18.1818181818182,20.1072386058981
"453",20.4787234042553,16.025641025641,17.9245283018868,13.8592750533049,14.3769968051118,11.3636363636364,10.7238605898123
"454",19.5478723404255,12.8205128205128,15.4481132075472,13.8592750533049,11.9808306709265,13.6363636363636,10.7238605898123
"455",20.7446808510638,17.6282051282051,16.8632075471698,13.8592750533049,16.7731629392971,13.6363636363636,16.0857908847185
"456",0.132978723404255,0,0.117924528301887,0,0,0,0
"457",19.1489361702128,19.2307692307692,15.9198113207547,14.9253731343284,15.9744408945687,13.6363636363636,14.745308310992
"458",22.4734042553191,17.6282051282051,17.688679245283,13.8592750533049,10.3833865814696,9.09090909090909,9.38337801608579
"459",23.1382978723404,12.8205128205128,19.3396226415094,12.7931769722815,8.78594249201278,13.6363636363636,16.0857908847185
"460",19.6808510638298,19.2307692307692,15.9198113207547,11.727078891258,12.779552715655,13.6363636363636,13.4048257372654
"461",20.0797872340426,17.6282051282051,15.9198113207547,12.7931769722815,11.1821086261981,15.9090909090909,10.7238605898123
"462",20.3457446808511,16.025641025641,15.5660377358491,13.8592750533049,17.5718849840256,18.1818181818182,10.7238605898123
"463",23.936170212766,0,20.2830188679245,0,0.798722044728434,0,0
"464",22.4734042553191,12.8205128205128,14.8584905660377,12.7931769722815,12.779552715655,11.3636363636364,9.38337801608579
"465",23.6702127659574,20.8333333333333,18.2783018867925,15.9914712153518,16.7731629392971,18.1818181818182,17.426273458445
"466",0.132978723404255,0,0.235849056603774,0,0,0,0
"467",20.6117021276596,14.4230769230769,19.1037735849057,15.9914712153518,14.3769968051118,18.1818181818182,14.745308310992
"468",19.1489361702128,1.6025641025641,16.3915094339623,0,0.798722044728434,0,0
"469",19.281914893617,19.2307692307692,15.0943396226415,13.8592750533049,13.5782747603834,20.4545454545455,12.0643431635389
"470",23.6702127659574,14.4230769230769,18.1603773584906,11.727078891258,15.9744408945687,18.1818181818182,10.7238605898123
"471",0,0,0.117924528301887,0,0,0,0
"472",19.5478723404255,14.4230769230769,17.5707547169811,19.1897654584222,13.5782747603834,15.9090909090909,12.0643431635389
"473",21.5425531914894,0,17.2169811320755,0,0.798722044728434,0,1.34048257372654
"474",21.4095744680851,16.025641025641,16.627358490566,22.3880597014925,16.7731629392971,20.4545454545455,10.7238605898123
"475",21.4095744680851,12.8205128205128,16.7452830188679,12.7931769722815,10.3833865814696,9.09090909090909,10.7238605898123
"476",19.6808510638298,22.4358974358974,16.8632075471698,19.1897654584222,15.1757188498403,13.6363636363636,12.0643431635389
"477",22.4734042553191,16.025641025641,20.1650943396226,11.727078891258,11.1821086261981,11.3636363636364,10.7238605898123
"478",19.1489361702128,19.2307692307692,17.2169811320755,10.6609808102345,10.3833865814696,11.3636363636364,12.0643431635389
"479",21.9414893617021,22.4358974358974,21.5801886792453,14.9253731343284,13.5782747603834,11.3636363636364,12.0643431635389
"480",19.1489361702128,0,15.0943396226415,0,0,0,0
"481",22.8723404255319,20.8333333333333,18.3962264150943,15.9914712153518,15.1757188498403,13.6363636363636,17.426273458445
"482",20.6117021276596,17.6282051282051,15.8018867924528,11.727078891258,14.3769968051118,20.4545454545455,14.745308310992
"483",19.1489361702128,22.4358974358974,17.3349056603774,14.9253731343284,11.9808306709265,18.1818181818182,10.7238605898123
"484",18.8829787234043,14.4230769230769,16.1556603773585,17.0575692963753,8.78594249201278,9.09090909090909,6.70241286863271
"485",0,0,0.117924528301887,0,0,0,0
"486",23.2712765957447,16.025641025641,19.4575471698113,14.9253731343284,18.370607028754,11.3636363636364,17.426273458445
"487",19.4148936170213,24.0384615384615,17.4528301886792,18.1236673773987,16.7731629392971,15.9090909090909,14.745308310992
"488",19.5478723404255,20.8333333333333,15.3301886792453,13.8592750533049,14.3769968051118,13.6363636363636,14.745308310992
"489",19.281914893617,0,18.75,0,0,0,0
"490",0,0,0.117924528301887,0,0,0,0
"491",22.3404255319149,16.025641025641,17.3349056603774,10.6609808102345,12.779552715655,11.3636363636364,13.4048257372654
"492",21.9414893617021,22.4358974358974,18.6320754716981,15.9914712153518,11.1821086261981,11.3636363636364,9.38337801608579
"493",20.7446808510638,0,19.1037735849057,0,0,0,0
"494",21.5425531914894,22.4358974358974,15.3301886792453,13.8592750533049,11.9808306709265,20.4545454545455,14.745308310992
"495",22.4734042553191,16.025641025641,18.0424528301887,15.9914712153518,15.1757188498403,15.9090909090909,14.745308310992
"496",21.1436170212766,17.6282051282051,18.3962264150943,15.9914712153518,14.3769968051118,9.09090909090909,13.4048257372654
"497",20.6117021276596,16.025641025641,16.3915094339623,12.7931769722815,13.5782747603834,18.1818181818182,17.426273458445
"498",21.4095744680851,16.025641025641,17.4528301886792,12.7931769722815,10.3833865814696,9.09090909090909,12.0643431635389
"499",24.3351063829787,17.6282051282051,18.75,15.9914712153518,11.9808306709265,11.3636363636364,16.0857908847185
"500",20.2127659574468,17.6282051282051,17.2169811320755,12.7931769722815,15.1757188498403,20.4545454545455,10.7238605898123
