"","age1_orange.P","age1_green.P","age2_no_comorbid_orange.P","age2_no_comorbid_green.P","age2_comorbid_green.P","age3_no_comorbid_green.P","age3_comorbid_green.P"
"1",40.2694396432885,0,40.7349529435938,42.7807024287172,0,0,0
"2",32.2592862460668,137.321272447847,38.4085536798978,135.790596402149,135.528669311636,125.800898871908,142.205807821753
"3",34.166467056958,125.178690847013,41.6641082009195,112.706017253736,118.276260380809,137.357772869372,107.662952438192
"4",34.7989570177289,0,41.0527901571908,0,0,0,0
"5",40.9207392013448,140.741940026875,50.6438969586619,123.878249023259,140.063523500494,131.412236679974,140.23363072681
"6",42.0488302827666,0,48.2078178505546,0,0,0,0
"7",37.7351417345919,0,36.1460595382689,0,0,0,0
"8",53.4213542748824,97.5593052795675,49.6664558082248,104.231579332007,97.6765648247125,85.9844406839927,95.4717560360812
"9",45.4671835472695,89.7874837543563,47.3014810165607,89.9214386310559,96.0855860839331,104.400391056074,106.948321413784
"10",37.2557258915681,86.0000414524383,43.3459376649754,102.710334839536,82.8644446217354,66.7183399390779,84.2445284946667
"11",50.2852496329544,112.914684143953,51.2988019329942,121.452095451844,125.728952112799,126.290768900709,130.638450921931
"12",34.706802448363,61.8142153244646,38.3336683078706,84.6987549030971,79.172983005598,59.2133248082196,80.0378528337501
"13",0,0,1.18354925652438,0,0,0,0
"14",39.7461474539767,0,47.1951427592625,0,0,0,0
"15",33.1007873950413,0,32.8696320833983,0,0,0,0
"16",49.4396581942752,0,45.5196114731346,0,0,0,0
"17",51.3149890100124,112.883450384888,49.6611622502756,126.487877874372,126.76925583217,130.729623856307,128.056977086523
"18",50.0479752833583,132.925129099738,52.1424833370542,122.815953659156,116.814881812526,148.114795852996,106.221251034362
"19",42.4086180525965,58.8243640863111,44.3898621570924,67.4227842714136,64.2973059391614,70.9127266352638,72.8691971679043
"20",38.8554509855018,78.3292859626931,39.0108414738931,79.7942708118158,74.990073394754,84.0330292056925,77.6425586335992
"21",49.4529347249781,114.748204484081,47.809802566102,120.981360883022,114.917056674465,128.908160467987,115.006779909171
"22",33.6241980873446,0,42.8922120024808,0,0,0,0
"23",38.0116304280648,0,47.4451217906051,0,46.3926355463132,0,73.4267241277746
"24",36.2719975832278,94.8378656696738,44.2886220580975,100.857834049574,100.344863664984,72.7097893792856,78.9313020990511
"25",45.0669870266277,0,49.1532930761803,47.5828448541133,0,0,44.1409114604862
"26",40.4346218717964,0,49.8834000874896,0,0,0,0
"27",41.3949045960715,0,49.2548135538911,0,49.5795225915283,0,0
"28",38.0810834399021,0,38.2995312740904,0,0,0,0
"29",53.4682717931544,97.2712943419634,56.784929639769,97.0115344095891,110.630700270338,95.6293775660599,101.508003818592
"30",34.155348599338,111.47159420389,34.155348599338,97.899096001209,91.27557937861,102.292464881173,107.520226909002
"31",43.5355059613756,0,44.8002616779734,0,0,0,0
"32",50.3798957515657,55.8213538698286,51.008877134448,0,0,0,0
"33",45.1112601852375,0,52.2437939138233,0,0,0,0
"34",33.5392919006924,71.8128118274176,40.0612087937501,79.0975448749922,85.3760197137275,69.6326397096462,90.4101298147449
"35",47.2438603146912,67.1282225487353,48.5774881304263,67.6868063316495,69.2964798685722,69.6134080692954,62.4638767785945
"36",42.2921350172288,71.6279713343424,48.1902957320617,70.4101096741602,60.0678420348985,83.5375467974951,56.9598367012852
"37",64.1273952489373,61.9071822199914,64.6403490922687,0,0,0,0
"38",47.7607446285246,116.728369143659,50.3003073601677,118.345701867845,111.468858625883,123.890275075875,112.935853744683
"39",0,0,1.2998945456421,0,0,0,0
"40",40.0498284225958,65.6200232071178,40.0498284225958,76.7635506768327,82.6446463979876,70.7371043501198,86.4880263068473
"41",51.8506147028523,56.1485879436957,53.9339358731343,53.1007350000348,0,0,0
"42",41.0984498209574,0,40.143986034448,0,0,0,0
"43",45.9239316638887,88.346307894307,46.9769200968002,125.15699963231,128.573075034223,127.658396191651,151.899650711617
"44",50.7974622874092,61.4413005912211,52.3011688948829,0,0,0,0
"45",58.9561646651668,0,55.8397567900337,0,0,0,0
"46",36.6509500656022,0,43.9252569249535,31.589712591212,0,0,0
"47",0,0,8.64615674255551,0,0,0,0
"48",39.182264328158,0,41.149068271479,0,0,0,0
"49",50.264733821058,55.4160092710948,45.8297324986469,74.0124457436997,65.9399995756703,93.7521244210748,77.8927555025354
"50",40.6956308595634,92.2880499594185,41.1876147879232,85.3894896660231,88.4534495503301,91.2564732022852,76.3134440996254
"51",0,0,3.31705692853939,0,0,0,0
"52",41.9984782642092,0,43.235644101474,0,0,0,0
"53",31.4217550304846,0,40.1313578464266,0,0,0,0
"54",36.7884951605871,80.1301486590492,39.7813161959413,78.4178003140295,101.271219904928,88.3702100191475,109.772475211548
"55",37.8157686677175,62.8234982911637,41.9944085611188,98.1964237200735,57.5639990338327,78.8845576407063,85.0750727629431
"56",43.2255389725673,93.8031361017375,47.309834941585,90.2885504495707,99.2725193469544,91.5827674138327,100.735587521804
"57",45.4647769597905,0,45.1761233188257,52.3243046894309,0,0,0
"58",44.1373191427628,0,44.4489847572638,0,0,0,0
"59",0,0,0.66281390794117,0,0,0,0
"60",36.4203894154023,0,36.7458179317445,0,0,0,0
"61",41.4373597981841,77.4030223370087,36.8356957533812,80.9691016001541,81.7061626878945,64.8864772223335,81.9398338076841
"62",0,0,6.65569366209493,0,0,0,0
"63",38.3774604852476,0,39.5567692991503,0,0,0,0
"64",54.3421361868441,0,49.2291966736683,0,0,0,0
"65",25.4320243986009,64.0483380152259,30.4264208567087,63.4514241786704,65.3293533228366,59.7228258488103,67.1829808936926
"66",48.7588670427674,109.726036290379,47.9610430365685,124.402889637626,122.171004233516,123.524355250542,122.96367924353
"67",28.3939671119896,48.9294753503768,40.0752374129595,53.1955638747617,46.2362581768623,29.232719524879,63.8851730654861
"68",0,0,1.86470653335016,0,0,0,0
"69",47.7616527615961,98.3138568694295,48.8875636949528,107.147021092373,87.8026110281904,111.799644547997,95.0354603563481
"70",39.1907618304299,84.8317900313473,42.8060796589319,120.720654815013,120.618676030858,115.038888382095,129.720299790575
"71",50.0114515488774,0,51.7705751133125,0,0,0,0
"72",36.8216720364297,0,37.1003462911697,0,0,0,0
"73",36.3227561481364,85.0736449630507,40.8962747872444,87.1174435950085,97.4117118853101,135.728201777095,88.5776988627791
"74",46.3719560759769,75.6327042898202,51.9010776436044,89.5303648171196,80.8588213920822,83.4155499922461,79.3195750029449
"75",12.4375843190368,0,6.75557062427588,0,0,0,0
"76",0,0,0.0468405111155405,0,0,0,0
"77",45.5642343554677,90.1509269695862,45.4008038430956,90.6549427787587,85.3783973927747,88.3819468313639,99.7276094925038
"78",45.0528028001789,94.047785523815,45.6420762803317,114.671150531083,93.7077048944764,79.4669818013086,102.881993659292
"79",26.9025371792866,122.740484971706,34.0336176170289,146.781353172387,119.951051135917,128.80625722348,138.163019040836
"80",46.7765127593232,78.3110147296874,46.2971826868002,71.6961844772468,65.1754972797499,85.950997643503,69.2805022018597
"81",0,0,0.178719225220439,0,0,0,0
"82",37.256565778171,44.8322571084907,37.2888851745818,49.1576997833913,61.0917185995859,47.5178888697332,56.1246449358237
"83",0,0,0.526122383982528,0,0,0,0
"84",37.0779304187729,0,43.1040506578934,0,0,0,0
"85",35.3409179136219,72.6948790227723,39.5475056816824,92.1267562803198,85.6250261866648,103.422641102869,133.608728568207
"86",0,0,9.75252227597088,0,0,0,0
"87",41.247509382845,109.941702162406,49.5615107043454,100.42148474169,95.9991131556368,107.358546769323,104.419050069377
"88",36.9694093007258,0,33.9526014646807,0,0,0,0
"89",0,0,0.170967702172911,0,0,0,0
"90",38.3864419649771,44.857359570076,38.1560092555107,0,0,0,0
"91",38.2565362295261,77.7810127592721,37.5395569556556,87.3552025592017,84.448965689106,88.8919001469522,88.1924649017081
"92",35.9944263601348,0,40.8899278639609,0,0,0,38.5395545228746
"93",0,0,2.65347850543401,0,0,0,0
"94",46.0139092388442,105.939256679693,46.242780486589,113.299162284107,106.617947303565,139.231538104629,107.682006671714
"95",36.1517758332967,77.5936573746882,47.6611293845773,84.1064890400241,75.3378991584621,79.6217714232635,89.8940382203975
"96",0,0,4.28759989656024,0,0,0,0
"97",0,0,0.234772189986107,0,0,0,0
"98",39.7891151517612,0,43.279058321615,0,0,0,0
"99",41.2384569235578,0,46.6249553423561,0,0,0,0
"100",49.3838772865211,101.868149703327,55.8156323796926,84.0149877903633,99.6570647398972,117.712917775219,75.9502259109221
"101",47.0819041760292,104.407902645738,49.4949368072877,87.3369741743507,99.7589409426658,93.6236154882213,115.886878444823
"102",34.9668398245729,114.417090592024,32.6281957961556,114.228411705552,96.9438663636487,112.049464719805,109.443296105324
"103",49.7548441210354,0,49.7548441210354,0,46.0964926011994,0,0
"104",38.3177192424157,85.46753492082,49.7110595357886,111.120269478431,100.223678211651,105.683207200908,107.885794365466
"105",41.9429061708214,79.0562438556356,43.2300471876857,62.9911338384882,98.3429667307914,110.698619255599,84.2600861034974
"106",39.1070901543842,0,42.2405947781783,0,0,0,0
"107",41.5235209314445,79.4891462123301,39.5115680332223,84.6599856832454,77.4103817857038,87.8068493465088,84.725242282069
"108",52.2069389130478,128.653014648561,52.0382596449121,146.208540149689,128.393614615204,138.807799963797,136.931831571616
"109",0,0,0.904360443330352,0,0,0,0
"110",40.967987829355,105.224839150168,40.967987829355,117.851941433954,101.550940686386,105.245064526849,111.469144994414
"111",0,0,0.846942991912772,0,0,0,0
"112",41.8516617181975,0,37.3000657709784,0,0,0,0
"113",39.920389356858,70.9990577526605,40.5316814435787,76.3436603278677,65.6859067396206,81.7456408850696,70.2216266598808
"114",40.9429609597124,147.513721099979,48.3842913827423,161.214835396733,151.517234995932,133.744499737103,158.500696511198
"115",53.3300478389897,136.034608209343,53.2335241919026,126.760881955393,124.364324108027,135.019618448218,147.190795159628
"116",37.8061052334503,0,38.5412882162897,0,0,0,0
"117",50.1492062985902,66.7773401179965,50.7981095385225,58.1952620456277,0,52.2208537641514,67.6382595811306
"118",36.9665167086871,0,37.1312996879414,0,0,0,0
"119",0,0,2.47020325976136,0,0,0,0
"120",44.5181643561687,92.0826335445822,46.1500017821425,101.031476107372,118.921793255752,99.10742582597,100.853151175387
"121",45.856684114209,0,48.4057935611649,51.0308991642191,41.9336535091574,0,86.2307906309812
"122",46.7194895556456,80.3884370385044,46.5475845296708,90.8783850035431,87.1942515677057,77.4664209731495,92.565510229905
"123",47.8231503529199,87.8713212927281,48.3904945141597,95.2146508961443,79.7104193418585,77.017419269464,78.0267605980661
"124",41.2495923409603,0,40.9561339835764,0,0,0,0
"125",37.4384963483686,0,44.6526227136826,0,0,0,40.9706718593654
"126",44.1566424357658,0,36.990879007448,0,0,0,0
"127",12.4870132279314,0,0.673015378711037,0,0,0,0
"128",2.57113035042048,0,1.70887230055328,0,0,0,0
"129",0,0,0.441313745275998,0,0,0,0
"130",0,0,3.76949604961465,0,0,0,0
"131",46.5945309616624,0,45.5018006359133,0,0,0,0
"132",42.7800421493918,0,40.3826999607395,0,0,0,0
"133",41.176552690218,116.303064698757,45.9440918004282,92.8681322760205,103.805444985388,114.923372019556,108.468942988819
"134",45.7117418591842,0,43.9368172980214,0,0,0,43.3794827096019
"135",0,0,5.34673220107564,0,0,0,0
"136",45.1110554170823,0,43.5169718834634,0,0,0,0
"137",38.0911280037584,0,36.5464928004869,0,37.7984159342301,0,0
"138",0,0,1.67042829977635,0,0,0,0
"139",42.389434985553,100.760064482309,45.78045525533,90.7853115581204,79.7980002178691,104.527670155927,76.5866122277542
"140",40.0556364856739,89.6596649970261,36.1752955628724,79.6673113557032,85.8991854628085,97.8684245148766,97.1848672263147
"141",45.7189795026555,90.7722858970333,44.9443793881388,99.2582830265538,93.5991656810989,89.3956531754821,83.4545125004175
"142",33.2414001499535,35.7437139807609,35.6686658653485,43.2616770795097,0,0,0
"143",39.8837665903517,83.6762517999104,42.9159668016175,97.6082437606413,99.5530697930306,88.8203880158101,96.2599857979846
"144",49.0305749605084,0,50.3565769886311,0,0,0,0
"145",0,0,18.8251199586973,0,0,0,0
"146",49.0522942140884,60.6163579759015,56.911198867161,0,0,0,0
"147",42.8245354816445,67.5656626804037,48.6349051604551,84.0224333394236,71.8415096731918,86.4360056395664,64.1928721065885
"148",46.3362155800294,0,43.2300018575416,0,0,0,0
"149",39.6241772838939,51.3093020375044,40.4905627609171,0,38.1093485488529,0,0
"150",41.8610050231002,65.033291558016,46.1147065235386,77.8961594050875,68.6654139440646,62.7639811012681,84.0367510726955
"151",35.5885206649961,101.6363805892,41.873245968463,102.11995842225,102.821290140247,99.8295348283996,96.9393912675363
"152",51.3384583238766,0,48.8077395665638,0,0,0,0
"153",50.2161289226253,99.7843417930256,51.7662491555949,108.827291924312,103.51420636898,97.7525768674903,100.563544582152
"154",46.8754062648728,85.5691433186006,46.6840846880024,92.739150885298,88.5606383596506,100.373976814007,84.8216224729904
"155",48.4421188713186,84.1006847852215,49.9293812864544,66.2307242411261,97.8783160716403,95.3239560740607,108.631379271117
"156",31.5677213421822,61.7615210400832,34.1444787010393,62.7618064393557,61.4339856830247,57.4555932587325,62.9748119833608
"157",0,0,2.55356167874634,0,0,0,0
"158",45.8693500163345,0,48.0440549791317,0,49.829412970509,46.9522056862566,0
"159",42.0771474301906,0,40.4424928354333,0,0,0,78.6768220111746
"160",43.1700160785528,74.1399953837873,41.3379247633305,65.8637992123867,70.7336116412489,51.3946061806225,52.4240332375512
"161",41.4150045159891,108.672197608652,44.4561289043664,119.717748752574,128.888044892017,120.523836059911,127.243564939942
"162",47.1974673223239,128.924981169472,55.5956594538825,112.608598142729,106.968202055485,135.849076846167,118.275513076475
"163",45.8845915019311,100.041599301587,50.9804406767682,96.6740652398066,94.8167655713702,96.7460818278919,108.919856700451
"164",39.7295155097255,0,39.9381692572959,0,0,0,0
"165",52.3271766659509,0,53.7804727328558,63.9122228746689,0,0,0
"166",44.0182142399097,79.6149847089001,43.0349478823009,87.7225816987325,84.2529824124776,119.977230158453,94.2274803925199
"167",43.8941931013349,93.2472744689719,47.4716927312669,88.6055565229284,80.6913101467075,70.2067173236086,93.0017430999589
"168",49.104303342436,102.036030031704,59.3143136678732,106.914501495954,102.225938014586,103.355945330435,98.7916177849988
"169",48.4866207545531,0,47.2219987602725,0,0,0,0
"170",35.9768284930441,0,33.4690923782553,0,0,0,0
"171",43.7422276978891,98.4247300519838,44.5479181996094,125.621457557102,119.144415407921,120.1453076644,101.593025925572
"172",48.4923415075145,77.0225100593375,46.6898914059546,65.4608988350753,66.4062101107111,82.2061712282278,72.4200501656766
"173",41.6230608689367,96.0400990934452,40.1932181781525,91.1074647441061,88.1978971338496,85.0383287955009,98.7921883700095
"174",42.5552951618343,116.758692410089,50.6036559880105,119.192641503662,114.771723047543,110.801415473517,124.862773503929
"175",41.9236492236282,75.9022713351399,42.0776271105937,104.471593590009,119.578340516868,84.5262920606216,118.769542193665
"176",34.4566951325557,87.3237442454273,39.2505728196234,100.462362489041,98.2447181782611,92.5530766393768,103.47587393455
"177",41.7385971669072,0,37.3813833629879,0,0,0,0
"178",37.5373369204508,0,38.1931621161537,0,0,51.9769049776271,0
"179",46.4959525134312,0,44.7120878597763,0,0,0,0
"180",53.6672632117545,0,50.1050962628622,48.655568182482,0,0,0
"181",42.8564941128612,109.145606120963,49.9839601207282,108.976665547981,112.200948137403,122.87993606189,108.909457705706
"182",30.5268034843798,100.678986016623,37.8910656077461,88.9836111071004,99.8615884863521,88.6080764906931,83.4879528821441
"183",44.9085674404461,0,46.3790335554243,0,0,0,0
"184",44.4327105594451,0,46.3863700267902,0,0,0,0
"185",46.2999706236171,130.393920084517,47.4402109082607,133.638356869073,129.643498039246,0,127.579661602119
"186",42.0601975179966,0,46.5657721959632,0,0,0,0
"187",44.0702012911327,0,45.0111248760792,0,0,0,0
"188",0,0,0.232422574752781,0,0,0,0
"189",0,0,2.00973965809825,0,0,0,0
"190",42.950094679794,0,41.7229740131027,0,0,0,0
"191",42.4928954007572,0,42.4928954007572,45.095432553433,0,0,0
"192",54.0227770930727,0,53.8304651630169,52.1474985186275,54.1428318544495,0,0
"193",37.448969730457,81.5068772699178,43.5580686022923,106.087521909452,95.1017609174259,88.8530555309328,93.5545311415492
"194",9.1894520179438,0,6.34684913782848,0,0,0,0
"195",46.4149796795591,0,46.4149796795591,0,48.6183095383533,0,0
"196",42.8995353050988,76.7048814944484,49.1061155151599,91.3803201659845,83.9058137210597,112.84995950792,102.112885534444
"197",51.7102947808935,92.6800931216009,51.7102947808935,95.7742442248211,91.8241963837353,99.6492007334344,91.0126585477706
"198",40.4310170640953,74.7447175321702,41.4991715700503,83.6111230021823,81.3833230591806,88.0193841991769,81.6994378764778
"199",43.7047724934212,0,42.9008297151881,0,0,0,0
"200",41.9672965622682,85.936931117181,40.6735566926581,89.1539666105602,87.6094995601095,108.676631107245,74.4328702081986
"201",40.3080601104139,0,38.5865484101547,0,0,0,0
"202",41.4203556574356,87.3655293431057,48.8514142810455,105.735991504539,100.976867106853,94.3701319405113,90.7529583729623
"203",41.0525663556058,0,41.4377047800322,34.5748219814504,36.5333415558403,0,31.1912725368997
"204",35.5980501692648,111.721170842934,36.9922938582095,104.204416128575,91.0771544297277,105.929394019365,69.033776273974
"205",0,0,7.89092296219468,0,0,0,0
"206",0,0,4.52305046301174,0,0,0,0
"207",36.3506966893402,0,41.6610019402252,0,0,0,0
"208",35.5120399658401,51.55735533947,39.4061806567467,59.4926526379278,53.3631959651889,63.4916623139127,59.0186246251011
"209",0,0,3.59250174764235,0,0,0,0
"210",47.298706040119,0,46.0000071776309,0,0,0,0
"211",0,0,1.31210766994758,0,0,0,0
"212",48.9289789814816,101.45080014841,53.367289972336,102.114324086488,104.944844775442,88.719666847667,115.04105317382
"213",36.0725281298511,0,42.2063229234805,0,0,0,0
"214",35.2355899593831,0,47.2022623560282,0,0,0,0
"215",0,0,0.762000354317744,0,0,0,0
"216",36.3675701849595,57.7700381639716,45.9896290221061,0,0,61.9795022103656,69.543731148943
"217",38.9565878726529,112.801431757626,45.4959870695323,109.992704130915,117.128618307161,150.91839212518,119.002123249811
"218",49.8055177422284,110.604004518858,51.7024880506584,114.894734105868,107.069514018231,121.539524331663,121.450190205722
"219",37.1935382220162,0,44.9104304748582,0,0,0,0
"220",41.4176540945859,0,43.7635648126382,0,0,0,0
"221",54.1861112041679,0,54.160813458599,0,0,0,0
"222",46.8003078864659,100.820006841451,46.5224269926004,133.926939890988,122.377659605157,114.821575483157,115.771279360959
"223",34.1587375217776,0,43.3186185942735,0,0,0,0
"224",50.6333519074254,117.715914645041,55.9874985239861,112.54725338444,100.04782828275,114.184810911013,137.232493450335
"225",0,0,1.86445045933025,0,0,0,0
"226",43.2420635233499,43.40507687887,51.0170866267341,0,0,0,0
"227",46.026663101725,166.798789732,48.2570688755868,150.593759002262,167.215155547861,151.913195561666,186.966325084402
"228",53.8830105330047,80.1987544553991,49.0730232888437,93.181194095199,76.9191716664196,94.8252321798097,93.5750603302638
"229",41.6563433596667,106.854822248617,42.8248742885098,104.343170108645,102.064738796008,120.276992971298,104.372472622992
"230",45.4615723110047,83.3664925258421,52.2558882674057,84.4801299229393,86.1130137793763,107.334474838417,82.6686293305128
"231",37.7313569467986,0,43.6768065933431,0,0,0,0
"232",0,0,0.388863877826649,0,0,0,0
"233",58.1752441737684,43.5271127457933,59.5982850693374,79.4905043676283,56.2893626045415,0,0
"234",44.551602048706,97.2456944974205,43.6703957575932,97.0301438086652,102.437495627626,88.8483179548089,112.144595921239
"235",38.7632088853075,84.7244264772005,40.8934485336701,77.5152206368331,63.0923769922982,97.8454725375441,76.377893490015
"236",33.6805557398644,51.1021354164869,32.6294679967452,0,51.2081275900152,0,0
"237",34.3740182836198,91.191412136571,34.6261903904152,90.8633265313806,101.683819543322,100.941610973973,99.6566281491663
"238",46.6763176382141,100.237109607121,51.532216610749,95.0349514570433,101.259246984558,101.609657071583,102.64310930098
"239",39.4024251573368,0,40.4187499471898,0,0,0,0
"240",42.6018792727201,0,40.774174516338,0,0,0,0
"241",0,0,3.88779143230291,0,0,0,0
"242",40.0275602720688,0,41.7133515422553,0,0,0,0
"243",36.3504627825703,95.8530825742909,35.7934120296981,91.5528320911162,94.3023751990834,87.5190791825895,87.3101155428484
"244",40.8369078139511,110.732350196133,38.9666324666373,107.828772257241,92.9949120171734,96.2625111706628,111.989425789285
"245",5.26604794136724,0,2.37605184843249,0,0,0,0
"246",31.8180491238051,77.5389012804985,42.8111080401364,109.089256845755,96.5786842193131,98.0757117436005,75.0528057275107
"247",85.9651560785389,171.547625420033,83.0868746733228,165.35156791182,187.890956564803,142.624044226235,195.23269855789
"248",62.7654771810367,93.1260393190674,60.0424916473952,119.258795352873,106.317788290737,122.228909574683,119.099113727729
"249",47.0616710260721,164.143765699446,50.0065779113117,173.490759916149,160.550221171672,172.050999031989,152.025993175672
"250",31.6985856654271,0,36.7175959768054,0,0,0,0
"251",47.9838889922891,0,47.9838889922891,0,0,0,0
"252",43.8837577084371,103.943005621764,48.8675015193006,100.010709786077,109.130303196362,114.72641968276,97.7767909875565
"253",62.5037467357655,153.665381823091,59.8151062680803,174.058842194094,189.795192059254,143.508310123246,173.373449923114
"254",0,0,1.3333057366785,0,0,0,0
"255",36.7893507612359,105.561032666138,38.0319751428215,103.883217699274,102.630666238253,105.10724202614,118.327500847505
"256",38.6964352275083,63.5553047742966,40.5162716368076,59.7002374449824,72.6388920123627,63.3627985027397,58.1708018100331
"257",46.4658156909419,0,40.8015546223414,0,0,0,0
"258",37.3542781987076,84.7822474940196,37.4427355512246,94.1753355814058,73.4490544705217,88.7568129024846,66.3645704121047
"259",50.5719608525633,0,55.1278192237473,0,0,0,0
"260",38.9257248181769,0,39.910202799197,47.3766894182518,51.6991760683821,0,0
"261",41.3890883223932,125.37109591691,41.3890883223932,127.488610789425,121.135616127865,131.704076428568,118.309510700495
"262",0,0,1.98062694949782,0,0,0,0
"263",37.3424721489498,0,37.4768584246929,0,41.6476797565589,0,0
"264",44.5567367317755,143.637426946179,44.4322434862838,161.421387770156,152.873711872415,143.140612269163,145.06928365696
"265",42.4360105624223,142.097202702783,44.2240599020953,145.194527689285,165.752636699905,147.798369640453,145.405235642643
"266",33.422590816015,71.9913607912465,34.2847736015104,64.6710118606666,76.8018914738444,60.81958324852,85.284368487876
"267",69.9763239270298,0,70.3901493785832,0,0,0,0
"268",40.3891795341086,0,51.6322148897693,0,0,0,0
"269",42.4955064204044,106.762107468891,43.8048223680304,103.175817580833,98.6339588285957,94.0597125599084,109.55280854058
"270",39.2512874347606,0,37.2643741794045,0,0,0,0
"271",49.5796001255455,0,53.3489448642996,0,0,0,0
"272",37.7310455027964,0,37.3146306250082,0,0,0,0
"273",50.139367546805,96.7809895534779,51.480282106036,96.810787043595,90.493659880888,87.0299730849584,110.163811402721
"274",32.7144329700062,0,43.4141762121467,0,0,0,0
"275",38.3986219137519,111.762486891678,39.5458832841366,110.246465296207,104.355396675818,112.35901877138,99.7156567362502
"276",65.1205978198237,88.0554097380836,65.2378739138588,113.098480580809,102.064203117652,110.178370711326,105.522365194671
"277",9.71779408802234,0,2.86509754912767,0,0,0,0
"278",41.2540268390375,0,45.5219064139851,0,0,0,0
"279",48.546062696511,57.115678918203,48.2984682181227,0,59.8682840801426,0,0
"280",38.4043733666233,0,38.4043733666233,0,0,0,24.2618288447292
"281",0,0,3.26678006037127,0,0,0,0
"282",43.0997714161063,97.4388749423253,40.0099946086866,107.040740380361,91.8692893406963,108.865164698813,102.506259478943
"283",32.9641257926964,43.4762749512554,40.8546059800185,47.7259784671646,35.6614809462135,48.3044033148277,0
"284",58.2700898701512,153.584210927965,64.8176304671834,160.627575014446,149.564083653903,158.618131475977,169.979547382372
"285",48.0495578009165,0,49.051435958794,0,0,0,0
"286",51.4407885816476,0,55.6850545506547,0,0,0,0
"287",46.4976529122501,0,46.6537196651994,0,0,0,0
"288",0,0,0.0154678852761742,0,0,0,0
"289",51.7294667503057,0,54.4967663236753,0,0,0,0
"290",49.098460728951,107.213651307069,48.9560324560379,117.50713868128,110.214566106787,125.281660957784,114.85677867526
"291",0,0,0.683640959177809,0,0,0,0
"292",49.3134680458058,85.979461872695,51.5462737929648,93.6543891691294,80.4875113343799,77.3467862695182,92.1821721555632
"293",51.2252583973586,50.2718358766888,48.6611346726971,0,0,70.2165578249406,73.5694777140806
"294",44.2734946164473,98.3244936307227,51.3198956057563,96.7394204702942,95.9411533613657,83.1175197642629,107.581073280559
"295",0,0,2.52746611385819,0,0,0,0
"296",0,0,1.00596818712245,0,0,0,0
"297",46.2433125076486,0,50.8847322937675,0,0,0,0
"298",46.0015580080292,0,46.33782991426,0,0,0,0
"299",43.3324492370928,82.3706044157372,46.9303481210548,105.938718418305,104.593178753135,80.8218627216129,107.579808548305
"300",0,0,1.01745476026262,0,0,0,0
"301",39.1507343955123,0,39.101570108513,0,0,0,0
"302",37.8302168011994,0,42.4847949669132,0,0,0,0
"303",35.6925796385308,0,35.6028480049535,0,0,0,0
"304",34.1617616006371,0,43.0560850734896,0,0,0,0
"305",37.732284337521,0,34.9881928089743,0,0,0,0
"306",46.327297787118,0,46.4204501855763,0,0,0,0
"307",42.0990900240481,0,42.2986932389663,0,0,0,0
"308",0,0,4.12287946551216,0,0,0,0
"309",39.6313652465499,143.510727409415,47.3316645634246,142.787843126387,130.506250660123,148.322077730156,144.205041281673
"310",35.1973234312614,0,41.4064851160216,0,51.7167690278101,0,0
"311",39.5243955852812,55.2671625601868,34.5214953817523,76.9220564013213,64.0919757605603,60.3047163434984,71.7278956259429
"312",35.0292223615265,0,37.5762420858829,36.5834519836353,0,0,0
"313",53.1755651954533,69.1654382121354,54.5605341150526,0,64.2255610072301,0,0
"314",0,0,3.13593670368617,0,0,0,0
"315",30.5352013708052,107.398761773856,31.3138821761322,125.239139187655,109.42302315877,100.38654256826,118.357888376118
"316",0,0,0.0473683569824591,0,0,0,0
"317",37.4511015416096,88.3367955047926,39.39810241954,106.034603640651,94.0328816884112,85.0879855906525,83.8020480647427
"318",0,0,5.54377110519125,0,0,0,0
"319",35.0902811355642,83.1657753255405,37.3385570555997,93.5672507226213,88.5625384762885,95.3085857177168,90.6479569601938
"320",44.4712829404442,0,37.8905091481158,0,0,0,0
"321",36.0810617538063,0,39.9093236593724,0,0,0,0
"322",45.8700445137399,0,55.2128424432608,0,0,0,0
"323",0,0,0.0104509125028347,0,0,0,0
"324",46.2841647634076,108.944382366877,45.8426270088741,107.062876769483,123.84642558026,115.82190451898,89.5627586845296
"325",37.3802656761796,0,44.4593768553023,0,38.6136679789503,0,0
"326",40.972867011074,135.954716076951,40.2915817533762,131.195716437921,106.744784094561,138.878387672745,115.756188010194
"327",0,0,3.9787796809622,0,0,0,0
"328",65.4209917610936,0,65.2971273733788,0,0,0,0
"329",39.690085853913,77.0624521846648,38.7680335410275,80.3452988441163,88.7759975908204,75.5680814820927,72.0650434376176
"330",45.2339787868229,129.02130537499,45.3711976400637,125.918834916744,130.392676003919,107.645533865946,115.72947584999
"331",38.3103234592472,120.025775029947,42.344845523487,116.954071393501,120.401775699837,128.682693743196,113.667255384815
"332",52.6321849195314,47.4647448170742,57.881526381483,0,53.4618663898416,60.4787708575747,0
"333",45.7845734857061,101.379027441099,54.5363077333906,121.933065282759,115.685269237619,106.700243183989,125.818702571497
"334",35.5340141076367,0,37.0865816677229,0,0,0,0
"335",46.3306650166064,78.8639220754313,55.6228846524863,77.1840318903104,98.7680550183346,105.870470390191,83.3594341744391
"336",34.5072393294941,58.3555394690877,38.6786089394934,74.7685023951195,64.1567811077364,68.6343327730866,90.9408381633562
"337",38.659261577848,101.459704651099,45.217663027128,100.228241125378,86.693319715276,86.3554138462471,96.5566064002653
"338",0,0,10.808634060206,0,0,0,0
"339",41.3896248273753,49.7434968044806,44.8940165616102,44.3142242739202,53.2649993344509,56.5656130315632,54.0145297735123
"340",42.1370980560126,84.1610118300099,41.0342520562208,88.8033013077173,75.7169269696262,81.3089299517816,75.3819361207006
"341",32.8915724269465,77.7456077082834,37.1759563192003,87.6222749391101,105.179978988983,76.9129790325028,90.9223082521433
"342",62.0827431530873,0,60.4037272887978,52.6682041439491,0,44.7493959023006,0
"343",51.0448448608544,0,49.0782916440072,0,0,54.9648902573831,45.0554884591129
"344",33.1757569057225,80.5893848642792,33.2921738512636,100.196167286138,82.3494966523168,84.7197693118068,79.6570388190019
"345",41.476766801241,73.2963155187583,43.2638345599255,72.5498940305389,70.4603974919319,65.9744709630225,96.0879007238343
"346",0,0,1.20209722210331,0,0,0,0
"347",37.5620533182693,42.7289691611394,43.2983353038133,35.0363198994315,0,0,67.8992450092108
"348",46.7828664305657,44.386306886248,50.937459478516,0,39.7495460755788,0,0
"349",0,0,0.300563799232597,0,0,0,0
"350",0,0,4.36953875805913,0,0,0,0
"351",32.6693494962493,0,41.5807449725972,0,0,0,0
"352",34.4069576186142,111.867698234946,41.3799043476654,107.682656685196,105.006636845359,117.828891329209,101.219046058345
"353",55.9369570894824,101.664720320661,53.3730614667649,104.607113017757,113.357475530857,122.459596165126,107.290557713486
"354",40.3029401562004,95.6946817576357,49.7625710347497,93.8203852410703,92.5935964181807,95.549625217331,103.94366658274
"355",51.2616395952791,76.3083421836895,61.4771877836031,93.82190799055,86.6751602514293,104.600623016762,82.6222123987152
"356",41.3528437139821,82.8173519502259,40.2648937179625,93.7422713446889,88.9412956427874,86.0503049601001,97.5282253037181
"357",0,0,0.487684770540382,0,0,0,0
"358",31.1032204273875,86.8597762557455,38.4213878779263,89.7934957173698,91.6398648855098,59.2331355895523,76.4919473425357
"359",42.4731440445676,81.6145098185586,43.8735753108529,101.770431779584,124.676306233763,115.772892606192,65.0044118539007
"360",44.2934740234258,0,48.4667011806953,0,0,0,0
"361",41.3529646921523,0,45.8846758321753,0,0,0,0
"362",40.7572339759406,31.0681317644283,38.2639580859833,0,0,0,0
"363",0,0,0.162661079771632,0,0,0,0
"364",46.5646136886817,100.27571664012,46.2334618284966,92.4973390966937,117.88700547982,79.858117793665,111.123055073671
"365",34.7046115867024,68.6634914839671,36.7568209429072,58.8658198378068,78.4405317251803,82.7006062501887,74.4353632100509
"366",0,0,1.4890853955092,0,0,0,0
"367",61.9031269205386,0,67.810242653283,0,0,0,0
"368",35.250957922378,125.321809929494,37.6463095813713,117.704816370944,112.922382584882,123.824447759364,137.904422455714
"369",52.4154259265706,119.050839050554,51.2102298521516,136.196332150272,141.761176156568,139.576961873219,148.712925537027
"370",45.7025279077232,0,46.6604381259334,0,0,0,0
"371",32.1031116190246,103.683306234918,42.6105597328149,83.6645631500805,84.6055072431895,90.8205605856296,104.836581589598
"372",40.6198114932326,0,43.5289974490241,65.3313281775082,0,0,0
"373",43.860460198772,0,48.2424330237245,0,0,0,0
"374",45.0332593624199,94.7954224036284,39.0637749910475,83.9323841711655,100.795874406726,89.0470653288157,90.8462445680038
"375",33.028419051416,0,45.2817301410559,0,0,0,0
"376",37.2420119155472,0,38.41594331068,0,0,0,0
"377",49.4476124480798,0,53.11450091077,0,0,0,0
"378",36.6058732553106,112.691633968602,36.0678937771898,127.242761038769,105.162707984859,120.180060076164,103.845651948535
"379",0,0,3.37892259350071,0,0,0,0
"380",0,0,3.16670959514628,0,0,0,0
"381",0,0,2.68657231902486,0,0,0,0
"382",0,0,0.122944413451514,0,0,0,0
"383",30.5695483589779,0,30.2207815548415,29.7023273013353,0,0,40.3417821008866
"384",52.7387506369054,0,51.8439861213504,0,0,0,64.3794360801686
"385",41.7854274455126,0,46.2709437372115,0,0,0,0
"386",42.632012313421,0,41.8523319091894,0,0,0,0
"387",36.1823082016398,83.3766874292805,37.0515825530094,102.36067955776,121.446906962828,108.109222751763,85.0224204315516
"388",33.4514815324731,0,42.9444635740965,0,0,0,0
"389",39.5243119106432,101.698595768499,44.8301609527803,105.33564442674,115.725637563513,93.3853674583035,115.427149764501
"390",36.1287330677412,100.38678051139,41.8710262168941,105.278131470081,89.2474045089471,87.5550974282868,114.230375959997
"391",8.64408625887684,0,0.515205986614448,0,0,0,0
"392",41.2786783016754,0,40.3674138516018,0,0,0,0
"393",42.2411133512973,96.8759665186703,46.3097101459182,98.7861162801485,99.760534081927,99.7283016255589,93.7416725459247
"394",36.2908333256441,80.3955359656934,36.2908333256441,77.8946332998431,76.3431224843868,68.0037263828611,94.3292122796472
"395",46.0859905755462,89.7952683749385,45.9089574273188,98.5328839636867,121.268944782849,97.3603473509371,88.3470918038566
"396",2.25358916344398,0,0.942451087374971,0,0,0,0
"397",0,0,2.47875028728349,0,0,0,0
"398",52.0109036307017,106.022520318619,50.6988920275143,117.979095175536,122.258634473005,123.950856666107,111.69154128268
"399",43.0486569251542,77.0817901930229,46.8618167701387,94.9354604086422,86.6767272615457,84.0126979439943,84.8467703561657
"400",55.8490920314845,93.9288374851924,60.9709705238308,91.7534054265857,112.414978898205,100.398764656534,106.129054143733
"401",53.3855510482766,103.144674250747,49.6933911145618,106.199820020822,99.0843277434822,97.1111290157958,107.234083195571
"402",37.1622503401705,27.0310839261449,40.6567112861313,33.4111101306434,22.129377504993,0,0
"403",54.4610713984909,104.121411023804,61.1011828216005,113.20196499258,112.140460015393,101.210869692229,135.067418560394
"404",35.7292517401086,65.7615203322111,36.9125436487745,81.1594999101349,83.595223342516,77.9487786991662,76.0212820675866
"405",44.7288735338893,76.0200229320746,44.4088555744695,68.9511360876614,76.903788365883,68.1467673920909,72.6271352475749
"406",43.146128186605,0,46.0642467889713,37.7732818451564,0,0,0
"407",49.0512693853793,0,51.4184073010719,0,0,0,0
"408",42.3945861106692,91.4218160838709,37.4597631780842,93.1333443856635,87.9293953420892,83.9435671977696,95.9117769457202
"409",39.2792471711026,77.4358734718308,45.4528053493322,97.0040595870775,96.9607655613105,93.2106923252575,82.7930191463627
"410",37.5866160557808,0,38.7812404977982,0,55.0767598675034,0,0
"411",37.1215468853194,60.4733200587892,36.7101144448986,68.6393244122233,57.338403768695,78.5151687193724,59.1379010148127
"412",43.300798868143,112.437606499707,47.296371500173,128.082705457076,120.835136494971,136.222481041423,139.731410942161
"413",37.649556103531,88.9012925937442,40.2258256787722,90.564542189862,90.2614945189304,89.6323879547819,96.030223835088
"414",50.6834206110536,124.535819252456,49.3094606365364,106.122582016992,123.386469394242,122.466216631316,129.546781798149
"415",14.3710570189637,0,4.42170034430755,0,0,0,0
"416",42.2741394932714,0,44.0033664144241,0,0,0,0
"417",40.6701007456224,89.6136437823109,40.2518120198201,99.4782039792206,100.146432288396,95.6831148300568,111.561485703967
"418",34.4680479638822,0,37.160370807899,0,52.5154459803709,0,0
"419",42.6945928012194,0,43.0017477427351,0,58.8293529023601,0,0
"420",40.5096014554748,0,41.3965348690604,0,0,0,0
"421",45.261152592717,99.9295174755032,46.0746882576535,97.280169854642,98.9183062294636,101.635976217492,101.968398955156
"422",44.7359741676839,76.8686978376943,44.5787426999748,77.5416993302988,84.6237536538246,82.4104582420895,97.9410883091323
"423",0,0,0.16186267366437,0,0,0,0
"424",39.6893315035822,57.8868861198372,39.6893315035822,68.263299187447,64.9110329475844,57.6024898939326,61.7104044259498
"425",40.9602054975842,0,40.8847064888242,0,0,0,0
"426",37.9049521693929,0,43.7140420258732,0,0,0,0
"427",38.3247836466089,120.669787734053,36.6158313740236,113.685775402985,118.489265826431,99.7322131480835,104.220046709229
"428",34.4130409999012,0,36.828796827914,0,0,0,0
"429",0,0,0.551862731736596,0,0,0,0
"430",43.1601478146426,81.3044427031305,45.6321291119745,87.431307371417,86.830150041202,75.3418778389063,80.0368836089937
"431",42.9912900276384,0,44.9172949254737,0,0,0,0
"432",46.8637625615596,0,51.2206306526899,0,0,0,0
"433",6.38020735134251,0,2.3548548859803,0,0,0,0
"434",0,0,1.37275079028619,0,0,0,0
"435",43.6538076176681,0,45.4645393000717,0,0,0,0
"436",39.3088431188327,83.947307288468,41.8035950846401,76.0461329384115,81.5606514339949,79.4570658943612,95.2282180666337
"437",0,0,2.89344599916368,0,0,0,0
"438",46.612701824008,0,56.156714616607,58.0786934772315,0,0,61.2609803436272
"439",43.9053516686621,0,54.9293378534375,0,0,0,0
"440",33.0752287195999,0,40.8366959904603,65.0188371709986,0,0,0
"441",43.7378075693548,74.9264305798179,51.1432695294127,75.5578801161907,71.4357530999864,68.8363630820163,78.1390289157477
"442",44.9939098382256,0,45.2772871730466,0,0,0,0
"443",49.2225583379459,114.830084071373,50.0120991148997,125.945507048883,116.161611670013,111.584960799969,124.246535189199
"444",45.3945165412065,75.8927193090985,47.5792069330805,81.763921554864,90.0385214170983,88.2916520996793,86.857959700817
"445",0,0,0.211325784138703,0,0,0,0
"446",50.7853746281155,87.8374445977388,50.7853746281155,95.6661847488988,86.6441629695313,105.90636985383,98.6874253181683
"447",36.2174282845765,75.8957338511935,37.6157173477808,88.5908107068323,72.6575757133185,61.4943862411229,85.650440150564
"448",46.3377281174977,83.8420200466581,53.6453757591022,88.3457141249908,78.7022041776616,75.3757106925571,76.7735859454743
"449",32.1702530935231,0,32.1702530935231,0,0,0,0
"450",38.1125208188744,81.3498863315173,47.8909982530409,75.8179550981685,98.9085183847806,103.208617119248,89.2692672166232
"451",40.5698548243668,86.777932037337,43.059033020751,82.4072794919907,89.8318894499664,63.7724538159668,91.0685672991154
"452",45.6584619391507,73.2817726273572,46.7294856907668,70.6386816006294,77.3836995108413,82.034299192452,66.8964211494901
"453",45.7207720019013,110.351703749986,57.8254071086178,132.058864661945,108.790250783866,120.709740088094,103.790189263562
"454",46.9484440650014,104.551328624663,46.4717199374193,91.6131861233263,104.402233227266,98.7805834208721,112.836762551703
"455",0,0,5.23913816226161,0,0,0,0
"456",40.6595295079184,0,46.459925501342,0,0,0,0
"457",49.362376874341,65.3544456622508,50.226649682567,0,0,0,0
"458",40.5298425362564,95.3628759974659,44.7794867709457,83.8249484545454,95.0370310546232,91.2457216793994,104.306842961266
"459",42.3449353727035,90.3116555931921,40.2612047297056,95.7345488415095,90.3358365296506,84.7253154245971,88.9301905651718
"460",37.3682738506193,110.994533048713,44.5201439847577,101.263746342367,116.887095860563,101.528142653013,128.252743560112
"461",38.986601150492,68.2063750712385,39.4325106074952,86.4411569700196,84.1765574763859,75.6880240646998,83.5076829499114
"462",54.7790160063229,0,52.4950921486099,0,0,0,0
"463",34.4526135783419,79.2243407919131,34.8268002209701,82.6267022407702,78.6035752984943,88.9133402216163,87.6539423714289
"464",40.1389188445328,56.5205715433398,43.2662364305814,66.4618555353521,69.4225217086023,80.9559536886176,64.3787920232077
"465",37.0550400928211,0,44.4196520811124,0,0,0,0
"466",42.0097140274046,0,42.9106952952292,0,0,0,0
"467",50.8340037636161,94.9577783594407,49.7012041587659,112.940478975691,97.1331092523725,117.544621040589,85.4506684550496
"468",40.2042400585495,0,40.1079105458015,0,0,0,27.6992854606955
"469",39.7482638187588,63.8312105925994,39.5820379884141,77.5834368504029,73.150391775602,59.1798048689521,70.4793779445895
"470",45.0235920239661,97.2950539641352,42.1110240476724,125.759337576294,115.137140677618,124.259286199809,114.858282441004
"471",43.6113250790257,79.082765245903,44.9288189241339,72.87227547536,95.0920514751792,73.5689950201819,81.9024325505797
"472",49.3593273490674,0,57.227987451636,0,66.4687542802965,41.0844733101094,0
"473",43.8768902555948,91.1776071498887,44.2653494852553,92.9503520280566,97.8382813503614,101.800263802131,93.4636387167604
"474",46.9556794804983,92.1392798509693,47.1126531523481,111.152037710794,85.1054574775567,95.4644284058129,97.3189261240387
"475",47.2881082037202,100.511585853467,51.5212368431376,74.5149330100471,91.7462667421726,86.8845238858462,104.219713052673
"476",38.1145965499187,71.2751290196644,46.2885956424553,70.5954435765339,67.7557026738458,90.673180725444,71.4136720286877
"477",38.7681707970133,130.077466768954,39.7229813173621,118.947901165646,130.609179617694,118.524954988552,131.472800420184
"478",40.0050142832558,0,34.3814859464256,0,49.6140845298086,0,0
"479",41.312576556541,81.4459845058468,46.7250182887508,90.5920079022423,75.6733483500511,84.5358639815785,93.9151058132606
"480",38.0226675909812,43.6521655434357,38.0226675909812,0,49.8917147141596,0,35.4537841430165
"481",34.6961324585083,121.778984387187,36.7884971449208,120.643204140665,125.442943221925,138.654310342247,119.653133478843
"482",45.8468050148198,0,41.5873303226867,0,0,0,0
"483",37.6486404516986,0,34.4531536928115,22.7820065538319,0,0,0
"484",39.2187844307926,81.8173713841218,41.9265477771942,94.3049302610947,102.644889392982,107.185863356654,95.7845643391761
"485",38.8873509224607,85.4171507306327,46.6949636730284,91.1115567748586,92.5275844357128,97.625037190046,94.616269636876
"486",40.8011638501237,59.7541516677261,43.6358344409002,84.6870426532165,76.9384127784123,78.8143631243267,75.6909291328408
"487",40.527826071477,73.3278132421341,45.6933216212008,69.8484297397682,73.6685640143079,74.4275797577014,86.0000163244598
"488",0,0,3.33684615717889,0,0,0,0
"489",39.4293541597568,97.6353423338296,38.9670263634171,103.061095567777,95.2007642669059,104.954688598818,122.483018574864
"490",40.4748468219612,100.380140942353,40.4748468219612,117.624117851058,97.5515418282841,107.495677568865,101.696820122235
"491",42.6082438790889,97.5284914302087,41.3991824736352,92.9112739723998,93.6912730600955,100.089791134169,95.4202438890774
"492",40.5404689839959,0,45.5672999545947,0,0,0,0
"493",33.7432249158614,31.5101301946097,35.9081155423199,36.77076578294,0,0,0
"494",15.7906806990693,0,14.7547595129698,0,0,0,0
"495",0,0,8.93087560163186,0,0,0,0
"496",57.8457312815057,0,56.8741708832987,0,0,0,0
"497",35.4012251532738,109.489344346393,35.9685887416982,107.092334938854,98.2919574297796,83.8566892919157,106.075146944486
"498",0,0,1.7547356294222,0,0,0,0
"499",53.543271527418,0,54.1417366267386,0,0,0,0
"500",54.4900100883547,110.475304090781,55.5951453969936,104.28924688,97.4107277319237,106.747462034434,109.062032151856
