"","age1_orange.D","age1_green.D","age2_no_comorbid_orange.D","age2_no_comorbid_green.D","age2_comorbid_green.D","age3_no_comorbid_green.D","age3_comorbid_green.D"
"1",29,4,51,6,28,11,33
"2",25,1,45,7,23,8,33
"3",32,1,49,5,21,7,32
"4",30,4,54,3,21,5,35
"5",0,0,0,0,0,0,0
"6",0,0,0,0,0,0,0
"7",0,0,0,0,0,0,0
"8",30,0,50,0,0,0,0
"9",41,2,44,3,31,4,38
"10",38,0,35,0,0,0,0
"11",35,7,58,5,25,11,26
"12",27,3,57,3,33,6,37
"13",40,3,56,4,37,11,36
"14",41,3,58,5,29,9,41
"15",34,1,37,7,14,3,33
"16",35,5,49,4,28,2,33
"17",0,0,0,0,0,0,0
"18",27,3,38,5,23,3,35
"19",28,5,46,7,30,5,38
"20",34,0,53,0,0,0,0
"21",0,0,0,0,0,0,0
"22",35,6,57,5,29,7,24
"23",36,3,44,8,29,11,43
"24",30,4,56,4,22,7,22
"25",29,4,47,5,36,6,34
"26",31,0,44,0,1,0,0
"27",42,0,48,7,38,4,45
"28",32,3,53,10,24,4,18
"29",34,3,74,3,23,5,19
"30",30,3,57,3,31,5,32
"31",44,0,45,0,0,0,0
"32",36,1,48,3,30,3,36
"33",22,0,51,0,0,0,1
"34",28,0,64,7,26,10,38
"35",28,0,53,0,0,0,0
"36",29,0,44,0,0,0,0
"37",28,2,45,6,19,7,40
"38",41,2,51,4,27,6,30
"39",40,3,53,5,36,8,30
"40",32,2,50,6,37,7,38
"41",40,2,45,2,27,11,37
"42",33,1,44,5,28,1,29
"43",37,0,51,2,29,7,30
"44",45,0,51,0,0,0,1
"45",0,0,0,0,0,0,0
"46",31,1,53,5,31,8,31
"47",0,0,0,0,0,0,0
"48",35,2,42,4,20,6,36
"49",34,1,43,8,28,4,34
"50",36,1,56,6,23,9,35
"51",39,4,55,8,29,3,33
"52",24,4,52,8,19,3,34
"53",34,4,53,3,27,6,33
"54",31,3,46,3,24,8,34
"55",0,0,0,0,0,0,0
"56",26,1,54,3,31,8,38
"57",0,0,0,0,0,0,0
"58",0,0,0,0,0,0,0
"59",23,1,41,8,31,10,32
"60",0,0,0,0,0,0,0
"61",40,2,37,2,30,5,44
"62",27,0,44,0,0,0,0
"63",30,3,45,4,31,11,35
"64",28,0,48,0,0,0,0
"65",38,3,66,3,30,6,38
"66",0,0,0,0,0,0,0
"67",32,1,46,7,30,7,37
"68",30,2,53,4,30,16,33
"69",34,6,50,5,22,5,30
"70",0,0,0,0,0,0,0
"71",34,6,47,6,24,7,31
"72",31,1,37,3,29,12,38
"73",45,3,50,5,30,6,33
"74",36,3,54,11,25,6,35
"75",34,0,58,0,0,0,0
"76",0,0,0,0,0,0,0
"77",29,7,40,8,27,5,40
"78",33,5,55,8,37,10,36
"79",49,4,39,4,29,3,47
"80",27,0,64,1,38,6,34
"81",45,2,57,3,24,6,29
"82",35,0,49,5,32,11,29
"83",29,3,53,3,28,4,28
"84",30,2,43,5,29,8,31
"85",42,1,45,1,32,5,38
"86",38,1,59,6,24,8,25
"87",33,2,46,6,25,9,28
"88",25,3,58,5,35,2,39
"89",36,2,40,3,30,9,35
"90",0,0,0,0,0,0,0
"91",38,4,60,9,26,8,31
"92",27,2,37,3,24,10,35
"93",25,3,54,5,26,11,36
"94",28,0,39,0,0,0,0
"95",32,1,48,5,33,6,29
"96",33,3,48,8,31,4,41
"97",29,5,59,5,34,4,31
"98",0,0,0,0,0,0,0
"99",31,2,50,7,30,8,34
"100",43,0,58,5,26,1,27
"101",37,2,42,2,33,7,26
"102",0,0,0,0,0,0,0
"103",0,0,0,0,0,0,0
"104",44,3,58,5,24,7,28
"105",36,3,47,6,34,5,28
"106",43,0,55,0,0,0,0
"107",0,0,0,0,0,0,0
"108",27,4,63,2,30,8,34
"109",38,2,50,5,26,10,39
"110",0,0,0,0,0,0,0
"111",30,5,56,1,27,9,31
"112",35,2,59,6,36,9,33
"113",33,3,51,6,33,8,34
"114",33,2,44,9,27,6,38
"115",30,3,48,10,20,10,41
"116",40,0,46,0,0,0,1
"117",0,0,0,0,0,0,0
"118",30,2,56,8,28,9,29
"119",0,0,0,0,0,0,0
"120",44,5,43,7,26,3,41
"121",28,2,52,9,33,7,38
"122",35,0,55,0,0,0,0
"123",0,0,0,0,0,0,0
"124",24,0,52,0,0,0,1
"125",38,3,50,5,35,8,37
"126",37,4,60,5,33,4,35
"127",44,1,60,4,40,7,39
"128",35,3,50,5,32,12,33
"129",40,2,56,6,25,5,23
"130",29,3,35,3,32,11,40
"131",0,0,0,0,0,0,0
"132",37,1,33,4,22,6,28
"133",34,4,59,5,19,6,32
"134",0,0,0,0,0,0,0
"135",27,5,43,6,31,9,39
"136",45,3,61,5,30,6,33
"137",34,3,55,9,29,3,42
"138",27,2,44,5,26,9,33
"139",33,2,38,3,15,7,35
"140",28,5,49,2,28,10,30
"141",35,1,37,6,20,2,27
"142",40,0,49,0,0,0,0
"143",32,0,46,0,0,0,0
"144",33,1,46,3,27,5,32
"145",34,5,43,2,30,8,33
"146",34,4,43,9,31,7,26
"147",37,3,39,4,26,7,30
"148",38,5,52,5,26,5,28
"149",0,0,0,0,0,0,0
"150",28,3,47,4,29,8,36
"151",31,3,52,9,31,7,32
"152",35,6,45,4,25,5,40
"153",29,2,55,5,35,4,31
"154",38,4,60,3,34,6,31
"155",33,0,52,6,25,9,30
"156",36,3,57,6,30,9,33
"157",30,2,40,4,25,3,35
"158",0,0,0,0,0,0,0
"159",0,0,2,0,0,0,0
"160",31,3,48,5,27,5,33
"161",37,2,60,7,26,4,36
"162",33,3,45,6,38,8,40
"163",42,5,37,7,33,3,35
"164",29,2,55,1,22,7,38
"165",33,0,52,0,0,0,0
"166",31,1,48,4,31,10,38
"167",26,4,50,7,28,7,33
"168",32,0,43,4,27,8,28
"169",41,3,49,3,19,7,28
"170",33,3,50,4,42,8,27
"171",28,2,44,7,37,6,36
"172",0,0,0,0,0,0,0
"173",28,3,53,6,24,6,45
"174",0,0,0,0,0,0,0
"175",21,1,66,4,36,3,36
"176",32,1,53,3,29,10,32
"177",40,4,46,6,29,5,32
"178",35,1,55,9,34,5,38
"179",33,0,56,0,0,0,1
"180",40,5,58,5,24,9,33
"181",44,2,40,5,29,11,38
"182",33,4,43,8,38,7,36
"183",33,6,70,7,33,15,35
"184",34,0,53,0,0,0,1
"185",27,7,55,3,28,8,29
"186",0,0,0,0,0,0,0
"187",29,2,39,7,31,6,39
"188",34,1,57,9,34,9,35
"189",35,3,53,1,41,6,35
"190",33,5,56,5,31,7,36
"191",36,1,46,7,22,5,40
"192",34,0,46,0,0,0,0
"193",25,1,48,3,23,7,37
"194",0,0,0,0,0,0,0
"195",32,4,50,7,35,5,37
"196",31,0,37,0,0,0,0
"197",29,2,43,2,33,8,34
"198",34,0,67,6,30,4,29
"199",32,0,52,0,0,0,1
"200",32,4,51,6,35,7,30
"201",34,2,62,4,26,8,28
"202",22,1,39,3,29,6,28
"203",39,4,43,5,25,5,36
"204",30,4,52,6,34,9,44
"205",29,2,47,3,22,4,29
"206",35,2,50,5,24,11,29
"207",26,4,48,3,31,8,35
"208",40,0,55,6,21,10,33
"209",48,4,33,7,35,7,42
"210",41,0,63,0,0,0,0
"211",32,2,41,6,31,5,36
"212",43,0,49,7,20,8,34
"213",28,2,58,3,21,7,37
"214",34,2,50,4,29,5,25
"215",34,1,49,4,22,7,30
"216",34,1,48,7,28,7,29
"217",28,3,49,7,30,3,31
"218",0,0,0,0,0,0,0
"219",32,3,48,5,29,5,39
"220",29,4,59,2,33,4,38
"221",27,3,33,4,31,5,38
"222",33,2,45,4,33,6,37
"223",33,2,57,6,25,12,38
"224",34,4,52,10,26,9,39
"225",36,4,50,2,32,8,33
"226",33,2,56,4,31,4,34
"227",33,3,46,5,30,12,39
"228",38,2,48,2,26,8,32
"229",0,0,0,0,0,0,0
"230",32,3,48,10,28,5,30
"231",38,2,35,9,30,7,38
"232",35,2,48,5,27,8,40
"233",33,4,46,8,33,10,37
"234",34,2,47,7,29,7,41
"235",23,5,56,4,26,10,28
"236",34,3,57,6,32,7,32
"237",0,0,0,0,0,0,0
"238",0,0,1,0,0,0,0
"239",0,0,0,0,0,0,0
"240",32,3,45,4,22,4,34
"241",37,4,65,6,20,4,39
"242",0,0,0,0,0,0,0
"243",36,3,51,3,29,6,31
"244",0,0,0,0,0,0,0
"245",28,3,57,3,25,5,30
"246",39,2,40,6,24,4,29
"247",37,4,50,3,31,6,35
"248",32,2,40,6,38,10,39
"249",0,0,0,0,0,0,0
"250",34,0,57,0,0,0,1
"251",45,6,48,6,25,10,42
"252",30,0,50,6,29,4,33
"253",35,4,48,5,32,3,38
"254",0,0,0,0,0,0,0
"255",39,3,44,4,39,6,25
"256",45,0,63,5,33,10,31
"257",41,2,47,4,29,9,37
"258",40,0,58,0,0,0,3
"259",34,5,36,6,32,8,32
"260",36,4,55,8,34,13,33
"261",31,1,50,7,20,6,23
"262",0,0,0,0,0,0,0
"263",35,0,55,3,31,10,33
"264",45,3,51,6,33,9,42
"265",20,0,41,0,0,0,0
"266",0,0,1,0,0,0,0
"267",40,0,51,1,1,0,0
"268",31,0,58,0,0,0,0
"269",29,2,47,5,24,11,35
"270",40,4,43,5,36,11,37
"271",26,3,54,7,31,5,32
"272",31,4,44,5,40,5,28
"273",29,1,61,6,33,4,37
"274",0,0,0,0,0,0,0
"275",0,0,0,0,0,0,0
"276",35,0,46,0,0,0,0
"277",32,2,39,5,24,8,37
"278",39,1,56,6,21,6,31
"279",28,2,58,8,27,6,38
"280",39,5,42,5,29,5,38
"281",34,1,48,7,22,7,33
"282",37,0,64,0,0,0,0
"283",38,2,48,4,37,10,26
"284",32,4,52,3,31,11,36
"285",37,3,50,7,34,7,32
"286",28,4,47,8,45,9,34
"287",30,0,43,0,0,0,0
"288",28,0,45,4,23,10,36
"289",35,3,57,4,26,4,26
"290",34,4,55,5,26,11,33
"291",27,0,56,7,24,3,36
"292",43,0,62,0,0,0,0
"293",29,0,61,0,0,0,0
"294",0,0,0,0,0,0,0
"295",34,1,48,7,20,4,28
"296",39,0,49,5,30,12,47
"297",27,1,52,2,22,3,33
"298",29,2,40,5,37,8,29
"299",32,3,44,6,31,11,34
"300",37,3,53,8,27,6,36
"301",36,5,55,4,34,7,35
"302",38,3,44,7,24,7,27
"303",0,0,0,0,0,0,0
"304",32,2,35,2,37,14,31
"305",36,0,51,4,30,7,34
"306",46,0,47,0,0,0,0
"307",32,4,59,9,27,7,36
"308",32,3,60,6,32,9,40
"309",27,2,43,5,35,9,30
"310",38,4,54,7,36,11,41
"311",34,3,43,2,30,9,35
"312",38,3,53,6,30,7,39
"313",0,0,0,0,0,0,0
"314",25,2,44,7,37,5,26
"315",32,2,46,6,25,6,33
"316",35,2,46,4,26,6,31
"317",33,0,56,0,1,0,0
"318",29,2,38,4,28,8,38
"319",39,0,49,0,0,0,0
"320",0,0,0,0,0,0,0
"321",0,0,0,0,0,0,0
"322",26,1,45,7,26,5,42
"323",0,0,0,0,0,0,0
"324",41,5,47,2,31,7,34
"325",33,1,55,8,27,8,35
"326",29,5,31,4,31,7,40
"327",0,0,0,0,0,0,0
"328",28,2,49,9,31,8,32
"329",35,4,57,6,28,1,40
"330",38,5,55,3,30,6,35
"331",33,0,44,0,0,0,1
"332",37,6,46,6,25,9,34
"333",34,2,70,3,24,5,33
"334",34,3,45,5,25,7,32
"335",33,5,52,4,27,3,26
"336",36,2,47,5,31,12,34
"337",30,1,49,9,28,5,35
"338",38,1,45,4,28,7,35
"339",27,2,52,5,37,4,34
"340",40,2,44,6,32,7,33
"341",0,0,0,0,0,0,0
"342",37,0,53,0,0,0,0
"343",41,1,52,7,29,8,29
"344",33,1,43,7,24,3,31
"345",32,1,46,2,28,5,30
"346",27,2,49,2,31,5,42
"347",28,2,58,4,28,7,33
"348",37,2,50,2,29,10,38
"349",25,4,50,1,33,12,37
"350",35,2,47,10,28,10,34
"351",38,5,49,3,23,5,36
"352",35,3,54,4,32,14,36
"353",0,0,0,0,0,0,0
"354",34,0,60,0,0,0,0
"355",33,3,34,5,25,8,32
"356",36,2,45,5,27,9,30
"357",0,0,0,0,0,0,0
"358",39,5,56,6,30,3,31
"359",42,0,40,4,29,10,45
"360",31,3,39,5,36,6,34
"361",0,0,0,0,0,0,0
"362",40,3,48,4,23,11,31
"363",45,5,45,4,20,9,30
"364",24,3,53,7,31,8,33
"365",41,2,44,4,31,7,31
"366",41,4,38,4,27,5,35
"367",33,2,44,4,23,7,27
"368",32,1,53,6,36,11,29
"369",29,3,53,6,27,9,35
"370",33,5,52,5,22,4,37
"371",42,4,58,7,28,6,28
"372",24,3,46,6,23,8,27
"373",35,2,58,4,30,10,28
"374",0,0,0,0,0,0,0
"375",26,1,56,2,23,4,29
"376",32,2,57,8,19,7,34
"377",28,2,51,4,29,4,34
"378",29,5,48,5,29,6,37
"379",39,0,47,0,0,0,0
"380",45,1,48,4,27,7,34
"381",46,1,58,6,32,9,34
"382",0,0,0,0,0,0,0
"383",27,1,48,8,25,8,26
"384",32,0,49,6,27,7,38
"385",27,2,54,9,22,9,19
"386",31,5,49,7,35,5,37
"387",29,2,60,9,21,12,34
"388",34,1,40,3,23,8,38
"389",29,2,52,9,32,7,35
"390",41,4,47,4,32,3,30
"391",31,2,53,9,37,6,36
"392",30,0,44,0,1,0,1
"393",0,0,0,0,0,0,0
"394",40,3,38,6,30,10,29
"395",39,2,49,2,25,7,35
"396",27,0,35,0,0,0,0
"397",30,3,49,8,32,9,29
"398",32,0,49,0,1,0,0
"399",29,4,51,4,32,13,26
"400",36,0,46,0,0,0,0
"401",26,2,45,8,33,7,31
"402",0,0,0,0,0,0,0
"403",33,1,43,5,36,15,42
"404",41,2,49,4,28,7,34
"405",0,0,0,0,0,0,0
"406",34,0,46,0,0,0,0
"407",27,3,54,7,34,7,28
"408",38,3,55,3,27,10,30
"409",35,4,59,3,26,8,28
"410",41,1,43,3,31,9,29
"411",31,1,31,4,22,5,30
"412",38,5,39,7,20,6,33
"413",33,2,49,6,34,5,35
"414",34,0,55,0,0,0,0
"415",20,2,42,8,31,7,38
"416",28,1,39,6,34,4,36
"417",37,5,59,5,32,9,38
"418",33,7,55,6,31,8,32
"419",41,2,65,7,26,4,36
"420",28,1,47,7,27,6,34
"421",33,3,49,8,25,9,31
"422",0,0,0,0,0,0,0
"423",29,2,48,7,30,6,33
"424",0,0,0,0,0,0,0
"425",28,3,58,5,26,7,41
"426",0,0,0,0,0,0,0
"427",39,3,47,10,31,9,35
"428",27,4,39,3,23,9,31
"429",31,3,51,4,27,3,29
"430",30,2,43,8,30,12,34
"431",40,0,40,0,0,0,0
"432",32,2,60,4,31,2,37
"433",40,5,58,5,26,5,32
"434",0,0,0,0,0,0,0
"435",25,1,48,4,33,9,35
"436",27,1,48,8,32,6,35
"437",35,6,37,6,31,8,42
"438",38,2,52,2,27,12,28
"439",29,0,52,0,0,0,0
"440",0,0,1,0,0,0,0
"441",41,4,50,3,28,7,29
"442",33,0,41,0,0,0,1
"443",39,4,48,9,29,3,38
"444",27,1,46,3,22,3,32
"445",0,0,0,0,0,0,0
"446",30,6,64,4,27,4,33
"447",0,0,0,0,0,0,0
"448",30,1,39,3,31,7,33
"449",29,4,56,9,26,6,37
"450",0,0,0,0,0,0,0
"451",45,0,52,4,25,6,31
"452",26,1,44,3,32,7,31
"453",38,4,54,3,25,8,29
"454",36,2,47,5,33,5,32
"455",35,2,43,8,34,7,24
"456",38,2,40,4,27,6,35
"457",36,2,49,5,28,8,31
"458",28,2,43,4,33,14,36
"459",38,1,41,7,24,11,31
"460",28,1,55,5,33,11,33
"461",43,0,48,0,0,0,0
"462",34,5,56,3,28,7,32
"463",35,4,39,5,29,9,28
"464",31,0,45,3,27,12,34
"465",38,3,46,2,31,9,43
"466",39,2,53,3,34,4,31
"467",32,1,36,1,32,6,35
"468",0,0,0,0,0,0,0
"469",33,3,48,4,25,7,31
"470",36,0,50,0,0,0,0
"471",49,1,49,3,35,8,24
"472",31,3,56,6,26,10,36
"473",30,0,61,0,0,0,0
"474",25,2,49,6,30,6,34
"475",24,3,50,4,29,4,36
"476",37,1,45,5,35,10,40
"477",45,3,54,3,33,15,30
"478",39,3,44,4,20,4,32
"479",36,0,41,3,37,5,31
"480",28,1,58,5,25,9,42
"481",39,0,56,2,27,8,35
"482",40,2,48,4,32,10,38
"483",32,1,42,8,33,10,36
"484",36,2,44,2,30,4,28
"485",30,2,59,1,30,12,33
"486",0,0,0,0,0,0,0
"487",0,0,0,0,0,0,0
"488",41,0,59,0,0,0,0
"489",33,0,41,0,0,0,0
"490",0,0,0,0,0,0,0
"491",37,0,54,5,34,10,39
"492",32,1,50,2,28,5,33
"493",35,2,50,2,26,6,43
"494",35,3,55,11,33,5,35
"495",32,1,45,5,33,8,29
"496",0,0,0,0,0,0,0
"497",36,4,51,6,27,2,39
"498",28,8,65,5,29,9,38
"499",32,5,46,6,22,5,34
"500",41,4,33,7,25,4,30
"501",44,1,51,2,39,8,42
"502",43,4,46,7,37,5,29
"503",41,3,43,2,25,12,38
"504",40,3,37,4,33,7,45
"505",31,2,56,4,24,8,35
"506",35,3,51,4,30,11,40
"507",0,0,0,0,0,0,0
"508",0,0,0,0,0,0,0
"509",32,5,49,1,27,5,31
"510",27,3,46,4,22,5,30
"511",45,2,42,3,39,6,31
"512",36,3,57,10,23,6,28
"513",33,5,48,6,34,6,32
"514",28,3,60,7,28,6,47
"515",33,1,43,2,35,8,35
"516",36,4,46,2,25,9,34
"517",30,7,53,7,26,12,36
"518",47,6,61,10,33,10,42
"519",32,1,42,1,30,3,30
"520",23,2,43,4,22,5,41
"521",43,2,56,2,26,5,35
"522",41,5,39,9,28,7,33
"523",28,0,39,0,0,0,0
"524",25,0,61,0,0,0,0
"525",45,0,62,2,24,7,38
"526",0,0,0,0,0,0,0
"527",35,3,49,5,29,9,36
"528",26,0,42,0,0,0,0
"529",29,2,64,2,28,14,25
"530",0,0,0,0,0,0,0
"531",37,4,43,5,27,10,39
"532",35,1,49,3,27,11,33
"533",37,1,41,4,27,10,31
"534",33,2,52,8,20,9,31
"535",0,0,0,0,0,0,0
"536",30,2,58,9,31,8,36
"537",40,1,41,6,25,10,30
"538",36,4,54,2,23,6,34
"539",25,0,44,3,30,7,31
"540",38,0,47,7,31,5,30
"541",39,2,35,8,25,9,26
"542",38,4,55,3,27,7,35
"543",0,0,0,0,0,0,0
"544",0,0,0,0,0,0,0
"545",36,3,44,3,40,7,37
"546",40,5,57,9,33,10,35
"547",0,0,0,0,0,0,0
"548",31,3,50,2,32,3,26
"549",0,0,0,0,0,0,0
"550",27,3,47,11,30,6,30
"551",32,6,42,2,24,10,36
"552",0,0,0,0,0,0,0
"553",32,2,53,5,29,8,33
"554",28,4,65,2,35,10,36
"555",27,0,40,0,0,0,0
"556",31,4,48,5,29,7,33
"557",32,4,47,5,19,4,29
"558",32,2,54,2,36,10,34
"559",38,0,49,0,0,0,0
"560",0,0,0,0,0,0,0
"561",26,3,48,2,30,5,35
"562",33,0,41,0,0,0,0
"563",47,0,51,8,27,9,26
"564",38,3,45,1,26,10,32
"565",40,5,57,4,30,5,30
"566",37,6,42,9,33,9,37
"567",40,3,52,8,30,7,44
"568",33,0,50,0,0,0,0
"569",33,1,61,2,26,12,36
"570",30,0,51,0,0,0,0
"571",36,5,51,3,33,6,35
"572",40,3,64,7,33,11,29
"573",27,1,52,1,20,8,30
"574",27,2,55,4,36,9,39
"575",37,1,47,8,34,6,31
"576",30,6,47,9,24,4,29
"577",35,1,64,6,34,11,30
"578",28,1,46,3,29,9,31
"579",31,3,52,7,31,7,29
"580",27,1,50,5,34,8,36
"581",30,5,56,8,25,5,32
"582",38,3,56,7,24,11,31
"583",38,5,59,3,40,6,32
"584",31,0,39,0,0,0,0
"585",35,2,41,5,32,9,39
"586",32,4,47,4,38,6,33
"587",42,3,54,2,26,10,39
"588",0,0,0,0,0,0,0
"589",34,2,49,5,27,7,39
"590",41,4,38,2,22,8,34
"591",28,2,50,6,27,7,34
"592",27,2,57,6,22,9,43
"593",28,3,64,4,24,9,34
"594",46,0,48,7,18,9,32
"595",0,0,0,0,0,0,0
"596",38,0,52,0,0,0,0
"597",0,0,0,0,0,0,0
"598",35,0,41,5,40,11,37
"599",33,0,56,0,1,0,0
"600",26,0,43,0,0,0,0
"601",23,3,42,4,26,9,41
"602",44,3,53,3,25,7,33
"603",44,2,53,4,31,7,35
"604",27,4,43,7,36,8,36
"605",34,4,61,4,32,5,33
"606",29,6,46,8,30,5,28
"607",33,2,47,5,25,5,32
"608",40,2,48,3,29,7,30
"609",38,0,60,0,0,0,0
"610",29,5,47,5,30,8,34
"611",38,1,51,3,29,4,43
"612",34,4,43,6,29,5,37
"613",23,0,33,1,0,0,0
"614",32,0,41,0,1,0,0
"615",29,4,51,4,26,9,28
"616",0,0,0,0,0,0,0
"617",0,0,0,0,0,0,0
"618",36,3,44,5,33,7,39
"619",29,6,50,7,31,6,35
"620",31,2,48,6,38,6,32
"621",28,1,61,6,25,1,32
"622",33,2,39,2,38,8,35
"623",27,5,48,5,23,7,39
"624",26,3,57,2,23,8,31
"625",34,4,44,5,42,10,47
"626",35,4,50,4,21,7,36
"627",27,1,53,8,26,15,30
"628",40,2,42,5,28,12,34
"629",31,7,54,5,27,9,37
"630",40,1,42,9,24,7,29
"631",30,3,40,3,38,3,32
"632",0,0,0,0,0,0,0
"633",32,4,56,2,34,9,39
"634",37,1,57,7,25,8,40
"635",34,3,41,5,26,10,22
"636",39,1,48,1,28,7,32
"637",24,4,38,2,30,5,39
"638",34,2,42,6,21,8,36
"639",32,3,52,5,27,7,31
"640",39,3,57,6,27,6,35
"641",0,0,1,0,0,0,0
"642",33,1,49,2,24,9,33
"643",34,1,53,5,30,9,33
"644",0,0,0,0,0,0,0
"645",0,0,0,0,0,0,0
"646",45,4,50,0,30,12,35
"647",0,0,0,0,0,0,0
"648",33,3,57,9,34,8,33
"649",37,2,46,6,38,3,31
"650",0,0,0,0,0,0,0
"651",40,5,52,7,20,3,37
"652",37,2,57,7,23,6,28
"653",29,1,61,5,25,10,29
"654",36,4,45,6,34,5,39
"655",24,1,54,7,38,7,40
"656",26,7,52,5,30,10,36
"657",0,0,0,0,0,0,0
"658",30,3,57,2,29,11,40
"659",29,1,46,4,25,8,32
"660",44,5,50,3,27,10,28
"661",31,5,52,10,28,7,33
"662",29,2,53,4,20,8,27
"663",28,3,49,2,35,5,37
"664",30,0,57,0,0,0,0
"665",0,0,0,0,0,0,0
"666",33,1,52,6,38,5,35
"667",43,4,55,1,30,5,37
"668",42,1,29,6,34,4,39
"669",32,7,53,5,34,9,41
"670",44,2,42,7,26,4,30
"671",34,0,51,0,0,0,0
"672",32,0,50,0,0,0,0
"673",29,0,51,7,32,4,33
"674",35,5,41,1,26,4,33
"675",32,3,49,4,23,4,35
"676",0,0,0,0,0,0,0
"677",31,0,50,0,0,0,0
"678",34,4,50,7,27,8,39
"679",34,0,52,3,31,9,39
"680",28,3,59,9,27,6,32
"681",33,0,43,0,0,0,0
"682",31,4,41,3,29,8,35
"683",0,0,0,0,0,0,0
"684",33,5,51,5,26,10,31
"685",23,3,48,7,24,9,32
"686",31,4,46,7,31,6,31
"687",39,3,60,5,32,4,30
"688",0,0,0,0,0,0,0
"689",39,2,48,4,24,4,24
"690",32,5,51,8,32,9,29
"691",43,0,53,0,0,0,0
"692",26,3,49,2,28,5,33
"693",0,0,0,0,0,0,0
"694",30,4,43,5,22,7,30
"695",36,5,57,6,35,7,36
"696",37,2,57,3,31,11,33
"697",37,3,51,5,23,7,32
"698",0,0,0,0,0,0,0
"699",26,2,59,7,26,10,30
"700",44,3,44,5,27,8,36
"701",37,0,35,0,1,1,0
"702",29,1,48,8,34,10,35
"703",38,0,56,8,32,5,31
"704",36,2,49,3,27,7,40
"705",28,2,64,6,28,8,41
"706",37,2,54,4,30,7,32
"707",32,4,51,3,29,12,37
"708",34,2,43,2,24,10,30
"709",35,2,52,5,29,8,32
"710",25,0,44,0,0,0,0
"711",38,6,53,9,33,4,33
"712",31,3,50,3,21,5,34
"713",0,0,0,0,0,0,0
"714",30,2,46,3,31,11,38
"715",31,3,34,6,26,8,35
"716",40,5,45,10,26,5,35
"717",35,1,52,4,27,10,28
"718",29,1,41,12,29,8,35
"719",28,7,50,4,31,6,32
"720",35,1,41,2,36,5,32
"721",26,5,39,5,31,8,42
"722",34,6,51,6,26,13,30
"723",34,3,39,11,29,10,43
"724",0,0,0,0,0,0,0
"725",32,3,50,6,26,4,43
"726",36,1,61,5,25,13,42
"727",33,4,50,5,31,10,30
"728",29,2,54,6,32,6,25
"729",22,3,49,9,31,2,35
"730",40,5,53,4,31,6,29
"731",0,0,0,0,0,0,0
"732",35,2,46,5,25,7,32
"733",38,2,55,5,34,7,31
"734",38,4,58,4,33,3,29
"735",41,5,56,5,33,6,32
"736",30,0,59,0,0,0,0
"737",0,0,0,0,0,0,0
"738",39,1,54,11,28,4,31
"739",23,0,37,0,0,0,0
"740",40,0,64,0,0,0,0
"741",31,1,60,2,28,8,38
"742",0,0,0,0,0,0,0
"743",36,2,54,5,36,10,33
"744",0,0,0,0,0,0,0
"745",22,1,35,3,32,6,38
"746",0,0,0,0,0,0,0
"747",33,0,45,0,0,0,0
"748",33,6,49,5,26,9,39
"749",32,5,51,6,31,8,34
"750",35,4,55,7,30,11,35
"751",41,0,51,0,0,0,0
"752",26,3,55,4,27,7,36
"753",42,4,67,2,31,10,37
"754",27,2,39,4,28,8,31
"755",38,0,46,0,0,0,0
"756",29,2,37,3,25,10,43
"757",32,2,59,4,26,3,37
"758",26,6,52,5,31,12,29
"759",33,2,51,4,31,10,37
"760",31,3,36,7,26,15,31
"761",39,4,43,3,35,5,33
"762",27,0,45,0,0,0,0
"763",39,0,44,0,0,0,1
"764",33,0,50,6,33,11,29
"765",34,2,45,2,30,5,35
"766",34,2,53,7,25,9,34
"767",29,2,54,6,32,6,26
"768",42,1,47,4,22,8,35
"769",31,0,42,0,0,0,0
"770",34,2,49,6,35,13,36
"771",0,0,0,0,0,0,0
"772",49,2,49,6,32,10,34
"773",0,0,0,0,0,0,0
"774",37,3,49,13,34,6,24
"775",39,3,51,2,33,6,34
"776",31,3,57,4,31,5,36
"777",40,2,52,4,30,11,29
"778",26,3,52,4,25,9,34
"779",40,3,57,3,19,6,32
"780",37,2,51,3,34,4,40
"781",0,0,0,0,0,0,0
"782",27,5,52,4,32,6,38
"783",37,5,48,2,29,4,36
"784",45,1,57,9,40,10,34
"785",39,2,77,7,35,11,31
"786",42,3,43,5,28,4,25
"787",30,0,42,5,18,4,27
"788",28,0,37,0,0,0,0
"789",29,0,47,0,0,0,0
"790",49,5,52,4,30,6,37
"791",23,6,49,6,36,5,30
"792",25,3,65,3,28,7,44
"793",32,0,49,0,0,0,0
"794",26,4,51,4,28,8,30
"795",37,0,46,0,0,0,0
"796",39,2,39,6,28,9,41
"797",24,2,45,7,22,6,28
"798",30,0,57,0,0,0,0
"799",0,0,0,0,0,0,0
"800",0,0,0,0,0,0,0
"801",28,4,47,6,27,9,27
"802",31,3,44,2,28,14,35
"803",36,0,56,7,25,6,41
"804",41,1,40,7,27,4,37
"805",30,2,48,5,30,6,28
"806",25,4,54,5,15,5,32
"807",39,4,56,7,28,5,35
"808",36,1,46,5,29,6,34
"809",35,1,55,4,32,5,29
"810",26,0,46,0,0,0,0
"811",32,2,52,8,24,4,31
"812",30,5,53,4,22,4,38
"813",23,4,45,5,31,4,33
"814",0,0,0,0,0,0,0
"815",36,0,62,4,23,9,37
"816",24,1,56,4,35,5,38
"817",29,5,58,3,33,7,33
"818",32,0,39,0,0,0,0
"819",35,1,48,7,32,13,31
"820",31,1,33,4,30,5,37
"821",30,5,49,5,31,13,32
"822",43,0,53,4,27,8,41
"823",37,4,55,2,27,7,31
"824",0,0,0,0,0,0,0
"825",34,2,45,5,36,4,36
"826",26,4,44,4,26,7,27
"827",35,3,51,4,25,2,28
"828",39,3,48,5,34,8,27
"829",41,2,43,4,24,5,28
"830",25,2,48,4,28,8,38
"831",0,0,0,0,0,0,0
"832",30,2,54,5,30,7,38
"833",0,0,0,0,0,0,0
"834",29,3,50,2,24,4,27
"835",44,3,56,4,29,7,31
"836",0,0,0,0,0,0,0
"837",37,7,45,2,33,9,37
"838",34,5,47,5,34,5,28
"839",29,0,50,0,0,0,0
"840",32,7,44,2,26,9,35
"841",41,0,59,2,25,7,36
"842",23,3,42,5,27,8,32
"843",43,0,46,2,27,9,27
"844",33,4,42,6,26,7,36
"845",34,3,47,6,37,8,36
"846",30,3,48,7,41,6,27
"847",44,2,49,4,22,5,31
"848",30,3,46,2,27,7,37
"849",24,3,49,3,26,9,32
"850",24,0,52,0,0,0,0
"851",0,0,0,0,0,0,0
"852",0,0,0,0,0,0,0
"853",31,3,52,2,35,12,30
"854",28,0,44,0,0,0,1
"855",37,3,49,10,28,9,25
"856",33,0,52,0,0,0,0
"857",24,6,44,3,31,3,30
"858",27,1,56,2,37,11,33
"859",34,6,38,3,25,3,33
"860",29,3,54,5,37,11,33
"861",36,6,46,6,39,6,33
"862",40,3,52,3,27,2,39
"863",24,1,46,4,33,8,36
"864",41,6,45,3,36,8,35
"865",0,0,1,0,0,0,0
"866",34,1,55,2,29,10,31
"867",18,3,43,6,36,5,28
"868",41,2,43,5,21,8,37
"869",27,0,51,0,0,0,0
"870",0,0,0,0,0,0,0
"871",39,2,61,4,34,2,27
"872",35,1,58,9,27,11,29
"873",0,0,0,0,0,0,0
"874",33,2,41,2,38,6,43
"875",42,4,59,4,28,6,35
"876",36,1,58,5,29,4,26
"877",37,2,49,5,27,7,38
"878",31,0,52,3,26,7,27
"879",31,3,50,3,31,6,33
"880",35,1,44,3,38,8,33
"881",37,3,54,6,25,6,28
"882",28,3,49,8,30,12,33
"883",33,4,41,2,32,8,35
"884",28,0,50,1,0,0,0
"885",35,0,51,6,27,4,30
"886",32,3,40,5,36,7,36
"887",0,0,0,0,0,0,0
"888",32,2,48,7,18,7,28
"889",33,4,45,6,42,10,36
"890",41,0,65,1,22,2,29
"891",36,0,62,0,0,0,0
"892",35,5,63,2,29,4,37
"893",26,3,45,12,26,9,34
"894",37,0,43,2,25,9,40
"895",39,4,45,3,33,9,39
"896",31,4,55,4,30,1,42
"897",37,2,39,6,27,8,44
"898",37,2,45,6,30,5,31
"899",41,1,57,4,26,5,28
"900",32,0,57,0,0,0,0
"901",39,2,51,6,29,10,37
"902",35,0,48,0,0,0,0
"903",34,0,49,0,0,0,0
"904",40,4,44,2,30,11,37
"905",25,0,56,0,0,1,0
"906",31,1,60,8,32,6,35
"907",0,0,0,0,0,0,0
"908",0,0,0,0,0,0,0
"909",24,2,49,4,42,13,35
"910",36,0,44,0,0,0,0
"911",38,4,57,3,16,3,24
"912",0,0,0,0,0,0,0
"913",29,3,48,3,21,8,32
"914",38,1,45,4,29,8,32
"915",36,2,54,2,29,3,35
"916",31,1,40,6,35,12,36
"917",29,2,48,8,29,5,33
"918",30,4,48,6,26,8,35
"919",29,5,51,7,32,7,31
"920",32,1,42,6,33,8,36
"921",44,3,51,5,25,6,22
"922",32,5,52,8,26,8,32
"923",25,0,45,1,0,0,0
"924",30,1,43,3,31,6,48
"925",0,0,0,0,0,0,0
"926",43,8,56,2,32,11,24
"927",34,3,44,6,31,7,39
"928",29,1,51,4,33,2,39
"929",33,6,47,5,40,10,34
"930",17,4,54,5,26,9,29
"931",29,2,55,1,29,6,26
"932",0,0,0,0,0,0,0
"933",37,0,54,0,0,0,0
"934",39,0,49,0,0,0,0
"935",0,0,0,0,0,0,0
"936",26,2,53,10,36,7,31
"937",27,2,53,3,32,10,32
"938",34,2,52,3,22,8,33
"939",45,5,46,6,29,6,36
"940",24,0,49,0,0,0,0
"941",36,2,41,7,45,4,36
"942",27,2,55,7,23,4,25
"943",33,1,52,6,27,10,30
"944",0,0,0,0,0,0,0
"945",42,0,43,0,0,0,0
"946",0,0,0,0,0,0,0
"947",36,4,45,5,34,9,33
"948",32,1,44,6,27,5,26
"949",29,6,61,9,27,9,37
"950",24,6,46,5,28,8,27
"951",32,4,62,5,26,10,36
"952",0,0,0,0,0,0,0
"953",30,3,43,4,37,5,33
"954",0,0,0,0,0,0,0
"955",23,3,64,7,30,12,39
"956",27,4,57,6,23,9,28
"957",37,2,56,3,43,4,30
"958",26,0,50,7,32,8,26
"959",29,0,51,0,0,0,0
"960",34,0,39,0,0,0,0
"961",30,4,58,6,32,11,34
"962",33,5,39,5,26,10,33
"963",29,2,52,5,27,10,33
"964",30,1,54,4,35,7,21
"965",0,0,0,0,0,0,0
"966",0,0,0,0,0,0,0
"967",33,3,42,4,29,9,31
"968",32,0,53,0,0,0,0
"969",36,5,44,6,38,9,34
"970",43,5,48,5,29,8,28
"971",0,0,0,0,0,0,0
"972",27,2,61,5,34,7,35
"973",33,4,71,9,33,8,35
"974",38,3,61,6,25,9,38
"975",39,3,46,1,29,4,30
"976",29,2,53,5,22,7,37
"977",50,0,45,3,27,6,33
"978",35,4,53,3,34,10,25
"979",0,0,0,0,0,0,0
"980",29,2,52,7,31,11,23
"981",39,3,53,1,29,6,40
"982",36,0,48,0,0,0,0
"983",38,4,48,0,30,5,27
"984",25,3,36,9,28,5,28
"985",31,4,47,9,27,5,38
"986",32,1,57,3,26,4,21
"987",39,3,49,5,32,7,33
"988",31,0,58,0,0,0,0
"989",39,2,55,7,34,11,36
"990",0,0,0,0,0,0,0
"991",0,0,0,0,0,0,0
"992",29,0,51,5,37,6,38
"993",37,6,48,2,33,5,33
"994",43,1,46,3,26,8,34
"995",31,1,44,2,24,13,36
"996",29,2,49,5,32,6,35
"997",37,2,53,4,24,6,35
"998",28,2,50,4,37,4,35
"999",33,3,43,7,35,11,39
"1000",31,3,47,3,30,8,36
"1001",38,0,50,0,1,0,0
"1002",42,2,46,9,27,11,31
"1003",0,0,0,0,0,0,0
"1004",40,2,51,1,33,8,41
"1005",29,1,46,6,31,1,26
"1006",35,1,39,2,29,8,36
"1007",43,2,49,3,29,4,33
"1008",33,7,51,4,29,5,29
"1009",42,0,49,0,0,0,0
"1010",37,6,53,0,35,9,40
"1011",46,2,52,6,31,7,39
"1012",46,5,41,5,32,7,37
"1013",30,3,44,5,26,5,27
"1014",45,0,46,0,0,0,0
"1015",31,3,47,4,23,7,31
"1016",30,4,40,6,17,6,32
"1017",31,1,56,2,25,8,34
"1018",35,2,58,4,34,9,38
"1019",28,3,50,4,31,7,29
"1020",37,0,49,0,0,0,0
"1021",35,4,52,6,27,6,28
"1022",0,0,0,0,0,0,0
"1023",33,5,48,4,18,3,28
"1024",37,0,40,0,0,0,0
"1025",33,0,48,0,0,0,0
"1026",38,2,56,6,33,10,36
"1027",0,0,0,0,0,0,0
"1028",38,4,51,4,28,4,35
"1029",40,1,42,8,28,6,32
"1030",28,2,48,7,24,6,29
"1031",31,3,55,4,26,5,27
"1032",37,6,49,4,32,10,38
"1033",27,0,50,4,32,7,26
"1034",34,3,50,6,35,6,44
"1035",40,0,60,8,33,9,23
"1036",35,2,50,6,28,14,31
"1037",0,0,0,0,0,0,0
"1038",34,2,42,7,27,2,40
"1039",0,0,0,0,0,0,0
"1040",0,0,0,0,0,0,0
"1041",37,2,54,5,28,6,38
"1042",0,0,0,0,0,0,0
"1043",22,2,40,3,36,7,34
"1044",36,0,40,0,0,0,0
"1045",44,2,53,3,29,12,30
"1046",37,3,54,6,32,6,43
"1047",0,0,0,0,0,0,0
"1048",26,3,53,8,27,8,36
"1049",32,1,55,4,39,10,31
"1050",29,2,57,5,28,6,33
"1051",38,0,43,0,0,0,0
"1052",22,4,48,5,22,6,36
"1053",27,1,43,6,30,7,40
"1054",37,0,43,0,0,0,0
"1055",0,0,0,0,0,0,0
"1056",35,4,64,5,38,7,28
"1057",39,5,59,5,20,5,35
"1058",0,0,0,0,0,0,0
"1059",22,2,55,8,25,5,33
"1060",0,0,0,0,0,0,0
"1061",37,0,41,0,0,0,0
"1062",33,3,41,4,27,5,35
"1063",29,0,43,0,0,0,0
"1064",33,3,48,3,31,7,27
"1065",0,0,0,0,0,0,0
"1066",42,0,47,0,1,0,0
"1067",33,5,36,6,32,5,36
"1068",41,0,57,0,0,1,0
"1069",30,4,39,5,36,6,44
"1070",0,0,1,0,0,0,0
"1071",30,0,52,0,0,0,0
"1072",39,4,49,10,25,8,32
"1073",34,2,49,6,25,8,35
"1074",30,2,43,5,34,6,27
"1075",32,3,34,7,36,10,34
"1076",0,0,0,0,0,0,0
"1077",33,3,49,1,37,8,33
"1078",31,3,44,6,28,6,31
"1079",37,8,44,7,35,12,33
"1080",30,6,33,2,22,13,34
"1081",38,1,46,6,24,4,36
"1082",29,2,56,6,27,4,40
"1083",22,0,43,0,0,0,0
"1084",32,4,53,1,22,7,35
"1085",30,4,47,5,32,3,28
"1086",37,0,58,0,0,0,0
"1087",0,0,0,0,0,0,0
"1088",34,2,43,2,31,5,39
"1089",0,0,0,0,0,0,0
"1090",37,0,49,2,32,5,34
"1091",28,4,41,7,30,8,36
"1092",36,2,47,6,24,8,35
"1093",33,3,47,4,43,3,32
"1094",30,2,47,5,29,7,47
"1095",0,0,0,0,0,0,0
"1096",43,2,46,5,23,6,38
"1097",36,1,30,5,41,16,31
"1098",47,2,47,10,24,6,35
"1099",0,0,0,0,0,0,0
"1100",31,0,41,5,32,7,28
"1101",0,0,0,0,0,0,0
"1102",31,0,46,0,0,0,0
"1103",22,0,36,0,0,0,0
"1104",40,0,58,6,28,4,30
"1105",35,1,59,8,33,10,37
"1106",30,2,60,4,25,9,27
"1107",36,3,51,5,26,6,34
"1108",35,0,48,0,0,0,0
"1109",45,0,48,0,0,0,0
"1110",32,3,48,2,31,5,34
"1111",39,0,52,6,38,9,34
"1112",30,1,45,6,41,8,27
"1113",37,0,44,0,0,0,0
"1114",0,0,0,0,0,0,0
"1115",37,4,46,5,23,8,40
"1116",0,0,0,0,0,0,0
"1117",35,0,57,0,0,0,0
"1118",33,2,56,5,23,6,35
"1119",27,1,51,3,32,8,31
"1120",34,3,62,5,31,7,39
"1121",42,4,50,3,22,3,32
"1122",30,7,46,4,23,7,26
"1123",31,5,51,3,35,7,44
"1124",34,2,47,2,43,6,37
"1125",0,0,0,0,0,0,0
"1126",30,3,48,5,26,8,30
"1127",39,0,35,6,29,4,34
"1128",39,4,52,3,27,6,35
"1129",42,0,45,5,29,12,40
"1130",0,0,0,0,0,0,0
"1131",25,2,54,5,26,4,36
"1132",26,4,46,8,29,3,25
"1133",26,1,44,6,25,8,26
"1134",26,2,57,5,36,10,40
"1135",30,2,54,8,29,5,32
"1136",36,4,50,2,27,7,36
"1137",39,2,47,6,31,5,29
"1138",25,1,47,7,29,6,30
"1139",27,1,61,4,21,5,29
"1140",29,7,53,5,24,11,40
"1141",32,2,39,11,32,6,26
"1142",45,3,41,3,27,7,30
"1143",27,2,41,5,35,9,40
"1144",32,3,43,5,29,6,35
"1145",26,0,41,4,37,10,41
"1146",42,4,53,7,29,7,38
"1147",0,0,0,0,0,0,0
"1148",30,3,51,5,25,8,35
"1149",25,1,44,12,34,7,27
"1150",36,0,45,3,31,7,29
"1151",41,4,61,10,41,8,32
"1152",43,3,49,7,23,3,31
"1153",34,5,39,7,30,4,40
"1154",34,0,45,0,0,0,0
"1155",20,1,49,4,29,1,35
"1156",26,2,61,5,28,4,30
"1157",24,3,55,6,35,10,35
"1158",27,2,58,9,24,6,28
"1159",39,3,50,5,32,6,37
"1160",24,4,46,5,26,9,25
"1161",37,2,59,11,29,10,35
"1162",37,5,50,5,27,8,28
"1163",29,3,49,5,27,8,29
"1164",38,4,55,3,28,4,27
"1165",0,0,0,0,0,0,0
"1166",28,2,50,4,31,8,33
"1167",34,2,48,3,34,9,36
"1168",30,2,49,3,32,4,22
"1169",37,3,51,3,28,6,42
"1170",26,3,45,4,35,10,39
"1171",34,4,49,9,30,4,27
"1172",33,5,44,6,27,6,29
"1173",30,2,53,5,42,6,32
"1174",38,4,44,6,24,4,22
"1175",26,1,49,4,32,9,29
"1176",42,1,54,3,29,7,36
"1177",31,3,47,7,31,8,44
"1178",47,2,41,2,42,5,32
"1179",47,0,42,0,0,0,0
"1180",29,4,46,6,35,9,38
"1181",44,3,59,6,22,10,28
"1182",32,0,49,0,0,0,0
"1183",29,3,59,5,18,8,31
"1184",28,2,56,4,34,9,34
"1185",0,0,0,0,0,0,0
"1186",29,2,55,6,20,12,30
"1187",34,7,51,5,28,6,30
"1188",40,0,47,0,0,0,0
"1189",32,3,49,7,27,11,37
"1190",23,2,46,7,27,8,33
"1191",0,0,0,0,0,0,0
"1192",21,1,57,6,23,10,38
"1193",31,3,63,9,22,8,37
"1194",46,2,54,8,35,12,42
"1195",25,5,40,8,25,8,33
"1196",30,2,43,4,33,14,31
"1197",0,0,0,0,0,0,0
"1198",42,6,58,2,31,6,38
"1199",28,0,43,0,0,0,0
"1200",38,0,62,0,0,1,0
"1201",36,2,47,2,26,9,41
"1202",0,0,0,0,0,0,0
"1203",33,5,45,5,26,2,29
"1204",36,2,45,6,33,8,39
"1205",0,0,0,0,0,0,0
"1206",39,3,54,3,23,10,28
"1207",37,3,38,2,28,4,29
"1208",39,1,52,6,31,9,36
"1209",37,0,40,0,0,0,0
"1210",36,0,45,0,0,0,0
"1211",37,0,51,0,0,0,0
"1212",38,4,49,1,31,8,30
"1213",43,1,49,2,36,8,29
"1214",0,0,0,0,0,0,0
"1215",26,1,58,5,23,3,31
"1216",35,2,55,8,31,7,29
"1217",34,0,46,0,0,0,0
"1218",34,1,38,4,31,6,37
"1219",29,2,46,2,25,7,38
"1220",35,4,39,6,32,5,29
"1221",41,5,44,2,29,10,42
"1222",34,0,55,3,27,9,28
"1223",30,3,38,3,30,6,43
"1224",29,0,52,0,0,0,0
"1225",29,2,50,6,30,7,42
"1226",0,0,0,0,0,0,0
"1227",34,0,53,0,0,0,0
"1228",30,4,67,5,29,4,34
"1229",34,2,54,4,24,8,37
"1230",0,0,0,0,0,0,0
"1231",32,0,58,4,29,5,32
"1232",28,2,50,6,29,7,42
"1233",0,0,0,0,0,0,0
"1234",34,1,54,4,32,10,30
"1235",30,2,42,6,23,5,35
"1236",26,2,55,5,29,9,33
"1237",32,3,42,5,31,6,31
"1238",26,4,42,4,31,6,29
"1239",28,1,46,4,28,10,41
"1240",32,3,53,4,29,11,36
"1241",0,0,0,0,0,0,0
"1242",29,1,46,3,29,9,39
"1243",25,3,48,10,25,7,31
"1244",38,6,51,4,28,7,36
"1245",28,1,45,6,29,5,36
"1246",39,3,59,2,22,5,39
"1247",32,1,49,3,23,9,34
"1248",41,1,56,7,25,8,35
"1249",33,2,53,9,20,15,39
"1250",35,1,52,3,22,7,31
"1251",0,0,0,0,0,0,0
"1252",34,4,45,4,24,3,40
"1253",36,0,47,0,0,0,0
"1254",33,0,61,0,0,0,0
"1255",26,3,64,6,32,12,31
"1256",28,2,44,3,34,10,27
"1257",38,1,46,5,33,8,36
"1258",35,2,46,3,30,7,39
"1259",36,3,59,3,31,7,37
"1260",33,3,55,6,35,6,29
"1261",31,1,38,7,35,6,38
"1262",32,0,45,0,0,0,0
"1263",0,0,0,0,0,0,0
"1264",38,1,48,7,25,6,41
"1265",35,2,49,1,25,4,33
"1266",32,7,46,9,29,7,37
"1267",30,3,44,5,25,5,33
"1268",24,2,39,4,31,8,31
"1269",29,1,41,5,34,10,35
"1270",0,0,0,0,0,0,0
"1271",0,0,0,0,0,0,0
"1272",32,3,48,5,34,7,42
"1273",36,1,55,2,31,11,32
"1274",30,4,54,4,26,4,34
"1275",33,5,54,7,29,3,38
"1276",43,1,46,6,26,5,22
"1277",40,2,40,4,28,7,30
"1278",42,3,42,3,26,4,35
"1279",31,0,47,0,0,0,0
"1280",50,1,43,5,31,8,27
"1281",30,3,43,3,28,8,30
"1282",32,2,46,8,27,7,31
"1283",29,2,55,4,25,8,32
"1284",39,0,56,9,25,8,30
"1285",35,3,49,7,27,10,40
"1286",39,3,47,5,31,2,32
"1287",35,3,52,7,27,7,27
"1288",38,3,68,4,28,6,34
"1289",32,3,46,8,30,4,31
"1290",32,0,56,0,0,0,0
"1291",0,0,0,0,0,0,0
"1292",38,2,57,4,35,3,36
"1293",40,3,39,5,23,10,23
"1294",32,1,57,6,30,7,34
"1295",25,0,50,0,0,0,0
"1296",30,3,39,5,35,9,32
"1297",33,1,65,5,27,8,38
"1298",39,4,30,4,15,3,28
"1299",31,1,50,6,35,11,38
"1300",27,0,59,0,0,0,0
"1301",36,4,45,6,36,6,29
"1302",40,5,53,8,33,14,31
"1303",34,1,48,4,31,3,32
"1304",32,2,49,4,36,5,29
"1305",32,3,46,3,29,5,36
"1306",0,0,0,0,0,0,0
"1307",34,0,50,0,0,0,0
"1308",42,3,46,4,29,5,30
"1309",0,0,0,0,0,0,0
"1310",43,3,52,6,41,5,31
"1311",34,1,53,7,32,2,30
"1312",25,3,52,4,31,12,45
"1313",33,2,53,3,23,11,34
"1314",30,3,43,5,16,9,27
"1315",27,0,46,0,0,0,0
"1316",0,0,0,0,0,0,0
"1317",38,5,44,4,28,7,33
"1318",28,1,47,6,30,8,36
"1319",39,2,64,5,28,10,38
"1320",0,0,0,0,0,0,0
"1321",40,2,47,10,30,5,32
"1322",0,0,0,0,0,0,0
"1323",0,0,0,0,0,0,0
"1324",0,0,0,0,0,0,0
"1325",38,0,55,6,26,3,31
"1326",27,1,53,6,29,5,34
"1327",28,0,55,0,0,0,0
"1328",33,1,49,1,29,6,36
"1329",26,3,52,7,20,5,37
"1330",31,3,43,5,31,9,35
"1331",0,0,0,0,0,0,0
"1332",28,2,49,6,25,9,30
"1333",40,5,44,4,20,5,36
"1334",51,2,58,5,25,8,36
"1335",0,0,0,0,0,0,0
"1336",0,0,0,0,0,0,0
"1337",0,0,0,0,0,0,0
"1338",46,2,53,4,25,7,34
"1339",33,1,52,4,33,10,36
"1340",0,0,0,0,0,0,0
"1341",32,0,57,0,0,0,0
"1342",32,3,43,5,30,8,38
"1343",32,0,49,7,32,7,38
"1344",25,5,50,7,23,6,33
"1345",30,0,46,2,25,3,28
"1346",31,2,47,5,31,6,33
"1347",48,7,60,9,26,10,36
"1348",0,0,0,0,0,0,0
"1349",52,1,45,3,33,4,34
"1350",41,0,61,4,24,3,31
"1351",0,0,0,0,0,0,0
"1352",36,1,60,5,31,7,42
"1353",26,3,44,5,33,9,34
"1354",0,0,0,0,0,0,0
"1355",27,1,48,5,26,8,33
"1356",0,0,0,0,0,0,0
"1357",29,4,48,4,32,3,27
"1358",35,1,52,3,40,8,35
"1359",40,3,50,6,24,10,39
"1360",35,2,42,3,29,9,34
"1361",0,0,0,0,0,0,0
"1362",29,2,45,8,26,7,28
"1363",24,3,34,4,27,4,32
"1364",30,0,33,4,33,8,28
"1365",25,0,54,0,0,0,0
"1366",0,0,0,0,0,0,0
"1367",0,0,0,0,0,0,0
"1368",31,5,44,7,31,5,34
"1369",30,2,53,8,30,8,36
"1370",45,6,41,8,33,6,28
"1371",34,3,58,5,21,11,33
"1372",38,3,45,1,34,5,30
"1373",0,0,0,0,0,0,0
"1374",29,0,60,0,0,0,0
"1375",35,1,46,9,28,7,41
"1376",35,3,44,2,28,4,32
"1377",26,3,41,6,29,5,30
"1378",24,6,52,6,33,6,32
"1379",25,3,50,8,31,6,30
"1380",33,2,44,2,19,7,28
"1381",27,0,46,0,0,0,0
"1382",37,2,57,6,28,8,40
"1383",37,1,60,6,29,9,33
"1384",26,3,60,2,30,5,27
"1385",29,1,53,3,31,6,40
"1386",30,0,48,6,30,8,35
"1387",27,4,44,7,31,5,31
"1388",26,3,40,4,26,14,42
"1389",43,4,39,4,33,7,35
"1390",27,0,55,0,0,0,0
"1391",35,3,41,4,31,6,35
"1392",39,1,46,4,26,14,39
"1393",30,4,36,5,37,7,35
"1394",28,3,48,5,29,2,38
"1395",29,1,46,5,34,10,31
"1396",33,1,42,5,34,11,34
"1397",34,3,29,5,22,10,30
"1398",21,2,57,8,28,5,33
"1399",34,3,41,3,25,5,31
"1400",40,1,53,1,23,6,27
"1401",0,0,0,0,0,0,0
"1402",34,0,51,0,0,0,0
"1403",30,2,37,7,33,5,20
"1404",26,3,44,8,24,10,37
"1405",34,5,50,5,28,6,28
"1406",33,4,51,7,30,11,37
"1407",33,1,61,9,24,5,38
"1408",36,6,43,9,29,3,33
"1409",0,0,0,0,0,0,0
"1410",32,5,62,3,27,6,32
"1411",29,4,40,9,30,4,35
"1412",38,2,56,5,29,7,30
"1413",40,5,46,4,27,7,36
"1414",38,0,56,0,0,0,0
"1415",39,2,47,6,25,5,40
"1416",0,0,0,0,0,0,0
"1417",45,2,50,7,26,6,31
"1418",25,4,42,6,32,6,38
"1419",33,1,48,6,29,7,37
"1420",25,2,39,4,30,10,31
"1421",26,1,58,4,24,5,34
"1422",43,3,42,4,33,8,33
"1423",20,1,37,4,25,5,29
"1424",37,4,42,8,34,7,44
"1425",34,6,41,4,24,9,34
"1426",0,0,0,0,0,0,0
"1427",34,1,42,5,37,10,29
"1428",29,2,54,7,30,6,30
"1429",31,4,38,4,22,11,38
"1430",0,0,0,0,0,0,0
"1431",0,0,0,0,0,0,0
"1432",41,0,45,0,0,0,0
"1433",40,2,56,5,25,5,22
"1434",40,0,51,5,36,4,36
"1435",28,4,34,7,26,6,40
"1436",30,0,66,0,0,0,0
"1437",27,4,45,5,28,9,51
"1438",29,2,47,2,23,6,34
"1439",34,3,55,4,34,8,35
"1440",34,0,50,0,1,0,0
"1441",0,0,0,0,0,0,0
"1442",37,4,57,5,33,10,30
"1443",27,3,59,5,27,5,25
"1444",38,2,54,2,33,7,36
"1445",41,0,54,0,0,0,0
"1446",39,0,50,0,0,0,0
"1447",34,7,53,6,36,9,31
"1448",33,4,57,4,23,6,36
"1449",37,2,45,2,32,8,35
"1450",34,4,41,3,28,5,30
"1451",33,4,52,6,33,6,37
"1452",30,2,38,3,19,10,39
"1453",0,0,0,0,0,0,0
"1454",33,3,40,8,21,8,28
"1455",31,0,44,0,0,0,1
"1456",38,0,46,0,0,0,0
"1457",36,0,49,3,33,7,32
"1458",42,2,48,4,29,7,38
"1459",27,0,51,0,0,0,0
"1460",28,1,42,4,24,6,34
"1461",41,2,44,4,34,9,40
"1462",25,0,48,5,27,6,41
"1463",26,0,38,2,30,5,33
"1464",31,1,52,2,21,4,34
"1465",37,1,57,5,30,1,33
"1466",37,0,54,0,1,0,0
"1467",44,2,53,5,22,7,38
"1468",0,0,0,0,0,0,0
"1469",30,0,52,0,0,0,0
"1470",34,2,54,3,28,8,29
"1471",39,0,51,0,0,0,0
"1472",25,3,43,6,23,8,39
"1473",40,2,50,9,28,7,32
"1474",38,1,39,7,34,6,38
"1475",0,0,0,0,0,0,0
"1476",41,1,43,2,29,8,32
"1477",23,3,52,8,21,16,43
"1478",35,5,48,6,37,4,38
"1479",0,0,0,0,0,0,0
"1480",30,7,44,4,25,8,27
"1481",41,2,57,6,31,7,36
"1482",0,0,0,0,0,0,0
"1483",31,5,50,8,27,4,34
"1484",25,1,44,3,26,11,33
"1485",30,1,48,3,33,7,33
"1486",0,0,0,0,0,0,0
"1487",29,5,42,8,25,5,36
"1488",38,2,42,2,35,3,36
"1489",36,2,42,6,25,2,33
"1490",25,0,54,0,0,0,0
"1491",35,3,51,7,25,8,33
"1492",36,1,45,6,36,5,39
"1493",31,0,54,0,0,0,0
"1494",38,6,51,7,25,8,30
"1495",42,0,50,6,28,7,31
"1496",26,2,43,7,36,3,39
"1497",29,1,42,9,24,6,37
"1498",31,0,43,0,0,0,0
"1499",39,2,51,3,19,13,31
"1500",26,1,48,4,31,8,33
"1501",34,1,47,6,29,6,35
"1502",31,3,51,5,25,10,34
"1503",37,3,60,6,26,6,33
"1504",37,1,45,3,19,6,31
"1505",36,2,54,8,37,9,35
"1506",35,3,48,6,16,11,28
"1507",32,1,43,2,25,14,33
"1508",30,0,47,7,30,6,37
"1509",0,0,0,0,0,0,0
"1510",32,1,50,6,32,6,29
"1511",30,0,54,0,0,0,0
"1512",0,0,0,0,0,0,0
"1513",36,3,47,3,25,7,34
"1514",29,2,48,7,27,8,28
"1515",35,0,51,0,0,0,0
"1516",25,6,40,9,27,3,34
"1517",44,3,43,5,36,5,25
"1518",31,0,42,0,0,0,0
"1519",27,1,52,3,33,5,33
"1520",41,1,53,6,31,12,33
"1521",43,6,48,5,30,6,39
"1522",24,3,59,5,32,6,38
"1523",32,2,51,5,35,10,35
"1524",0,0,0,0,0,0,0
"1525",28,4,51,4,32,10,40
"1526",31,4,59,7,30,10,27
"1527",0,0,0,0,0,0,0
"1528",0,0,0,0,0,0,0
"1529",35,1,46,7,30,5,34
"1530",30,4,51,5,33,7,37
"1531",0,0,0,0,0,0,0
"1532",35,0,33,8,23,6,34
"1533",38,4,59,5,36,10,33
"1534",24,2,54,4,26,6,27
"1535",38,1,43,4,38,7,28
"1536",33,6,56,7,36,5,33
"1537",32,0,55,0,0,0,0
"1538",14,4,53,8,29,3,31
"1539",0,0,0,0,0,0,0
"1540",49,4,54,3,31,6,30
"1541",32,1,59,6,30,5,28
"1542",41,3,53,6,28,9,32
"1543",33,0,46,4,23,10,26
"1544",40,3,51,5,28,8,36
"1545",38,1,55,7,35,8,35
"1546",27,0,47,0,0,0,0
"1547",27,0,46,5,25,9,26
"1548",39,5,57,7,31,5,36
"1549",29,2,49,5,36,7,30
"1550",28,2,34,3,31,10,31
"1551",36,1,57,8,31,7,42
"1552",43,2,45,3,39,5,31
"1553",31,4,40,10,24,3,19
"1554",37,0,53,5,32,9,37
"1555",40,4,46,4,29,7,26
"1556",33,1,47,7,34,11,32
"1557",35,4,60,8,32,6,35
"1558",34,0,59,3,26,3,32
"1559",37,3,56,3,30,5,31
"1560",40,0,46,0,0,0,0
"1561",35,3,60,6,37,3,47
"1562",35,2,53,3,27,5,41
"1563",0,0,0,0,0,0,0
"1564",29,2,50,4,31,7,46
"1565",0,0,0,0,0,0,0
"1566",36,3,45,3,35,8,32
"1567",27,2,50,5,31,9,38
"1568",42,3,45,2,21,8,33
"1569",35,2,50,3,33,7,33
"1570",41,0,54,0,0,0,0
"1571",0,0,0,0,0,0,0
"1572",32,5,45,10,27,7,33
"1573",36,2,40,4,30,11,33
"1574",34,3,54,6,25,7,33
"1575",35,0,43,0,0,0,0
"1576",36,0,49,0,0,0,0
"1577",33,3,61,5,32,12,30
"1578",32,2,39,4,31,8,32
"1579",42,1,45,1,22,3,28
"1580",21,4,50,6,39,6,38
"1581",0,0,0,0,0,0,0
"1582",32,2,49,3,32,6,26
"1583",37,1,55,5,22,3,36
"1584",0,0,0,0,0,0,0
"1585",0,0,0,0,0,0,0
"1586",32,1,52,4,32,7,40
"1587",28,0,52,0,4,0,1
"1588",0,0,0,0,0,0,0
"1589",31,1,40,2,27,11,32
"1590",0,0,0,0,0,0,0
"1591",24,2,52,6,27,9,38
"1592",0,0,0,0,0,0,0
"1593",38,3,47,3,34,11,38
"1594",34,3,57,6,22,4,35
"1595",24,0,49,7,30,5,32
"1596",35,3,54,6,30,5,29
"1597",30,3,52,0,29,8,27
"1598",40,4,54,4,27,3,32
"1599",0,0,0,0,0,0,0
"1600",37,1,49,5,30,12,31
"1601",23,4,50,8,33,6,33
"1602",34,2,43,5,33,6,30
"1603",33,0,43,3,30,8,32
"1604",42,0,51,0,0,0,0
"1605",35,3,43,4,30,5,32
"1606",32,1,58,5,33,6,42
"1607",30,6,65,9,33,3,32
"1608",32,1,45,10,32,9,44
"1609",37,2,44,5,21,9,37
"1610",40,1,50,7,26,9,37
"1611",28,3,58,7,19,9,36
"1612",31,6,46,3,31,7,38
"1613",34,2,54,6,35,12,34
"1614",28,6,46,5,27,9,30
"1615",25,1,53,3,24,6,36
"1616",28,2,43,6,31,7,36
"1617",30,1,49,1,30,6,31
"1618",35,3,41,4,27,9,36
"1619",0,0,0,0,0,0,0
"1620",0,0,0,0,0,0,0
"1621",0,0,1,0,0,0,0
"1622",26,4,52,3,25,5,31
"1623",35,0,46,0,0,0,1
"1624",25,1,38,8,35,7,35
"1625",34,2,38,8,30,10,34
"1626",30,1,43,4,25,12,37
"1627",27,0,35,7,28,6,27
"1628",35,0,55,9,23,9,28
"1629",40,0,49,0,0,0,0
"1630",22,6,60,5,22,8,28
"1631",34,3,59,3,27,10,34
"1632",31,4,49,7,26,3,28
"1633",35,0,45,0,0,0,0
"1634",36,1,46,2,36,10,41
"1635",29,1,56,5,25,8,32
"1636",34,3,41,7,30,6,37
"1637",39,3,42,6,29,9,37
"1638",32,1,63,5,31,4,38
"1639",24,0,47,0,0,0,0
"1640",35,2,52,6,20,10,42
"1641",33,2,48,6,31,7,37
"1642",31,0,64,0,0,0,0
"1643",39,2,48,3,29,11,33
"1644",27,3,43,5,35,4,29
"1645",34,0,45,0,0,0,0
"1646",38,3,50,2,31,11,33
"1647",37,1,55,4,29,10,29
"1648",36,1,66,8,35,3,36
"1649",43,1,53,6,31,10,41
"1650",31,0,44,0,0,0,0
"1651",35,3,50,4,26,4,36
"1652",26,2,61,2,25,6,27
"1653",33,0,48,5,27,9,39
"1654",42,1,48,6,36,10,34
"1655",34,2,57,2,36,3,40
"1656",43,2,46,8,27,7,41
"1657",42,0,51,7,28,9,34
"1658",34,5,57,4,34,7,36
"1659",36,0,63,0,0,0,0
"1660",37,5,60,3,27,7,33
"1661",42,0,60,0,0,0,0
"1662",44,4,50,3,30,6,33
"1663",37,2,54,6,34,11,36
"1664",0,0,0,0,0,0,0
"1665",32,2,48,5,30,8,40
"1666",0,0,0,0,0,0,0
"1667",33,0,49,4,26,6,41
"1668",32,3,50,6,25,6,40
"1669",34,3,53,2,35,6,36
"1670",25,2,54,5,43,11,36
"1671",48,3,53,5,27,9,37
"1672",35,3,54,5,19,6,37
"1673",43,6,41,1,31,12,31
"1674",35,0,54,0,0,0,0
"1675",34,2,46,3,34,11,29
"1676",32,3,41,6,26,9,30
"1677",37,0,55,0,0,0,0
"1678",28,2,49,3,33,11,32
"1679",29,6,42,6,22,12,29
"1680",30,3,68,8,22,6,29
"1681",35,0,60,0,1,0,0
"1682",38,2,50,6,39,10,27
"1683",43,0,64,0,0,0,0
"1684",32,3,43,5,27,13,34
"1685",0,0,0,0,0,0,0
"1686",27,4,45,5,24,9,31
"1687",32,1,51,1,34,12,41
"1688",41,3,42,8,26,4,36
"1689",33,4,44,4,34,11,30
"1690",40,4,37,8,31,8,40
"1691",43,4,51,4,29,12,42
"1692",35,5,54,6,29,9,28
"1693",22,3,37,2,30,7,37
"1694",30,5,58,3,30,7,32
"1695",38,2,55,8,28,9,28
"1696",31,0,43,0,0,0,0
"1697",34,1,56,3,27,7,35
"1698",45,1,44,2,26,8,30
"1699",35,5,49,7,31,9,39
"1700",30,0,50,6,23,8,37
"1701",30,2,50,3,25,8,35
"1702",34,4,48,2,24,4,31
"1703",35,3,45,6,33,6,36
"1704",31,1,55,7,31,5,28
"1705",0,0,0,0,0,0,0
"1706",31,4,41,3,28,5,43
"1707",22,4,47,7,25,5,27
"1708",30,6,43,6,34,5,32
"1709",32,0,42,0,0,0,0
"1710",31,2,54,12,22,7,35
"1711",32,0,42,0,0,0,0
"1712",0,0,0,0,0,0,0
"1713",33,3,49,6,30,12,37
"1714",0,0,0,0,0,0,0
"1715",29,1,59,3,25,7,28
"1716",31,0,43,0,0,0,0
"1717",35,1,50,4,28,3,29
"1718",31,3,58,3,23,10,31
"1719",28,1,53,3,33,9,22
"1720",32,3,53,14,26,8,45
"1721",34,1,43,5,33,2,36
"1722",39,2,40,1,29,3,43
"1723",37,2,45,6,22,7,33
"1724",30,2,49,9,33,9,34
"1725",29,4,46,6,32,12,34
"1726",48,1,60,3,24,4,35
"1727",32,3,50,2,30,6,28
"1728",44,0,41,0,0,0,0
"1729",35,3,51,6,29,6,31
"1730",30,4,49,3,27,11,34
"1731",34,0,49,0,1,0,0
"1732",41,1,52,4,31,4,35
"1733",36,0,48,0,0,0,0
"1734",37,3,62,7,26,4,38
"1735",33,2,50,1,31,9,38
"1736",25,0,38,0,0,0,0
"1737",30,0,49,4,28,7,29
"1738",38,2,59,5,29,4,38
"1739",34,1,51,8,33,8,37
"1740",34,3,38,4,24,5,34
"1741",29,0,47,0,0,0,0
"1742",22,4,46,1,27,7,31
"1743",27,3,49,5,23,10,34
"1744",35,3,46,4,37,10,41
"1745",0,0,0,0,0,0,0
"1746",39,1,43,6,26,7,30
"1747",33,3,57,10,26,2,33
"1748",35,0,43,0,1,0,1
"1749",0,0,0,0,0,0,0
"1750",0,0,0,0,0,0,0
"1751",36,0,50,0,0,0,0
"1752",32,3,58,6,25,8,32
"1753",35,0,48,0,0,0,0
"1754",34,2,58,9,37,9,41
"1755",0,0,0,0,0,0,0
"1756",36,4,51,5,28,11,23
"1757",32,1,33,3,28,7,32
"1758",37,4,48,6,28,10,34
"1759",33,3,53,5,26,7,34
"1760",25,0,57,0,0,0,0
"1761",35,0,46,1,0,0,0
"1762",26,5,51,5,30,9,37
"1763",28,4,40,5,31,5,29
"1764",41,3,64,6,36,7,36
"1765",35,1,44,4,29,8,43
"1766",41,2,54,5,30,7,33
"1767",43,0,55,3,25,9,31
"1768",35,0,42,7,29,9,29
"1769",37,1,49,5,28,5,42
"1770",38,5,47,5,22,14,38
"1771",36,5,45,4,32,5,28
"1772",27,3,45,3,33,7,37
"1773",27,2,62,2,39,8,32
"1774",25,0,45,3,30,11,34
"1775",38,2,48,5,28,10,40
"1776",0,0,0,0,0,0,0
"1777",40,0,48,6,23,10,32
"1778",0,0,0,0,0,0,0
"1779",40,2,37,7,38,6,50
"1780",23,2,57,4,29,3,37
"1781",22,3,47,6,25,4,35
"1782",29,4,44,5,28,4,38
"1783",29,3,49,8,33,5,25
"1784",42,2,55,7,28,2,33
"1785",36,0,39,0,1,0,1
"1786",29,1,49,7,34,9,37
"1787",28,2,56,6,36,5,38
"1788",34,1,64,7,24,7,29
"1789",34,2,55,2,22,8,33
"1790",0,0,0,0,0,0,0
"1791",31,3,46,5,36,6,31
"1792",30,8,50,4,31,6,37
"1793",30,1,45,4,32,7,33
"1794",38,4,50,3,26,10,38
"1795",37,0,45,5,23,9,23
"1796",0,0,0,0,0,0,0
"1797",35,1,55,3,32,9,34
"1798",0,0,0,0,0,0,0
"1799",0,0,0,0,0,0,0
"1800",42,3,55,5,31,6,33
"1801",33,4,47,5,30,6,30
"1802",33,1,44,6,35,10,33
"1803",35,0,40,0,0,0,0
"1804",33,2,50,8,26,5,30
"1805",30,0,51,0,0,0,0
"1806",34,3,52,5,37,9,35
"1807",31,0,49,0,0,0,0
"1808",40,0,46,0,1,0,0
"1809",34,2,43,6,29,9,31
"1810",36,2,56,7,32,7,35
"1811",35,2,53,4,29,6,33
"1812",33,0,45,0,0,0,0
"1813",42,0,58,0,0,0,0
"1814",29,5,40,7,31,6,42
"1815",34,0,49,2,28,6,32
"1816",39,3,56,6,22,9,35
"1817",32,3,56,6,27,3,35
"1818",41,3,59,3,28,10,35
"1819",0,0,0,0,0,0,0
"1820",43,4,47,5,39,7,35
"1821",0,0,0,0,0,0,0
"1822",28,5,42,4,31,10,38
"1823",37,2,44,4,38,8,36
"1824",25,3,56,9,23,7,32
"1825",0,0,0,0,0,0,0
"1826",31,2,33,5,33,5,37
"1827",42,1,41,5,31,6,31
"1828",26,4,52,4,22,5,28
"1829",29,1,50,1,27,10,38
"1830",41,0,52,5,25,8,34
"1831",35,2,35,6,28,8,36
"1832",42,0,59,0,0,0,0
"1833",41,0,43,0,0,0,0
"1834",33,1,62,4,26,4,29
"1835",42,0,49,0,0,0,0
"1836",40,0,42,0,31,8,41
"1837",34,6,61,9,32,11,35
"1838",24,2,50,6,27,2,38
"1839",43,3,60,6,28,6,37
"1840",28,4,44,9,29,14,35
"1841",33,0,60,0,0,0,0
"1842",37,1,44,4,25,4,24
"1843",40,4,56,7,33,4,33
"1844",33,1,41,3,28,11,28
"1845",37,3,47,9,26,5,30
"1846",31,0,60,3,16,2,32
"1847",29,3,43,4,28,4,32
"1848",0,0,0,0,0,0,0
"1849",28,1,37,0,33,9,28
"1850",0,0,0,0,0,0,0
"1851",38,0,52,0,0,0,0
"1852",0,0,0,0,0,0,0
"1853",28,5,54,15,26,6,35
"1854",36,3,60,4,37,9,40
"1855",42,4,41,3,35,8,36
"1856",26,3,55,9,29,5,39
"1857",27,1,45,4,33,5,26
"1858",29,4,47,7,26,5,37
"1859",41,1,61,2,36,9,33
"1860",31,2,59,1,26,11,32
"1861",42,4,57,2,20,5,21
"1862",33,4,45,3,23,4,39
"1863",31,4,65,2,31,7,33
"1864",24,4,47,6,19,9,35
"1865",50,3,56,4,29,9,41
"1866",34,4,49,2,36,5,43
"1867",28,3,54,1,36,12,41
"1868",41,4,51,3,27,9,33
"1869",36,2,48,6,34,4,37
"1870",0,0,0,0,0,0,0
"1871",39,3,45,7,33,5,29
"1872",41,1,45,3,26,5,29
"1873",31,4,57,5,26,11,31
"1874",25,2,49,10,28,7,41
"1875",39,2,39,5,23,8,37
"1876",42,4,52,6,29,8,30
"1877",40,3,46,9,26,10,32
"1878",35,2,60,3,26,9,37
"1879",36,2,45,8,27,9,30
"1880",22,3,44,1,30,8,38
"1881",38,2,46,6,26,16,32
"1882",30,2,35,4,29,6,32
"1883",26,1,46,6,22,4,32
"1884",39,0,57,0,0,0,0
"1885",25,2,62,6,29,15,39
"1886",0,0,0,0,0,0,0
"1887",28,2,51,5,34,8,41
"1888",0,0,0,0,0,0,0
"1889",0,0,0,0,0,0,0
"1890",0,0,0,0,0,0,0
"1891",33,3,47,5,36,6,29
"1892",0,0,0,0,0,0,0
"1893",34,0,52,0,0,0,0
"1894",39,2,42,4,25,11,29
"1895",32,4,42,8,38,8,38
"1896",0,0,1,0,0,0,0
"1897",35,2,56,5,39,8,35
"1898",47,3,43,6,30,6,22
"1899",32,1,55,5,27,5,33
"1900",36,2,54,5,34,12,27
"1901",32,2,45,2,32,9,39
"1902",29,3,59,2,28,5,35
"1903",24,6,48,7,27,8,35
"1904",35,3,56,5,43,5,34
"1905",25,3,46,5,41,11,33
"1906",34,3,59,4,24,9,34
"1907",33,1,46,5,41,10,37
"1908",0,0,0,0,0,0,0
"1909",37,3,49,5,27,4,36
"1910",39,3,51,4,26,4,31
"1911",0,0,0,0,0,0,0
"1912",30,1,56,5,35,9,34
"1913",35,2,40,5,30,4,31
"1914",32,1,44,5,26,6,24
"1915",0,0,0,0,0,0,0
"1916",31,0,46,5,35,3,37
"1917",30,2,53,3,24,12,33
"1918",25,4,49,6,31,8,40
"1919",33,0,49,8,29,10,27
"1920",33,1,55,9,23,6,26
"1921",28,2,49,1,32,8,36
"1922",29,3,54,2,24,10,38
"1923",37,3,53,5,31,11,28
"1924",35,0,44,0,0,0,0
"1925",45,2,43,6,31,4,39
"1926",32,2,57,5,26,5,29
"1927",29,0,48,0,0,0,0
"1928",36,0,46,0,0,0,0
"1929",33,1,44,8,36,9,38
"1930",32,5,54,6,26,7,28
"1931",40,3,59,7,32,9,29
"1932",28,0,38,0,0,0,0
"1933",39,5,71,4,30,5,35
"1934",0,0,0,0,0,0,0
"1935",31,1,46,2,42,7,30
"1936",37,3,48,6,29,5,37
"1937",49,8,34,5,30,8,31
"1938",39,0,46,0,0,0,0
"1939",34,1,56,6,28,10,34
"1940",36,3,38,8,28,11,27
"1941",32,2,49,8,36,14,36
"1942",20,3,49,10,29,6,34
"1943",35,2,49,7,20,8,31
"1944",31,1,42,4,34,5,37
"1945",31,5,57,4,27,11,28
"1946",38,3,59,3,21,6,31
"1947",31,3,57,3,20,5,29
"1948",36,3,46,6,30,5,39
"1949",30,0,50,0,0,0,0
"1950",23,4,55,6,30,6,32
"1951",35,0,54,4,24,5,36
"1952",0,0,0,0,0,0,0
"1953",37,4,55,5,31,5,33
"1954",30,0,42,0,0,0,0
"1955",25,3,47,11,36,13,31
"1956",32,1,53,3,38,7,32
"1957",41,4,73,3,30,8,31
"1958",34,0,49,0,0,0,0
"1959",50,5,54,5,32,6,37
"1960",0,0,1,0,0,0,0
"1961",27,1,48,6,28,8,25
"1962",36,0,47,5,30,9,30
"1963",26,0,53,10,32,7,35
"1964",31,1,53,5,26,7,41
"1965",40,4,46,6,28,7,34
"1966",34,5,56,2,27,10,30
"1967",27,1,51,4,24,9,33
"1968",35,3,51,7,26,5,29
"1969",29,3,51,3,35,8,39
"1970",33,0,49,0,0,0,0
"1971",38,1,56,4,25,6,37
"1972",42,2,57,8,26,4,28
"1973",32,1,42,6,39,6,24
"1974",33,4,49,5,34,4,33
"1975",39,3,42,3,26,9,34
"1976",38,2,47,6,30,5,42
"1977",35,3,44,4,27,6,30
"1978",39,3,67,5,28,7,37
"1979",39,1,62,4,27,3,37
"1980",32,0,54,3,37,10,27
"1981",34,0,39,0,28,6,39
"1982",21,6,48,4,24,5,37
"1983",22,2,48,6,33,6,31
"1984",34,1,51,9,31,8,35
"1985",36,1,55,4,23,5,40
"1986",34,0,48,0,0,0,0
"1987",31,5,46,3,31,7,36
"1988",38,3,43,4,36,7,25
"1989",38,2,46,10,36,11,35
"1990",39,4,40,1,32,5,35
"1991",39,3,47,3,27,5,42
"1992",32,4,54,4,25,8,34
"1993",0,0,0,0,0,0,0
"1994",37,2,41,4,30,9,36
"1995",25,5,37,6,27,4,29
"1996",33,3,40,4,30,9,42
"1997",27,0,52,5,35,7,33
"1998",32,1,57,3,33,5,33
"1999",32,5,42,7,26,10,36
"2000",41,4,50,3,39,11,38
"2001",42,0,40,0,0,0,0
"2002",42,3,58,2,26,7,34
"2003",35,2,58,1,27,6,31
"2004",29,3,62,4,34,4,33
"2005",27,0,45,0,0,0,0
"2006",26,0,37,0,0,0,0
"2007",29,1,49,5,26,3,29
"2008",33,5,51,5,28,9,28
"2009",0,0,0,0,0,0,0
"2010",42,1,67,5,30,11,32
"2011",47,1,53,7,17,11,31
"2012",0,0,0,0,0,0,0
"2013",31,0,47,0,0,0,0
"2014",35,1,57,15,34,6,38
"2015",36,0,51,0,0,0,0
"2016",33,2,59,1,28,6,37
"2017",32,3,49,6,24,11,30
"2018",35,1,44,2,27,8,37
"2019",34,2,48,5,40,9,30
"2020",30,5,45,5,27,7,28
"2021",0,0,0,0,0,0,0
"2022",0,0,0,0,0,0,0
"2023",30,0,56,0,0,0,0
"2024",34,5,53,4,28,5,31
"2025",28,5,56,5,23,8,29
"2026",26,3,44,6,18,3,28
"2027",35,3,42,4,29,7,35
"2028",0,0,0,0,0,0,0
"2029",31,2,49,6,22,6,34
"2030",29,3,49,5,18,5,31
"2031",39,2,42,8,37,5,28
"2032",34,2,42,3,31,7,29
"2033",33,2,50,4,23,9,36
"2034",26,3,40,5,18,4,30
"2035",31,3,61,4,27,8,37
"2036",31,1,47,5,31,6,25
"2037",30,2,52,3,36,4,36
"2038",22,3,42,3,25,5,29
"2039",34,3,52,5,21,6,28
"2040",44,4,50,7,32,10,34
"2041",29,3,44,4,28,7,37
"2042",32,0,49,0,0,0,0
"2043",31,2,57,6,30,7,34
"2044",27,4,51,4,32,8,37
"2045",33,3,52,4,31,10,35
"2046",35,1,40,6,25,6,37
"2047",37,2,50,6,26,8,37
"2048",32,5,41,5,29,5,39
"2049",27,3,41,2,28,6,29
"2050",30,7,48,4,26,7,33
"2051",27,5,44,9,32,7,33
"2052",27,5,51,5,38,8,34
"2053",30,4,53,4,31,9,37
"2054",44,3,60,2,25,9,33
"2055",35,2,44,6,32,8,23
"2056",41,4,52,4,27,9,27
"2057",30,1,48,4,25,11,26
"2058",41,4,46,4,29,5,34
"2059",22,3,57,6,38,6,33
"2060",39,2,44,6,31,8,39
"2061",34,2,58,4,22,11,41
"2062",35,2,63,3,26,5,34
"2063",0,0,0,0,0,0,0
"2064",0,0,0,0,0,0,0
"2065",29,1,48,5,28,11,34
"2066",33,6,44,5,30,10,35
"2067",37,3,47,4,17,5,33
"2068",0,0,0,0,0,0,0
"2069",25,1,32,7,23,7,33
"2070",28,4,62,3,33,5,33
"2071",41,2,49,4,18,7,33
"2072",33,4,54,5,34,9,28
"2073",0,0,0,0,0,0,0
"2074",27,0,53,0,0,0,0
"2075",32,2,44,6,28,11,34
"2076",0,0,0,0,0,0,0
"2077",0,0,0,0,0,0,0
"2078",27,0,51,7,33,10,32
"2079",25,6,50,8,27,8,31
"2080",41,3,58,3,29,7,35
"2081",33,0,52,0,0,0,0
"2082",35,4,45,4,23,8,28
"2083",25,3,39,4,24,4,31
"2084",42,2,53,5,29,5,33
"2085",33,1,47,5,24,6,32
"2086",37,1,53,7,26,12,35
"2087",0,0,0,0,0,0,0
"2088",28,1,52,3,31,7,31
"2089",43,3,47,5,26,6,38
"2090",0,0,0,0,0,0,0
"2091",32,4,48,9,27,7,22
"2092",31,0,49,6,33,10,36
"2093",44,4,50,7,29,3,30
"2094",27,3,60,1,17,7,34
"2095",41,4,44,4,33,6,30
"2096",34,6,45,5,27,9,41
"2097",34,4,43,5,35,5,32
"2098",41,3,58,4,23,7,32
"2099",0,0,0,0,0,0,0
"2100",36,1,45,6,33,10,37
"2101",33,4,50,4,26,7,29
"2102",38,4,54,3,24,2,29
"2103",31,4,48,1,23,9,39
"2104",36,1,57,5,38,7,39
"2105",34,4,44,5,37,5,40
"2106",29,5,59,2,34,7,32
"2107",31,0,53,0,0,0,0
"2108",35,3,37,4,30,8,35
"2109",35,3,55,6,22,6,30
"2110",37,3,70,7,28,5,38
"2111",35,2,46,3,29,10,34
"2112",29,5,49,2,29,9,38
"2113",37,0,57,0,0,0,0
"2114",39,4,54,6,32,7,33
"2115",43,3,44,6,31,12,35
"2116",30,2,38,5,33,9,32
"2117",28,5,46,6,27,10,36
"2118",26,4,50,3,21,9,34
"2119",38,2,46,7,39,4,28
"2120",0,0,0,0,0,0,0
"2121",26,3,45,2,22,11,31
"2122",25,2,50,2,27,5,28
"2123",34,2,46,3,31,6,36
"2124",47,4,46,2,27,4,33
"2125",35,1,45,9,32,7,34
"2126",32,5,44,4,38,7,35
"2127",33,3,60,1,24,3,40
"2128",35,1,56,4,23,7,30
"2129",39,2,50,8,31,5,31
"2130",30,3,51,5,25,5,35
"2131",29,0,44,0,0,0,0
"2132",0,0,0,0,0,0,0
"2133",24,9,51,5,28,12,39
"2134",33,5,44,4,32,6,33
"2135",37,2,47,2,31,3,37
"2136",25,3,53,9,35,6,37
"2137",0,0,0,0,0,0,0
"2138",35,3,48,5,28,4,34
"2139",0,0,0,0,0,0,0
"2140",35,5,46,6,32,8,37
"2141",38,1,45,2,26,8,29
"2142",23,4,42,4,24,10,35
"2143",28,3,34,3,20,10,41
"2144",34,2,58,8,27,7,37
"2145",34,2,55,4,27,3,30
"2146",27,1,50,3,24,8,29
"2147",35,5,36,9,31,4,37
"2148",27,2,48,4,24,8,30
"2149",30,0,53,4,34,8,37
"2150",36,0,41,0,0,0,0
"2151",23,1,51,5,31,9,35
"2152",0,0,1,0,0,0,0
"2153",33,3,60,9,33,8,27
"2154",37,2,53,6,28,5,28
"2155",30,0,51,4,26,11,41
"2156",36,1,50,5,23,10,41
"2157",21,1,41,3,28,8,31
"2158",34,2,63,5,30,5,29
"2159",36,3,39,11,27,10,36
"2160",33,0,44,0,0,0,0
"2161",34,3,37,4,35,14,33
"2162",38,5,56,7,29,14,37
"2163",27,4,48,2,23,7,41
"2164",24,3,56,1,29,10,38
"2165",0,0,0,0,0,0,0
"2166",40,5,62,7,17,8,30
"2167",52,1,44,4,27,8,34
"2168",42,0,46,3,28,4,29
"2169",31,0,57,0,0,0,0
"2170",31,3,51,5,32,8,39
"2171",0,0,0,0,0,0,0
"2172",36,5,52,9,32,5,36
"2173",40,3,43,2,41,6,36
"2174",32,4,63,3,29,3,29
"2175",25,2,49,8,27,7,30
"2176",30,0,48,0,0,0,0
"2177",28,0,43,0,0,0,0
"2178",0,0,0,0,0,0,0
"2179",37,3,57,9,24,7,40
"2180",33,1,55,3,21,6,39
"2181",20,3,51,4,24,8,32
"2182",38,5,53,2,25,4,36
"2183",42,4,51,3,24,6,39
"2184",37,0,50,6,29,3,32
"2185",39,5,42,4,24,4,33
"2186",34,6,46,6,33,10,33
"2187",30,1,56,4,27,9,35
"2188",35,2,50,5,35,7,30
"2189",0,0,0,0,0,0,0
"2190",44,2,50,4,31,9,35
"2191",25,4,42,4,29,10,36
"2192",35,0,41,0,0,0,0
"2193",45,0,45,0,0,0,0
"2194",34,3,50,5,28,6,27
"2195",42,3,57,9,33,5,39
"2196",42,0,47,7,25,8,33
"2197",28,2,53,2,29,7,38
"2198",29,4,58,3,21,5,37
"2199",0,0,0,0,0,0,0
"2200",33,3,42,1,34,10,40
"2201",27,3,47,5,23,6,29
"2202",37,4,54,7,31,8,38
"2203",32,1,44,4,24,5,27
"2204",30,3,43,3,26,8,27
"2205",36,2,56,3,21,9,30
"2206",37,0,46,0,0,0,0
"2207",31,2,51,6,28,8,40
"2208",35,2,58,3,35,6,37
"2209",36,4,51,4,27,9,43
"2210",0,0,0,0,0,0,0
"2211",31,2,50,4,31,3,28
"2212",41,0,45,5,27,5,29
"2213",28,0,44,0,0,0,0
"2214",41,4,49,6,32,5,43
"2215",33,2,58,7,30,7,29
"2216",0,0,0,0,0,0,0
"2217",25,3,51,4,30,7,31
"2218",26,3,47,8,27,12,37
"2219",24,1,60,5,26,4,23
"2220",0,0,0,0,0,0,0
"2221",0,0,0,0,0,0,0
"2222",42,0,58,0,0,0,0
"2223",36,3,48,5,27,6,25
"2224",30,4,51,7,31,10,36
"2225",34,2,48,3,25,9,35
"2226",35,0,38,0,0,0,0
"2227",38,4,54,8,26,6,34
"2228",0,0,0,0,0,0,0
"2229",29,3,55,5,32,8,33
"2230",38,4,43,2,29,4,36
"2231",34,1,47,3,30,8,35
"2232",28,0,48,7,19,8,40
"2233",27,2,56,6,37,9,41
"2234",40,2,42,5,34,10,38
"2235",28,3,44,6,33,10,44
"2236",25,2,51,6,24,6,36
"2237",29,3,43,10,33,8,31
"2238",36,2,46,2,31,5,32
"2239",35,3,43,4,28,5,32
"2240",35,0,50,0,0,0,0
"2241",31,1,44,3,37,9,32
"2242",34,5,50,3,30,8,41
"2243",34,0,47,0,0,0,0
"2244",0,0,0,0,0,0,0
"2245",0,0,0,0,0,0,0
"2246",31,3,48,4,24,9,30
"2247",32,5,51,5,18,7,29
"2248",33,1,52,2,30,13,42
"2249",42,3,58,3,29,11,29
"2250",36,0,39,8,27,11,33
"2251",0,0,0,0,0,0,0
"2252",30,1,52,4,20,9,36
"2253",39,0,36,0,0,0,0
"2254",37,3,62,3,27,7,37
"2255",33,2,54,4,38,7,35
"2256",42,2,37,7,36,9,36
"2257",38,2,51,4,28,8,37
"2258",43,3,48,5,32,4,37
"2259",33,3,57,4,39,4,38
"2260",40,5,43,4,28,6,35
"2261",29,1,51,2,35,8,34
"2262",29,2,42,1,23,6,36
"2263",26,4,45,3,29,5,24
"2264",39,1,39,4,25,11,30
"2265",28,0,41,0,0,0,1
"2266",41,2,52,4,27,5,28
"2267",30,3,44,7,30,7,32
"2268",27,3,42,3,31,6,35
"2269",36,2,43,4,36,6,38
"2270",26,3,46,4,31,14,34
"2271",0,0,0,0,0,0,0
"2272",43,3,45,1,27,8,26
"2273",27,3,64,9,40,5,34
"2274",21,1,42,2,32,7,35
"2275",44,1,40,6,23,10,34
"2276",0,0,0,0,0,0,0
"2277",29,5,51,4,22,6,25
"2278",37,5,54,4,23,5,40
"2279",46,3,54,7,28,7,35
"2280",32,4,50,8,26,7,43
"2281",49,4,43,4,26,7,43
"2282",40,3,48,7,37,6,31
"2283",35,1,44,7,34,8,45
"2284",23,2,52,3,23,1,33
"2285",25,3,52,4,33,6,26
"2286",30,0,52,0,0,0,0
"2287",0,0,0,0,0,0,0
"2288",34,3,46,6,35,9,38
"2289",30,2,35,3,22,10,33
"2290",33,3,61,7,29,10,33
"2291",31,0,39,0,0,0,0
"2292",29,4,60,5,29,10,34
"2293",25,3,60,4,39,11,34
"2294",33,1,45,5,16,8,48
"2295",0,0,0,0,0,0,0
"2296",43,0,47,0,0,0,0
"2297",40,3,56,6,33,3,27
"2298",40,3,52,5,20,4,33
"2299",43,2,57,4,32,8,32
"2300",36,4,43,12,29,6,37
"2301",32,6,47,6,25,7,34
"2302",0,0,0,0,0,0,0
"2303",28,6,48,8,23,12,31
"2304",43,4,51,8,34,7,35
"2305",0,0,0,0,0,0,0
"2306",33,3,46,6,32,10,25
"2307",0,0,0,0,0,0,0
"2308",33,0,51,0,1,0,0
"2309",29,0,50,0,0,0,0
"2310",35,3,46,4,25,6,45
"2311",0,0,0,0,0,0,0
"2312",47,3,45,7,24,4,35
"2313",0,0,0,0,0,0,0
"2314",34,0,45,5,31,5,25
"2315",0,0,0,0,0,0,0
"2316",31,3,48,8,24,14,34
"2317",34,4,57,7,31,11,33
"2318",27,2,40,3,22,10,33
"2319",38,3,43,6,19,6,42
"2320",31,1,52,3,24,10,25
"2321",30,6,44,3,34,11,34
"2322",37,2,60,7,29,3,38
"2323",0,0,0,0,0,0,0
"2324",33,4,40,6,33,11,39
"2325",28,2,46,9,29,6,34
"2326",0,0,0,0,0,0,0
"2327",44,3,56,8,35,8,41
"2328",40,3,55,3,29,4,25
"2329",26,4,37,4,20,8,36
"2330",30,1,59,3,32,7,43
"2331",34,1,35,9,33,7,35
"2332",0,0,0,0,0,0,0
"2333",28,0,40,0,0,0,0
"2334",40,2,55,2,28,6,32
"2335",38,4,45,2,30,8,40
"2336",38,2,52,8,29,8,31
"2337",39,3,64,2,26,8,34
"2338",0,0,0,0,0,0,0
"2339",38,6,47,5,34,6,31
"2340",36,2,49,2,32,10,36
"2341",34,6,54,3,28,3,25
"2342",39,0,50,6,30,6,29
"2343",30,2,52,6,31,4,27
"2344",45,2,48,5,26,3,34
"2345",35,3,50,7,40,8,35
"2346",34,2,51,2,21,6,23
"2347",37,2,47,4,19,8,35
"2348",40,3,67,2,21,5,37
"2349",25,5,53,5,34,11,38
"2350",29,3,49,4,31,9,36
"2351",35,0,47,0,1,0,0
"2352",37,4,50,3,24,10,28
"2353",23,5,48,5,37,9,37
"2354",31,2,49,8,29,7,35
"2355",33,3,45,6,29,12,34
"2356",45,3,52,4,33,10,30
"2357",29,2,38,7,27,6,30
"2358",32,1,55,6,25,5,33
"2359",40,0,39,0,1,0,0
"2360",36,3,30,9,26,6,32
"2361",42,2,48,3,34,6,35
"2362",0,0,0,0,0,0,0
"2363",29,3,46,2,31,6,29
"2364",28,2,47,6,38,9,36
"2365",36,6,61,4,27,7,37
"2366",29,4,47,8,24,12,29
"2367",40,5,38,3,33,7,32
"2368",36,1,50,6,21,6,30
"2369",35,2,49,4,20,14,34
"2370",33,0,61,4,37,6,33
"2371",32,2,51,3,29,7,33
"2372",34,2,39,6,28,6,34
"2373",33,2,40,6,23,7,37
"2374",29,1,50,3,30,10,28
"2375",34,4,43,5,20,5,33
"2376",44,0,51,7,32,6,24
"2377",31,3,55,7,43,7,37
"2378",28,0,49,0,0,0,0
"2379",28,2,55,6,29,7,23
"2380",31,4,50,5,29,14,36
"2381",50,2,54,4,28,10,33
"2382",37,3,37,4,21,5,26
"2383",30,3,55,5,28,11,28
"2384",29,3,57,6,22,8,32
"2385",41,1,45,7,24,6,44
"2386",38,1,44,7,30,6,26
"2387",25,2,47,10,27,8,38
"2388",36,1,57,5,29,6,41
"2389",0,0,0,0,0,0,0
"2390",39,0,36,7,29,13,36
"2391",39,1,54,2,27,8,37
"2392",25,2,52,10,29,8,36
"2393",30,1,58,4,34,4,34
"2394",28,2,51,6,27,10,35
"2395",29,2,51,5,23,6,32
"2396",41,0,58,0,0,0,0
"2397",32,4,43,4,30,10,35
"2398",38,0,48,7,32,13,39
"2399",32,3,51,5,28,5,29
"2400",29,2,72,3,36,8,30
"2401",0,0,0,0,0,0,0
"2402",37,6,45,3,32,4,32
"2403",33,1,54,4,32,10,28
"2404",36,2,45,10,32,5,28
"2405",39,0,50,0,0,0,0
"2406",33,2,55,5,28,12,31
"2407",41,3,53,3,34,11,33
"2408",39,1,50,5,29,7,34
"2409",29,1,46,7,31,2,39
"2410",34,2,59,4,31,8,34
"2411",0,0,0,0,0,0,0
"2412",0,0,1,0,0,0,0
"2413",35,0,50,0,0,0,0
"2414",28,2,45,6,27,6,25
"2415",44,4,47,5,31,6,36
"2416",19,2,65,9,28,8,36
"2417",36,0,44,0,0,0,0
"2418",29,5,44,5,21,9,28
"2419",37,2,53,5,25,3,31
"2420",33,5,33,5,31,4,35
"2421",42,0,58,0,0,0,0
"2422",0,0,0,0,0,0,0
"2423",27,3,52,6,27,10,40
"2424",42,2,46,7,21,8,23
"2425",46,0,50,0,0,0,0
"2426",31,5,53,2,26,7,33
"2427",41,2,64,5,23,7,35
"2428",27,2,58,5,17,5,31
"2429",35,3,42,4,33,7,35
"2430",30,2,56,2,25,10,31
"2431",28,5,46,2,29,9,45
"2432",30,2,59,3,21,5,40
"2433",0,0,0,0,0,0,0
"2434",41,2,50,6,26,10,29
"2435",43,2,48,5,34,5,36
"2436",0,0,0,0,0,0,0
"2437",36,3,44,7,29,10,31
"2438",46,0,41,0,0,0,0
"2439",33,3,50,4,32,2,32
"2440",36,3,63,3,26,6,33
"2441",37,0,43,0,0,0,0
"2442",30,3,58,2,30,6,33
"2443",42,4,44,4,34,4,34
"2444",39,3,50,6,32,6,38
"2445",24,3,57,8,25,2,37
"2446",32,2,56,5,36,9,41
"2447",28,2,48,2,27,7,41
"2448",28,2,42,2,22,6,30
"2449",40,0,47,0,0,0,0
"2450",0,0,0,0,0,0,0
"2451",40,2,51,7,41,8,33
"2452",38,0,53,5,29,8,38
"2453",39,4,45,4,34,4,29
"2454",35,0,47,0,0,0,0
"2455",32,0,43,0,0,0,0
"2456",30,3,46,6,30,8,39
"2457",30,2,46,2,25,7,37
"2458",37,3,51,2,22,7,31
"2459",26,2,44,5,21,9,29
"2460",31,2,50,6,34,11,24
"2461",24,5,53,5,21,5,38
"2462",36,5,52,3,24,9,35
"2463",36,5,48,2,26,6,31
"2464",27,3,50,2,24,4,34
"2465",32,4,42,3,27,6,26
"2466",31,2,57,2,37,3,31
"2467",40,2,59,4,40,7,36
"2468",29,3,50,3,24,6,29
"2469",41,5,58,11,30,9,38
"2470",38,4,54,6,20,5,36
"2471",33,2,71,9,26,7,38
"2472",28,1,57,9,37,9,29
"2473",35,4,45,2,35,6,38
"2474",38,0,53,0,0,0,0
"2475",47,0,40,3,27,8,27
"2476",0,0,0,0,0,0,0
"2477",53,2,47,6,33,8,30
"2478",42,3,68,6,28,11,39
"2479",42,1,51,8,33,8,36
"2480",35,3,54,7,19,8,33
"2481",32,2,41,5,34,12,37
"2482",0,0,0,0,0,0,0
"2483",32,1,51,5,30,8,35
"2484",29,1,45,3,35,7,31
"2485",34,0,52,0,0,0,0
"2486",36,0,52,0,0,0,0
"2487",0,0,0,0,0,0,0
"2488",39,3,49,5,27,4,33
"2489",32,3,58,1,27,7,33
"2490",29,1,41,2,28,5,34
"2491",41,0,41,0,0,0,0
"2492",0,0,0,0,0,0,0
"2493",0,0,0,0,0,0,0
"2494",33,0,59,7,34,9,46
"2495",36,5,33,5,27,6,38
"2496",33,3,56,4,26,5,31
"2497",36,2,40,6,29,5,34
"2498",0,0,0,0,0,0,0
"2499",36,2,51,3,36,7,31
"2500",29,5,47,3,28,7,33
