"","age1_orange.E","age1_green.E","age2_no_comorbid_orange.E","age2_no_comorbid_green.E","age2_comorbid_green.E","age3_no_comorbid_green.E","age3_comorbid_green.E"
"1",33.9308457914444,50.3726609679533,35.0972661686692,62.4850985783962,66.1890325767714,66.4461489901993,61.2970742231646
"2",34.4142868151852,83.3970202279198,38.4994051685412,83.4347062114376,77.3529212365401,82.0246947968752,80.9982058848943
"3",28.394720814359,76.2386188860099,33.6212677655985,78.9853836876365,76.6165562292172,72.053091366584,82.9789680702319
"4",32.2169329010032,72.1016387243732,34.0451728171504,70.3729981016814,72.8920534477209,77.0060749551342,77.7262664865383
"5",32.6534751177667,64.3748850111931,33.8596159405002,76.7461048627196,70.4221696949728,64.3087555238468,59.4439148191514
"6",25.7314387206991,49.094073585835,25.5110747484088,55.106384455815,54.9221180367009,56.0431104440477,56.1529469742711
"7",25.4936513074173,53.4194580559089,27.466597499449,50.0082243210439,52.8682665661312,45.4784276981246,53.0114957043445
"8",0,0,0,0,0,0,0
"9",32.5039284410934,0,33.3569082188644,0,29.9523333112961,0,0
"10",48.6734309267985,0,50.7636724187377,0,0,0,0
"11",0,0,0,0,0,0,0
"12",32.508766104052,54.863868428912,34.59592286382,60.2369080206387,63.514978383211,57.0660823469877,65.0516629606748
"13",25.2285971743574,42.2715034323135,27.0512651327878,49.6096897352029,48.9448353768565,44.2284803157392,51.7791948110865
"14",28.754028056337,49.7845513334384,30.5929532067157,58.3173781788332,44.6137882528665,45.8843525502827,49.664098424349
"15",22.1436693231367,37.4718597440227,25.0016873270322,46.2388310896113,49.0443529822907,45.637006581645,49.3131008341704
"16",25.0082595283343,57.1975260967247,28.1846153630005,62.9108818311857,56.8467422021475,66.8191628848581,58.3157871310123
"17",31.7054809052297,53.2468396839004,34.1875022938849,55.8953000630249,57.3234525127994,61.7340121664803,50.0121606236552
"18",0,0,0,0,0,0,0
"19",28.0071881107375,46.7149024109476,26.6636638822652,48.2052449653103,56.5935653444873,52.7614721185032,52.9755285246996
"20",29.9806134697626,60.2381308870423,32.0126441345263,64.4841769130398,60.6814689957502,63.8875506358033,62.8570432073448
"21",34.1285753715513,65.9292013540727,35.7489954972925,64.4273713816145,76.6631927631486,62.0158615445222,69.9651757787815
"22",27.1980575548693,41.073193715223,31.919882804806,44.2315111312195,43.9524959132305,46.6806737871357,41.639286327188
"23",31.7327559352726,67.2417979375576,33.9578006596172,62.8868738874809,63.6562105126161,73.9402212956455,80.2916646748342
"24",23.062395321521,55.7918329073751,27.7063039564531,63.5988867765278,65.3362183632744,69.0676277313826,59.9584548420172
"25",26.3405559265994,42.4986622994197,31.8265658846118,44.3951272676283,46.2914705518914,42.7539099115347,48.6641251777835
"26",23.6260684013007,59.6099643711243,22.9052902475416,65.1725803621326,66.2995910245737,59.8938027439005,66.888164061559
"27",25.8233748436774,39.5212193860229,28.7087804388329,39.7985046437474,40.4421906913683,44.5785986451181,34.6664360873242
"28",26.7614354269975,47.2970159771253,26.9580624643519,41.4219823326139,50.6080966334496,39.980676896604,45.0538573115316
"29",36.9957228849582,59.61965178281,37.2833351770845,56.1170432999392,62.3867274164355,67.4271632951685,69.0966184707136
"30",25.7428094105166,39.5971731059524,30.607011091682,41.8002058631328,42.1492570859315,49.7777064699158,41.8253211394445
"31",29.8492546271716,104.129527380617,32.2062909953102,89.2002664868371,97.7058505768476,102.763968758894,96.2628304931624
"32",24.3693261028744,40.5956169220678,26.6139368259392,44.8272897297417,46.070153268895,51.4403477881062,39.8584949489609
"33",26.3548173182479,47.6978910881356,26.7398580235676,46.7273589065383,49.8764451640062,53.2068210707838,49.7066863976034
"34",24.9487158585477,0,26.618324848705,0,0,0,0
"35",26.3166173587096,49.4191472479372,29.6668960777274,51.4043857477256,53.4249922689342,61.4794018365926,46.6023053226422
"36",35.6599992156644,56.7594329184169,39.4585971858515,59.5873852009904,60.1662135855035,68.8651920378327,59.2620234188071
"37",32.3353093680665,53.6190132501431,33.8063313882955,54.7086424665431,53.6292065775252,56.0678497073923,60.4827698383134
"38",31.9385466509515,50.8280851437355,32.7875918624425,47.805406672587,51.6467568413227,54.0661334344525,54.7888874812863
"39",29.5106557245689,70.2362926063187,32.9362873907065,60.2743363681408,66.6798056906808,65.0338840900997,83.3322536281425
"40",46.6038688697979,70.8789322090906,47.6273645870176,73.4281092613244,61.4426804376875,64.7059503977566,68.6083335793056
"41",28.7991873748472,0,29.1538225395598,0,0,0,37.0481589586766
"42",26.4239320115433,44.8721623955001,28.9424429495372,50.0536029102038,49.5236156335175,53.0641601268151,50.5636381655529
"43",0,0,0,0,0,0,0
"44",30.2969835676503,69.4755161962264,31.9504388928841,66.2246738885725,62.0229458899597,73.5313446409598,69.5254325589723
"45",39.7427140303959,76.8911801639119,43.1701472899912,77.8985382988919,74.3773864225196,81.9097059396005,80.4135188584651
"46",31.125252184226,36.3105091514163,33.5025974014592,41.230877924821,41.5396461823135,45.1658691836033,39.7764188381597
"47",32.5416853343543,50.1325379989247,32.017498903806,57.153704608105,53.7782613250629,54.0100044328515,53.9976270974033
"48",26.4779357733636,65.5706643037752,25.5467198388856,59.701102063574,63.3657559964459,60.3412377867854,66.3580882374115
"49",40.2004040821398,70.7872653961722,42.5494509311013,70.3113582103372,73.8779620333944,65.4885960862806,78.9462052078629
"50",28.6685203840518,76.1650204164283,31.8352847545083,70.8601536648877,66.0409684348779,73.0534155312336,70.3363365775619
"51",33.9893883500752,61.7521502512041,39.9058485856768,56.3532195125821,61.2882876062676,59.7388256553695,63.6537237242439
"52",0.78726522922382,0,0,0,0,0,0
"53",23.6675854601334,43.5160604347022,23.993428664462,42.3090604244615,35.254143167182,41.2501627041441,37.8954804398775
"54",33.980737226898,45.566015612963,35.3223982837235,48.391728670556,44.1736759424117,50.9293547694515,54.3681450628315
"55",31.2145735513513,57.2552997879596,32.767675495549,58.6978343423113,58.5608850206327,59.5964257308921,65.373330282229
"56",0,0,0,0,0,0,0
"57",20.9004274921435,43.2521880806451,23.6701095196541,49.7470306577095,44.973583110788,45.4335722849199,42.550373470075
"58",33.0166125248643,65.3174425762224,36.9653982024751,60.3279166130832,67.3095819764961,62.1116894425971,69.0699850478512
"59",33.6088769406928,50.4341440923615,34.012345277602,53.5490383899526,56.1271665311372,57.6729545896431,54.0792829694053
"60",24.4123843810007,48.0613077566726,28.9644102478631,53.4631965560363,53.7149631957861,57.0899939440548,58.1736575375506
"61",24.113053433921,62.3507554042292,29.0602493801897,67.959488419804,62.4089565347762,66.2869197313833,67.1242079347349
"62",37.6049049745232,0,37.7699536442274,0,37.1528238652767,0,0
"63",0,0,0,0,0,0,0
"64",0,0,0,0,0,0,0
"65",41.3936673029622,80.8740317804919,41.9899263591177,81.4849607241266,87.7373095182343,85.2605468119936,83.1739468999487
"66",4.41006797530509,0,0,0,0,0,0
"67",0,0,0,0,0,0,0
"68",36.0538450559626,60.8764180635156,39.2321024907474,70.1801232220869,68.6138108973688,70.5876036877456,70.2704280406063
"69",25.179826619271,48.6186291589766,28.1778764799127,51.9137829600345,54.0199477130116,55.3305904327079,51.1958424833317
"70",25.8362866306059,58.5705177606896,28.096869948146,66.2148248067959,70.5971847311864,57.6997821743554,73.2184964056687
"71",21.6050816721344,0,24.3198296128817,0,0,0,0
"72",30.4391500506764,49.6745733172351,30.7756241893722,58.3435730444338,55.8297049363173,58.7877468553979,51.8620873769058
"73",0,0,0,0,0,0,0
"74",29.3779946333905,55.6591273838334,29.7026270487336,70.6856503834001,72.4241486054494,67.0946072399347,68.4857058136921
"75",34.6307868969077,24.5189490667526,35.3999360018541,42.6353886068243,50.0303291969158,33.2588839273028,0
"76",31.7291935543392,53.4450554338588,30.8333270154136,54.6585758902692,56.4882112061165,53.2972506572742,57.8744885032278
"77",28.3580839783513,52.8596951348236,30.0961027800416,52.1479107815048,56.9770322038295,53.8162833534366,56.9878828400986
"78",27.9916049389901,60.7880634264925,28.0317628955471,65.3974469087075,55.8227699583922,69.1098103917325,72.8806729754309
"79",0,0,0,0,0,0,0
"80",30.1877781546277,50.3241320684253,33.8955574048038,50.685461647949,54.2479131809097,60.0704029492594,55.2165419725906
"81",29.1882017750158,65.7825438407805,33.0578104397702,70.1133418237507,74.6993082604453,81.3185455109087,63.2447360835245
"82",30.748194747551,49.1981572099356,30.748194747551,50.8658766251353,53.3400626249418,49.9539250554771,60.3078537028155
"83",21.7345952496732,70.6238188865264,21.0548021228097,63.4051925488158,65.8192898717229,68.4064072212238,74.5284438959454
"84",34.0162871170028,51.1881014814193,32.8383670155576,56.4865750358296,58.058140279447,57.913093604548,59.1655432745623
"85",26.9925012532547,45.8718089127474,27.0630109449721,38.8072998138776,43.095582429319,35.7014157410609,48.762014288951
"86",53.524535568236,85.1369952861255,53.524535568236,90.410148960167,85.4245493501644,98.3315727804405,89.8539999968024
"87",0,0,0,0,0,0,0
"88",22.2542655371876,0,25.1974460078479,0,19.1518043600171,0,23.0879702723725
"89",31.4292800974427,0,31.4292800974427,0,0,0,0
"90",0,0,0,0,0,0,0
"91",25.4203426175895,65.1078566406627,25.4203426175895,71.7602204865614,66.6888049516685,68.1759502864275,76.9709645935031
"92",24.4963037114813,51.5279042682754,26.4707053628143,54.3227274689484,51.948808364973,51.3060939194269,54.6748051570591
"93",33.2668755051815,59.1022992462876,35.9214755550622,57.3449497938578,59.7570807521173,69.1063194494674,62.9987810888976
"94",30.7813866053857,0,30.7813866053857,0,40.5551860059324,0,0
"95",24.9333522512112,34.2200457671723,25.1800122366358,43.6398450126727,46.2579834076656,40.7572520038973,42.1523282987995
"96",25.3390097512181,0,25.4872988555158,0,0,0,0
"97",27.2734582751722,57.6971763422825,31.4224319148121,58.9355193688551,54.5626690626032,61.8748767660836,58.3301246658837
"98",46.0384829463295,78.5489380694085,44.9101783808996,75.1174718125387,70.9773981388341,79.7022164125783,84.3575102221813
"99",35.6374917605889,57.7475502825865,36.4911778005909,63.4950744610251,59.5605402500505,68.9118185570807,57.3142017554145
"100",39.5332337116387,72.9763582344758,39.5072471972401,81.9462466119947,78.2169964181638,100.71738467002,81.243038327435
"101",26.2546136244523,42.6274963353585,30.3817229133701,42.9154822662775,42.0243086194067,45.2310978535405,41.3221765670202
"102",36.0963278124505,60.1928142548141,37.1928408234891,62.3721004045443,63.1599481382137,61.0666512683108,64.3771629814307
"103",38.8124144894634,70.2047263305703,42.6119643571938,72.4035448976404,72.5487594579314,66.9207018269557,68.0428133595361
"104",20.4421525474244,37.7472197158671,22.2615126200555,39.9785944280251,45.4826637096375,44.8193081839423,43.8200296706768
"105",25.6884094962922,71.6381610147552,26.0945159693087,70.2092311667779,69.0920808043766,69.3472992669003,74.0544425828154
"106",37.4813473693149,47.5847361673018,35.9084504859179,54.149202690913,54.0175244527478,60.1722257243034,55.6076575662897
"107",33.0953013524487,0,35.3569820350908,0,0,0,31.1648228300984
"108",0,0,0,0,0,0,0
"109",32.1292640072275,56.0573105321034,31.9996322372084,52.292571261716,54.2313877617064,55.1741195219339,60.3613908186392
"110",31.0326288297401,44.3148814169211,30.6074379389729,46.5268695703043,51.8828080904783,50.0096701797249,45.2054768823267
"111",1.61685512151714,0,0,0,0,0,0
"112",20.060847187012,60.7327022054963,21.9833556251409,68.1004531005305,64.1717660648602,59.2910426588157,61.1562726833564
"113",23.1921824771596,59.3488497295415,26.1857767194615,58.5354346423067,54.3232565867928,52.0748436443803,52.1169767284096
"114",30.2620658037535,49.8292530611189,32.3810069055481,47.2560943211647,54.3134240955867,52.8392290995032,55.180700524828
"115",25.4425085003769,58.251291326413,26.9711358578055,62.3766364956416,61.6950974204431,50.8621075247926,50.1100234822324
"116",25.4736053749188,57.6658797018767,26.6369018873479,63.4010718680753,54.2059214896008,60.0648171725234,60.7390849457053
"117",28.1816832924441,55.2462105818561,29.8897450774971,52.8422528786911,52.3839481761024,48.774710370456,65.4179212105955
"118",35.4224196792711,73.3455465062036,37.3213200088394,68.0328745976709,76.8411016113303,73.9874522315706,76.993105330089
"119",22.7580726590257,62.1497029445743,22.8701868671606,63.1103915545776,68.043407319155,64.6759352081258,66.0302790039797
"120",25.3618566048073,55.7618649987604,24.988959692342,58.1848764664915,54.8322025286041,49.8221619436667,57.3096478059139
"121",23.3428466329574,61.1069572513714,27.4023225771524,54.9526381817825,55.0797557746701,54.5119992582791,66.3849195927221
"122",21.3337402393847,64.2722056990522,28.0695366954061,68.3583472503083,63.8926737016694,62.2937284782984,66.6588667052179
"123",0,0,0,0,0,0,0
"124",20.9146834104095,0,23.6167668933528,0,0,0,0
"125",23.0416065150566,0,24.117112404255,0,20.9215679538439,0,7.97323725799827
"126",30.6531865004364,52.5113963022869,32.3338540960625,47.6800569443233,49.2348522171653,50.722011148227,51.8624535610967
"127",32.777882592107,57.9723076741587,35.7040783045764,57.7457163891885,61.9672959331457,60.3230008748719,69.1173665385842
"128",42.797346945374,60.6604717519186,45.8735329887267,61.6752542097807,60.7991546999505,65.3235622152422,57.8527819432444
"129",30.8574739715793,53.0925035721038,32.1257653679131,54.5335271468734,54.0532223206243,53.3252999514282,52.8633557260911
"130",29.1301313929803,46.6735859109088,30.2435147144305,47.7000157119754,49.2296147272396,51.3013106654045,45.1537781487227
"131",24.8633444760365,53.8628315843987,26.8809524178096,59.4938889820992,57.9032574386639,63.4200962036305,55.7231643560198
"132",25.1737105219541,41.9192467331416,27.2000320511242,41.895562457597,40.9721210275309,42.1263707232971,44.670298432217
"133",33.3433943810431,55.5295355042238,31.0267567451344,54.9300359825658,59.4467048795556,57.8235668353496,57.7375706896393
"134",27.4947010855455,81.5748786960313,26.1979003544221,71.100734442149,74.7522540894,82.5241566774988,86.0260504399633
"135",35.5366016191872,79.6780531745455,39.5484727323062,82.0515401496066,79.7744079303133,82.5152660122913,85.3220177589774
"136",35.9760462224368,51.0915923029474,35.9033608912318,52.594872230551,50.9763185752778,47.6294453870889,58.063551575587
"137",34.3998093629385,59.408928093561,37.7328590877879,63.2700316952143,61.037704726609,59.5562100998363,62.8695912986727
"138",34.1856950537901,55.6851919868282,33.1878272220215,63.5566619785571,54.046492315989,60.0360211067577,63.458995816355
"139",24.9446171848683,46.9416058108941,31.0883562283868,52.8785547025343,54.6094110222789,52.3103789610631,53.0978693917329
"140",24.6136467683969,35.8254662177909,26.5611846523586,41.0996117023148,38.0779445794247,39.6542152710892,39.8492879462485
"141",35.0288295115244,76.9680709563617,35.0288295115244,66.4113688193505,65.1435735028809,74.0053731848553,71.6314627941603
"142",28.2718409610489,44.1133116448999,31.8252931715151,45.4314718247583,46.4035427441722,45.9471522939893,47.6519363025958
"143",20.2830394413198,41.9850024668129,24.4528956895274,50.6786576630161,40.9463689603873,46.7242761642872,42.6187273572348
"144",22.7458845230759,40.7244318819923,23.7539187245954,48.6506273424967,50.7764757637481,42.3741337924287,43.1675854208401
"145",37.6162068967124,0,40.6868816554423,32.6938183998038,0,0,0
"146",37.1288394402407,62.1873585566236,37.0295657372044,71.3396500638935,73.6163496063018,75.2265180757357,63.5385589994434
"147",29.0113240735799,49.4264089555127,30.3461778268909,57.4441036833387,53.8502433737828,47.3787009384899,59.3817119780422
"148",23.1321246370129,49.4151484180284,25.9470197690535,63.2968438941367,55.0019245069092,62.5506428301049,55.5652240133532
"149",0,0,0,0,0,0,0
"150",31.0130010132465,60.9717290427438,31.6360103198665,54.6583431492411,52.8536340885388,55.8524807488579,62.3076985993111
"151",27.211433966887,36.6864799533644,27.211433966887,42.8430370318238,43.3804666976848,42.2424575774417,39.9227056950263
"152",24.0929376505395,47.7899156812776,26.8191810163906,51.0065337782278,46.9734321141001,52.4733640978663,52.4831666913128
"153",39.4607074721427,72.6441932799782,43.2720054297281,66.4038885434645,71.9607467136251,66.3930956806915,67.2553642257366
"154",0,0,0,0,0,0,0
"155",42.369287829985,64.1203874737881,44.014610252825,68.3869143363484,69.6841747052399,65.2173997513909,68.7961347732226
"156",23.0216587416076,42.1141110914157,25.0823342553635,39.7546069959206,38.5461545735863,41.5460939389507,39.2034661442823
"157",0,0,0,0,0,0,0
"158",36.2836800894241,45.838525270297,36.2836800894241,52.615752753466,51.015070653646,46.5465335080911,55.5924840861973
"159",27.2999529262399,35.6190894818397,29.7376578818915,43.079608008394,45.2091139085132,43.1407760475637,45.4535697055223
"160",26.0934394260877,50.5169305030318,27.4558643520489,47.6428980769534,51.4277461895122,47.128983528413,50.2786390383726
"161",31.9103092279108,60.6766328578454,30.79126217802,60.2088295830188,63.4123681806486,65.5961649304429,70.0264539642019
"162",28.5980471082671,78.5325730775289,30.4422004434656,70.2523176797014,73.0429647876228,70.5272404662432,77.1439603166133
"163",27.3163812570232,47.1627430247664,29.8621575613887,48.7942062385443,54.3013652376648,63.2008861085136,54.114637870348
"164",26.4086266599291,56.1187266116702,28.1538676701629,61.4369953809743,58.8010147861894,62.217919246365,72.5262259410779
"165",0,0,0,0,0,0,0
"166",0,0,0,0,0,0,0
"167",31.3742139881584,52.6417042584727,35.0248563607508,57.9330311891886,58.3936453088243,54.8439264119951,59.1556960310173
"168",30.7901707789749,64.5053523783487,29.2069495314979,64.6439884784498,60.6951831660579,63.3474001694976,62.5001211007121
"169",38.4398365729638,0,40.9612590101195,0,0,0,0
"170",26.0766437446241,48.2982973330486,27.250128706566,55.2817005519402,54.3295121902937,51.5479649990049,46.3492732519512
"171",27.0083416646147,68.4378577720817,29.9271403425193,63.8287818010908,63.4235197871596,68.176564567105,69.1561763479602
"172",32.9316590753204,50.9117187185498,32.9316590753204,54.7468327093623,52.5919401764949,53.1549444898449,50.2395048304639
"173",25.43992478777,0,27.7989455738042,27.7989455738042,0,33.6927334994699,0
"174",0,0,0,0,0,0,0
"175",25.3673877903258,59.5446716891855,25.4970872936404,59.3303325309923,57.0295033227287,56.3063945826014,61.7331859007589
"176",27.1317031574198,49.1981444160197,30.2299386354719,53.5469047796628,54.0277904237389,53.8954933279663,56.2918799518413
"177",30.687515050736,0,33.5757357407711,0,0,0,0
"178",27.2489678739506,0,27.1293057190688,0,0,0,27.0328500622679
"179",32.3972411948611,0,36.4762846818613,0,0,0,0
"180",29.509100803544,55.9753941085325,34.1360684521551,49.3073368675672,53.7110341950148,54.3994179576352,48.9962041325425
"181",21.6551797386388,0,21.6551797386388,0,23.5181061488698,0,0
"182",25.7306090480213,60.9334561447458,27.6650835332055,62.9875855752271,57.681529766804,67.0261929569692,64.3115410316362
"183",26.1870075553667,46.545063702137,30.938656249714,45.3092338166791,54.8563243051393,45.5219949415106,60.7676767457997
"184",41.4212025982214,64.507666737096,41.1790856077025,59.4906580735892,58.1428101869919,64.1130101920593,60.2998867335304
"185",20.971224660545,56.2431796555727,25.7757242675384,54.5980304348573,53.6936668405513,58.8475569716444,53.4397899779412
"186",0,0,0,0,0,0,0
"187",30.6337163037564,53.5466268264272,33.0468533039971,53.4758926444908,54.3693430301409,62.038118575716,61.9693090944523
"188",25.8481590484982,60.3578682244494,30.2566052996707,60.7653773553369,68.2257948324593,69.8733841974115,70.6049299760392
"189",28.1413179863868,50.3095617986152,28.1413179863868,57.6739626228425,53.4354181664996,53.8859643789984,51.4986784650665
"190",0,0,0,0,0,0,0
"191",28.593071026706,50.542442787302,31.9477875643021,48.7535575239764,46.6339156240335,54.2158151819658,41.7090073674616
"192",17.5287048113878,38.4299532334305,20.1189955846974,41.3463124530019,42.8487672590653,44.9173152763785,37.4802216387266
"193",44.7959399875395,68.9254871708684,44.7959399875395,70.9890523415295,75.6305811503091,67.2619404616169,69.1654300218427
"194",25.8277310263715,86.2616401805504,26.4134453191344,85.9260333699651,85.0699294381556,82.6584759913346,84.6147847259069
"195",23.9893880590061,0,28.7904132871077,17.0126531227564,0,0,0
"196",34.9586600261638,70.9652237078894,34.9586600261638,74.8236506937491,66.7743033098287,73.4791346783582,74.7801835581192
"197",0,0,0,0,0,0,0
"198",25.5938462267528,43.7499693237053,27.9150844309015,46.0229056986575,49.3496922433704,48.4330296714298,46.8802314138219
"199",0,0,0,0,0,0,0
"200",19.6883882049681,45.1726342783286,23.1328402950889,46.4738089216511,49.3676640398468,49.5047837486013,44.1373678103862
"201",27.739355264854,0,27.3999439206535,0,0,0,0
"202",35.0571854242718,54.0777301479303,34.3540923427818,52.9396636681597,57.5884746311084,56.8326688739229,60.4912636276148
"203",0,0,0,0,0,0,0
"204",23.7684309287553,44.946687491441,28.8900799141685,51.5287405269182,54.2697931586586,50.618447308718,55.5638467790322
"205",21.7633108723603,49.4009643462105,23.3505411928593,43.2008015934891,51.0213571069379,46.6195411939744,44.8166623049071
"206",28.3717721384328,50.8859093725795,29.9996088989859,52.4013217913402,50.4363780496427,46.5055721432051,48.9439152013897
"207",33.671798071292,76.424353383722,36.4494991815914,73.4426844278464,74.0867979077654,68.4927664438974,70.6036030547463
"208",33.9214666338582,57.5013150013984,33.9214666338582,51.7993308204102,54.423683077944,58.5889345690889,65.0677066903862
"209",0,0,0,0,0,0,0
"210",0,0,0,0,0,0,0
"211",22.8568496204786,49.8868479703462,27.0074002911697,48.2626378439321,55.6663342505819,48.5437698798113,52.2008174852369
"212",27.3246116139815,103.480605681888,27.1024563184283,88.6527645860376,99.1343693421782,110.266019729364,95.2492398034436
"213",23.1689832823172,60.5825347166102,25.3724836943599,64.7226065176762,62.7927311771679,62.4048659316529,64.5503939249347
"214",28.9214843988471,53.9426922522558,31.255618650344,53.9840705582427,53.45287958114,54.7539027779656,44.570340992744
"215",40.3571059011643,74.9780955397785,43.5895551655375,77.3689528555429,84.6446219650683,84.2859298471304,83.6202963193111
"216",42.4824801524873,51.8708981346732,47.1759928207027,51.8708981346732,57.0634238631184,52.3134264726379,57.0200691597539
"217",23.5262790706224,81.6526810193019,28.6557617163986,75.7234534168325,75.7012101453367,77.3911375978159,80.8899067029821
"218",27.1731041473885,46.1327204262211,28.1696403047287,44.8482353820549,45.1893484054899,49.4501776548299,58.9335616944347
"219",26.2693711494987,57.5668998646556,28.2041265620631,64.6222316525555,62.2497304208591,62.3697763232227,59.518545947059
"220",25.7633478015412,33.7736215805525,28.0665922027072,33.7275280321525,39.3840295524835,36.3901241740395,36.1899680214933
"221",38.4579632239317,55.4118274664185,40.5397665456917,51.7169648380037,54.2102068512801,56.5284354751357,59.1912889397279
"222",0,0,0,0,0,0,0
"223",27.4683195191659,64.6386937736676,33.723885046168,67.9116162875705,66.1737453340674,69.3831055054763,65.4672891306259
"224",24.5057929169044,52.949691002732,25.6837094927595,56.5157911579537,59.9294571298929,58.1843974865524,52.2689946345015
"225",25.1010068328195,49.0337110764412,26.3842598090216,50.1170903405794,47.6050449043785,50.6238773824777,48.0291340998702
"226",0,0,0,0,0,0,0
"227",26.9646078519885,54.2642388698884,29.0436208437999,60.0761042941102,53.6711607891359,55.647776327741,60.2256825926503
"228",25.8311207748111,45.3427131613078,27.7062778821364,50.3289653363485,52.0138419126315,49.4131039218864,42.9776938150695
"229",26.4823839010781,52.0692146316268,27.5055935513736,54.3304769967897,52.8721412844473,52.4246512896976,55.02536173521
"230",20.1924790143967,51.967903570986,23.4546567555042,58.1241075170056,48.2721917019265,50.9787568918317,52.7604031660208
"231",20.4478005878267,0,25.8530957403387,0,0,0,0
"232",36.2633318750941,57.5204549902177,37.1243040512426,60.1749173531632,58.2952595170388,54.2716245165794,55.9075047446309
"233",23.8116240752164,40.1922498335673,26.0258756104969,45.3862053621319,40.6654137299802,41.4988379290129,50.1330501129242
"234",21.6459108787174,49.2632704872721,24.0353134731228,56.8395270802806,48.7181829920298,51.1737806584464,48.4041775106858
"235",0,0,0,0,0,0,0
"236",33.93634322892,51.7971191601838,36.4869061912477,55.5450145665169,54.3305928057099,58.9982046526311,50.2784838210195
"237",34.2440476260262,53.476067382532,34.3040527333764,54.2573599254983,56.0490176980079,56.0082083811292,62.0483377523321
"238",33.9149770881556,74.8386711274348,33.6305485924755,74.0794329294585,72.8047430533713,82.1649929366326,65.6250030815283
"239",32.8819787187274,51.7195465637193,33.4855376106579,56.2591826385077,52.9245716643781,55.9811464278484,53.8772767539858
"240",33.6090376794457,49.1133596289411,34.2938468483411,56.3045885188241,50.6185955195332,53.4117698316872,58.5693179579019
"241",47.6750115408343,85.9812479118187,50.3650208681424,84.2700542321508,82.9325897380931,90.3162935990715,82.5626745652666
"242",0,0,0,0,0,0,0
"243",27.3024773904987,50.4365805741276,26.7879227123953,53.2548019347868,52.9896275398439,60.7588925752833,53.6973170844739
"244",38.0752230946699,56.176835343506,39.4329281312599,61.8981365404192,58.4028025304259,71.7538409949556,67.2907153621754
"245",28.9925967378029,51.8277589585644,31.2281193248711,49.2628986453838,52.9461097767547,51.511178577513,49.639318503151
"246",39.5727061402643,62.0692720117579,39.5727061402643,66.3190635253402,64.3151781005289,71.0365455753829,71.358589803739
"247",21.2334396830989,42.1021694570087,24.7345816980126,44.6129847871318,44.2091838074231,45.3012295267469,42.7773697601608
"248",21.2738004330029,41.3889157178166,23.4491329600093,41.1307113580667,53.2178851981384,44.0892092910867,45.4458214001459
"249",33.4704298383514,0,39.1098063853268,0,0,0,0
"250",38.3747490645317,56.6590884544856,35.8556389100655,57.8511515368626,65.6024524797984,62.819969529804,63.7318972556119
"251",35.9917080323731,46.5308885773348,39.0343828056598,54.6307217355289,51.8782631993977,54.0964342175994,59.729580247635
"252",1.89660965884267,0,0,0,0,0,0
"253",21.8418710668972,56.1957341746393,26.4085317929746,63.199948136112,68.7120085994548,66.2690990162894,67.1380597222111
"254",30.5140200002138,50.8822629838673,33.1740995801541,52.3182400891043,56.0245004165886,59.5540741188608,50.285831935483
"255",43.527060999575,59.3399529292477,42.433592723905,61.2486225422542,60.1497164155511,57.8510789773027,59.4764119200395
"256",26.4911219650603,66.2497699734994,30.4039235869018,71.3190505918426,71.4834661332056,75.1066585147237,70.2537276721484
"257",0,0,0,0,0,0,0
"258",27.3567272958695,0,30.634223768474,0,0,0,0
"259",0,0,0,0,0,0,0
"260",27.3207204098148,41.2719030397931,28.8429281396826,48.4624585013537,46.9273888835137,42.6689119937845,45.6691821941504
"261",22.7605614499069,52.4081907562511,25.185808855297,45.5495245745377,49.7326464977586,58.6498347760104,54.2912206621361
"262",31.502578975052,54.8221368936368,32.3929669760096,50.783110643794,64.8048734419182,66.1134269280059,65.5629936361827
"263",35.8653371857591,56.0540158607066,35.7989754760555,61.9955371251273,60.3873310629525,52.2956946200768,62.1910615099334
"264",19.1959009631581,55.0611341769232,20.8269247749573,48.8332741481281,59.5930847198672,51.6515306899081,60.9557630130167
"265",22.3944559103811,53.6947679207452,22.6488175881083,47.7516060245781,47.6244141955897,44.7789697408875,57.5456941534101
"266",38.9331082289246,66.194161672556,39.1611821184257,72.4398804160444,64.9759622474672,65.7554522387438,65.1290086925978
"267",0,0,0,0,0,0,0
"268",37.3420776669507,0,37.3420776669507,0,0,0,0
"269",51.1644296185399,76.9755810391448,50.9337931059948,76.3296260404169,77.5082034724144,85.5426409365348,83.3066481122156
"270",42.9425674993156,72.2190618058302,45.3801020353087,76.5120774809584,75.0779721414262,66.5542760920999,72.9945600113673
"271",23.3408286106412,71.8965677126419,27.499998505537,73.7560700553577,75.1146717091608,67.9095897585032,71.8873346757524
"272",28.7929697425124,54.7098103892,32.4307228865661,60.6002362989626,54.3743352187087,54.3111142447528,54.9091448624444
"273",28.4981902295637,46.5782706369869,30.0532350480506,40.8979940948803,45.4751952878795,50.030121601765,49.8664939101665
"274",30.8107296184638,80.7452939857165,32.6995357125658,76.0823099343035,75.6941527751361,74.585867407795,73.0147827166755
"275",0,0,0,0,0,0,0
"276",25.4776758568556,53.1054027629267,27.5697023288378,62.0899996363187,62.6871050318597,65.1594911484456,54.3280635100494
"277",32.9906894285518,40.1376867171921,31.7553195062066,45.6666258490889,40.1924938767434,47.1173044796168,45.4175851019251
"278",0.519706500894763,0,0,0,0,0,0
"279",23.6046679768658,44.490789664598,25.6257346952076,47.1083778800975,46.180922692311,46.0683860759014,48.1239051109071
"280",57.4127780756851,57.002977087078,54.3339123679604,0,61.708301345135,0,0
"281",24.7381849142855,52.8525568526871,27.2009002362394,55.9025918952238,57.4163916433533,62.6795520160268,61.4956863912609
"282",28.4370557237504,41.7753952379312,31.7465807515067,0,57.6647589460637,56.1498263159297,0
"283",24.7789887172067,42.0380264763531,24.4820082803651,42.4597148708528,40.6880344114665,51.035946688867,39.6458448655871
"284",0,0,0,0,0,0,0
"285",0,0,0,0,0,0,0
"286",0,0,0,0,0,0,0
"287",26.2117627473949,72.4321653394232,25.7080078511146,79.9916032918455,76.5199922582117,62.7528480296143,69.2756921196596
"288",32.2444249115289,55.6067010288923,35.9841518793179,58.0238878517045,56.2738875837773,65.7071865497415,70.3083541275552
"289",34.1295283761891,62.6736886185633,35.5474552593417,72.3359112958743,74.3682664175214,66.6914863104972,66.6967545625457
"290",32.5506780195787,78.2164530262794,32.5506780195787,82.7601492851069,74.9088524679739,76.303935662228,73.4050179732245
"291",29.8121423454789,55.9022141695777,29.8121423454789,54.8457194160218,56.9427100360522,53.6654158221283,56.2976131923904
"292",25.0041160313957,64.1034008698504,28.3294262930162,77.7149964317546,74.4331316863057,83.5498734309844,71.2172892309346
"293",37.3666728539471,61.8356320468808,40.9553466289363,58.3705072624007,57.3983017385943,58.6606312805825,62.6723764035041
"294",34.0155132672985,0,40.7470993082124,0,0,0,0
"295",31.3546880601427,0,31.4332553147292,0,0,0,0
"296",42.4644959792379,64.7322650382929,43.2675113493164,66.0229169767397,64.0857475398701,66.9637204072334,64.0734026541411
"297",25.4431089907962,40.5356707842937,25.6586940853706,44.0331340213212,44.9907348554685,50.3524414494217,38.131284785135
"298",28.1668245984042,45.1497392457912,32.0033541432406,50.5864802337063,50.6339018230212,49.4705127060996,55.9863105657481
"299",30.3380485484191,47.3771487170583,31.5201744367291,50.3877209257062,51.2210592403325,49.6940475439467,50.2352009015873
"300",26.422767622697,51.3568306151947,27.9756476350423,49.078069529747,57.0866323489172,61.3305091327713,46.9534688120624
"301",0,0,0,0,0,0,0
"302",30.617249684545,55.7870609683269,34.4269126128541,63.1405478766772,56.4423373969683,48.3568504964715,70.7322318717241
"303",30.2917587330409,51.5374690781751,32.7168738715373,53.7127510206293,60.8953479919518,50.0717454885158,53.394527201909
"304",32.6901415523197,51.9335477221221,33.4192491662061,53.9052465406352,54.3347982010703,50.2039112840344,57.5010822449046
"305",30.629840606308,45.0467518238168,32.6963715382242,57.151516001906,50.07624328182,48.6109405121125,50.960146314443
"306",30.3595254319347,66.562267823596,31.2106285921568,69.4165918024741,66.3001860767755,76.4047345306853,70.450881930913
"307",27.9684234613656,49.6979312380188,31.7717146087176,49.1075188342126,49.7706621996674,48.7457597173153,55.3899430282372
"308",28.4521432751429,49.3381917088843,29.0826371199685,48.4864274511608,54.0159564812649,46.8473579867264,51.9867448345711
"309",31.9791696266159,68.2177995664995,32.349659888199,64.3199759321504,59.6647691855117,68.5794593604845,67.8067537182466
"310",28.5101455438248,51.2881129199052,29.5573737996771,54.9160643802297,61.6286097005382,58.1658337789988,61.3655837153134
"311",31.3280421506171,48.6289444904529,31.1389035538415,54.5633614152444,50.1813377622144,53.1870391633999,48.5875280551276
"312",25.6352242092731,63.2463196090089,25.6352242092731,64.1100581961494,65.1149310389321,63.1427905184432,65.2443279565956
"313",28.7830284276609,54.4402339902423,30.5685059531405,60.1764679551712,56.1451305334612,53.5163932746456,57.2898196904184
"314",30.6090545567997,59.2626220180506,32.0668052406262,60.5035082556116,58.5191244976491,62.7780047138878,70.3593824325744
"315",36.7516300624172,53.4785587772545,36.6454661198336,53.3927704234609,49.4952703633291,53.4407068367627,48.3175087922401
"316",26.808268558193,36.1185274696112,29.9756545424769,40.7385826449161,35.8005156665112,42.0794844618531,46.3055067853142
"317",23.9429646825864,53.4154247522276,27.512515166686,58.9377703634438,55.3764534918902,48.1511695629917,55.4282647584689
"318",36.4826310593933,54.3785048252284,41.8102832896637,59.8403431158744,61.5718419253132,64.5034646013559,58.1142713970196
"319",4.51368279047169,0,0,0,0,0,0
"320",31.6037555877082,52.6338090117252,33.2339113212803,56.025628146697,53.4669076071662,57.8769552105848,50.9094027803154
"321",0,0,0,0,0,0,0
"322",36.9275417379361,57.50151803722,40.6606514232993,62.5635755143494,70.4523204508486,61.7040873539521,65.400015749923
"323",23.5042332520671,38.1968375302032,26.1657664822492,42.3201197262945,39.1362407572579,38.6391279336305,40.2581176190594
"324",25.5508946542945,52.5403637035021,25.6645439744807,58.9773499796667,49.82504623965,53.2530777541849,49.2663232425561
"325",38.213960837574,0,39.619005157784,0,0,0,0
"326",33.7634642542768,53.1782234146238,33.7634642542768,55.4186786751395,56.5989775663059,59.2085689045462,54.0241839829505
"327",25.0515297182588,53.4373995698373,24.6325593665992,56.1974240774459,54.8009937164106,46.4210111163585,57.5826420345045
"328",0,0,0,0,0,0,0
"329",32.2743173577608,49.4194398316031,34.7289831542378,51.7784191097361,51.4674523244533,44.1270007472519,55.6744498077952
"330",28.9405443528408,38.8958724103724,31.3507828813478,44.1986257927319,43.3766479961628,49.166981297871,42.8708687149279
"331",0,0,0,0,0,0,0
"332",32.333687616716,38.8394129714047,38.8863969832839,43.8882381423581,45.3033660914303,48.0287401030542,43.0649728745608
"333",33.746598984498,0,35.8656945653601,0,0,0,0
"334",31.7592281028795,61.6187643259332,34.2008481436064,70.6315616548178,57.7328190459981,65.7152950232995,71.429249484339
"335",28.82760942658,46.9927634851964,32.053105768896,53.7250165208361,58.3050307234386,53.7698873045803,56.3381746692401
"336",19.4822082337461,0,19.9541626372493,0,0,0,0
"337",26.9435532483353,49.6908796927669,29.3400466818747,58.5451591962018,53.9607610004969,57.6730791970915,50.9159890269683
"338",28.5849197841865,50.1837880340591,29.6893889685097,52.7656058459159,54.3741158581575,50.5694920540028,58.0496184334462
"339",29.0691696374617,49.1474142005706,30.0188351803955,58.0363649145571,54.4341410862146,52.0349391673712,48.3850069789311
"340",26.7357579842192,80.9442044686504,25.3711954492016,84.5951422844108,80.4744637608306,74.090546090202,84.7955239805869
"341",28.4149046916402,50.5371081194667,29.808809145959,54.7938114851697,51.6194630142152,58.5706572852119,50.6455766780616
"342",44.7723330361388,58.6775389214975,46.9550056696949,62.9289266012718,63.3259010431595,62.3327544295864,61.3065899374961
"343",25.8821860094281,40.0663722186925,28.413757889086,41.747976472273,40.283420769355,45.3806792102886,44.3168609862648
"344",26.5615111889599,58.5383580463107,28.0243861620375,60.906490779456,64.0442193016599,64.7481296309948,61.0275581585096
"345",0,0,0,0,0,0,0
"346",0,0,0,0,0,0,0
"347",30.221717618591,0,28.6729805806785,0,44.0045635694316,60.866912882551,0
"348",25.5379731098645,49.911474496292,26.2015652594896,50.1865977022255,55.266803930817,50.1601030614766,56.2019206925394
"349",22.6180870161727,54.6502696138873,22.6560394349834,58.3955517914442,52.293342534139,46.9687698345163,52.1993529546821
"350",32.5208414933372,55.174472280863,32.8018209680256,57.1161911516237,52.1192225164564,53.2018743454504,50.7814931036263
"351",31.291922035198,48.2492588142066,35.8450026319317,52.5070134933114,55.6910095653201,48.8148194156887,49.0723781495918
"352",26.2440978424725,53.8230243388843,29.0023142680203,48.8787765712558,50.8485934302239,55.22860913998,59.7737113408268
"353",32.5880513250557,70.4248808454573,33.5329827453295,62.6931906147772,69.9368186413717,58.7726650392903,58.6956242410028
"354",26.5054576405806,40.8341418227304,27.3698440907539,53.4864596571647,48.8032668202471,50.3976889364773,48.7201038969333
"355",32.7222421516701,53.5869252007038,32.7222421516701,58.6065095814952,57.0322525025707,58.7459482628909,66.8936213526098
"356",40.0390598836291,82.3815860348957,40.5896357680221,79.6261947244405,83.5706224441363,76.322617457967,73.7578238860017
"357",35.4553971645147,39.2947564065157,37.7323738206809,0,0,0,0
"358",34.1558059680503,67.0977326710794,31.7681340107175,78.0661530242989,58.8122809253141,70.4111732958177,69.7559672505111
"359",23.5942915847257,0,23.5942915847257,0,0,0,0
"360",28.2069402060843,50.4362074096668,28.8409917173731,57.2123487380662,48.9947418342027,53.9939626794953,63.0890303849236
"361",0,0,0,0,0,0,0
"362",33.8113789742134,0,34.2042559601396,0,0,0,0
"363",24.3279040110793,48.1177629533902,24.6073000496941,51.1269676558845,49.6834962866745,46.4355868029896,58.7402721799784
"364",0,0,0,0,0,0,0
"365",25.5738351191249,56.2565913352254,27.3794021852713,58.2676202124345,56.7809520148177,57.8833573894502,53.2506811229911
"366",43.903143246673,0,42.048770317348,0,0,0,0
"367",25.0171137779894,46.8387307595372,27.3354969220577,49.9732216470983,49.8558125478476,53.9427895687324,50.9924638792526
"368",30.0767877714325,56.0529086831954,30.5661094917752,55.0908369348303,57.6088497223024,51.5175516322467,66.8581282228162
"369",23.5464111566965,44.6960781632889,25.1738565170047,41.3230545512038,45.0257783467276,49.1956257940484,41.7087632106578
"370",26.961350335001,60.2938971812787,29.5666581501116,60.5870393295017,70.3110136227145,61.8847157613852,68.6211672169913
"371",28.6807486992238,0,26.5393481583792,0,0,0,0
"372",27.2464100848778,34.002995968919,28.9661966488737,0,0,0,37.369971236225
"373",24.9132983640354,0,24.3297359228088,0,0,0,0
"374",38.0254577483993,49.8863482130953,42.0842651596072,55.983303023209,50.767879408662,56.1533907295429,53.5584281275412
"375",24.8708938302967,51.1643294235719,26.7681421413236,45.1537699548136,50.3135668672984,53.162839625753,52.7786949296706
"376",26.6166199741386,62.3095454342249,29.4433084135166,67.9457508233093,66.1031495155306,51.6526360337706,65.2883674408685
"377",37.6101888678986,66.0906095319788,41.8701243089583,71.7820259626109,70.8953544593739,64.7893180814887,85.2169006734988
"378",24.6987087349461,36.8536425232276,25.0160279229904,41.5053121023903,41.911507020155,35.4267787363183,41.6772203864625
"379",37.796854331743,82.3060599274972,37.6811869155227,92.1449251400011,90.5237922787528,88.3016407668743,96.8693836597731
"380",24.449458402548,52.1836573733736,25.5357746403916,50.9641072827083,49.3341813527142,56.4218031698875,46.0018673563647
"381",27.0733124272055,65.6612784517472,27.647791170317,53.3289303904489,67.3455026588487,65.1619315034845,61.2577690916295
"382",38.3917956976448,61.8449823853369,41.3413789264587,60.9639942113008,62.8385843704174,60.1647697343873,68.6055422455143
"383",35.2330161748417,67.3987206308897,39.4719144462018,65.1725690837023,70.5536222157306,77.0076919609376,80.299124986536
"384",41.1809455351956,63.0576329938901,42.6628922026754,66.4863457526075,64.6145656525022,70.6378958670551,67.9079454833637
"385",29.8872237627094,55.8361414198767,31.6236190090195,51.9571137609454,55.2942028336975,60.8796981686835,52.7702396314623
"386",38.8296801485761,100.66975794277,38.4330164850421,105.75500363339,100.256179419715,105.744350417792,102.51144009607
"387",28.7946345148003,0,29.1966525529292,0,0,0,0
"388",35.3805602018248,0,39.0102601297742,0,0,0,0
"389",0,0,0,0,0,0,0
"390",24.4122859869642,41.680743911572,28.7726794941697,43.7845529733696,48.1584244486522,40.0741923801904,47.1662387905841
"391",31.2501937526195,62.6932661203547,33.6219005215646,63.130085038086,61.0506660814727,56.542331420859,66.5376458780989
"392",24.8125199458699,43.4043468769555,25.2548278884161,39.8912541860678,42.2853547146714,40.1406259890087,40.0378552310037
"393",21.8094285723475,49.2181075607495,21.4840554355796,53.5671756849184,51.4013557836746,44.943885230262,44.6128613023096
"394",28.4794525782182,40.6084687519648,31.5874004091017,40.8519744645149,38.8955378507427,39.4730189561445,40.4250133414994
"395",22.9185067935305,49.850341764717,22.9185067935305,58.5521875917903,58.1326328130794,52.2455811674804,49.4188333335767
"396",23.6796700826471,52.9939627873129,28.7654866663473,58.6181564390207,54.3526010340307,55.2024219084671,60.440256675465
"397",29.2010813875273,38.998704849393,30.26204857817,44.8848865170685,41.978551786393,46.6143781788131,34.3621717888049
"398",0,0,0,0,0,0,0
"399",26.8117434272016,46.2049661926743,25.4118564455799,48.1599872216102,47.4691495499018,52.1257067714175,49.6228291264136
"400",27.765502593167,48.5190596913671,30.0967268910267,45.5898049875136,43.0230285645834,51.1579292270522,38.2079310132816
"401",23.1184586822352,53.7217140036847,27.5446844035813,61.9265680446682,52.9280597744864,54.4426164231554,55.9534154459233
"402",32.3970864356821,57.6894929627292,35.2908412777994,63.4416775094608,70.0920600402469,61.3110950486597,59.8135410487052
"403",26.1144322937494,36.7848894298082,26.8055955916727,41.553554031953,41.6774469670402,48.5719438584313,48.0427775677228
"404",24.2331300616604,40.0544779435435,25.1236218169081,37.351292757292,44.242489957268,43.7112826645147,46.7913252566496
"405",34.8592164799082,59.3699675306375,37.9916807584999,59.7261457081513,63.3474369731887,57.7950146244702,70.1794150949783
"406",26.4292996173033,38.1919969414477,28.0190110309026,45.6458246437672,44.3039186054782,42.17382486884,43.541210503843
"407",38.0473799533016,0,38.9833287938281,38.324132379675,55.76222538913,0,0
"408",34.0932947967366,66.7463627857006,36.5465330020784,68.9582059996724,70.7910779199273,80.0480084539239,65.5234484328299
"409",35.141349668351,0,34.1699955751324,0,0,0,0
"410",0,0,0,0,0,0,0
"411",43.9973337299908,80.67728772494,43.9973337299908,82.8330934421831,90.2996668716577,86.1870865556934,89.4691048846295
"412",29.8091678022891,0,35.1486283673001,0,0,0,31.8301016773964
"413",53.9753923414714,87.5155182495302,55.3943790406688,98.4957733227262,103.72374320292,102.436311965812,104.332438676041
"414",27.0805924286242,0,29.3434352112444,0,0,0,0
"415",24.6832428266534,89.1421158303616,27.0149696884638,97.5294807635847,84.5503719818369,93.2068699292659,83.5286972337791
"416",28.3141507323352,44.9633061129396,28.3141507323352,51.0441902734639,51.1637130580475,53.1195550986409,49.1520234665476
"417",36.125647955765,69.1308161057079,39.9010778913914,63.6095330275017,70.7515608727354,70.0464280587266,67.0194886769477
"418",28.195550260676,0,28.4879926463473,0,0,0,0
"419",0,0,0,0,0,0,0
"420",29.9130679779127,0,29.9234133999431,0,0,0,0
"421",21.4572756802063,55.4538474730014,22.9198411493313,57.8860650454615,52.1673525390943,56.8291003468872,60.3013808548744
"422",27.9714748105385,42.280209795687,30.5736944420458,51.7841006261784,48.9318903276805,49.5859196399694,40.9875906403671
"423",29.3888996626462,44.1541389732905,33.921856897421,45.4371452054669,50.7918109676524,48.5673402639208,44.1041754421897
"424",22.3734652927905,49.5707481751299,24.4103686810084,51.4382114446825,50.916589076854,53.7449097044856,55.6906963318717
"425",35.9615626559967,58.0889258819172,37.3437188931863,61.7502099827657,62.6458376038643,67.839081443663,60.7739229665588
"426",22.3737555958622,35.1838041810214,30.1910318760739,37.7562373519107,43.152248111421,47.6196723610813,43.4216894850889
"427",27.1959021109007,74.3028805350705,29.9921505782801,79.8620781270539,75.1505830293776,70.2218471079092,82.5858430553519
"428",31.5617860808429,73.2123468989357,32.6509824244454,74.9030808193675,77.157645912673,78.024525796124,75.1751952129001
"429",0,0,0,0,0,0,0
"430",34.0626689802735,61.5210384406888,33.7809303909261,65.1555231376254,58.6905318016865,63.6980861177348,61.8676618091222
"431",19.8487042013418,41.0723569911732,27.8592456997646,42.8076690316075,39.891910537062,48.4758348368197,41.140124240633
"432",0,0,0,0,0,0,0
"433",0,0,0,0,0,0,0
"434",28.9107997005007,0,29.2772530015198,0,0,0,23.0026509451268
"435",22.1561269351386,0,22.0344399417398,0,0,0,0
"436",24.8372942016315,43.1020640741049,26.7658854621945,44.507050796299,51.6294216693359,47.191082005417,44.9050831315703
"437",30.2264975758963,55.0267704138297,32.8674731026474,57.6327196628773,64.1951687176849,55.145212288837,53.133200786266
"438",33.331577967363,60.0313620807443,35.1138784674478,70.2449393044772,62.567778714922,68.5930774201733,61.34703236185
"439",32.9919482626493,53.8399447609824,37.6014118631116,47.9157314525926,54.038683399265,55.3338213897353,48.5652441843047
"440",0,0,0,0,0,0,0
"441",37.8230465279598,79.1597520222604,40.389049969255,74.6081085524469,77.2259209129882,80.2897750070112,78.464113220782
"442",0,0,0,0,0,0,0
"443",27.4420394406281,64.8037778277665,28.1201774318965,64.8304023193816,69.1097095647202,62.0599422249028,71.7848501215285
"444",17.558964164938,31.906483265388,20.5821176117213,39.1984927102994,31.5410208715338,39.4822397246098,37.7638835729468
"445",26.9978971164288,53.7981377391369,26.0457075483177,55.1458685004444,53.1680569408932,57.8875208867335,46.9656033664256
"446",34.5748049574126,71.0613672662449,36.1929285907162,64.4677832802816,62.6391525899534,65.649778362357,62.1866215064869
"447",33.9154909058235,58.9636109660707,35.9134849151287,56.4371000913959,56.8224422175269,59.9562317532311,60.7284631451683
"448",24.9408341889715,50.0747769677113,30.4401421058235,44.6813604365597,48.6851844404806,46.9991552636274,46.2185423300267
"449",29.2268843666908,44.2543326626492,32.0518405465575,50.3585618949344,50.7309580178306,54.2532828320052,51.2479957495059
"450",48.9009586821232,76.3682723152326,50.0381810315745,77.3578155015502,81.0642366831649,77.0271944180887,78.8935825077903
"451",29.0113027052509,54.5825288717225,29.1935237868034,57.9089300163754,52.5912045178974,49.9955923480869,55.0684811510194
"452",32.1004429821969,59.14972774417,32.2353153600396,61.8693632648831,57.2987387126081,59.87276634844,57.6315234481331
"453",24.6388922968587,0,23.5382216287316,30.6964188980902,0,0,0
"454",26.31832191138,66.7001985253276,26.6041726581249,72.5937591969132,72.5313476857084,75.7205988535177,68.3626621702309
"455",25.2415696192584,48.48230124557,25.5152464917163,43.1364287204493,49.9299638943788,38.4289512045099,55.7326819453645
"456",24.6288930386642,43.6162830444493,25.1049857692971,48.4025708612403,45.921952782446,46.7878056021352,47.9082978741568
"457",22.425337827332,40.6810429651765,24.2254224117882,41.5324361438379,40.6075652020067,46.4205801829121,43.9053993827974
"458",23.1878039778296,49.8762927791739,26.3535432408672,48.4030999207075,58.3536313495712,61.4094690355581,53.895235722052
"459",29.8061462627734,77.0685119920901,31.7863585551295,82.0919222677558,75.5737444470035,74.1459627344002,82.9141552917068
"460",47.5884259519952,0,50.8870751058316,32.7022915554601,0,39.9840295344228,0
"461",30.3335945424322,51.9364852931754,33.6368585748239,48.7428800318788,57.4671335480046,46.0934415156115,48.9213642338299
"462",32.7462768050393,56.6256330890476,35.391995614822,52.9848896658916,60.6497921968074,57.926525809189,63.9336688700854
"463",24.1766802071416,49.1518448692959,26.4639728504187,54.3533950862693,52.6291513081068,51.4656056068745,52.8975653955494
"464",30.4484450815755,75.0007793731113,30.5051412896515,67.9858392296034,71.1009506678326,73.1813605388841,74.2085543368093
"465",0,0,0,0,0,0,0
"466",30.3401726357586,50.8550143144441,30.1435547829979,60.4435966350155,56.6572814788358,62.9078018230443,58.3240518718476
"467",30.0729068947181,45.9095351217612,31.5383535602518,49.2721669055298,57.0822387776796,50.7985312298473,57.4228341455734
"468",37.9416803784351,52.9656324443715,37.0592194240081,57.5296939813735,57.605277411553,61.8481312995878,56.133365863897
"469",23.3273796844169,35.9587264034256,24.3792113861828,48.0764099496167,45.0559596236281,52.7020719671961,41.0461344196247
"470",22.065670046775,44.1035924582914,22.850891417552,44.2343425069201,45.5797346841926,48.6041950901043,51.4066378467319
"471",32.8667990217733,51.9223515129034,33.9914353644061,63.9485879720436,61.8796021084262,62.2334067770613,65.3580469178184
"472",24.1950903207317,46.1906340375064,28.1582272274789,51.7277790236163,48.6730015972756,49.1169942943737,50.4084940166057
"473",32.0528656304833,0,35.7929955441653,0,0,0,0
"474",37.318535534072,58.949788633408,36.9280495972765,57.8229404310439,58.0746407903066,58.2735840818769,64.4335486055379
"475",38.7822162195197,65.8492555458737,39.9451407960309,63.3045133326489,66.1587724273312,61.7598480315166,59.6646820386218
"476",30.6134363291149,84.0048432007788,28.7643342961669,91.1905139786005,93.9531703143854,90.1885769087504,88.0827020646999
"477",28.1299633359854,0,28.8002282546248,47.4057814939097,27.3695981569928,0,0
"478",24.1384936635574,50.7263651495364,29.0792053793151,45.538834423309,51.6725750211798,45.0166972271015,54.8761728784106
"479",24.911943112423,54.0310445278279,27.5372545258118,52.1466827058089,55.0629211557277,59.1038256252696,57.4084099989143
"480",35.8949849313154,0,40.6153317452588,37.2961227534696,0,0,0
"481",33.0851153487864,0,34.1774131327932,26.8280898715429,0,0,0
"482",21.7290552034844,51.2499394482243,24.5741447685663,50.2188734961962,49.1611621197326,53.8085792059031,51.366028799507
"483",25.611720672566,50.9486548949175,25.7406877965304,53.8506023696743,52.9958011274026,47.5943077915304,44.4569858686508
"484",28.7436389014875,46.4664721602364,30.050583764119,45.7068084413823,41.6793320601537,48.0741413656038,47.7878707947673
"485",33.3438085852351,0,32.9498026853604,0,0,0,0
"486",30.4647069255523,47.7423452260089,31.7816095217373,53.5340718476294,55.8151280748431,51.8607645011015,49.6895475790077
"487",34.3594382399233,48.4982387635874,34.3594382399233,56.1269594898975,51.0359987193157,54.3032843151058,57.8359826211537
"488",28.4704737152996,0,27.3238182925954,0,0,0,0
"489",31.6921058348986,47.5041187550396,35.5105374023022,46.3155691849082,43.6768558686477,48.4852806888954,54.7973845794328
"490",21.6307560481065,43.1593788432483,23.5646860430415,47.5289655267585,41.9608207337553,46.6626555682592,49.1026599920427
"491",27.6529872737061,48.1863370870837,29.077114494853,44.6748238093477,48.2911152500732,40.2238107095571,42.223651429638
"492",30.3650055477659,53.7494265084027,33.6481530385701,62.1590611559248,56.8497297177839,61.5949528135577,59.3518606402424
"493",22.5515266222463,53.0957943155816,25.4134436947428,54.1083952753848,50.335147035685,57.5358829447648,58.4605765582985
"494",31.4475064080148,53.5666352482008,33.2375554119242,57.7387810433274,55.3978708101492,57.5591784440551,56.8184188340089
"495",27.6720646168591,50.3606448097663,30.3185286995409,48.2382558216135,58.4984426625425,52.3552493150084,55.8564653084817
"496",33.3245115984578,60.0186132413222,38.0040315412243,62.2284214849007,62.517610935763,58.4379916165752,63.4910901514967
"497",23.5279489125512,48.8519755789389,23.2464837890579,46.0044645031526,47.0144435847551,53.3527584307074,56.1035537698587
"498",31.0777787457555,41.3893274421394,35.2849554904969,48.590960657131,47.7795285550123,48.0266581519455,51.8333897703145
"499",35.2550726510101,58.9872096891854,36.6192682273824,64.9508392436409,69.392158878799,78.4829455130441,74.301487084684
"500",27.5334242483001,39.6415354384883,29.5196239490015,39.525387835991,47.6173042261874,37.3886290302371,42.8238337625331
