"","age1_orange.E","age1_green.E","age2_no_comorbid_orange.E","age2_no_comorbid_green.E","age2_comorbid_green.E","age3_no_comorbid_green.E","age3_comorbid_green.E"
"1",6.23926392929034,0,14.0361355796674,0,0,0,0
"2",0,0,0,0,0,0,0
"3",2.2317110041447,0,0,0,0,0,0
"4",80.5902583264584,0,143.940994273034,157.309518112398,0,0,0
"5",33.3462942221779,0,39.3076946470964,0,0,0,0
"6",0,0,0,0,0,0,0
"7",46.3301790195905,0,42.5531352866577,0,0,0,0
"8",0.64467311537787,0,0,0,0,0,0
"9",0,0,0,0,0,0,0
"10",56.1010787283665,0,54.0198148452674,0,0,0,0
"11",0,0,0,0,0,0,0
"12",87.5243013119566,0,103.892690342645,0,0,0,0
"13",0,0,0,0,0,0,0
"14",0,0,0,0,0,0,0
"15",49.880423237458,0,5.62771447928773,0,0,0,0
"16",3.98899805560178,0,0,0,0,0,0
"17",79.0371415819298,0,49.8788676281026,0,0,0,0
"18",66.893093781161,0,24.6974694760507,0,0,0,0
"19",0,0,0,0,0,0,0
"20",0,0,0,0,0,0,0
"21",12.9841535832887,0,0,0,0,0,0
"22",0,0,0,0,0,0,0
"23",41.7081984941336,0,42.5123198172004,0,0,0,0
"24",1.63339487404724,0,0,0,0,0,0
"25",14.0689446162735,0,0,0,0,0,0
"26",103.600935348302,0,141.860559120898,0,0,0,0
"27",0.782710644079688,0,0,0,0,0,0
"28",0,0,0,0,0,0,0
"29",0,0,0,0,0,0,0
"30",41.2145327234503,0,39.6032050451903,0,0,0,0
"31",167.897929453426,0,133.985006921411,0,0,0,0
"32",86.3130200117491,0,42.7271692479285,0,0,0,0
"33",3.76123078001922,0,0,0,0,0,0
"34",4.03419915131583,0,0,0,0,0,0
"35",0,0,0,0,0,0,0
"36",1.60053835705344,0,0,0,0,0,0
"37",19.9687853891974,0,26.8503861920854,0,0,0,0
"38",10.1202728848435,0,0,0,0,0,0
"39",37.7398518471849,0,29.5563165126071,0,0,0,0
"40",131.468340452508,0,24.5022079759743,0,0,0,0
"41",49.6397070283693,0,42.7094744379161,0,0,0,0
"42",0,0,0,0,0,0,0
"43",27.9892687924609,23.3164703285801,46.6728827265462,0,0,0,0
"44",2.02495021562408,0,0,0,0,0,0
"45",0,0,0,0,0,0,0
"46",0,0,0,0,0,0,0
"47",92.2534716592623,0,102.918813002998,0,0,0,0
"48",92.8214631899476,0,103.086235170235,0,0,0,0
"49",0,0,0,0,0,0,0
"50",2.309211800643,0,0,0,0,0,0
"51",32.2145816371443,0,41.7648599566373,0,0,0,0
"52",13.6344517416494,0,0,0,0,0,0
"53",0,0,0,0,0,0,0
"54",0,0,0,0,0,0,0
"55",30.3659150721686,0,37.9031620311714,0,0,0,0
"56",5.02391918544469,0,0,0,0,0,0
"57",41.1566790541762,0,56.9149598519572,0,83.6550250101244,0,0
"58",5.04219393805054,0,0,0,0,0,0
"59",0,0,0,0,0,0,0
"60",0,0,0,0,0,0,0
"61",1.47634437739023,0,0,0,0,0,0
"62",35.9774559709134,0,39.8635882876404,0,0,0,0
"63",15.2428070904389,0,0,0,0,0,0
"64",3.3157395388624,0,0,0,0,0,0
"65",44.2321175049779,0,57.6162355736427,0,0,0,0
"66",31.5700117032972,0,73.3532366488778,0,56.7168568890425,0,0
"67",0,0,0,0,0,0,0
"68",65.8840604911235,0,55.3118332816083,0,0,0,0
"69",36.9938844617444,0,41.3308477400446,0,0,0,0
"70",18.8365209273727,0,28.0863341344159,0,0,0,0
"71",24.6596110333299,0,25.8363590918384,0,0,0,0
"72",58.974512408246,0,29.4118355438324,0,0,0,0
"73",81.3841408909233,0,65.2559103174917,0,0,0,0
"74",19.1591732625603,0,0,0,0,0,0
"75",0,0,0,0,0,0,0
"76",0,0,0,0,0,0,0
"77",0,0,0,0,0,0,0
"78",0,0,0,0,0,0,0
"79",74.8820689955324,0,76.6415605348608,0,0,0,0
"80",6.47359231393827,0,0,0,0,0,0
"81",0,0,0,0,0,0,0
"82",28.9817728575989,0,0,0,0,0,0
"83",6.81602117290423,0,0,0,0,0,0
"84",2.83090804730798,0,0,0,0,0,0
"85",33.3397046903284,0,53.4808100646868,0,0,0,0
"86",79.5431808027221,0,83.8502135123296,0,0,0,0
"87",36.8230179037962,0,22.519751719683,0,0,0,0
"88",49.2645012013535,0,48.9681366498143,0,0,0,0
"89",0,0,0,0,0,0,0
"90",0,0,0,0,0,0,0
"91",0,0,0,0,0,0,0
"92",0,0,0,0,0,0,0
"93",35.1036816222393,0,46.2372766062009,0,0,0,0
"94",62.0339658376685,0,42.7749361523971,0,0,0,0
"95",0,0,0,0,0,0,0
"96",0,0,0,0,0,0,0
"97",27.4891302995037,0,43.7398738816848,0,0,0,0
"98",0,0,0,0,0,0,0
"99",0,0,0,0,0,0,0
"100",0,0,0,0,0,0,0
"101",0,0,0,0,0,0,0
"102",0,0,0,0,0,0,0
"103",0,0,0,0,0,0,0
"104",0,0,0,0,0,0,0
"105",10.6346402924562,0,0,0,0,0,0
"106",2.89877025317852,0,0,0,0,0,0
"107",28.1619420598882,0,33.4176280213438,0,0,0,0
"108",4.46286599012054,0,0,0,0,0,0
"109",21.1464854771657,0,67.9504009197662,0,0,0,0
"110",50.5979414620467,0,54.5040824918433,0,0,0,0
"111",110.981665152981,0,92.1218509063783,0,0,0,0
"112",5.48354876509777,0,0,0,0,0,0
"113",31.59582148139,0,29.5694216768003,0,0,0,0
"114",0,0,0,0,0,0,0
"115",114.692119550285,0,120.039362616653,0,0,0,0
"116",122.894674474667,0,39.8300690713003,0,0,0,0
"117",0,0,0,0,0,0,0
"118",82.8781520513815,0,86.3352242916556,0,0,0,0
"119",35.512298942185,0,54.1259832321321,0,0,0,0
"120",1.73122883410104,0,0,0,0,0,0
"121",0,0,0,0,0,0,0
"122",0,0,0,0,0,0,0
"123",0,0,0,0,0,0,0
"124",57.0716303660543,0,58.1242862303561,0,0,0,0
"125",0,0,0,0,0,0,0
"126",0,0,0,0,0,0,0
"127",54.9476490441396,0,62.4376287908576,0,0,0,0
"128",0,0,0,0,0,0,0
"129",67.0432710673501,0,68.8327135857214,0,0,0,0
"130",0,0,0,0,0,0,0
"131",0,0,0,0,0,0,0
"132",20.5399129764543,0,136.248566902851,0,0,0,0
"133",12.8097284074324,0,0,0,0,0,0
"134",0,0,0,0,0,0,0
"135",0,0,0,0,0,0,0
"136",16.0822119829752,0,0,0,0,0,0
"137",0.772412324168979,0,0,0,0,0,0
"138",0,0,0,0,0,0,0
"139",39.6219876980208,0,10.5265964584346,0,0,0,0
"140",36.3191379308036,0,96.1358975471138,0,0,0,0
"141",45.5390769643063,0,47.8930354517735,0,0,0,0
"142",7.67513510103044,0,3.21935362515489,0,0,0,0
"143",13.2822296283624,0,0,0,0,0,0
"144",0,0,0,0,0,0,0
"145",0,0,0,0,0,0,0
"146",0,0,0,0,0,0,0
"147",0,0,0,0,0,0,0
"148",0,0,0,0,0,0,0
"149",26.6880811544511,0,13.3562368644472,0,0,0,0
"150",56.6415877070361,0,59.75561998763,0,0,0,0
"151",5.91890292711548,0,7.2753807712251,0,0,0,0
"152",8.55727709655117,0,0,0,0,0,0
"153",0,0,0,0,0,0,0
"154",0,0,0,0,0,0,0
"155",1.71300794195803,0,0,0,0,0,0
"156",0,0,0,0,0,0,0
"157",29.6713957171538,0,16.9227755102289,0,0,0,0
"158",28.8182905333977,0,23.6320269312573,0,0,0,0
"159",41.7010252481007,0,42.9951067349379,0,0,0,0
"160",21.4377728933033,0,0,0,0,0,0
"161",66.1945609072922,0,72.7137440588457,0,0,0,0
"162",0,0,0,0,0,0,0
"163",41.9912862990912,0,49.2003611097771,0,0,0,0
"164",0,0,0,0,0,0,0
"165",0,0,0,0,0,0,0
"166",50.7562420403187,0,41.8231780860107,0,0,0,0
"167",0,0,0,0,0,0,0
"168",0,0,0,0,0,0,0
"169",4.26755835568025,0,0,0,0,0,0
"170",0,0,0,0,0,0,0
"171",79.9824087591317,0,83.5990330850505,0,0,0,0
"172",90.753356686746,0,89.3381998399971,0,0,0,0
"173",18.5679933965523,0,8.09166108119773,0,0,0,0
"174",10.6667437333049,0,0,0,0,0,0
"175",0,0,0,0,0,0,0
"176",0,0,0,0,0,0,0
"177",0,0,0,0,0,0,0
"178",0,0,0,0,0,0,0
"179",0,0,0,0,0,0,0
"180",72.7921713900481,0,73.8154834960539,0,0,0,0
"181",3.75275192485479,0,0,0,0,0,0
"182",21.9405458521643,0,29.8775056785817,0,0,0,0
"183",0,0,0,0,0,0,0
"184",0,0,0,0,0,0,0
"185",0,0,0,0,0,0,0
"186",16.4260982603415,0,4.94860549644676,0,0,0,0
"187",0,0,0,0,0,0,0
"188",7.71972580721421,0,0,0,0,0,0
"189",0,0,0,0,0,0,0
"190",0,0,0,0,0,0,0
"191",27.5829868721719,0,39.5558003270215,0,0,0,0
"192",0,0,3.10016413202153,0,0,0,0
"193",26.4917721884782,0,35.040492940167,0,27.1137031713741,0,0
"194",116.13575415879,0,101.69755396661,0,0,0,0
"195",98.504961976,0,88.8356788157697,0,0,0,0
"196",14.4032931378465,0,4.25068274752825,0,0,0,0
"197",0,0,0,0,0,0,0
"198",14.0660734077224,0,0,0,0,0,0
"199",0,0,6.0556103636641,0,0,0,0
"200",0,0,0,0,0,0,0
"201",25.3837482395465,0,34.020929266999,0,0,0,69.8381682046489
"202",42.2163925551968,0,53.5857433166546,0,0,0,0
"203",81.7587724112634,0,72.5549450758942,0,0,0,0
"204",0,0,0,0,0,0,0
"205",0,0,0,0,0,0,0
"206",0,0,0,0,0,0,0
"207",0,0,0,0,0,0,0
"208",0,0,0,0,0,0,0
"209",1.68305831796965,0,0,0,0,0,0
"210",1.52726852286529,0,0,0,0,0,0
"211",0,0,0,0,0,0,0
"212",69.9414862336001,0,63.1936910361502,0,0,0,0
"213",11.5772613319089,0,0,0,0,0,0
"214",0,0,0,0,0,0,0
"215",34.4949892359195,0,43.0810094219031,0,0,0,0
"216",83.5591445799486,0,76.295367698625,0,0,0,0
"217",0,0,0,0,0,0,0
"218",0,0,0,0,0,0,0
"219",42.6869642691303,0,55.2926148173724,0,0,0,0
"220",14.2402864141354,0,29.7995662635512,0,0,0,0
"221",23.9058272253227,0,29.4085727344646,0,0,0,0
"222",65.2644859523464,0,45.1883603832674,0,0,0,0
"223",105.504568822222,0,97.0107660189729,0,0,0,0
"224",26.7698133028423,0,74.2892356225855,0,0,0,0
"225",1.5943239728547,0,0,0,0,0,0
"226",12.2143518744702,0,17.2253839175078,0,0,0,0
"227",49.773000327907,0,59.5799556452295,0,0,0,0
"228",24.6066962950255,0,53.4753778050564,43.498903835655,0,0,0
"229",4.70208754922195,0,0,0,0,0,0
"230",40.4043735615392,0,50.7196406421586,0,0,0,0
"231",7.87971760215418,0,0,0,0,0,0
"232",51.726647192125,0,47.0109333663146,0,0,0,0
"233",57.3251395737694,0,50.169014284156,0,0,0,0
"234",33.6670245597296,0,31.4508293191588,0,0,42.1647527499029,0
"235",35.3238717227617,0,34.587815604555,0,0,0,0
"236",37.9723313165835,0,40.7143021455171,0,52.3778136344605,0,0
"237",27.3426953140836,0,25.9454330008641,0,0,0,0
"238",82.9947739801043,0,80.4100631583679,0,0,0,0
"239",42.2522218732196,0,67.1378996264195,0,0,0,0
"240",1.56227239824521,0,0,0,0,0,0
"241",0,0,0,0,0,0,0
"242",0,0,0,0,0,0,0
"243",5.33404566888308,0,0,0,0,0,0
"244",56.9303414023354,0,0,0,0,0,0
"245",0,0,0,0,0,0,0
"246",21.3239783406473,0,13.2463612496918,0,0,0,0
"247",0,0,0,0,0,0,0
"248",0,0,0,0,0,0,0
"249",15.180792763858,0,0,0,0,0,0
"250",72.3425229993927,0,42.8515867952148,0,0,0,0
"251",15.0234770175869,0,2.44031730455795,0,0,0,0
"252",0,0,0,0,0,0,0
"253",43.004282550587,0,53.7128751560795,0,0,0,0
"254",0,0,0,0,0,0,0
"255",47.954163171533,0,26.1132912204183,0,0,0,0
"256",4.42478921358914,0,0,0,0,0,0
"257",197.515537315986,0,211.53424629451,0,0,0,0
"258",30.2368554658522,0,0,0,0,0,0
"259",0,0,0,0,0,0,0
"260",8.30037558760382,0,0,0,0,0,0
"261",0,0,0,0,0,0,0
"262",48.157915197723,0,28.2341178839413,0,0,0,0
"263",38.7603865713268,0,42.4805790811408,0,0,0,0
"264",42.4162682922666,0,42.0374346824519,0,0,0,0
"265",0,0,0,0,0,0,0
"266",0,0,0,0,0,0,0
"267",0,0,0,0,0,0,0
"268",100.347198533,0,91.8683453334712,0,0,0,0
"269",0,0,0,0,0,0,0
"270",22.9614328597094,0,22.8174735302093,0,0,0,0
"271",0,0,0,0,0,0,0
"272",0,0,0,0,0,0,0
"273",0,0,0,0,0,0,0
"274",7.57593149577013,0,0,0,0,0,0
"275",0,0,0,0,0,0,0
"276",0,0,0,0,0,0,0
"277",0,0,0,0,0,0,0
"278",0,0,0,0,0,0,0
"279",37.7956524946241,0,11.3384726067375,0,0,0,0
"280",0,0,0,0,0,0,0
"281",0,0,0,0,0,0,0
"282",0,0,0,0,0,0,0
"283",0,0,0,0,0,0,0
"284",9.81144565439111,0,0,0,0,0,0
"285",42.8470052380142,0,40.9488214055423,0,0,0,0
"286",103.463453166134,0,99.8011824687729,0,0,0,0
"287",25.7034882875782,0,28.1385427775827,0,0,0,0
"288",50.4138010479463,0,11.9171510250875,0,0,0,0
"289",51.1580447025137,0,46.5092750751819,0,0,0,0
"290",63.5018557645177,0,50.8654702203636,0,0,0,0
"291",0,0,0,0,0,0,0
"292",165.20574874936,0,92.7366734697859,27.6563639298161,0,0,0
"293",42.7041504203871,0,48.8528962572204,0,0,0,0
"294",14.9759988378465,0,21.3388554947185,0,0,0,0
"295",40.5108958135057,0,0,0,0,0,0
"296",29.4568859251344,0,0,0,0,0,0
"297",54.6742933174705,0,80.4320365594866,0,0,0,0
"298",0,0,0,0,0,0,0
"299",10.3457036970152,0,0,0,0,0,0
"300",2.45091700266843,0,0,0,0,0,0
"301",0,0,0,0,0,0,0
"302",0,0,0,0,0,0,0
"303",44.3959995354886,0,50.7617652999282,0,0,0,0
"304",35.102916887318,0,81.038390516281,0,0,0,0
"305",0,0,0,0,0,0,0
"306",87.3705141699829,0,53.375173350408,0,0,0,0
"307",0,0,0,0,0,0,0
"308",48.0697769799824,0,67.0056096408526,0,0,0,0
"309",44.5953294840315,0,57.3038491370334,0,0,0,0
"310",2.56197665152574,0,0,0,0,0,0
"311",0,0,0,0,0,0,0
"312",7.69275494283834,0,0,0,0,0,0
"313",0,0,0,0,0,0,0
"314",0,0,0,0,0,0,0
"315",22.1902264963466,0,20.6783870532326,0,0,0,0
"316",0,0,0,0,0,0,0
"317",2.74647847794539,0,0,0,0,0,0
"318",63.1275115778359,0,34.6563326546976,0,0,0,0
"319",0,0,0,0,0,0,0
"320",0,0,0,0,0,0,0
"321",9.34379331838889,0,0,0,0,0,0
"322",76.0032913024143,0,89.1776434619767,0,0,0,0
"323",0,0,0,0,0,0,0
"324",0,0,0,0,0,0,0
"325",0,0,0,0,0,0,0
"326",2.38590905165008,0,0,0,0,0,0
"327",67.6402812695346,0,99.6872929064789,0,0,0,0
"328",0,0,0,0,0,0,0
"329",43.7513890425267,0,50.3278889891302,0,0,0,0
"330",0,0,0,0,0,0,0
"331",0,0,0,0,0,0,0
"332",13.7465152038725,0,0,0,0,0,0
"333",49.7747018030516,0,57.1310847290976,0,0,0,0
"334",95.4239391640146,0,104.87915612541,0,0,0,0
"335",0,0,0,0,0,0,0
"336",0,0,0,0,0,0,0
"337",6.05005736168889,0,14.28533053114,0,0,0,0
"338",56.2555516310421,0,72.0643409634782,0,0,0,0
"339",4.91297284467888,0,34.815681227409,0,0,0,0
"340",9.01155020013567,0,15.9858267958002,0,0,0,0
"341",14.6962337850955,0,19.7955645390866,0,0,0,0
"342",6.02582080505161,0,0,0,0,0,0
"343",2.60461310931669,0,0,0,0,0,0
"344",0,0,0,0,0,0,0
"345",94.7968661780526,0,91.0865000966256,0,0,0,0
"346",0,0,0,0,0,0,0
"347",0,0,0,0,0,0,0
"348",13.8375853673408,0,10.1066488525165,0,0,0,0
"349",0,0,0,0,0,0,0
"350",21.2248438570456,0,0,0,0,0,0
"351",62.9941475165034,31.8047912953536,75.0688127441212,0,0,0,0
"352",40.280202880555,0,34.6973307589031,0,0,0,0
"353",24.760617379926,0,5.07220583159878,37.9919201677404,0,0,0
"354",56.9282735210426,0,75.4137437014313,0,0,0,0
"355",19.4612780142187,0,0,0,0,0,0
"356",0,0,0,0,0,0,0
"357",5.85660880610951,0,0,0,0,0,0
"358",35.6111559098187,0,30.0068739431747,0,0,0,0
"359",26.4196850186062,0,52.1975584257714,0,0,0,0
"360",52.1896860521612,0,59.2996899088641,0,0,0,0
"361",58.6410398997946,0,69.4861012036029,0,0,0,0
"362",0,0,0,0,0,0,0
"363",3.84440627670426,0,0,0,0,0,0
"364",31.639181141099,0,66.657275939875,0,0,0,0
"365",1.38982650055334,0,0,0,0,0,0
"366",0,0,0,0,0,0,0
"367",0,0,0,0,0,0,0
"368",0,0,0,0,0,0,0
"369",8.4637084113855,0,0,0,0,0,0
"370",0,0,0,0,0,0,0
"371",3.99619052413779,0,4.45531049023426,0,0,0,0
"372",28.4938978999373,0,24.0156873532732,0,0,0,0
"373",0,0,0,0,0,0,0
"374",62.6213304583778,0,58.1276155240225,0,0,0,0
"375",50.0861296291696,0,28.9385764201995,0,0,0,0
"376",1.27045032954975,0,7.04365113731562,0,0,0,0
"377",108.436250794246,62.3793083181077,97.3901669853611,0,0,0,0
"378",0,0,0,0,0,0,0
"379",37.3976748664587,0,50.3866024463274,0,0,0,0
"380",59.5714831095069,0,36.0798634549358,70.9146045632852,0,0,123.75346192296
"381",49.8065212264427,0,38.2723476845776,0,0,0,0
"382",76.4328458801708,0,95.0879458680838,0,0,0,0
"383",0,0,0,0,0,0,0
"384",0,0,0,0,0,0,0
"385",2.82862626509382,0,0,0,0,0,0
"386",2.12061993901583,0,0,0,0,0,0
"387",35.2074438274745,0,36.0382828472206,101.716619027704,0,0,0
"388",0,0,0,0,0,0,0
"389",0,0,0,0,0,0,0
"390",49.6682797281503,0,52.4066774611688,0,0,0,0
"391",3.88475213290003,0,0,0,0,0,0
"392",0,0,0,0,0,0,0
"393",1.14369903834216,0,0,0,0,0,0
"394",0,0,0,0,0,0,0
"395",72.1768729636338,0,58.1626091903112,0,0,0,0
"396",62.7000218468731,0,55.4899409149806,0,0,0,0
"397",0,0,0,0,0,0,0
"398",8.08136752718574,0,4.94309350389124,0,0,0,0
"399",61.2313697772819,0,67.4221384736491,0,0,0,0
"400",0,0,0,0,0,0,0
"401",43.3247826753608,0,53.4339493930318,0,0,0,0
"402",2.99811167960037,0,0,0,0,0,0
"403",83.5855438437753,0,109.432184375633,0,0,0,0
"404",62.0467395492796,0,67.5524402142252,0,0,0,0
"405",14.8657813715854,0,0,0,0,0,0
"406",0,0,0,0,0,0,0
"407",0,0,0,0,0,0,0
"408",17.2880080281929,0,0,0,0,0,0
"409",0,0,0,0,0,0,0
"410",60.3146303642278,0,55.8290985695287,0,0,0,0
"411",13.2366880752695,0,0,0,0,0,0
"412",16.1169986510752,0,84.596999017248,0,0,0,0
"413",37.9496445242354,0,0,0,0,0,0
"414",40.1973299514853,0,37.2146529662831,0,0,0,0
"415",61.1559392453276,0,86.9580992761154,0,0,0,0
"416",8.57869746528076,0,8.36948172407167,0,0,0,0
"417",3.67726181039785,0,0,0,0,0,0
"418",26.3760814619535,0,33.475804398778,0,0,0,0
"419",0,0,0,0,0,0,0
"420",26.0924178563394,0,33.1856786465256,0,0,0,0
"421",9.0342774430206,0,0,0,0,0,0
"422",18.1223172068364,0,5.85468447286142,0,0,0,0
"423",3.63472322036278,0,0,0,0,0,0
"424",0,0,0,0,0,0,0
"425",57.7880532240523,0,35.6806636299729,0,0,0,0
"426",96.0992030649053,0,97.8888751910588,0,0,0,0
"427",0,0,0,0,0,0,0
"428",0,0,0,0,0,0,0
"429",0,0,0,0,0,0,0
"430",63.0856785888292,0,55.0246687868935,0,0,0,0
"431",39.5049394136138,0,68.3911710621146,0,0,0,0
"432",51.7344214571888,0,13.8101712872159,0,0,0,0
"433",0,0,0,0,0,0,0
"434",0,0,0,0,0,0,0
"435",39.6751700911371,0,46.4803335238943,0,0,0,0
"436",1.54075631207768,0,0,0,0,0,0
"437",0,0,0,0,0,0,0
"438",0,0,0,0,0,0,0
"439",68.1684224410202,0,70.6378624370856,0,0,0,0
"440",0,0,0,0,0,0,0
"441",1.32371913773279,0,0,0,0,0,0
"442",7.25758280684414,0,0,0,0,0,0
"443",5.79115546259451,0,0,0,0,0,0
"444",65.87072273896,0,70.9054133277518,0,0,0,0
"445",0,0,0,0,0,0,0
"446",2.4767627670839,0,0,0,0,0,0
"447",41.2965159970226,0,53.3811926232428,0,0,0,0
"448",0.995192475804078,0,0,0,0,0,0
"449",0,0,0,0,0,0,0
"450",0,0,0,0,0,0,0
"451",8.63138146438705,0,0,0,0,0,0
"452",0,0,0,0,0,0,0
"453",63.0448447410326,0,47.2287476471463,0,0,0,0
"454",53.6428556047516,0,43.4515820793598,0,0,0,0
"455",0,0,0,0,0,0,0
"456",0.487814431077573,0,0,0,0,0,0
"457",1.60056558071078,0,0,0,0,0,0
"458",0,0,0,0,0,0,0
"459",0,0,0,0,0,0,0
"460",48.0615174668645,0,39.0346154315009,0,0,0,0
"461",0,0,0,0,0,0,0
"462",45.3515793899675,0,47.451314331647,0,0,0,0
"463",0,0,0,0,0,0,0
"464",1.5081344126157,0,0,0,0,0,0
"465",71.5785290619984,0,80.043735719689,0,0,0,0
"466",0,0,0,0,0,0,0
"467",41.2523696150211,0,50.1088944503471,0,0,0,0
"468",62.8596359525897,0,59.3659452732444,0,0,0,0
"469",0,0,0,0,0,0,0
"470",0,0,0,0,0,0,0
"471",0,0,0,0,0,0,0
"472",0,0,0,0,0,0,0
"473",12.7382248783804,0,0,0,0,0,0
"474",0,0,0,0,0,0,0
"475",67.4300986906742,0,52.9920598080443,0,0,0,0
"476",45.3310429007736,0,51.1457481614878,0,0,0,0
"477",55.5946849073782,0,58.9797153406014,0,0,0,0
"478",0,0,0,0,0,0,0
"479",0,0,0,0,0,0,0
"480",0,0,0,0,0,0,0
"481",121.784183912401,0,127.427267972534,0,0,0,0
"482",7.77614464397592,0,0,0,0,0,0
"483",0,0,0,0,0,0,0
"484",14.7517565510755,0,37.8511811444012,0,0,0,0
"485",0,0,0,0,0,0,0
"486",35.0379794782054,0,87.7275187634896,0,0,0,0
"487",0,0,0,0,0,0,0
"488",29.3029277490289,0,36.9096094728527,0,0,0,0
"489",0,0,0,0,0,0,0
"490",42.8715073791816,0,60.261421874983,0,0,0,0
"491",0,0,0,0,0,0,0
"492",0,0,0,0,0,0,0
"493",40.0332994048356,0,29.5291931599042,0,0,0,0
"494",0,0,0,0,0,0,0
"495",0,0,0,0,0,0,0
"496",70.0949866707817,0,86.3981002916532,0,0,0,0
"497",14.7760570229417,0,0,0,0,0,0
"498",0,0,0,0,0,0,0
"499",4.76432959322449,0,0,0,0,0,0
"500",29.3600538293218,0,54.2404152756154,0,0,0,0
"501",111.96341434506,0,80.4489432386435,146.038511504814,0,0,0
"502",0,0,0,0,0,0,0
"503",0,0,0,0,0,0,0
"504",60.2238032010155,0,63.0683716839235,0,0,0,0
"505",86.7658810554436,0,89.5046454767292,0,0,0,0
"506",8.89407150918637,0,0,0,0,0,0
"507",0,0,0,0,0,0,0
"508",44.0560555334083,0,41.5746061328859,0,0,0,0
"509",3.09757108779844,0,0,0,0,0,0
"510",0,0,0,0,0,0,0
"511",0,0,0,0,0,0,0
"512",0,0,0,0,0,0,0
"513",42.8895748373367,0,15.4961962156658,0,0,0,0
"514",16.4862938806444,0,16.7913260483604,0,0,0,0
"515",0,0,0,0,0,0,0
"516",0,0,0,0,0,0,0
"517",0,0,0,0,0,0,0
"518",0,0,0,0,0,0,0
"519",11.9714336896663,0,0,0,0,0,0
"520",0,0,0,0,0,0,0
"521",2.22331921293546,0,0,0,0,0,0
"522",16.4705222785564,0,0,0,0,0,0
"523",41.9172775612128,0,61.599316816282,0,0,0,0
"524",0,0,0,0,0,0,0
"525",0,0,0,0,0,0,0
"526",57.9664072740551,0,66.0368623225727,0,0,0,0
"527",0,0,0,0,0,0,0
"528",0,0,0,0,0,0,0
"529",63.5152388576381,0,59.3366817896718,0,0,0,0
"530",0,0,0,0,0,0,0
"531",78.6242159410212,0,62.0575826306933,0,0,0,0
"532",59.0367334661907,0,43.225914531756,0,0,0,0
"533",47.4671484179292,0,41.9855526370823,0,0,0,0
"534",40.2592718438034,0,59.259149189609,0,0,0,0
"535",19.5025576835057,0,88.3443573037657,0,0,0,0
"536",0,0,0,0,0,0,0
"537",17.3512643542949,0,14.5466671985629,0,0,0,0
"538",23.3369479461105,0,0,0,0,0,0
"539",93.1961652573305,0,35.8326750254753,0,0,0,0
"540",55.9709151662107,0,46.2657672222213,0,0,0,0
"541",18.0047865537046,0,4.64562057622862,0,0,0,0
"542",5.5380504002454,0,0,0,0,0,0
"543",22.4094883293775,0,0,0,0,0,0
"544",14.650202559767,0,0,0,0,0,0
"545",5.0155507443218,0,0,0,0,0,0
"546",0,0,0,0,0,0,0
"547",89.6717741183772,0,91.533466126788,0,0,0,0
"548",0,0,0,0,0,0,0
"549",0,0,0,0,0,0,0
"550",40.9057131167287,0,37.0211004216984,0,0,0,0
"551",58.6016384297958,0,62.9496697754625,0,0,0,0
"552",28.7775231767588,0,42.5129140175798,0,0,0,0
"553",58.2138672977502,0,52.3319620846703,0,0,0,0
"554",28.5102032899592,0,50.2073854558227,0,0,0,0
"555",0,0,0,0,0,0,0
"556",25.8441182232995,0,42.7103013417929,0,0,0,0
"557",10.1791825816802,0,5.63154149408282,0,0,0,0
"558",0,0,0,0,0,0,0
"559",4.21307376724245,0,0,0,0,0,0
"560",0,0,0,0,0,0,0
"561",0,0,0,0,0,0,0
"562",0,0,0,0,0,0,0
"563",5.42475766753567,0,0,0,0,0,0
"564",13.0279188563441,0,0,0,0,0,0
"565",0,0,0,0,0,0,0
"566",51.5273367690838,0,106.097907479352,0,0,0,0
"567",0,0,0,0,0,0,0
"568",51.2527530754236,0,46.1974412009756,0,0,0,0
"569",62.6316451188415,0,39.3690667652905,0,0,0,0
"570",0,0,0,0,0,0,0
"571",0,0,0,0,0,0,0
"572",66.4944242398939,0,102.672907207801,0,0,0,0
"573",19.7731537474616,0,34.0345256880361,0,0,0,0
"574",8.35113335555783,0,14.2224110759111,0,0,0,0
"575",29.188497883641,0,22.4951430331669,0,0,0,0
"576",81.1492297331193,0,63.0401897320696,0,0,0,0
"577",0,0,0,0,0,0,0
"578",44.6924839373387,0,57.9651376152495,0,0,0,0
"579",73.1227588804897,0,66.8201149859915,0,0,0,72.8422957637188
"580",15.9500295793957,0,0,0,0,0,0
"581",0,0,0,0,0,0,0
"582",47.0670832256129,0,37.6809311163228,0,0,0,0
"583",3.13246946631248,0,30.7131393370937,0,0,0,0
"584",0,0,0,0,0,0,0
"585",0,0,0,0,0,0,0
"586",22.6210598554731,0,0,0,0,0,0
"587",61.0908241618392,0,62.1794278503137,0,0,0,79.7724784408505
"588",0,0,0,0,0,0,0
"589",46.5079351232902,0,78.3294617340834,0,0,0,0
"590",3.48722071695236,0,24.4474819059913,0,0,0,0
"591",1.87453979221772,0,0,0,0,0,0
"592",9.91455987157559,0,0,0,0,0,0
"593",0,0,0,0,0,0,0
"594",2.54296757749139,0,0,0,0,0,0
"595",68.4328403028439,0,93.7409141465336,0,0,0,0
"596",0,0,0,0,0,0,0
"597",0,0,0,0,0,0,0
"598",8.33434848445122,0,0,0,0,0,0
"599",0,0,0,0,0,0,0
"600",41.6407771933224,0,54.6110192960852,0,0,0,0
"601",21.7153196485713,0,0,0,0,0,0
"602",59.2961551237591,0,55.1712490601561,0,127.553707419916,0,0
"603",0,0,0,0,0,0,0
"604",0,0,0,0,0,0,0
"605",0,0,0,0,0,0,0
"606",47.1083529132269,0,53.0735782078077,0,0,0,0
"607",3.88565065033957,0,0,0,0,0,0
"608",0,0,0,0,0,0,0
"609",0,0,0,0,0,0,0
"610",33.9252153819369,0,15.413321276597,0,0,0,0
"611",13.6081172087462,0,11.4768134956656,0,0,0,0
"612",44.4493118241785,0,16.8731654695122,0,0,0,0
"613",0,0,0,0,0,0,0
"614",6.55970579763013,0,0,0,0,0,0
"615",0,0,0,0,0,0,0
"616",0,0,0,0,0,0,0
"617",0,0,0,0,0,0,0
"618",0,0,0,0,0,0,0
"619",0,0,0,0,0,0,0
"620",3.81978726858059,0,0,0,0,0,0
"621",2.65190371892488,0,0,0,0,0,0
"622",13.2330997570992,0,0,0,0,0,0
"623",67.225668678055,0,63.6900295387586,0,0,0,0
"624",5.92555890412493,0,0,0,0,0,0
"625",0,0,0,0,0,0,0
"626",32.0947393881124,0,32.7458099221584,0,0,51.7255039785755,0
"627",0,0,0,0,0,0,0
"628",62.1179591597099,0,68.6859887166056,0,0,0,0
"629",0,0,0,0,0,0,0
"630",0,0,0,0,0,0,0
"631",5.86167444768909,0,5.96709636344753,0,0,0,0
"632",4.05264831440791,0,0,0,0,0,0
"633",86.7103701142233,0,88.6437118327166,0,0,0,0
"634",5.83523551268795,0,0,0,0,0,0
"635",65.4924866950169,0,44.0400692607975,0,0,0,0
"636",0,0,0,0,0,0,0
"637",55.0962690256892,0,48.2963876636152,0,0,0,0
"638",90.6756102050957,0,86.1922315230655,0,0,0,0
"639",0,0,0,0,0,0,0
"640",92.4520476380908,0,81.7594258230253,0,0,0,0
"641",23.9762814405499,0,25.0169699722913,0,0,0,0
"642",5.45615201594751,0,0,0,0,0,0
"643",35.9626101588679,0,29.178461118413,0,0,0,0
"644",3.67067435284177,0,0,0,0,0,0
"645",44.9868320214246,0,40.3348994069788,0,0,0,0
"646",55.1013065349256,0,71.9863326580668,0,0,0,0
"647",8.869548845857,0,10.318015828166,0,0,0,0
"648",15.313263784919,0,6.14046903632007,0,0,0,0
"649",51.1398789893023,0,47.6578608026397,0,0,0,0
"650",0,0,0,0,0,0,0
"651",0,0,0,0,0,0,0
"652",0,0,0,0,0,0,0
"653",0.666238912455471,0,0,0,0,0,0
"654",3.43736584520966,0,0,0,0,0,0
"655",31.5758327097433,0,74.5016927637589,0,0,0,0
"656",74.2659707480934,0,67.4974659648779,0,0,0,0
"657",38.1412021923208,0,41.5703184985671,0,0,0,0
"658",0,0,0,0,0,0,0
"659",0,0,0,0,0,0,0
"660",52.0294750984668,0,22.2285835851045,0,0,0,0
"661",0,0,0,0,0,0,0
"662",0,0,0,0,0,0,0
"663",0,0,0,0,0,0,0
"664",0,0,0,0,0,0,0
"665",0,0,0,0,0,0,0
"666",2.54711802858881,0,8.82864451247134,0,0,0,0
"667",0,0,0,0,0,0,0
"668",22.298324995638,0,53.2621095883731,0,0,0,0
"669",0,0,0,0,0,0,0
"670",9.82864463696404,0,0,0,0,0,0
"671",22.5885534505144,0,14.4344433326111,0,0,0,0
"672",0,0,0,0,0,0,0
"673",54.9881247469748,0,50.5207275545677,0,0,0,0
"674",12.0858418975076,0,0,0,0,0,0
"675",6.51898965510196,0,0,0,0,0,0
"676",6.81609136393766,0,0,0,0,0,0
"677",0,0,0,0,0,0,0
"678",0,0,0,0,0,0,0
"679",0,0,0,0,0,0,0
"680",12.2978670161092,0,0,0,0,0,0
"681",70.2217477907405,0,87.1374800599497,0,0,0,0
"682",26.7723247605736,0,14.68355542726,0,0,0,0
"683",66.6927851941603,0,104.483125980547,0,0,0,0
"684",104.887158602648,0,102.008509522767,0,0,0,0
"685",0,0,2.67720566957555,0,0,0,0
"686",52.7926471897666,0,63.5220854625915,0,0,0,0
"687",62.7088364939012,0,32.3611715893916,0,0,0,0
"688",37.5117480253754,0,17.7605640349242,0,0,0,0
"689",0,0,0,0,0,0,0
"690",11.7311288111505,0,0,0,0,0,0
"691",66.7820595456749,0,112.138695683753,0,0,0,0
"692",0,0,0,0,0,0,0
"693",0,0,0,0,0,0,0
"694",9.99166097393247,0,0,0,0,0,0
"695",64.9554781371759,0,63.3640742297653,0,0,0,0
"696",8.70296011692023,0,25.3971384709661,0,0,0,0
"697",0,0,0,0,0,0,0
"698",0,0,0,0,0,0,0
"699",0,0,0,0,0,0,0
"700",0,0,0,0,0,0,0
"701",0.396595972953829,0,0,0,0,0,0
"702",0,0,0,0,0,0,0
"703",0,0,0,0,0,0,0
"704",3.32321503036294,0,0,0,0,0,0
"705",4.41536960263416,0,0,0,0,0,0
"706",0,0,0,0,0,0,0
"707",8.27309841509921,0,0,0,0,0,0
"708",1.8341979148286,0,0,0,0,0,0
"709",0,0,0,0,0,0,0
"710",0,0,0,0,0,0,0
"711",0,0,0,0,0,0,0
"712",0,0,0,0,0,0,0
"713",0,0,0,0,0,0,0
"714",37.2002856701374,0,40.7516079542039,0,0,0,0
"715",17.9726946365548,0,27.6631963769708,0,0,0,0
"716",0,0,0,0,0,0,0
"717",131.568939515479,0,103.171135102258,0,0,0,0
"718",0,0,0,0,0,0,0
"719",7.05156917399666,0,0,0,0,0,0
"720",44.2984816810792,0,56.8405245725729,0,0,0,0
"721",4.76105166510622,0,0,0,0,0,0
"722",4.74519113458547,0,0,0,0,0,0
"723",87.3484608218866,0,74.1035895394987,0,0,0,0
"724",12.54859727515,0,0,0,0,0,0
"725",0,0,0,0,0,0,0
"726",75.9136485928479,0,70.8846791170959,0,0,0,0
"727",0,0,0,0,0,0,0
"728",90.0855151309003,0,98.8832463597387,0,0,0,0
"729",58.695914265889,0,46.5991245844982,0,0,0,0
"730",3.52485694625214,0,0,0,0,0,0
"731",58.8243829606438,0,67.6433697872684,0,0,0,0
"732",42.8414903369042,0,60.9971883598374,0,0,0,0
"733",5.30878418957394,0,0,0,0,0,0
"734",6.40117669335808,0,4.76894588611071,0,0,0,0
"735",0,0,0,0,0,0,0
"736",221.645287994861,0,212.823025998588,0,0,0,0
"737",0,0,0,0,0,0,0
"738",68.8734505455102,0,64.6042452818293,0,0,0,0
"739",30.8072253537493,0,43.3994100364327,0,0,0,0
"740",27.97599927799,0,25.7410497097804,0,0,0,0
"741",35.0349847015468,0,58.0832634461984,0,0,0,0
"742",7.33851765495676,0,0,0,0,0,0
"743",4.79334731315026,0,0,0,0,0,0
"744",30.5213290445041,0,44.5603309431207,0,0,0,0
"745",0,0,0,0,0,0,0
"746",0,0,0,0,0,0,0
"747",0,0,0,0,0,0,0
"748",0,0,0,0,0,0,0
"749",76.3691035083349,0,118.143559340719,0,0,0,0
"750",0,0,0,0,0,0,0
"751",5.13419949066712,0,0,0,0,0,0
"752",36.7344013282012,0,37.9663681296927,58.654095066454,0,0,0
"753",62.0530853978547,0,66.759091455934,0,0,0,0
"754",1.29240853358154,0,0,0,0,0,0
"755",0,0,0,0,0,0,0
"756",0,0,0,0,0,0,0
"757",66.7750406197615,0,76.1664671990923,0,0,0,0
"758",17.0597906773025,0,0,0,0,0,0
"759",0,0,0,0,0,0,0
"760",0,0,0,0,0,0,0
"761",0,0,0,0,0,0,0
"762",0,0,2.15600136828265,0,0,0,0
"763",0,0,0,0,0,0,0
"764",1.07435458047477,0,0,0,0,0,0
"765",8.1991133075231,0,0,0,0,0,0
"766",14.9376866774007,0,7.80547676334614,0,0,0,0
"767",61.4581421691802,0,57.8071573362963,0,98.2110198448589,0,0
"768",53.4591386992062,0,26.0645937587365,0,0,0,0
"769",48.7841628257934,0,38.3180020831704,0,0,0,0
"770",12.8568699707995,0,0,0,0,0,0
"771",0,0,0,0,0,0,0
"772",59.5133424703108,0,41.9078430607633,0,0,0,0
"773",0,0,0,0,0,0,0
"774",40.6061066773215,0,63.2056621888436,0,0,0,0
"775",0,0,0,0,0,0,0
"776",0,0,0,0,0,0,0
"777",6.17440392600458,0,0,0,0,0,0
"778",83.3078463084985,0,81.5738955149068,0,0,0,0
"779",31.0847760007482,0,51.9377110296009,0,0,0,0
"780",0,0,0,0,0,0,0
"781",26.8799262437267,0,51.8704396557327,0,0,0,0
"782",76.6289640915816,0,64.5609248037987,0,0,0,0
"783",8.98161064194181,0,0,0,0,0,0
"784",0,0,0,0,0,0,0
"785",29.6391194618756,0,51.6593732157965,0,0,0,0
"786",0,0,0,0,0,0,0
"787",0,0,0,0,0,0,0
"788",0,0,0,0,0,0,0
"789",35.7149890804697,0,0,0,0,0,0
"790",0,0,0,0,0,0,0
"791",0,0,0,0,0,0,0
"792",0,0,0,0,0,0,0
"793",54.8553626600115,0,56.2886478788825,0,0,0,0
"794",54.7214540050726,0,79.3245917182174,0,0,0,0
"795",10.4440097012486,0,13.30680695679,0,0,0,0
"796",27.7203429809435,0,19.7866353601504,0,0,0,0
"797",0,0,0,0,0,0,0
"798",6.76766681625195,0,0,0,0,0,0
"799",0,0,0,0,0,0,0
"800",13.7883707175209,0,0,0,0,0,0
"801",57.8579112437478,0,68.9131116486768,0,0,0,0
"802",11.2125308583819,0,34.9601562682224,0,0,0,0
"803",15.5241913572352,0,11.6769746446914,0,0,0,0
"804",97.0086435877329,0,120.562547920796,0,0,0,0
"805",0,0,0,0,0,0,0
"806",28.8052834170771,0,38.4331498132953,0,0,0,0
"807",0,0,0,0,0,0,0
"808",0,0,0,0,0,0,0
"809",82.2014042259125,0,96.2293137092661,0,0,0,0
"810",3.64147085360961,0,0,0,0,0,0
"811",1.59420227279201,0,0,0,0,0,0
"812",7.47817749013015,0,0,0,0,0,0
"813",76.1551355001209,0,80.8502154495407,0,0,0,0
"814",8.62661011931007,0,23.3811581254288,0,0,0,0
"815",26.7365417984957,0,31.4008364570803,0,0,0,0
"816",0,0,0,0,0,0,0
"817",0,0,0,0,0,0,0
"818",42.7276316682826,0,38.182568807607,0,0,0,0
"819",4.14363028333634,0,0,0,0,0,0
"820",0,0,0,0,0,0,0
"821",9.39201056572436,0,158.416508195608,0,0,0,0
"822",0,0,0,0,0,0,0
"823",4.37274192006258,0,0,0,0,0,0
"824",26.9416111940751,0,27.1214207530871,0,0,0,0
"825",0,0,0,0,0,0,0
"826",0,0,0,0,0,0,0
"827",9.08945013627831,0,0,0,0,0,0
"828",0,0,0,0,0,0,0
"829",0,0,0,0,0,0,0
"830",0,0,0,0,0,0,0
"831",7.24492658428959,0,0,0,0,0,0
"832",100.922919312974,0,92.1630509052139,0,0,0,0
"833",5.02272580066337,0,0,0,0,0,0
"834",36.2131743449676,0,14.8496277100338,0,0,0,0
"835",0,0,0,0,0,0,0
"836",88.1327982710578,0,85.105242966511,0,0,0,0
"837",108.126093086941,0,122.444983966374,0,0,0,0
"838",67.0408383254901,0,60.7985338888795,0,0,0,0
"839",0,0,0,0,0,0,0
"840",51.012387586082,0,30.424844254621,0,0,0,0
"841",19.4429006053074,0,52.684243485605,0,0,0,0
"842",0,0,0,0,0,0,0
"843",9.14836977997641,0,0,0,0,0,0
"844",44.458497048638,0,50.182903679043,0,0,0,0
"845",5.85880260789946,0,0,0,0,0,0
"846",91.4296130932211,0,52.7677268928891,0,0,0,0
"847",70.9771828056415,0,105.841583287304,0,94.873377940454,0,0
"848",0,0,0,0,0,0,0
"849",0,0,0,0,0,0,0
"850",2.16200680454841,0,0,0,0,0,0
"851",0,0,0,0,0,0,0
"852",56.7659423614486,0,67.2745277914378,0,0,0,0
"853",25.1515897635895,0,26.8677951706513,0,0,0,0
"854",61.2601633374514,0,34.3226252417841,0,0,0,0
"855",32.6870546281233,0,46.1766218037699,0,0,0,0
"856",35.6344116481824,0,45.4570120467067,0,0,0,0
"857",5.8187333722585,0,0,0,0,0,0
"858",78.172169786875,0,101.968096512294,0,0,0,0
"859",47.5874487065412,0,55.8221627373792,0,0,0,0
"860",0,0,0,0,0,0,0
"861",0,0,0,0,0,0,0
"862",0,0,0,0,0,0,0
"863",4.77329017675981,0,0,0,0,0,0
"864",11.1071271740489,0,32.9922050171382,0,0,0,0
"865",0,0,0,0,0,0,0
"866",0,0,0,0,0,0,0
"867",0,0,0,0,0,0,0
"868",0,0,0,0,0,0,0
"869",57.1675163101784,0,24.838741120075,0,0,0,0
"870",7.8859301621373,0,13.9206914946324,0,0,0,0
"871",34.8058886660668,0,61.43396810271,0,0,0,0
"872",0,0,0,0,0,0,0
"873",33.4115062661274,0,0,0,0,0,0
"874",59.7549476197088,0,65.3581858148125,0,0,0,0
"875",0,0,0,0,0,0,0
"876",0,0,0,0,0,0,0
"877",7.01907037348362,0,0,0,0,0,0
"878",3.99776791699314,0,0,0,0,0,0
"879",9.96513444458752,0,0,0,0,0,0
"880",0,0,0,0,0,0,0
"881",4.50029038297476,0,0,0,0,0,0
"882",0,0,0,0,0,0,0
"883",40.7534916348293,0,55.4977022177868,0,0,0,0
"884",0,0,0,0,0,0,0
"885",50.5307954071723,0,54.2740976937272,0,0,0,0
"886",0,0,0,0,0,0,0
"887",98.6476978164867,0,120.365384701522,0,0,0,0
"888",52.3746575845691,0,38.3191395124583,0,0,0,84.6614773510579
"889",0,0,0,0,0,0,0
"890",0,0,0,0,0,0,0
"891",37.2422979324417,0,7.86728976412312,0,0,0,0
"892",0,0,0,0,0,0,0
"893",0,0,0,0,0,0,0
"894",0,0,0,0,0,0,0
"895",0,0,0,0,0,0,0
"896",67.1942514935697,0,60.5692817132615,0,0,0,0
"897",0,0,0,0,0,0,0
"898",19.3226183775757,0,0,0,0,0,0
"899",11.6857676271721,0,9.83776895406346,0,0,0,0
"900",0,0,0,0,0,0,0
"901",19.3652813066132,0,23.2328834410837,0,0,0,0
"902",23.8354375527963,0,0,0,0,0,0
"903",0,0,0,0,0,0,0
"904",59.2299685251045,0,13.9119418213243,0,0,0,0
"905",30.5145131447258,0,21.3179725844202,0,0,0,0
"906",70.6872489410735,58.5944880166616,58.9620796971562,0,0,0,0
"907",0,0,0,0,0,0,0
"908",31.3510348104344,0,67.3435013203275,0,0,0,0
"909",61.8439136130272,0,62.523949960122,0,0,0,0
"910",0,0,0,0,0,0,0
"911",0,0,0,0,0,0,0
"912",1.57551097575995,0,7.92463136332906,0,0,0,0
"913",0,0,0,0,0,0,0
"914",39.0379921103806,0,87.3142172224937,0,0,0,0
"915",39.2196977290249,0,37.0784580856648,0,0,0,0
"916",0.737335218746778,0,0,0,0,0,0
"917",3.4865211883782,0,0,0,0,0,0
"918",101.492087958482,0,95.4487988352181,0,0,0,0
"919",0,0,0,0,0,0,0
"920",51.7166583279565,0,42.0022294285464,0,0,0,0
"921",82.8815888325878,0,87.4478104023182,43.9683901741155,0,0,0
"922",0,0,0,0,0,0,0
"923",1.91703640259233,0,0,0,0,0,0
"924",0,0,0,0,0,0,0
"925",33.6459501413844,0,41.829244411655,0,0,0,0
"926",23.5604470417528,0,87.9116838723607,0,0,0,0
"927",15.3837106346285,0,0,0,0,0,0
"928",0,0,0,0,0,0,0
"929",0,0,0,0,0,0,0
"930",0,0,0,0,0,0,0
"931",34.4031819494925,0,35.2241641818297,0,0,0,0
"932",0,0,0,0,0,0,0
"933",0,0,0,0,0,0,0
"934",25.0902487808518,0,36.2417393831751,0,0,0,0
"935",48.577889604649,0,83.8607359594288,0,0,0,0
"936",2.90946917346736,0,0,0,0,0,0
"937",0.747972153718877,0,0,0,0,0,0
"938",5.20109134124801,0,0,0,0,0,0
"939",80.1317039175779,0,74.3547615250514,0,0,0,0
"940",6.27571925010663,0,0,0,0,0,0
"941",116.54652082129,0,113.899172557554,0,0,0,0
"942",60.3319284355806,57.8698939049757,60.6144749262538,0,0,0,0
"943",5.29682272357963,0,1.88177045004437,0,0,0,0
"944",0,0,0,0,0,0,0
"945",0,0,0,0,0,0,0
"946",54.0561143890992,0,54.0143739639818,0,0,0,0
"947",32.7045295843189,0,20.192387096679,0,0,0,0
"948",49.5186175933012,0,68.9978305575026,0,0,0,0
"949",107.660396167437,0,104.604599038835,0,0,0,0
"950",63.1096811273787,0,73.2081755259144,0,0,0,0
"951",97.4557518900693,0,67.9675002573536,0,0,0,0
"952",0,0,0,0,0,0,0
"953",77.0641609072061,0,79.3420760182195,0,0,0,0
"954",0,0,0,0,0,0,0
"955",0,0,0,0,0,0,0
"956",1.00987357210916,0,0,0,0,0,0
"957",0,0,0,0,0,0,0
"958",5.12562367456372,0,15.7016931216425,0,0,0,0
"959",3.04626421220574,0,0,0,0,0,0
"960",0,0,0,0,0,0,0
"961",66.0074651270111,0,34.6679579775311,0,0,0,0
"962",49.9173619132303,0,80.2166746163098,0,82.034944177705,0,0
"963",17.5580580407263,0,16.0909706618127,0,0,0,0
"964",0,0,0,0,0,0,0
"965",16.9875693841375,0,0,0,0,0,0
"966",0,0,0,0,0,0,0
"967",2.98150746701501,0,0,0,0,0,0
"968",3.53521588718176,0,0,0,0,0,0
"969",32.4957312612771,0,39.1873887903988,0,0,0,0
"970",33.174573463536,0,43.1462453662552,0,0,0,0
"971",0,0,0,0,0,0,0
"972",92.5389088275883,0,90.0106692140626,0,0,0,0
"973",34.835187214666,0,50.2405112230901,0,0,0,0
"974",91.2092035954278,0,41.5808400437284,0,0,0,49.379208258338
"975",88.7101423774529,0,89.8409579068878,0,0,0,0
"976",0,0,0,0,0,0,0
"977",48.7416367517743,0,51.8607484370396,0,0,0,0
"978",0,0,0,0,0,0,0
"979",77.9056378983359,0,70.1276052507674,0,0,0,0
"980",66.4546236790229,0,64.8257898200617,0,0,0,0
"981",0,0,0,0,0,0,0
"982",37.449675326732,0,15.7683400077119,0,0,0,0
"983",0,0,0,0,0,0,0
"984",0,0,0,0,0,0,0
"985",95.202321261286,0,105.644077806602,0,0,0,0
"986",0,0,0,0,0,0,0
"987",4.19444432900595,0,0,0,0,0,0
"988",22.2985928602659,0,23.4542705880839,0,0,0,0
"989",5.89737001817599,0,0,0,0,0,0
"990",0,0,0,0,0,0,0
"991",10.1535483886846,0,0,0,0,0,0
"992",0,0,0,0,0,0,0
"993",6.76190705977384,0,13.8228528854547,0,0,0,0
"994",0,0,0,0,0,0,0
"995",5.52324910865967,0,0,0,0,0,0
"996",0,0,0,0,0,0,0
"997",53.9390806166565,0,65.3711056755435,0,0,0,0
"998",5.95823897327758,0,16.1007925310151,0,0,0,0
"999",0,0,0,0,0,0,0
"1000",0,0,0,0,0,0,0
"1001",8.37184435865668,0,20.1039335632555,0,0,0,0
"1002",43.6594464926059,0,62.46450734185,0,0,0,0
"1003",31.4566381449352,0,41.4640003836684,0,0,0,0
"1004",2.92223925403715,0,0,0,0,0,0
"1005",26.0184008490096,0,71.7620870472912,0,0,0,0
"1006",4.97613151852676,0,0,0,0,0,0
"1007",51.7530286938041,0,42.3829077373674,0,0,0,0
"1008",57.7408226772926,0,26.0513048865957,0,0,0,0
"1009",16.1448235873577,0,0,0,0,0,0
"1010",10.4075147747954,0,0,0,0,0,0
"1011",0,0,0,0,0,0,0
"1012",82.7012731124267,0,98.008576460993,0,0,0,0
"1013",80.5579497531611,0,104.222849711253,0,0,0,0
"1014",0,0,0,0,0,0,0
"1015",52.1020978551545,0,50.6812981325693,0,0,0,0
"1016",0,0,0,0,0,0,0
"1017",44.213821762492,0,32.0101615238989,0,0,0,0
"1018",0,0,0,0,0,0,0
"1019",0,0,0,0,0,0,0
"1020",0,0,0,0,0,0,0
"1021",0,0,0,0,0,0,0
"1022",0,0,0,0,0,0,0
"1023",102.113633769378,0,87.2019813528571,0,0,0,0
"1024",0,0,0,0,0,0,0
"1025",0,0,0,0,0,0,0
"1026",0,0,0,0,0,0,0
"1027",1.48763630461968,0,0,0,0,0,0
"1028",51.2706258934476,0,48.3609316663119,0,0,0,0
"1029",83.7613138556652,0,87.3536243024986,0,0,0,0
"1030",0,0,0,0,0,0,0
"1031",3.82075925018885,0,0,0,0,0,0
"1032",0,0,0,0,0,0,0
"1033",11.3257387058382,0,15.0286706044194,0,0,0,0
"1034",0,0,0,0,0,0,0
"1035",4.71857846077077,0,0,0,0,0,0
"1036",113.697052311328,0,92.1793839407048,0,0,0,0
"1037",93.5134390803598,0,97.024187485486,0,0,0,0
"1038",0,0,0,0,0,0,0
"1039",47.5070925274515,0,58.0387364606392,0,0,0,0
"1040",32.0723800538186,0,83.479755469272,0,0,0,0
"1041",4.38874747526426,0,0,0,0,0,0
"1042",7.65418026128477,0,0,0,0,0,0
"1043",51.1673010508856,0,42.9516407057081,0,0,0,0
"1044",0,0,0,0,0,0,0
"1045",0,0,0,0,0,0,0
"1046",26.7990677002995,0,81.9164127536306,0,0,0,0
"1047",1.07907542860435,0,14.9366856447848,0,0,0,0
"1048",0,0,0,0,0,0,0
"1049",0,0,0,0,0,0,0
"1050",43.3257242322241,0,51.1778704419619,0,0,46.4583901658919,0
"1051",71.0282000265614,0,68.1206645749235,0,0,0,0
"1052",0,0,0,0,0,0,0
"1053",3.10269694826236,0,0,0,0,0,0
"1054",26.8053679155115,0,30.395361836877,0,0,0,0
"1055",37.078683245331,0,52.6377001499273,0,0,0,0
"1056",0,0,0,0,0,0,0
"1057",11.6878265190197,0,0,0,0,0,0
"1058",77.5926848274598,0,76.7588062727953,0,0,0,0
"1059",49.6523944858244,0,56.588748491393,0,0,0,0
"1060",0,0,0,0,0,0,0
"1061",37.0744516020528,0,33.2616444444326,0,0,0,0
"1062",0,0,0,0,0,0,0
"1063",30.7640365498543,0,0,0,0,0,0
"1064",0,0,0,0,0,0,0
"1065",0,0,0,0,0,0,0
"1066",102.421916023811,0,52.0001197036482,0,0,0,0
"1067",0,0,0,0,0,0,0
"1068",6.48236241601608,0,9.48043065302479,0,0,0,0
"1069",6.90873634523033,0,14.9794953520484,0,0,0,0
"1070",52.0555872754881,0,43.8863471280823,0,0,0,0
"1071",5.42992793686693,0,0,0,0,0,0
"1072",0,0,0,0,0,0,0
"1073",0,0,0,0,0,0,0
"1074",33.9679565218279,0,29.6870569394726,0,0,0,0
"1075",51.3987713201179,0,57.7493039749781,0,0,0,0
"1076",32.7350746323666,0,24.7622864492392,0,0,0,0
"1077",36.7901523065384,0,42.6984662521663,0,0,0,0
"1078",0,0,0,0,0,0,0
"1079",7.34956303315453,0,0,0,0,0,0
"1080",0,0,0,0,0,0,0
"1081",6.68474650918862,0,0.852871251083729,0,0,0,0
"1082",2.89693018305718,0,0,0,0,0,0
"1083",0,0,0,0,0,0,0
"1084",54.8843273632283,0,57.0369068551398,0,0,0,0
"1085",0,0,0,0,0,0,0
"1086",36.4321231921146,0,23.7852057056049,0,0,0,0
"1087",4.30156725389531,0,0,0,0,0,0
"1088",0,0,0,0,0,0,0
"1089",3.91173107824291,0,0,0,0,0,0
"1090",16.1119313773856,0,0,0,0,0,0
"1091",0.846368053363025,0,0,0,0,0,0
"1092",5.45691618146396,0,0,0,0,0,0
"1093",6.72242003733886,0,0,0,0,0,0
"1094",6.85082703177278,0,8.47030692587676,0,0,0,0
"1095",0,0,0,0,0,0,0
"1096",9.7163043939732,0,0,0,0,0,0
"1097",0,0,0,0,0,0,0
"1098",0,0,0,0,0,0,0
"1099",56.0758751028582,0,45.5601948238461,0,0,0,0
"1100",20.6829753305329,0,18.2326248622595,0,0,0,0
"1101",12.3545551306885,0,0,0,0,0,0
"1102",0,0,0,0,0,0,0
"1103",45.9012976687603,0,63.0152435695169,0,0,0,0
"1104",0,0,0,0,0,0,0
"1105",3.30053136585819,0,0,0,0,0,0
"1106",0,0,0,0,0,0,0
"1107",153.009487857839,0,188.297264716614,0,0,0,0
"1108",0,0,0,0,0,0,0
"1109",102.555133477994,0,127.223158508192,0,0,0,0
"1110",122.561823948131,0,125.539419640867,0,0,0,0
"1111",86.8837791713825,0,97.2614018095774,0,0,0,0
"1112",42.4655491769436,0,38.085499589708,0,0,0,0
"1113",18.9827127335268,0,0,0,0,0,0
"1114",5.00906860432401,0,0,0,0,0,0
"1115",0,0,0,0,0,0,0
"1116",0,0,0,0,0,0,0
"1117",0,0,0,0,0,0,0
"1118",32.1108364281641,0,78.0135469688434,0,0,0,0
"1119",0,0,0,0,0,0,0
"1120",37.1586825171058,28.3589098687158,29.4526126476003,0,0,0,0
"1121",0,0,0,0,0,0,0
"1122",57.7821283689464,0,48.0158076812065,73.7056544694335,0,0,0
"1123",12.2240871754976,0,0,0,0,0,0
"1124",0,0,0,0,0,0,0
"1125",0,0,0,0,0,0,0
"1126",72.6287770910178,0,96.60072492274,0,0,0,0
"1127",11.0949385296284,0,7.82775988191147,0,0,0,0
"1128",5.43760161458474,0,0,0,0,0,0
"1129",0,0,0,0,0,0,0
"1130",39.9526146369092,0,33.1071899023503,0,0,0,0
"1131",54.21588710232,0,67.6030922246582,0,0,0,0
"1132",0,0,0,0,0,0,0
"1133",0,0,0,0,0,0,0
"1134",0,0,0,0,0,0,0
"1135",0,0,0,0,0,0,0
"1136",0,0,0,0,0,0,0
"1137",0,0,0,0,0,0,0
"1138",0,0,0,0,0,0,0
"1139",1.56861449265453,0,0,0,0,0,0
"1140",0,0,0,0,0,0,0
"1141",0,0,0,0,0,0,0
"1142",0,0,0,0,0,0,0
"1143",1.43919934286421,0,0,0,0,0,0
"1144",8.20234675892423,0,13.3878991238989,0,0,0,0
"1145",9.83481520916439,0,27.753941053866,0,0,0,0
"1146",0,0,0,0,0,0,0
"1147",62.7633507932227,0,75.2074484194226,0,0,0,0
"1148",0,0,0,0,0,0,0
"1149",0,0,0,0,0,0,0
"1150",11.4855742121921,0,0,0,0,0,0
"1151",9.16463592898787,0,0,0,0,0,0
"1152",8.91569043078831,0,0,0,0,0,0
"1153",45.4092869808388,0,58.739079157496,0,0,0,0
"1154",0,0,0,0,0,0,0
"1155",99.9185352560486,0,113.883923824707,0,0,0,0
"1156",30.1921097208025,0,24.1718986598245,0,0,0,0
"1157",0,0,0,0,0,0,0
"1158",0,0,0,0,0,0,0
"1159",0,0,0,0,0,0,0
"1160",2.45507827156006,0,0,0,0,0,0
"1161",0,0,0,0,0,0,0
"1162",57.4082962659188,0,41.8533523444284,0,0,0,0
"1163",0,0,0,0,0,0,0
"1164",0,0,0,0,0,0,0
"1165",0,0,0,0,0,0,0
"1166",0,0,0,0,0,0,0
"1167",2.20149406874536,0,0,0,0,0,0
"1168",19.7993166241999,0,0,0,0,0,0
"1169",33.2638468849249,0,29.490618716312,0,0,0,0
"1170",0,0,0,0,0,0,0
"1171",3.0794432529631,0,0,0,0,0,0
"1172",26.4583246456552,0,38.6843161845941,0,0,0,0
"1173",24.4103468442183,0,17.9667329296109,0,0,0,0
"1174",0,0,0,0,0,0,0
"1175",37.6772954957438,0,34.7071557273016,0,0,0,0
"1176",77.1615387760197,0,44.7434369620179,0,0,0,0
"1177",0,0,0,0,0,0,0
"1178",16.1670533842193,0,35.5574616840359,0,0,0,0
"1179",106.700139148052,0,108.228152297655,0,0,0,0
"1180",76.7157965291861,0,72.3447248733535,0,0,0,0
"1181",31.7028742930693,0,35.213162715526,0,0,0,0
"1182",3.47487345843308,0,0,0,0,0,0
"1183",0,0,0,0,0,0,0
"1184",28.4652626197611,0,46.6704269597765,0,0,0,0
"1185",28.5882859057142,0,36.503631643803,0,0,0,0
"1186",62.0336959652611,0,52.966685945182,0,0,0,0
"1187",31.3126733542822,0,19.5109525989455,0,0,0,0
"1188",0,0,0,0,0,0,0
"1189",45.272345023861,0,25.6325981232849,0,0,0,0
"1190",92.4678295900286,0,88.8065157381698,0,0,0,0
"1191",0,0,0,0,0,0,0
"1192",0,0,0,0,0,0,0
"1193",60.2872016902248,0,70.4480830866399,0,0,0,0
"1194",0,0,0,0,0,0,0
"1195",4.42665417772236,0,0,0,0,0,0
"1196",131.3353753145,0,118.652815192944,0,0,0,0
"1197",0,0,0,0,0,0,0
"1198",89.8456710731538,0,63.2169098861492,0,0,0,0
"1199",49.0130837979149,0,30.2562907675848,0,0,0,0
"1200",33.1687472881316,0,28.8873128448993,0,0,0,0
"1201",62.0891040318873,0,64.6036912003072,0,0,0,0
"1202",0,0,0,0,0,0,0
"1203",5.22093390004308,0,6.30732831096096,0,0,0,0
"1204",0,0,0,0,0,0,0
"1205",0,0,0,0,0,0,0
"1206",25.1249648042152,0,32.5255727496788,0,0,0,0
"1207",0,0,0,0,0,0,0
"1208",36.8418950534188,0,53.0079809595141,0,0,0,0
"1209",5.53807522232506,0,0,0,0,0,0
"1210",13.7227350713693,0,8.69191867026345,0,0,0,0
"1211",40.0448474044382,0,37.8092455228564,0,0,0,0
"1212",55.5628175817232,0,66.449007376344,0,0,0,0
"1213",0,0,0,0,0,0,0
"1214",82.2146968619716,0,76.8401183941111,0,0,0,0
"1215",35.472813722464,0,35.5653912445128,0,0,0,0
"1216",28.7000266065972,0,8.56721280435844,0,0,0,0
"1217",57.833800450828,0,51.5350664216051,0,0,0,0
"1218",0,0,0,0,0,0,0
"1219",0,0,0,0,0,0,0
"1220",2.75841859964644,0,0,0,0,0,0
"1221",0,0,0,0,0,0,0
"1222",0,0,0,0,0,0,0
"1223",7.14467641518083,0,0,0,0,0,0
"1224",0,0,0,0,0,0,0
"1225",79.4315496459023,0,75.5781464356969,0,0,0,0
"1226",0,0,0,0,0,0,0
"1227",0,0,0,0,0,0,0
"1228",0,0,0,0,0,0,0
"1229",42.2020502812442,0,49.7781055494156,0,0,0,0
"1230",0,0,0,0,0,0,0
"1231",46.2445291596629,0,55.4413383593603,0,0,0,0
"1232",69.3376720982604,0,71.804557708161,0,0,0,0
"1233",53.7956041900663,0,63.8454744350007,0,0,0,0
"1234",2.00260610861307,0,5.48774654926707,0,0,0,0
"1235",0,0,0,0,0,0,0
"1236",3.34068532191782,0,0,0,0,0,0
"1237",79.7433536440501,0,83.3659615997265,0,0,0,22.8618334994662
"1238",54.3271385236817,0,50.1900094130274,0,0,0,0
"1239",0,0,0,0,0,0,0
"1240",0,0,0,0,0,0,0
"1241",23.7192544130772,0,59.1151971894295,0,0,0,0
"1242",87.948545699741,0,94.8826614199403,0,0,0,0
"1243",11.7186565078007,0,41.3319010625886,0,0,0,0
"1244",47.5071669468002,0,30.9440102195806,0,0,0,0
"1245",28.2360366778736,0,29.1901995644207,0,0,0,0
"1246",0,0,0,0,0,0,0
"1247",0,0,0,0,0,0,0
"1248",0,0,0,0,0,0,0
"1249",23.9031531007259,0,27.4224085287504,0,0,0,0
"1250",38.0498315179032,0,49.300130395424,64.4874632325649,0,0,0
"1251",42.0891233035231,0,52.9099417480018,0,0,0,0
"1252",41.8898213207448,0,54.4005844186448,0,0,0,0
"1253",0,0,0,0,0,0,0
"1254",0,0,0,0,0,0,0
"1255",56.6573891712683,0,83.6292494632796,0,0,0,0
"1256",8.99624748316518,0,0,0,0,0,0
"1257",28.0002514030623,0,56.3697169259504,0,0,0,0
"1258",84.0112540829802,0,96.0288350664847,0,0,0,0
"1259",0,0,0,0,0,0,0
"1260",0,0,0,0,0,0,0
"1261",0,0,0,0,0,0,0
"1262",16.7267056184519,0,0,0,0,0,0
"1263",51.2141287271143,0,46.8607863614474,0,0,0,0
"1264",43.9361878941004,0,8.5537038939882,0,0,0,0
"1265",13.3538469695226,0,0,0,0,0,0
"1266",0,0,0,0,0,0,0
"1267",0,0,0,0,0,0,0
"1268",5.70214066809985,0,0,0,0,0,0
"1269",0,0,0,0,0,0,0
"1270",0,0,0,0,0,0,0
"1271",0,0,0,0,0,0,0
"1272",0,0,0,0,0,0,0
"1273",0,0,0,0,0,0,0
"1274",0,0,0,0,0,0,0
"1275",33.9902581815372,0,30.9636843867039,0,0,0,0
"1276",0,0,0,0,0,0,0
"1277",0,0,0,0,0,0,0
"1278",0,0,0,0,0,0,0
"1279",4.40086534497419,0,0,0,0,0,0
"1280",0,0,0,0,0,0,0
"1281",0,0,0,0,0,0,0
"1282",80.3802908483671,0,103.753663966764,0,0,0,0
"1283",72.1996219673406,0,73.5314407542631,0,0,0,0
"1284",68.0736272835696,0,54.4929537898852,0,0,0,0
"1285",0,0,0,0,0,0,0
"1286",39.30288234089,0,44.3132865717933,0,0,0,0
"1287",4.94154506737098,0,0,0,0,0,0
"1288",19.5086364158923,0,0,0,0,0,0
"1289",0,0,0,0,0,0,0
"1290",0,0,0,0,0,0,0
"1291",0,0,0,0,0,0,0
"1292",103.701132713705,0,69.5637286269193,0,0,0,0
"1293",0,0,0,0,0,0,0
"1294",8.44477550085604,0,0,0,0,0,0
"1295",0,0,0,0,0,0,0
"1296",30.0063439472329,0,36.9779507482362,0,0,0,0
"1297",6.28718777426419,0,0,0,0,0,0
"1298",0,0,0,0,0,0,0
"1299",0,0,0,0,0,0,0
"1300",10.089898814797,0,0,0,0,0,0
"1301",65.7922110072231,0,72.3819677410566,0,0,0,0
"1302",8.95417624487507,0,0,0,0,0,0
"1303",0,0,0,0,0,0,0
"1304",1.42816816594274,0,0,0,0,0,0
"1305",0,0,0,0,0,0,0
"1306",2.64422180096862,0,0,0,0,0,0
"1307",47.0837708345219,0,47.991837819129,0,0,0,0
"1308",35.1801268500577,0,22.9563166511423,0,0,0,0
"1309",13.9504458720204,0,7.85978954179353,0,0,0,0
"1310",0,0,0,0,0,0,0
"1311",0,0,0,0,0,0,0
"1312",0,0,0,0,0,0,0
"1313",0,0,0,0,0,0,0
"1314",81.2849179407879,0,93.0418868174484,0,0,0,0
"1315",5.72399328362964,0,0,0,0,0,0
"1316",2.91039205381701,0,0,0,0,0,0
"1317",0,0,0,0,0,0,0
"1318",5.65659169454354,0,7.30152301620265,0,0,0,0
"1319",0.606245073278819,0,0,0,0,0,0
"1320",0.407790239048874,0,0,0,0,0,0
"1321",0,0,0,0,0,0,0
"1322",4.94996928916224,0,0,0,0,0,0
"1323",71.2505735881261,0,29.5675310514825,0,0,0,0
"1324",0,0,0,0,0,0,0
"1325",173.780613705953,0,171.433699021086,0,0,0,0
"1326",87.2428578124669,0,56.7168506200276,0,0,0,0
"1327",100.888641091445,0,67.5061583483248,0,0,0,0
"1328",22.6917940295735,0,32.0741178610512,0,0,0,0
"1329",0,0,0,0,0,0,0
"1330",0,0,0,0,0,0,0
"1331",97.2880459691736,0,87.7089517920321,0,0,0,0
"1332",6.73685849584961,0,18.2605923589128,0,0,0,0
"1333",0,0,0,0,0,0,0
"1334",41.9564473993127,0,78.030053685827,0,0,0,0
"1335",107.696291188116,0,119.871569401647,0,0,0,116.564525227357
"1336",0,0,0,0,0,0,0
"1337",9.28216095783678,0,0,0,0,0,0
"1338",77.9390049973984,0,102.477602302714,0,0,0,0
"1339",0,0,0,0,0,0,0
"1340",68.0224187573696,0,66.1749883820283,0,0,0,0
"1341",55.6615783904865,0,68.5089030068264,0,0,0,0
"1342",0,0,0,0,0,0,0
"1343",19.1879822614298,0,25.2101581310529,0,0,0,0
"1344",0,0,6.03374761915838,0,0,0,0
"1345",5.83139659603359,0,0,0,0,0,0
"1346",0,0,0,0,0,0,0
"1347",74.7873235834582,0,77.8901390763998,0,73.7040600119268,0,72.3631814464811
"1348",40.6861165891114,0,59.7888969624037,0,0,0,0
"1349",60.184031195503,0,122.939660462616,0,0,0,0
"1350",39.4865199007601,0,46.0544675301817,0,0,0,0
"1351",75.1693042579548,0,34.1432313509714,115.136781228169,0,0,0
"1352",40.8946614974704,0,55.7803491424232,0,0,0,0
"1353",46.9390566673511,0,37.4918800447327,0,0,0,0
"1354",12.7946958346287,0,0,0,0,0,0
"1355",0,0,0,0,0,0,0
"1356",0.775960639286931,0,0,0,0,0,0
"1357",12.3194290225382,0,0,0,0,0,0
"1358",109.278454964663,0,132.383683392537,0,0,0,0
"1359",0,0,0,0,0,0,0
"1360",67.9296971895783,63.3824598454989,72.6203728719296,0,0,0,0
"1361",89.5304642605189,0,100.362891056859,0,0,0,0
"1362",0,0,0,0,0,0,0
"1363",52.3786096559567,0,58.1385614146631,0,0,0,0
"1364",15.105505880713,0,5.95872732131383,0,0,0,0
"1365",4.6794362240364,0,0,0,0,0,0
"1366",48.6252638454194,0,53.5629644601153,0,0,0,0
"1367",6.30556206335567,0,0,0,0,0,0
"1368",5.19331298629909,0,0,0,0,0,0
"1369",111.051148541037,0,56.3848206127258,0,0,0,0
"1370",14.6892586420901,0,22.095050496394,0,0,0,0
"1371",0,0,0,0,0,0,0
"1372",0,0,0,0,0,0,0
"1373",0,0,0,0,0,0,0
"1374",0,0,0,0,0,0,0
"1375",0,0,0,0,0,0,0
"1376",0,0,0,0,0,0,0
"1377",0,0,0,0,0,0,0
"1378",0.610400509771481,0,0,0,0,0,0
"1379",13.4700889176633,0,0,0,0,0,0
"1380",0.813491269110731,0,0,0,0,0,0
"1381",0,0,0,0,0,0,0
"1382",39.4878598478123,0,48.7921503280709,0,0,0,0
"1383",50.9928721096814,0,34.1744293088264,0,0,0,0
"1384",9.56526960389336,0,31.2407240377503,0,0,0,0
"1385",34.0092202244188,0,16.832566098407,0,0,0,0
"1386",16.1789609745386,0,0,0,0,0,0
"1387",0,0,0,0,0,0,0
"1388",43.3403042173175,0,20.7150137779487,0,0,0,0
"1389",0,0,0,0,0,0,0
"1390",0,0,0,0,0,0,0
"1391",0,0,0,0,0,0,0
"1392",0,0,0,0,0,0,0
"1393",1.79415719968101,0,0,0,0,0,0
"1394",54.7095237876766,0,48.6036877526935,0,0,0,0
"1395",0,0,0,0,0,0,0
"1396",25.4539179859062,0,36.3910147406286,0,0,0,0
"1397",5.59571762863856,0,0,0,0,0,0
"1398",0,0,0,0,0,0,0
"1399",18.7179011353112,0,0,0,0,0,0
"1400",0,0,0,0,0,0,0
"1401",9.98692529242109,0,10.4185606138798,0,0,0,0
"1402",19.1890335415495,0,14.2468746762844,0,0,0,104.710604504867
"1403",0,0,0,0,0,0,0
"1404",0,0,0,0,0,0,0
"1405",14.0783152508451,0,0,0,0,0,0
"1406",7.18044555033832,0,0,0,0,0,0
"1407",47.3029005967296,0,37.8053540058224,0,0,0,0
"1408",54.5806935649268,0,44.2854726813581,0,0,0,0
"1409",0,0,0,0,0,0,0
"1410",95.8730326097457,0,102.046992587483,0,0,0,0
"1411",2.84066857141024,0,13.8288037093857,0,0,0,0
"1412",44.8595496098729,0,77.493963441536,0,0,0,0
"1413",5.29308825324354,0,0,0,0,0,0
"1414",0,0,0,0,0,0,0
"1415",13.990394635541,0,8.52850254713766,0,0,0,0
"1416",0,0,0,0,0,0,0
"1417",5.28809555427877,0,0,0,0,0,0
"1418",71.6396660982157,0,58.7590157042831,0,0,0,0
"1419",0,0,0,0,0,0,0
"1420",6.66425755083965,0,0,0,0,0,0
"1421",0,0,0,0,0,0,0
"1422",0,0,0,0,0,0,0
"1423",0,0,0,0,0,0,0
"1424",14.7474131319268,0,0,0,0,0,0
"1425",93.6006953594447,0,42.5172783707184,0,0,0,0
"1426",0,0,0,0,0,0,0
"1427",40.3006495870549,0,75.9330620352735,0,0,0,0
"1428",15.0993476259587,0,9.78115304072019,0,0,0,0
"1429",84.7071440661324,204.652335452983,93.0028635288338,0,0,0,0
"1430",18.1827318125071,0,109.962778448135,0,0,0,0
"1431",4.18711489846114,0,0,0,0,0,0
"1432",73.706265061666,0,71.2027971791407,0,0,0,0
"1433",57.5988923742314,0,55.9045767443367,0,0,0,0
"1434",37.5329062868574,0,34.6954693916455,0,0,0,0
"1435",0,0,0,0,0,0,0
"1436",2.02377339844619,0,0,0,0,0,0
"1437",68.9428100850582,0,66.1518229312798,0,0,72.0108155851387,0
"1438",4.2708702750173,0,0,0,0,0,0
"1439",80.7308009015204,0,85.6546791508155,0,0,0,0
"1440",0,0,0,0,0,0,0
"1441",5.71745888216337,0,0,0,0,0,0
"1442",133.426781608144,0,131.628281422145,0,0,0,0
"1443",108.307248678833,0,97.9197043887962,0,0,0,0
"1444",33.1119161011577,0,12.1996643661134,0,0,0,0
"1445",18.9043183997628,0,0,0,0,0,0
"1446",33.1073635002379,0,57.4518820725486,0,0,0,0
"1447",0,0,0,0,0,0,0
"1448",0,0,0,0,0,0,0
"1449",167.828683140117,0,95.3607443470156,0,0,0,0
"1450",133.229790355319,0,138.532565072479,0,0,0,0
"1451",0,0,0,0,0,0,0
"1452",5.21661320898777,0,0,0,0,0,0
"1453",70.1274237556246,0,82.7028689011963,0,0,0,0
"1454",2.75048784177546,0,0,0,0,0,0
"1455",1.59963597012382,0,0,0,0,0,0
"1456",6.49976028645081,0,0,0,0,0,0
"1457",0,0,0,0,0,0,0
"1458",21.4111409104093,0,0,0,0,0,0
"1459",38.5378613506154,0,0,0,0,0,0
"1460",26.1746671423678,0,80.6538401726488,0,0,0,0
"1461",100.362120900754,0,34.9431544344759,0,0,0,0
"1462",11.4270966780532,0,7.21850054289321,0,0,0,0
"1463",24.8610556916944,0,13.3489066434408,0,0,0,0
"1464",67.7950522212093,77.4683453776135,72.0156146525805,0,0,0,0
"1465",4.02918505518219,0,0,0,0,0,0
"1466",32.9402282295584,0,36.6199163337755,0,0,0,0
"1467",2.11057791841338,0,0,0,0,0,0
"1468",3.57029527238404,0,0,0,0,0,0
"1469",4.53020593100574,0,0,0,0,0,0
"1470",69.121793764325,0,65.3060357649822,0,0,0,0
"1471",67.0203425808595,0,74.2034707321676,0,0,0,0
"1472",43.2326813471469,0,57.5080186704982,0,0,0,0
"1473",16.9702920554123,0,0,0,0,0,0
"1474",0,0,0,0,0,0,0
"1475",0,0,0,0,0,0,0
"1476",0,0,0,0,0,0,0
"1477",35.0672476931011,0,36.4336698944458,0,0,0,0
"1478",60.9115125739764,0,67.0163767650884,0,0,0,0
"1479",60.2402705421055,0,73.8249229143238,0,0,0,0
"1480",0,0,0,0,0,0,0
"1481",61.4132000273181,0,69.2841311493201,0,0,0,0
"1482",0,0,0,0,0,0,0
"1483",0,0,0,0,0,0,0
"1484",4.95565778600365,0,0,0,0,0,0
"1485",0,0,0,0,0,0,0
"1486",0,0,0,0,0,0,0
"1487",44.7525710729119,0,17.9745238709879,0,0,0,0
"1488",55.5115312607343,0,58.6029333726283,0,0,0,0
"1489",22.3178599178403,0,21.7015479436335,0,0,0,0
"1490",3.02913782852009,0,0,0,0,0,0
"1491",0,0,0,0,0,0,0
"1492",0,0,0,0,0,0,0
"1493",0,0,0,0,0,0,0
"1494",3.19507013893137,0,0,0,0,0,0
"1495",0,0,0,0,0,0,0
"1496",0,0,3.90501477180284,0,0,0,0
"1497",25.762430727331,0,27.7341283797345,0,0,0,0
"1498",0,0,0,0,0,0,0
"1499",61.1017026581946,0,60.4424150232887,0,0,0,0
"1500",9.13721609629885,0,0,0,0,0,0
"1501",91.4469412187339,0,61.1694695280667,0,0,0,0
"1502",0,0,0,0,0,0,0
"1503",1.25059446304369,0,0,0,0,0,0
"1504",62.0496933966704,0,39.5349411835517,0,0,0,0
"1505",0,0,0,0,0,0,0
"1506",0,0,0,0,0,0,0
"1507",0,0,0,0,0,0,0
"1508",98.5945929194099,0,89.3747102649429,0,0,0,0
"1509",0,0,0,0,0,0,0
"1510",0,0,0,0,0,0,0
"1511",0,0,0,0,0,0,0
"1512",16.2975532362673,0,0,0,0,0,0
"1513",61.6020301812619,0,59.3879225986471,0,0,0,0
"1514",43.7162756898065,0,47.9202952750997,0,0,0,0
"1515",39.0108183767582,0,155.734163610594,0,0,0,0
"1516",0,0,0,0,0,0,0
"1517",0,0,0,0,0,0,0
"1518",54.4532996504115,0,62.8140922485709,0,0,0,0
"1519",69.0226345576647,0,62.304813190615,0,0,0,0
"1520",8.80915222823617,0,0,0,0,0,0
"1521",45.4655471070355,0,28.9756420113842,0,0,0,0
"1522",81.8243919820248,0,68.2227571019707,0,0,0,0
"1523",56.3201698242278,0,21.7282962116244,0,0,0,0
"1524",25.6988434565957,0,0,0,0,0,0
"1525",0,0,0,0,0,0,0
"1526",48.3782754594182,0,102.577083888814,0,0,0,0
"1527",0,0,0,0,0,0,0
"1528",36.6453067616881,0,8.67527062326235,0,0,0,0
"1529",36.3152091788525,0,52.1554522565663,0,0,0,0
"1530",12.9700115617996,0,0,0,0,0,0
"1531",0,0,0,0,0,0,0
"1532",0,0,0,0,0,0,0
"1533",0,0,0,0,0,0,0
"1534",0,0,0,0,0,0,0
"1535",21.3846232321251,0,6.38293553473803,0,0,0,0
"1536",84.9209642873566,0,82.7657633409866,0,0,0,0
"1537",3.62941794589928,0,0,0,0,0,0
"1538",0,0,0,0,0,0,0
"1539",0,0,0,0,0,0,0
"1540",3.40235697583255,0,0,0,0,0,0
"1541",7.15185430382767,0,0,0,0,0,0
"1542",0,0,0,0,0,0,0
"1543",76.5710810717335,0,83.9614775062327,0,0,0,0
"1544",70.8752132752592,0,66.6795229199504,0,0,0,0
"1545",11.1724503037316,0,0,0,0,0,0
"1546",3.0527615044407,0,10.3352695673534,0,0,0,0
"1547",1.58510588924873,0,0,0,0,0,0
"1548",42.2628392319058,0,41.9592120404348,0,0,0,0
"1549",0,0,0,0,0,0,0
"1550",3.49207664290413,0,0,0,0,0,0
"1551",0,0,0,0,0,0,0
"1552",0,0,0,0,0,0,0
"1553",17.6355400916896,0,28.2575790684877,0,0,0,0
"1554",0,0,0,0,0,0,0
"1555",54.2059590649297,0,60.6916819340482,0,0,0,0
"1556",0,0,0,0,0,0,0
"1557",0,0,0,0,0,0,0
"1558",12.2753814627827,0,0,0,0,0,0
"1559",67.1635578731408,0,79.1790909500432,0,0,0,0
"1560",0,0,0,0,0,0,0
"1561",63.368778100479,0,48.1538405681178,0,0,0,0
"1562",15.7445144581386,0,5.34095423475037,0,0,0,0
"1563",8.42548420358272,0,0,0,0,0,0
"1564",0,0,0,0,0,0,0
"1565",0,0,0,0,0,0,0
"1566",0,0,0,0,0,0,0
"1567",0,0,0,0,0,0,0
"1568",13.4287659148241,0,0,0,0,0,0
"1569",42.3768698725399,0,67.3656515596614,0,0,0,0
"1570",0,0,0,0,0,0,0
"1571",0,0,0,0,0,0,0
"1572",1.67857214125397,0,0,0,0,0,0
"1573",66.7605098999427,0,94.2022723316299,0,0,0,0
"1574",0,0,0,0,0,0,0
"1575",5.64794311657843,0,0,0,0,0,0
"1576",0,0,0,0,0,0,0
"1577",0,0,0,0,0,0,0
"1578",66.5845769621099,0,56.7817479236985,0,0,0,0
"1579",31.1716090743572,0,51.2580363348063,0,0,0,0
"1580",9.71348892486702,0,0,0,0,0,0
"1581",0.920891436749966,0,0,0,0,0,0
"1582",6.16932032333083,0,0,0,0,0,0
"1583",0,0,0,0,0,0,0
"1584",77.3665044784371,0,61.3300288672593,0,0,0,0
"1585",0,0,0,0,0,0,0
"1586",0,0,0,0,0,0,0
"1587",1.82455411976973,0,7.56145155650028,0,0,0,0
"1588",0,0,0,0,0,0,0
"1589",100.10452653217,0,96.8104442502058,0,0,0,0
"1590",0,0,0,0,0,0,0
"1591",0,0,0,0,0,0,0
"1592",0,0,0,0,0,0,0
"1593",0,0,0,0,0,0,0
"1594",0,0,0,0,0,0,0
"1595",11.2463021509002,0,19.7371317589876,0,0,0,0
"1596",0,0,0,0,0,0,0
"1597",43.8384712265748,0,22.8938550612894,75.966345097542,0,0,0
"1598",63.4317543928784,0,64.5680238122673,0,0,0,0
"1599",68.0312715020981,0,83.3382232550179,0,0,0,0
"1600",0,0,0,0,0,0,0
"1601",4.87318136221113,0,0,0,0,0,0
"1602",6.97181075874856,0,19.871991417762,0,0,0,0
"1603",0,0,0,0,0,0,0
"1604",0,0,0,0,0,0,0
"1605",3.80169566201205,0,0,0,0,0,0
"1606",0,0,0,0,0,0,0
"1607",9.95635598531451,0,0,0,0,0,0
"1608",22.1173933065741,0,21.4625686138855,103.588410517063,60.1131954266443,0,0
"1609",14.3802556781198,0,0,0,0,0,0
"1610",0.248979719418893,0,0,0,0,0,0
"1611",0,0,0,0,0,0,0
"1612",0,0,0,0,0,0,0
"1613",0,0,0,0,0,0,0
"1614",34.7936516948333,0,34.7507121887978,0,0,0,0
"1615",2.61690262557275,0,0,0,0,0,0
"1616",16.1964425626444,0,20.3691757626015,0,0,0,0
"1617",25.2064406882926,0,16.130703962393,0,0,0,0
"1618",35.9386246352564,0,31.7025916639786,0,0,0,0
"1619",12.2452944946801,0,17.1843126775673,0,0,0,0
"1620",27.0090452671379,0,28.0382850631173,0,0,0,0
"1621",65.4153549369431,0,46.2243013797621,0,0,0,0
"1622",27.8307860270285,0,44.2151930793027,0,0,0,0
"1623",0,0,0,0,0,0,0
"1624",0,0,0,0,0,0,0
"1625",97.7373521403493,0,114.861072691546,0,0,0,0
"1626",32.3700125303842,0,66.164656147978,0,0,0,69.9653378774828
"1627",108.615721112933,0,102.729547387042,0,0,0,0
"1628",157.121533648042,0,154.146622844858,0,0,0,0
"1629",0,0,0,0,0,0,0
"1630",56.9511534842815,0,51.6381360534693,0,0,0,0
"1631",0,0,0,0,0,0,0
"1632",0,0,0,0,0,0,0
"1633",0,0,0,0,0,0,0
"1634",69.0444450440064,0,71.1408959191181,0,0,0,0
"1635",0,0,0,0,0,0,0
"1636",29.8636374590532,0,34.36013198152,0,0,0,0
"1637",0,0,0,0,0,0,0
"1638",68.6215568784449,0,34.1884971629651,0,0,0,0
"1639",0,0,0,0,0,0,0
"1640",0,0,0,0,0,0,0
"1641",16.6469366772112,0,0,0,0,0,0
"1642",0,0,0,0,0,0,0
"1643",4.03624187172541,0,0,0,0,0,0
"1644",40.581268938214,0,33.6617317220282,0,0,0,0
"1645",0,0,0,0,0,0,0
"1646",29.999434944372,0,22.8467553335017,0,0,0,0
"1647",0,0,0,0,0,0,0
"1648",8.1185857828518,0,0,0,0,0,0
"1649",0,0,0,0,0,0,0
"1650",0,0,0,0,0,0,0
"1651",4.27657017542102,0,0,0,0,0,0
"1652",10.5085207623833,0,22.682271620088,0,0,0,0
"1653",36.9752595312222,0,52.7885800551013,0,0,0,0
"1654",165.150538574392,0,165.316925017669,0,0,0,0
"1655",2.88239362947296,0,12.7334349136708,0,0,0,0
"1656",0,0,0,0,0,0,0
"1657",0,0,0,0,0,0,0
"1658",0,0,0,0,0,0,0
"1659",0,0,0,0,0,0,0
"1660",56.8129256779444,0,76.8400428195213,0,0,0,0
"1661",41.4908791362578,0,52.0874674612524,0,0,0,0
"1662",0,0,0,0,0,0,0
"1663",6.92972393529094,0,0,0,0,0,0
"1664",12.5535753336948,0,0,0,0,0,0
"1665",2.56218662192069,0,0,0,0,0,0
"1666",0,0,0,0,0,0,0
"1667",0,0,0,0,0,0,0
"1668",40.6495527698101,0,32.4740732969334,0,0,0,0
"1669",15.8039645623666,0,6.03337295439965,0,0,0,0
"1670",104.803623588103,0,96.0379035925547,0,0,0,0
"1671",0,0,0,0,0,0,0
"1672",0,0,0,0,0,0,0
"1673",0,0,0,0,0,0,0
"1674",34.3554729706973,0,41.1390779839791,0,0,0,0
"1675",9.45762392698399,0,0,0,0,0,0
"1676",0,0,0,0,0,0,0
"1677",7.9088005845277,0,0,0,0,0,0
"1678",0,0,0,0,0,0,0
"1679",101.927085882685,0,39.7991185303603,0,0,0,0
"1680",0,0,0,0,0,0,0
"1681",31.3085092153656,39.0545039214943,37.950728668531,0,0,36.0706755463819,0
"1682",21.5863620032484,0,0,0,0,0,0
"1683",0,0,0,0,0,0,0
"1684",0,0,0,0,0,0,0
"1685",1.0280421927378,0,0,0,0,0,0
"1686",37.6492522131791,0,40.4097267817821,0,0,0,0
"1687",35.0492357814673,0,46.4721529181433,0,0,0,0
"1688",14.7334553203199,0,0,0,0,0,0
"1689",91.8848126621088,0,46.9434787936087,0,0,0,0
"1690",6.20545698469976,0,0,0,0,0,0
"1691",0,0,0,0,0,0,0
"1692",3.10263514701387,0,0,0,0,0,0
"1693",0,0,0,0,0,0,0
"1694",5.46087916270911,0,0,0,0,0,0
"1695",0,0,0,0,0,0,0
"1696",0,0,0,0,0,0,0
"1697",0,0,0,0,0,0,0
"1698",75.108567254637,0,98.8972294133928,0,0,0,0
"1699",0,0,0,0,0,0,0
"1700",108.536763682583,0,92.1309153406154,0,0,0,0
"1701",61.4344079878707,0,90.4665201363201,0,0,0,0
"1702",0,0,0,0,0,0,0
"1703",45.6300652249593,0,43.1553942345215,0,0,0,0
"1704",92.4930970467874,0,86.3145243306939,0,0,0,0
"1705",0,0,0,0,0,0,0
"1706",34.6633166108832,0,30.1361227515983,0,0,0,0
"1707",0,0,0,0,0,0,0
"1708",0.569357050700963,0,0,0,0,0,0
"1709",0,0,0,0,0,0,0
"1710",0,0,0,0,0,0,0
"1711",13.8320987769081,0,13.9065803278993,0,0,0,0
"1712",38.492571307724,0,42.2569483772167,0,0,0,0
"1713",0,0,0,0,0,0,0
"1714",0,0,0,0,0,0,0
"1715",0,0,0,0,0,0,0
"1716",57.2690688014479,0,49.9451789981185,0,0,0,0
"1717",0,0,0,0,0,0,0
"1718",0,0,0,0,0,0,0
"1719",63.0461172847926,0,70.8059028697661,0,0,0,0
"1720",0,0,0,0,0,0,0
"1721",55.3982814355922,0,36.7024723627474,0,0,0,0
"1722",0,0,0,0,0,0,0
"1723",72.7441923247736,0,122.64380254835,0,0,0,0
"1724",0,0,0,0,0,0,0
"1725",0,0,0,0,0,0,0
"1726",3.36055314845942,0,0,0,0,0,0
"1727",59.9768199496409,0,70.2386877434627,0,0,0,0
"1728",105.885367337833,0,150.599178782518,0,0,0,0
"1729",0,0,0,0,0,0,0
"1730",43.816029592854,0,51.6066523945994,0,0,0,0
"1731",4.66543524293249,0,0,0,0,0,0
"1732",0,0,0,0,0,0,0
"1733",11.8322427082575,0,103.436000748848,0,0,0,0
"1734",0,0,0,0,0,0,0
"1735",21.9286744264651,0,60.2743202848202,54.274806119148,0,0,0
"1736",46.0142909139669,0,40.7277257033446,0,0,0,0
"1737",14.2104888153918,0,0,0,0,0,0
"1738",0,0,0,0,0,0,0
"1739",0.720967557205149,0,0,0,0,0,0
"1740",0,0,0,0,0,0,0
"1741",0,0,0,0,0,0,0
"1742",59.2822428040203,0,105.254274793694,0,0,0,0
"1743",49.4278944206551,0,36.2921924720857,0,0,0,0
"1744",0,0,0,0,0,0,0
"1745",64.0600123272864,0,72.8429405649599,0,0,0,0
"1746",0,0,0,0,0,0,0
"1747",0,0,0,0,0,0,0
"1748",1.35918433602079,0,0,0,0,0,0
"1749",0,0,0,0,0,0,0
"1750",0,0,0,0,0,0,0
"1751",0,0,0,0,0,0,0
"1752",49.280686177666,0,96.604070372197,0,0,0,0
"1753",27.4965009990614,0,31.1328721720023,0,0,0,0
"1754",17.8894820471756,0,23.4494784616083,0,0,0,0
"1755",0,0,0,0,0,0,0
"1756",14.0028724881797,0,0,0,0,0,0
"1757",84.1682851867199,0,71.273841981849,0,0,0,0
"1758",3.42106743888805,0,0,0,0,0,0
"1759",34.5597573376997,0,32.1346210747873,0,0,0,0
"1760",41.77745757658,0,35.1884692038786,0,0,0,0
"1761",0,0,0,0,0,0,0
"1762",0,0,0,0,0,0,0
"1763",3.07398239949484,0,0,0,0,0,0
"1764",45.5495663342719,0,5.86973250613282,0,0,0,0
"1765",0,0,0,0,0,0,0
"1766",23.06995401124,0,48.8455142782792,0,0,0,0
"1767",0,0,0,0,0,0,0
"1768",0,0,0,0,0,0,0
"1769",132.845467840994,0,113.911111248523,0,0,0,0
"1770",4.79117907965168,0,0,0,0,0,0
"1771",0,0,0,0,0,0,0
"1772",14.2778488942226,0,0,0,0,0,0
"1773",0.72098313641765,0,17.5437447529296,0,0,0,0
"1774",0,0,0,0,0,0,0
"1775",65.128162334738,0,65.9142287374238,0,0,0,0
"1776",19.6609808734242,0,13.6006437448704,0,0,0,0
"1777",24.8608022551925,0,15.5826464802607,0,0,0,0
"1778",0,0,0,0,0,0,0
"1779",0,0,0,0,0,0,0
"1780",0,0,0,0,0,0,0
"1781",3.28741062254322,0,0,0,0,0,0
"1782",0,0,0,0,0,0,0
"1783",0,0,0,0,0,0,0
"1784",0,0,3.79489666630986,0,0,0,0
"1785",59.0559987331459,0,40.5619438235022,0,0,0,0
"1786",15.5960202906506,0,2.65683400253695,0,0,0,0
"1787",9.16645894551998,0,0,0,0,0,0
"1788",0,0,0,0,0,0,0
"1789",0,0,0,0,0,0,0
"1790",0,0,0,0,0,0,0
"1791",54.3163337134631,0,57.0883723914373,0,0,0,38.2657687454404
"1792",78.7926872031154,0,77.6041583520708,0,0,0,0
"1793",12.3988424217969,0,33.6698185798761,0,0,0,0
"1794",0,0,0,0,0,0,0
"1795",80.7502494348746,0,79.2035245903499,0,0,0,0
"1796",34.188579079901,0,51.4265327304397,0,0,0,0
"1797",0,0,0,0,0,0,0
"1798",0,0,0,0,0,0,0
"1799",0,0,0,0,0,0,0
"1800",37.7723415685219,0,62.0114795955329,0,0,0,0
"1801",48.376993088977,0,71.4881171341854,0,0,0,0
"1802",0,0,0,0,0,0,0
"1803",30.7310489882491,0,71.6199609726644,0,0,0,0
"1804",0,0,0,0,0,0,0
"1805",0,0,0,0,0,0,0
"1806",52.6198846744392,0,63.958025487338,0,0,0,0
"1807",64.2066252501368,0,72.3258496682581,0,0,0,0
"1808",30.4977812083085,0,48.6447185595857,0,0,0,0
"1809",9.61092087318705,0,0,0,0,0,0
"1810",8.49747446326474,0,0,0,0,0,0
"1811",15.2825302352846,0,38.2648896013212,0,0,0,0
"1812",2.16785271567578,0,0,0,0,0,0
"1813",57.8996989539647,0,53.1199842952178,0,0,0,0
"1814",69.2698736838803,0,64.3278336297644,0,0,0,0
"1815",146.563139429982,0,126.251282278608,0,0,0,0
"1816",0,0,0,0,0,0,0
"1817",59.1794252712137,0,110.284643565755,0,0,0,0
"1818",0,0,0,0,0,0,0
"1819",69.7676455519924,0,66.4629683547136,0,0,0,74.0798754127874
"1820",2.16501919434696,0,0,0,0,0,0
"1821",35.8903286664012,0,71.3833403522517,0,0,0,0
"1822",0.65608456625657,0,5.58825246341286,0,0,0,0
"1823",70.1546606963824,0,77.9812341357545,0,0,0,0
"1824",7.78618174468855,0,8.50694446669316,0,0,0,0
"1825",0,0,0,0,0,0,0
"1826",90.2449550505174,0,81.9093195569514,0,0,0,0
"1827",4.44567581529187,0,0,0,0,0,0
"1828",0,0,0,0,0,0,0
"1829",70.9441208906691,0,48.7555355756711,0,0,0,5.39260193757395
"1830",5.23518479916691,0,0,0,0,0,0
"1831",2.53713556529637,0,0,0,0,0,0
"1832",51.1621457696572,0,38.9560187333486,0,0,0,0
"1833",0,0,0,0,0,0,0
"1834",0,0,13.0757578479371,0,0,0,0
"1835",0,0,0,0,0,0,0
"1836",16.1240459987314,0,24.9411232719642,0,0,0,0
"1837",51.8317099266809,0,49.5274954823849,0,0,0,0
"1838",0,0,0,0,0,0,0
"1839",74.2393122131051,0,57.1575100050111,0,0,0,0
"1840",0,0,0,0,0,0,0
"1841",6.38947851823341,0,0,0,0,0,0
"1842",0,0,0,0,0,0,0
"1843",32.0253780013392,0,38.9758490442029,0,0,0,0
"1844",0,0,0,0,0,0,0
"1845",33.17951343888,0,34.2836995977176,0,0,0,0
"1846",0,0,0,0,0,0,0
"1847",54.5227076094138,0,65.3549474345603,0,0,0,0
"1848",0,0,0,0,0,0,0
"1849",0,0,0,0,0,0,0
"1850",0,0,0,0,0,0,0
"1851",27.7457570856483,0,22.5029834162435,0,0,0,0
"1852",0,0,0,0,0,0,0
"1853",0,0,0,0,0,0,0
"1854",79.4353396483984,0,79.3791258908062,0,0,0,0
"1855",7.60640192256694,0,21.328022874974,0,0,0,0
"1856",12.4835194170304,0,2.84463460734486,12.7916302458162,0,0,0
"1857",143.583694806014,0,160.100786494103,0,0,0,0
"1858",51.0353111300772,0,68.6818400640305,0,0,0,0
"1859",48.1859249343621,0,59.2981772529138,0,0,0,0
"1860",0,0,0,0,0,0,0
"1861",6.41245087981344,0,0,0,0,0,0
"1862",1.69415498388004,0,0,0,0,0,0
"1863",46.1047516080383,0,61.8628193361119,0,0,0,0
"1864",0,0,0,0,0,0,0
"1865",4.77927509240791,0,0,0,0,0,0
"1866",3.52246274353043,0,0,0,0,0,0
"1867",47.0878476147413,0,57.3160860797595,0,0,0,0
"1868",5.9399880107539,0,0,0,0,0,0
"1869",16.2479484081409,0,18.6750337661401,0,0,0,0
"1870",15.0594494574895,0,0,0,0,0,0
"1871",0,0,0,0,5.98772634549174,0,0
"1872",3.5377717452987,0,14.9971101383654,0,0,0,0
"1873",0,0,0,0,0,0,0
"1874",4.84586797650704,0,0,0,0,0,0
"1875",31.522827379181,0,31.2283732861842,0,0,0,0
"1876",65.2038674845415,0,55.3852171604103,0,0,0,0
"1877",0,0,0,0,0,0,0
"1878",36.5076122782539,0,27.835569531532,0,0,0,54.2223894205885
"1879",0,0,0,0,0,0,0
"1880",2.82735707182341,0,0,0,0,0,0
"1881",0,0,0,0,0,0,0
"1882",0,0,0,0,0,0,0
"1883",0,0,0,0,0,0,0
"1884",69.6387426297913,0,68.6156246669313,0,0,0,0
"1885",0,0,0,0,0,0,0
"1886",0,0,0,0,0,0,0
"1887",44.2027398291495,0,29.3927700161972,0,0,0,0
"1888",53.0548517446288,52.8501895974151,33.8940604928194,0,0,0,0
"1889",34.3433604554587,0,27.9150798137433,0,0,0,0
"1890",0,0,0,0,0,0,0
"1891",0,0,0,0,0,0,0
"1892",73.9618275828028,0,50.7423790337555,0,0,0,0
"1893",0,0,0,0,0,0,0
"1894",0,0,0,0,0,0,0
"1895",45.9659494746746,0,66.5308443965477,0,0,0,0
"1896",24.0408828269933,0,10.0782502561967,0,0,0,0
"1897",28.8771162727112,0,25.7309358806842,0,0,0,0
"1898",0,0,0,0,0,0,0
"1899",17.6905255167491,0,26.4482008137177,0,0,0,0
"1900",31.8648247096387,0,27.0690244417068,0,0,0,0
"1901",0,0,0,0,0,0,0
"1902",54.73106246313,0,50.6192008149358,0,0,0,0
"1903",41.2270077968196,0,62.6443634387804,0,0,0,0
"1904",8.17518802613907,0,0,0,0,0,0
"1905",2.09361729205123,0,0,0,0,0,0
"1906",39.0638723553309,0,66.0146062527092,0,0,0,0
"1907",71.5749428918213,0,226.769640160311,0,0,0,0
"1908",0,0,6.37643252711379,0,0,0,0
"1909",63.376094321115,0,88.9621497649621,0,0,0,0
"1910",22.676237272639,0,21.6611967847071,0,0,0,0
"1911",0,0,0,0,0,0,0
"1912",0,0,0,0,0,0,0
"1913",7.05553682811356,0,0,0,0,0,0
"1914",0,0,0,0,0,0,0
"1915",23.0631699643475,0,25.7363124520132,0,0,0,0
"1916",37.1050156703047,0,64.2843937262817,0,0,0,0
"1917",2.36454685441233,0,0,0,0,0,0
"1918",0,0,0,0,0,0,0
"1919",11.6534828673709,0,4.92297044348916,0,0,0,0
"1920",91.7599930721972,0,85.8285144318663,0,0,0,0
"1921",26.885060303636,0,0,0,0,0,0
"1922",31.0549758519405,0,42.5087779837201,0,0,0,0
"1923",0,0,0,0,0,0,0
"1924",71.2331692461465,0,69.8659824410538,0,0,0,0
"1925",38.5719162174951,0,29.3931429680475,0,0,0,0
"1926",25.7529581679961,0,27.1917576661796,0,0,0,0
"1927",0,0,0,0,0,0,0
"1928",75.1306593045737,0,78.6423080091771,0,0,0,0
"1929",31.2309462024214,0,13.4344399620865,0,0,0,0
"1930",143.407107593191,0,59.5461805145186,0,0,0,0
"1931",41.9118296753734,0,54.8189299951731,0,0,0,0
"1932",1.82194110523007,0,0,0,0,0,0
"1933",71.5681175904855,0,73.3692991234898,0,0,0,0
"1934",8.93177051323983,0,0,0,0,0,0
"1935",54.7689073618819,0,68.4128925114745,0,0,0,0
"1936",4.90292061868725,0,8.90870961602828,0,0,0,0
"1937",2.04037318003754,0,0,0,0,0,0
"1938",15.7162068553367,0,0,0,0,0,0
"1939",7.24811535621669,0,142.519599014938,0,0,0,0
"1940",0,0,0,0,0,0,0
"1941",81.0798696040627,0,100.558554192217,0,0,0,0
"1942",0,0,0,0,0,0,0
"1943",47.77400186473,0,56.8521338171808,0,0,0,0
"1944",71.5472742025085,0,80.2728949351147,0,0,0,0
"1945",0,0,0,0,0,0,0
"1946",0,0,0,0,0,0,0
"1947",7.80725716322374,0,26.1177248409069,0,0,0,0
"1948",5.14581512389926,0,0,0,0,0,0
"1949",13.0740697758844,0,6.39053024006612,0,0,0,0
"1950",0,0,0,0,0,0,0
"1951",34.4738100828245,0,44.9004311591803,0,0,0,0
"1952",0,0,0,0,0,0,0
"1953",0,0,0,0,0,0,0
"1954",0,0,0,0,0,0,0
"1955",4.10654824817638,0,0,0,0,0,0
"1956",0,0,0,0,0,0,0
"1957",0,0,0,0,0,0,0
"1958",0,0,0,0,0,0,0
"1959",69.1770066428774,0,25.6094738274328,0,0,0,0
"1960",0,0,0,0,0,0,0
"1961",80.9678639036157,0,79.8455346104312,0,0,0,0
"1962",0,0,0,0,0,0,0
"1963",40.4895654085928,0,27.7261632490126,0,0,0,0
"1964",0,0,0,0,0,0,0
"1965",41.4247667718519,0,43.7835085379867,0,0,0,0
"1966",54.4408370118494,0,48.4923234925571,0,0,0,0
"1967",47.9267454172317,27.8254223801576,43.8294423722165,0,0,0,0
"1968",6.01144373509143,0,0,0,0,0,0
"1969",0,0,0,0,0,0,0
"1970",0,0,0,0,0,0,0
"1971",4.39539811868601,0,0,0,0,0,0
"1972",0,0,0,0,0,0,0
"1973",113.190023891542,0,118.037578041141,0,0,0,0
"1974",0,0,0,0,0,0,0
"1975",2.4295235144399,0,0,0,0,0,0
"1976",0,0,0,0,0,0,0
"1977",0,0,0,0,0,0,0
"1978",0,0,0,0,0,0,0
"1979",0,0,0,0,0,0,0
"1980",0,0,0,0,0,0,0
"1981",0,0,0,0,0,0,0
"1982",0,0,0,0,0,0,0
"1983",28.8147529357664,0,42.8014795398784,0,0,0,0
"1984",52.9298221540631,0,61.5419338449213,0,0,0,0
"1985",12.4874746343457,0,0,0,0,0,0
"1986",22.3135651561441,0,0,0,0,0,0
"1987",2.19618520632835,0,0,0,0,0,0
"1988",0,0,0,0,0,0,0
"1989",74.3809120911845,0,69.8833355598417,0,0,0,0
"1990",17.0803280445215,0,48.5085434442936,0,0,0,0
"1991",0,0,0,0,0,0,0
"1992",0,0,0,0,0,0,0
"1993",0,0,0,0,0,0,0
"1994",0,0,0,0,0,0,0
"1995",14.2147822050959,0,12.0216997482558,0,0,0,0
"1996",14.9314258669644,0,0,0,0,0,0
"1997",132.944089053643,0,121.220220892624,0,0,0,0
"1998",0,0,0,0,0,0,0
"1999",0,0,0,0,0,0,0
"2000",83.2533094912273,0,102.013856165222,0,0,0,0
"2001",0,0,0,0,0,0,0
"2002",0,0,0,0,0,0,0
"2003",4.83881770718447,0,0,0,0,0,0
"2004",13.7799735194333,0,25.7701825883565,0,0,0,0
"2005",114.662097992272,0,135.380053152883,0,0,0,0
"2006",49.3207300785343,0,69.9554629861229,0,0,0,0
"2007",45.5162430485141,0,46.5543341689515,0,0,0,0
"2008",67.9488651874813,0,60.5017483551241,0,0,0,0
"2009",0,0,0,0,0,0,0
"2010",0,0,0,0,0,0,0
"2011",0,0,0,0,0,0,0
"2012",14.7022583583217,0,7.67169928679419,0,0,0,0
"2013",0,0,0,0,0,0,0
"2014",35.3819868388101,0,50.7654320257123,0,0,0,0
"2015",19.2402879965273,0,0,0,0,0,0
"2016",0,0,0,0,0,0,0
"2017",0,0,0,0,0,0,0
"2018",19.6121572588091,0,0,0,0,0,0
"2019",0,0,0,0,0,0,0
"2020",0,0,0,0,0,0,0
"2021",0,0,0,0,0,0,0
"2022",0,0,0,0,0,0,0
"2023",19.9554751463841,0,0,0,0,0,0
"2024",0,0,0,0,0,0,0
"2025",0,0,0,0,0,0,0
"2026",0,0,0,0,0,0,0
"2027",4.42971237175547,0,11.8946659116905,0,0,0,0
"2028",70.3619967850136,0,84.1896292524554,0,0,0,0
"2029",0,0,0,0,0,0,0
"2030",44.8052449463697,0,56.3995764452575,0,0,0,0
"2031",0,0,0,0,0,0,0
"2032",0,0,0,0,0,0,0
"2033",0,0,0,0,0,0,0
"2034",17.5782123365925,0,23.4291028153561,0,0,0,0
"2035",12.9601258932373,0,25.8871535045275,0,0,0,0
"2036",62.8119520448906,0,61.4661571727358,0,0,0,0
"2037",1.51816436318321,0,0,0,0,0,0
"2038",22.7292173929851,0,49.1951645414884,0,0,0,0
"2039",71.956031026675,0,130.8797060251,0,0,0,0
"2040",7.74322469786237,0,0,0,0,0,0
"2041",4.93900715945263,0,0,0,0,0,0
"2042",31.640715441479,0,40.8474116496902,0,0,0,0
"2043",11.0905136619069,0,0,0,0,0,0
"2044",1.99162398881847,0,0,0,0,0,0
"2045",0,0,0,0,0,0,0
"2046",0,0,0,0,0,0,0
"2047",4.70725875944221,0,5.48637136948628,0,0,0,0
"2048",68.7094827547471,0,53.4353368178584,0,0,0,0
"2049",54.9625957303957,0,68.7139552044118,0,0,0,0
"2050",2.52630900418936,0,0,0,0,0,0
"2051",12.3465506571551,0,0,0,0,0,0
"2052",0,0,0,0,0,0,0
"2053",19.6024022179876,0,35.7310015356518,0,0,0,0
"2054",1.98691967203189,0,0,0,0,0,0
"2055",127.895689154606,0,102.737689001885,0,0,0,0
"2056",0,0,0,0,0,0,0
"2057",44.6282131699468,0,41.4783539690375,0,0,0,0
"2058",0,0,0,0,0,0,0
"2059",1.18788079973298,0,0,0,0,0,0
"2060",0,0,0,0,0,0,0
"2061",0,0,0,0,0,0,0
"2062",11.5721873023591,0,35.8332064814903,0,0,0,0
"2063",0,0,0,0,0,0,0
"2064",37.3104388798361,0,86.7375069172994,0,0,0,0
"2065",0,0,0,0,0,0,0
"2066",37.6892878143098,0,34.2594231247112,0,0,0,0
"2067",7.04100262241068,0,0,0,0,0,0
"2068",57.5157953079526,0,46.4418552903027,0,0,0,0
"2069",14.3962383385703,0,0,0,0,0,0
"2070",0,0,0,0,0,0,0
"2071",77.6171079289345,0,70.9856416614024,0,0,0,0
"2072",4.63781713187295,0,0,0,0,0,0
"2073",4.83460686856377,0,0,0,0,0,0
"2074",70.4043815145573,0,114.65676611359,0,0,0,0
"2075",74.5939758968226,0,63.7639815815357,0,0,0,0
"2076",57.1250996787682,82.6901282858707,57.6391595288043,0,0,0,0
"2077",53.1383660895874,0,39.1170664964945,0,151.561858626046,0,0
"2078",21.4418261180448,0,31.8900124993276,0,0,0,69.2151576069
"2079",6.54104711496644,0,0,0,0,0,0
"2080",2.42744081045227,0,0,0,0,0,0
"2081",0,0,0,0,0,0,0
"2082",1.83160802223671,0,0,0,0,0,0
"2083",0,0,0,0,0,0,0
"2084",0,0,0,0,0,0,0
"2085",0,0,0,0,0,0,0
"2086",0,0,0,0,0,0,0
"2087",36.3500866784329,0,47.9181775246283,0,0,0,0
"2088",9.27483365471783,0,0,0,0,0,0
"2089",73.5304687846699,0,79.0823616795157,0,0,0,0
"2090",0,0,0,0,0,0,0
"2091",0,0,0,0,0,0,0
"2092",100.267539812445,0,57.6558392936091,0,0,0,0
"2093",4.42257145512633,0,0,0,0,0,0
"2094",7.49849144861124,0,0,0,0,0,0
"2095",46.4651777336972,0,45.1819089233471,0,0,0,0
"2096",0,0,0,0,0,0,0
"2097",0,0,0,0,0,0,0
"2098",23.9681402923987,0,0,0,0,0,0
"2099",0,0,0,0,0,0,0
"2100",53.4731799802357,0,40.9204114953104,0,0,0,0
"2101",0,0,0,0,0,0,0
"2102",14.9037521370291,0,21.0727031877618,0,0,0,0
"2103",32.7597404230682,0,42.2805603399441,0,0,0,0
"2104",0,0,0,0,0,0,0
"2105",0,0,0,0,0,0,0
"2106",0,0,0,0,0,0,0
"2107",5.06336510380658,0,15.4783990466142,0,0,0,0
"2108",4.95232314530529,0,0,0,0,0,0
"2109",3.07035378545055,0,0,0,0,0,0
"2110",5.50014151209557,0,6.76334551662145,0,0,0,0
"2111",0,0,0,0,0,0,0
"2112",6.28727390689535,0,0,0,0,0,0
"2113",5.81458177705379,0,0,0,0,0,0
"2114",0,0,0,0,0,0,0
"2115",71.8723554670551,0,82.3817678804497,0,0,0,0
"2116",95.2156231246568,0,91.0118717715258,0,0,0,0
"2117",0,0,0,0,0,0,0
"2118",0,0,0,0,0,0,0
"2119",0,0,0,0,0,0,0
"2120",66.2354769824876,0,61.4243503043208,0,0,0,0
"2121",5.52179060681765,0,0,0,0,0,0
"2122",34.9087017677521,0,39.32816081266,0,0,0,0
"2123",35.5820300992205,0,42.0709393426408,0,0,0,0
"2124",0,0,0,0,0,0,0
"2125",74.2616607462116,0,84.5395330447174,0,0,0,0
"2126",20.5813609404261,0,16.7095790939503,0,0,0,0
"2127",7.43807308689141,0,0,0,0,0,0
"2128",57.383958410305,0,30.0141386306849,0,0,0,0
"2129",0,0,0,0,0,0,0
"2130",78.2647966400036,0,74.3373629930868,0,0,0,0
"2131",38.2223067434694,0,28.7206072345451,0,0,0,0
"2132",9.88044152009945,0,0,0,0,0,0
"2133",0,0,0,0,0,0,0
"2134",0,0,0,0,0,0,0
"2135",9.5695912986319,0,0,0,0,0,0
"2136",4.44382957750289,0,0,0,0,0,0
"2137",0,0,0,0,0,0,0
"2138",2.00076555062565,0,0,0,0,0,0
"2139",0,0,0,0,0,0,0
"2140",48.0351685378761,0,53.9385944980519,0,0,0,0
"2141",0,0,0,0,0,0,0
"2142",0,0,0,0,0,0,0
"2143",27.8292471518612,0,28.24727292153,0,0,0,0
"2144",48.6914073668456,0,38.7983367005646,0,0,0,0
"2145",3.19534304763976,0,0,0,0,0,0
"2146",41.5417730232404,0,33.4978365372893,0,0,0,0
"2147",65.3311671025416,0,61.5977085148861,0,0,0,0
"2148",0,0,0,0,0,0,0
"2149",70.1892775377791,0,66.2204366372199,0,0,0,0
"2150",0,0,0,0,0,0,0
"2151",0,0,0,0,0,0,0
"2152",0,0,0,0,0,0,0
"2153",0,0,0,0,0,0,0
"2154",37.8908649698163,0,38.7285513567511,0,0,0,0
"2155",19.6330081164691,0,58.8519439846821,0,0,0,0
"2156",34.560801485564,0,30.2068937480147,0,0,0,0
"2157",51.5534171991374,0,48.052523352969,0,0,0,0
"2158",50.155142029974,0,28.5442321998087,0,0,0,0
"2159",0.126896316793963,0,0,0,0,0,0
"2160",0,0,0,0,0,0,0
"2161",56.1346206698688,0,52.6780351561435,0,0,0,0
"2162",0,0,0,0,0,0,0
"2163",0,0,0,0,0,0,0
"2164",0,0,0,0,0,0,0
"2165",0,0,0,0,0,0,0
"2166",0,0,0,0,0,0,0
"2167",11.4383317764564,0,10.3805411882075,0,0,0,0
"2168",72.2830610602474,0,60.579956749159,0,0,0,0
"2169",11.4810907046281,0,0,0,0,0,0
"2170",0,0,0,0,0,0,0
"2171",0,0,0,0,0,0,0
"2172",65.6969398242552,0,81.6744030113732,0,0,0,0
"2173",52.1694883413742,0,45.4897031025181,0,0,0,0
"2174",0,0,0,0,0,0,0
"2175",0,0,0,0,0,0,0
"2176",51.0621346734775,0,42.321674780099,0,0,0,0
"2177",0,0,0,0,0,0,0
"2178",0,0,0,0,0,0,0
"2179",3.50805646262327,0,0,0,0,0,0
"2180",7.36820417228091,0,28.8655927239911,0,0,0,0
"2181",0,0,0,0,0,0,0
"2182",6.52311722159005,0,8.32456244449433,0,0,0,0
"2183",0,0,0,0,0,0,0
"2184",67.2053590341238,0,52.2041980614365,0,0,0,0
"2185",0,0,0,0,0,0,0
"2186",63.2387070611155,0,17.6458404367137,0,0,0,0
"2187",4.63330407538806,0,0,0,0,0,0
"2188",0,0,0,0,0,0,0
"2189",57.978443202279,0,50.5852629466222,0,0,0,0
"2190",35.6915009196996,0,25.9479584841963,0,0,0,0
"2191",4.84210881510762,0,0,0,0,0,0
"2192",50.518013341826,0,52.8770102787983,0,0,0,0
"2193",0,0,0,0,0,0,0
"2194",0,0,0,0,0,0,0
"2195",0,0,0,0,0,0,0
"2196",0,0,0,0,0,0,0
"2197",90.724801063772,0,84.3921050032083,0,0,0,0
"2198",56.1240367789157,0,56.5390354212456,0,0,0,0
"2199",0,0,0,0,0,0,0
"2200",0,0,0,0,0,0,0
"2201",1.52428775479871,0,0,0,0,0,0
"2202",0,0,0,0,0,0,0
"2203",74.498163743725,0,105.656532636734,0,0,0,0
"2204",48.3437171531897,0,53.643988106964,0,0,0,0
"2205",48.0668898831707,0,62.3022905440641,0,0,0,0
"2206",49.9359434056848,0,65.1004603032015,0,47.5112148669314,0,0
"2207",11.3935736939337,0,0,0,0,0,0
"2208",76.9526377831777,0,66.7013493591989,0,0,0,0
"2209",43.7731947078404,0,46.8746649471556,0,0,0,0
"2210",0,0,0,0,0,0,0
"2211",0,0,0,0,0,0,0
"2212",41.6610137691683,0,31.9688798146577,0,0,0,0
"2213",0,0,0,0,0,0,0
"2214",0,0,0,0,0,0,0
"2215",0,0,0,0,0,0,0
"2216",30.4352232518001,0,20.7595980740863,0,0,0,0
"2217",91.5074384645492,0,19.0481515401303,0,0,0,0
"2218",2.76622867650424,0,0,0,0,0,0
"2219",0,0,0,0,0,0,0
"2220",13.7098901652422,0,0,0,0,0,0
"2221",0,0,0,0,0,0,0
"2222",58.4626841440103,0,50.3367148234762,0,0,0,0
"2223",67.8876265820117,0,72.15369182358,0,0,0,0
"2224",41.9977672863179,0,47.9634373406238,51.7250111730001,0,0,0
"2225",0,0,0,0,0,0,0
"2226",0,0,0,0,0,0,0
"2227",33.3524333681491,0,34.9473332381844,0,0,0,0
"2228",0,0,0,0,0,0,0
"2229",0,0,0,0,0,0,0
"2230",0,0,0,0,0,0,0
"2231",19.9843258105434,0,0,0,0,0,0
"2232",0,0,0,0,0,0,0
"2233",0,0,0,0,0,0,0
"2234",32.4937275920974,0,32.5147593247056,0,0,0,0
"2235",43.8979740601625,0,46.2046605135186,0,0,0,0
"2236",54.2373025904017,0,21.9926873673835,0,0,0,0
"2237",19.7638551276831,0,6.54661448101226,0,0,0,0
"2238",0,0,0,0,0,0,0
"2239",41.0104182439061,0,41.5100335614145,0,0,0,55.3109198459181
"2240",46.8281720150101,0,40.8843872291545,0,0,0,0
"2241",0,0,0,0,0,0,0
"2242",47.5859817879888,0,37.4161513444184,0,0,0,0
"2243",12.3685250931585,0,3.31944907106676,0,0,0,0
"2244",0,0,0,0,0,0,0
"2245",49.4169198132421,0,151.490045007683,0,0,0,0
"2246",60.4889640983022,0,52.0170380192296,0,0,0,0
"2247",0,0,0,0,0,0,0
"2248",97.5807761375938,0,81.5041791069876,0,0,0,0
"2249",219.260603101494,0,221.57895904791,0,139.394365554022,0,0
"2250",8.31892040613829,0,0,0,0,0,0
"2251",0,0,0,0,0,0,0
"2252",38.4107159343086,0,42.8755792894056,0,0,0,0
"2253",6.63746779141134,0,0,0,0,0,0
"2254",11.1587138344996,0,0,0,0,0,0
"2255",61.6862868794054,0,86.9792476989731,0,0,0,0
"2256",8.40221555652637,0,0,0,0,0,0
"2257",0.784666412062147,0,0,0,0,0,0
"2258",18.980220971879,0,0,0,0,0,0
"2259",1.91593971345479,0,0,0,0,0,0
"2260",0,0,0,0,0,0,0
"2261",0,0,0,0,0,0,0
"2262",39.6592704029149,0,60.8855202505494,0,0,0,0
"2263",36.5543751313102,0,37.80570212189,0,0,0,0
"2264",52.2786617518698,0,27.2376541946875,0,36.423455839747,0,0
"2265",0,0,0,0,0,0,0
"2266",81.3905485035431,0,81.2836394018046,0,0,0,0
"2267",0,0,0,0,0,0,0
"2268",10.7517344674574,0,0,0,0,0,0
"2269",0,0,0,0,0,0,0
"2270",52.728820187523,0,36.0018066462605,0,0,0,0
"2271",0,0,0,0,0,0,0
"2272",0,0,0,0,0,0,0
"2273",0,0,0,0,0,0,0
"2274",7.70774150385822,0,0,0,0,0,0
"2275",0,0,0,0,0,0,0
"2276",0,0,0,0,0,0,0
"2277",0,0,0,0,0,0,0
"2278",0,0,0,0,0,0,0
"2279",64.4779948084997,0,71.4674222967036,0,0,0,0
"2280",30.2209459066242,0,45.2441591117921,0,0,0,0
"2281",0,0,0,0,0,0,0
"2282",0,0,0,0,0,0,0
"2283",69.152778897041,0,108.02017336,0,0,0,0
"2284",5.48118277660244,0,0,0,0,0,0
"2285",40.411152806477,0,46.2723459929646,0,0,0,0
"2286",36.0824454962011,0,32.7046114101975,0,0,0,17.8492039264332
"2287",1.9002491705238,0,0,0,0,0,0
"2288",19.5919583531683,0,0,17.5041140410024,0,0,0
"2289",1.47577753702382,0,1.91758979548404,0,0,0,0
"2290",0,0,0,0,0,0,0
"2291",42.5695848575294,0,35.3574717101671,0,0,0,0
"2292",0,0,0,0,0,0,0
"2293",0.519403098918571,0,0,0,0,0,0
"2294",48.1578561170528,0,38.95755779486,0,0,0,0
"2295",40.4469405426719,0,33.1204840386213,0,0,0,0
"2296",0.821840704814148,0,0,0,0,0,0
"2297",45.1190058557515,0,46.1181824743043,0,0,0,0
"2298",135.321029734905,0,133.061580417595,0,0,0,0
"2299",7.21737804157905,0,0,0,0,0,0
"2300",0,0,0,0,0,0,0
"2301",0,0,0,0,0,0,0
"2302",46.2606615531239,0,43.638271269686,0,0,0,0
"2303",26.4460966812423,0,36.4145637376122,0,0,0,0
"2304",0,0,0,0,0,0,0
"2305",59.0447915248704,0,75.1330057777401,0,0,0,0
"2306",66.5537093241886,0,64.2592635798039,0,0,0,0
"2307",13.2543743976893,0,3.47077715262451,0,0,0,0
"2308",54.138162847591,0,44.8186597240915,0,0,0,0
"2309",55.480440353933,0,46.4067979185229,0,0,0,0
"2310",5.49828275594207,0,0,0,0,0,0
"2311",33.2793403964196,0,57.4711111226076,0,0,0,0
"2312",4.55783139622554,0,0,0,0,0,0
"2313",27.1578285737823,0,41.0791869106483,0,0,0,0
"2314",3.43429442826855,0,0,0,0,0,0
"2315",12.1857711828195,0,7.2908219723171,0,0,0,0
"2316",0,0,0,0,0,0,0
"2317",0,0,0,0,0,0,0
"2318",4.48705169584537,0,0,0,0,0,0
"2319",0,0,0,0,0,0,0
"2320",0,0,0,0,0,0,0
"2321",45.69925361689,0,68.556978452634,0,0,0,0
"2322",34.0617729834931,0,25.5164444462983,0,0,0,0
"2323",11.8872447354283,0,0,0,0,0,0
"2324",0,0,0,0,0,0,0
"2325",0,0,0,0,0,0,0
"2326",21.9675838108932,0,14.0734709217623,0,0,0,0
"2327",0,0,0,0,0,0,0
"2328",0,0,0,0,0,0,0
"2329",3.08293422418375,0,0,0,0,0,0
"2330",7.88396652210572,0,0,0,0,0,0
"2331",6.05660407395245,0,0,0,0,0,0
"2332",31.8772070547789,0,36.490067091971,0,0,0,0
"2333",2.92102714965719,0,0,0,0,0,0
"2334",5.0309565152888,0,0,0,0,0,0
"2335",13.8710429229921,16.1254539650169,15.0213885851556,0,0,0,0
"2336",9.98743369101234,0,0,0,0,0,0
"2337",5.41855953686641,0,0,0,0,0,0
"2338",0,0,0,0,0,0,0
"2339",5.33615126509951,0,0,0,0,0,0
"2340",103.341121207899,0,85.1513000714702,0,0,0,0
"2341",42.4767618181632,0,52.6593288615268,60.9811360660902,0,0,0
"2342",79.5643544921775,0,86.4226310972122,0,0,0,0
"2343",1.32416500685138,0,0,0,0,0,0
"2344",33.5998648771819,0,32.4068655613847,0,0,0,0
"2345",54.4337339430292,0,42.5968214812755,0,0,0,0
"2346",36.3069043824635,0,58.0025923659306,0,0,0,0
"2347",6.86270563936183,0,0,0,0,0,0
"2348",0,0,0,0,0,0,0
"2349",62.2242522697291,0,59.939392951428,0,0,0,0
"2350",83.0539262471789,0,47.005612965386,136.923904533794,0,0,0
"2351",99.950369958916,0,74.7598040537788,0,0,0,0
"2352",0,0,0,0,0,0,0
"2353",10.3293145434683,0,3.27482098570819,0,0,0,0
"2354",39.0042310219658,0,39.8772306901876,0,0,0,0
"2355",0,0,0,0,0,0,0
"2356",61.9577381003805,0,90.8038246899882,0,0,0,0
"2357",37.2059825652725,0,35.7204845775726,0,0,0,0
"2358",79.4184014210526,0,98.4225051609032,0,44.1796827249886,0,0
"2359",14.464723364235,0,0,0,0,0,0
"2360",7.93601600806248,0,0,0,0,0,0
"2361",42.513146020112,0,44.7422681311314,0,0,0,0
"2362",17.0814025166061,0,0,0,0,0,0
"2363",72.8670855011033,0,66.5752740390526,0,0,0,0
"2364",18.396971204848,0,32.3371363377119,0,0,0,0
"2365",17.389490895063,0,16.5920214776648,0,0,0,0
"2366",0,0,0,0,0,0,0
"2367",45.1383396332801,0,56.5172938871128,0,0,0,0
"2368",1.19056159547667,0,0,0,0,0,0
"2369",38.5288115712964,0,34.3036999473386,0,0,0,0
"2370",0,0,0,0,0,0,0
"2371",0,0,0,0,0,0,0
"2372",32.4095850748391,0,28.0395700946203,0,0,0,0
"2373",0,0,0,0,0,0,0
"2374",52.1568629624261,0,52.983739405801,0,0,0,0
"2375",20.2632276482475,0,61.8150047457678,0,0,0,0
"2376",45.310243816021,0,47.3461577908232,0,0,0,0
"2377",0.452304620469176,0,0,0,0,0,0
"2378",91.3193455361478,0,73.5610725455786,0,0,0,0
"2379",79.0507447211245,0,72.3483037478669,0,0,0,0
"2380",49.3879918469315,0,40.8847650260017,0,0,0,0
"2381",0,0,0,0,0,0,0
"2382",0,0,0,0,0,0,0
"2383",46.3697794550125,0,58.3750417132483,0,0,0,0
"2384",0,0,0,0,0,0,0
"2385",0,0,0,0,0,0,0
"2386",0,0,0,0,0,0,0
"2387",95.4921392393898,0,51.7968893562072,0,56.0830569690621,0,0
"2388",0,0,0,0,0,0,0
"2389",0,0,0,0,0,0,0
"2390",0,0,0,0,0,0,0
"2391",0,0,0,0,0,0,0
"2392",59.8670667221668,0,55.383569340086,0,0,0,0
"2393",68.4397972386914,0,70.16655950028,0,0,0,0
"2394",0,0,0,0,0,0,0
"2395",90.3218563500731,0,103.246016832447,0,0,0,0
"2396",0,0,0,0,0,0,0
"2397",111.511872535916,0,114.540022846743,0,0,0,113.060872261065
"2398",0,0,0,0,0,0,0
"2399",0,0,0,0,0,0,0
"2400",32.4867284993066,0,71.383701714393,0,0,0,0
"2401",11.1271918607507,0,0,0,0,0,0
"2402",0,0,0,0,0,0,0
"2403",0,0,0,0,0,0,0
"2404",0,0,0,0,0,0,0
"2405",6.26892124935243,0,0,0,0,0,0
"2406",66.0735457871828,0,78.8296243096979,0,0,0,0
"2407",0,0,0,0,0,0,0
"2408",60.4694774703768,0,69.5368640430972,0,0,0,0
"2409",13.2037865092365,0,0,0,0,0,0
"2410",0,0,0,0,0,0,0
"2411",3.4566405483257,0,0,0,0,0,0
"2412",11.6306480550251,0,0,0,0,0,0
"2413",0,0,0,0,0,0,0
"2414",20.9738150942296,0,32.0315372512283,0,0,0,0
"2415",0,0,0,0,0,0,0
"2416",1.27587128468264,0,0,0,0,0,0
"2417",0,0,0,0,0,0,0
"2418",1.96665559762487,0,0,0,0,0,0
"2419",4.42379131268409,0,1.93969930334161,0,0,0,0
"2420",2.31051997434148,0,0,0,0,0,0
"2421",0,0,0,0,0,0,0
"2422",8.44629194970212,0,2.15056144754125,0,0,0,0
"2423",0,0,0,0,0,0,0
"2424",4.10470538759536,0,0,0,0,0,0
"2425",0,0,0,0,0,0,0
"2426",67.8004128816855,0,68.1691712779443,0,0,0,0
"2427",41.0234326868297,0,33.7143001694678,0,0,0,0
"2428",0.738410813926336,0,7.71379595227202,0,0,0,0
"2429",10.7311390558479,0,0,0,0,0,0
"2430",0,0,0,0,0,0,0
"2431",8.6593694068069,0,0,0,0,0,0
"2432",27.9784161773067,0,10.2573321680694,0,0,0,0
"2433",57.33969151591,0,105.801853244978,0,0,0,0
"2434",0,0,0,0,0,0,0
"2435",0,0,0,0,0,0,0
"2436",0,0,0,0,0,0,0
"2437",0,0,0,0,0,0,0
"2438",28.7080651685989,0,44.3854764378586,0,0,0,0
"2439",0,0,0,0,0,0,0
"2440",76.0651220088604,0,26.8780212648497,0,0,0,0
"2441",83.2441826869296,0,55.0248247474484,0,0,0,0
"2442",3.53008854061383,0,11.020493015851,0,0,0,0
"2443",0,0,0,0,0,0,0
"2444",0,0,0,0,0,0,0
"2445",98.5883051328168,0,121.056696144292,0,0,0,0
"2446",2.34553230133255,0,0,0,0,0,0
"2447",96.9242310975507,0,85.7604309912155,0,0,0,0
"2448",0,0,0,0,0,0,0
"2449",42.6402372044469,0,48.3134780485848,0,0,0,0
"2450",0.527046671289036,0,0,0,0,0,0
"2451",4.78390411501687,0,0,0,0,0,0
"2452",72.322791096248,0,41.8284020263226,0,0,0,0
"2453",0,0,0,0,0,0,0
"2454",36.6395590023847,0,8.88051768967812,0,0,0,0
"2455",42.014458295,0,50.9536470865922,0,0,0,0
"2456",2.73875537500449,0,22.2785138947442,0,0,0,0
"2457",0,0,0,0,0,0,0
"2458",28.1192956000914,0,0,0,0,0,0
"2459",48.0014404594853,0,51.5501864584391,0,0,0,0
"2460",5.94289315641358,0,0,0,0,0,0
"2461",10.2098093719965,0,0,0,0,0,0
"2462",85.5091059230332,0,76.8801467533243,0,0,0,0
"2463",0,0,0,0,0,0,0
"2464",59.2825505638452,0,36.3335327837786,0,0,0,0
"2465",0,0,0,0,0,0,0
"2466",0,0,0,0,0,0,0
"2467",0,0,0,0,0,0,0
"2468",33.9357551394006,0,33.6808156412091,0,0,0,0
"2469",71.3237218099668,0,81.9518401145099,0,0,0,0
"2470",47.3016181530223,0,45.0294248926174,0,0,0,0
"2471",0,0,0,0,0,0,0
"2472",43.2598882605484,0,61.4276712399604,0,0,0,0
"2473",121.011417127553,0,131.430194503192,0,0,0,0
"2474",0,0,0,0,0,0,0
"2475",61.4313769002925,0,97.5980160904216,73.378333645082,0,0,70.921359837169
"2476",15.1928701959346,0,0,0,0,0,0
"2477",61.4137305383242,0,54.8825205130662,0,0,0,0
"2478",0.841995590080468,0,0,0,0,0,0
"2479",68.3877005267594,0,46.7408485828691,0,0,0,0
"2480",10.0980220070672,0,0,0,0,0,0
"2481",0.774356335993698,0,0,0,0,0,0
"2482",6.21886887926506,0,0,0,0,0,0
"2483",64.9964716049052,0,61.5439918392096,0,0,0,0
"2484",0,0,0,0,0,0,0
"2485",47.7726256681054,0,42.0298381110333,0,0,0,129.749079987336
"2486",0,0,0,0,0,0,0
"2487",0,0,0,0,0,0,0
"2488",0,0,0,0,0,0,0
"2489",0,0,0,0,0,0,0
"2490",7.42411836994314,0,0,0,0,0,0
"2491",14.3459834094486,0,0,0,0,0,0
"2492",118.383882482206,0,115.484124505243,0,0,0,0
"2493",104.231910717115,0,97.110494495952,0,0,0,0
"2494",21.5628848158977,0,0,0,0,0,0
"2495",34.2716780518574,0,38.6062417542588,0,0,0,0
"2496",0,0,0,0,0,0,0
"2497",68.673862978319,0,52.0896277050667,0,0,0,0
"2498",7.70983971050732,0,0,0,0,0,0
"2499",50.5671961518155,0,44.0210585774951,0,0,0,0
"2500",46.1269497850854,0,49.064333945836,0,0,0,0
