"","age1_orange.S","age1_green.S","age2_no_comorbid_orange.S","age2_no_comorbid_green.S","age2_comorbid_green.S","age3_no_comorbid_green.S","age3_comorbid_green.S"
"1",32.0478723404255,99.3589743589744,52.0047169811321,100.213219616205,99.8402555910543,100,100.536193029491
"2",41.7553191489362,99.3589743589744,49.6462264150943,100.213219616205,99.8402555910543,100,100.536193029491
"3",100,99.3589743589744,99.8820754716981,100.213219616205,99.8402555910543,100,100.536193029491
"4",38.8297872340425,99.3589743589744,53.3018867924528,100.213219616205,99.8402555910543,100,99.1957104557641
"5",99.7340425531915,99.3589743589744,99.8820754716981,100.213219616205,99.8402555910543,100,100.536193029491
"6",33.3776595744681,99.3589743589744,49.7641509433962,100.213219616205,99.8402555910543,100,100.536193029491
"7",42.5531914893617,99.3589743589744,58.8443396226415,100.213219616205,99.8402555910543,100,100.536193029491
"8",100,99.3589743589744,99.8820754716981,100.213219616205,99.8402555910543,100,100.536193029491
"9",100,99.3589743589744,99.5283018867924,100.213219616205,99.8402555910543,100,100.536193029491
"10",100,99.3589743589744,99.8820754716981,100.213219616205,99.8402555910543,100,100.536193029491
"11",100,99.3589743589744,99.8820754716981,100.213219616205,99.8402555910543,100,100.536193029491
"12",35.6382978723404,96.1538461538462,52.3584905660377,95.9488272921109,95.8466453674121,97.7272727272727,97.8552278820375
"13",43.218085106383,99.3589743589744,54.127358490566,100.213219616205,99.8402555910543,100,100.536193029491
"14",38.1648936170213,99.3589743589744,57.311320754717,100.213219616205,99.8402555910543,100,100.536193029491
"15",100,99.3589743589744,99.8820754716981,100.213219616205,99.8402555910543,100,100.536193029491
"16",99.8670212765958,99.3589743589744,99.8820754716981,100.213219616205,99.8402555910543,100,100.536193029491
"17",37.7659574468085,99.3589743589744,53.4198113207547,100.213219616205,99.8402555910543,100,100.536193029491
"18",100,99.3589743589744,99.8820754716981,100.213219616205,99.8402555910543,100,100.536193029491
"19",33.6436170212766,99.3589743589744,49.4103773584906,100.213219616205,99.8402555910543,100,100.536193029491
"20",100,99.3589743589744,99.7641509433962,100.213219616205,99.8402555910543,100,100.536193029491
"21",33.6436170212766,99.3589743589744,47.1698113207547,100.213219616205,99.8402555910543,100,100.536193029491
"22",100,99.3589743589744,99.8820754716981,100.213219616205,99.8402555910543,100,100.536193029491
"23",38.8297872340425,99.3589743589744,52.5943396226415,100.213219616205,99.8402555910543,100,100.536193029491
"24",32.7127659574468,99.3589743589744,48.4669811320755,100.213219616205,99.8402555910543,100,100.536193029491
"25",42.5531914893617,99.3589743589744,56.3679245283019,100.213219616205,99.8402555910543,100,100.536193029491
"26",33.9095744680851,99.3589743589744,49.0566037735849,100.213219616205,99.8402555910543,100,100.536193029491
"27",99.7340425531915,99.3589743589744,99.8820754716981,100.213219616205,99.8402555910543,100,100.536193029491
"28",33.1117021276596,99.3589743589744,45.1650943396226,100.213219616205,99.8402555910543,100,100.536193029491
"29",100,99.3589743589744,99.8820754716981,100.213219616205,99.8402555910543,100,100.536193029491
"30",47.2074468085106,99.3589743589744,58.8443396226415,100.213219616205,99.8402555910543,100,100.536193029491
"31",34.3085106382979,99.3589743589744,49.8820754716981,100.213219616205,99.8402555910543,100,100.536193029491
"32",100,99.3589743589744,99.8820754716981,100.213219616205,99.8402555910543,100,100.536193029491
"33",31.9148936170213,99.3589743589744,48.3490566037736,100.213219616205,99.8402555910543,100,100.536193029491
"34",30.8510638297872,99.3589743589744,49.1745283018868,100.213219616205,96.6453674121406,95.4545454545455,99.1957104557641
"35",45.6117021276596,99.3589743589744,57.6650943396226,100.213219616205,99.8402555910543,100,100.536193029491
"36",41.2234042553192,99.3589743589744,54.0094339622642,100.213219616205,99.8402555910543,100,100.536193029491
"37",100,99.3589743589744,99.5283018867924,100.213219616205,99.8402555910543,100,100.536193029491
"38",99.8670212765958,99.3589743589744,99.7641509433962,100.213219616205,99.8402555910543,100,100.536193029491
"39",100,99.3589743589744,99.8820754716981,100.213219616205,99.8402555910543,100,100.536193029491
"40",100,99.3589743589744,99.8820754716981,100.213219616205,99.8402555910543,100,100.536193029491
"41",100,99.3589743589744,99.8820754716981,100.213219616205,99.8402555910543,100,100.536193029491
"42",99.8670212765958,99.3589743589744,99.7641509433962,100.213219616205,99.8402555910543,100,100.536193029491
"43",100,99.3589743589744,99.8820754716981,100.213219616205,99.8402555910543,100,100.536193029491
"44",45.2127659574468,99.3589743589744,57.5471698113208,100.213219616205,99.8402555910543,100,100.536193029491
"45",32.5797872340425,99.3589743589744,53.6556603773585,100.213219616205,99.8402555910543,100,100.536193029491
"46",32.5797872340425,99.3589743589744,50.3537735849057,100.213219616205,99.8402555910543,100,100.536193029491
"47",100,99.3589743589744,99.8820754716981,100.213219616205,99.8402555910543,100,100.536193029491
"48",100,99.3589743589744,99.8820754716981,100.213219616205,99.8402555910543,100,100.536193029491
"49",40.0265957446808,99.3589743589744,56.4858490566038,100.213219616205,99.8402555910543,100,100.536193029491
"50",100,99.3589743589744,99.8820754716981,100.213219616205,99.8402555910543,100,100.536193029491
"51",100,99.3589743589744,99.7641509433962,100.213219616205,99.8402555910543,100,100.536193029491
"52",99.468085106383,99.3589743589744,99.6462264150943,100.213219616205,99.8402555910543,100,100.536193029491
"53",31.5159574468085,99.3589743589744,49.5283018867925,100.213219616205,99.8402555910543,100,100.536193029491
"54",40.9574468085106,99.3589743589744,58.1367924528302,100.213219616205,99.8402555910543,100,100.536193029491
"55",100,99.3589743589744,99.7641509433962,100.213219616205,99.8402555910543,100,100.536193029491
"56",42.2872340425532,99.3589743589744,59.7877358490566,100.213219616205,99.8402555910543,100,100.536193029491
"57",31.781914893617,99.3589743589744,49.7641509433962,100.213219616205,99.8402555910543,100,100.536193029491
"58",100,99.3589743589744,99.8820754716981,100.213219616205,99.8402555910543,100,100.536193029491
"59",32.4468085106383,99.3589743589744,50.2358490566038,100.213219616205,99.8402555910543,100,100.536193029491
"60",100,99.3589743589744,99.8820754716981,100.213219616205,99.8402555910543,100,100.536193029491
"61",38.031914893617,99.3589743589744,53.3018867924528,100.213219616205,99.8402555910543,100,100.536193029491
"62",27.2606382978723,99.3589743589744,47.0518867924528,100.213219616205,99.8402555910543,100,100.536193029491
"63",42.8191489361702,99.3589743589744,55.8962264150943,100.213219616205,99.8402555910543,100,100.536193029491
"64",33.2446808510638,99.3589743589744,48.5849056603774,100.213219616205,99.8402555910543,100,100.536193029491
"65",48.0053191489362,99.3589743589744,58.2547169811321,100.213219616205,99.8402555910543,100,100.536193029491
"66",99.8670212765958,99.3589743589744,99.7641509433962,100.213219616205,99.8402555910543,100,100.536193029491
"67",38.1648936170213,99.3589743589744,51.6509433962264,100.213219616205,99.8402555910543,100,100.536193029491
"68",33.5106382978723,99.3589743589744,47.4056603773585,100.213219616205,99.8402555910543,100,100.536193029491
"69",100,99.3589743589744,99.8820754716981,100.213219616205,99.8402555910543,100,100.536193029491
"70",35.2393617021277,99.3589743589744,53.5377358490566,100.213219616205,99.8402555910543,100,100.536193029491
"71",100,99.3589743589744,99.8820754716981,100.213219616205,99.8402555910543,100,100.536193029491
"72",100,99.3589743589744,99.7641509433962,100.213219616205,99.8402555910543,100,100.536193029491
"73",100,99.3589743589744,99.7641509433962,100.213219616205,99.8402555910543,100,100.536193029491
"74",31.9148936170213,99.3589743589744,46.8160377358491,100.213219616205,99.8402555910543,100,100.536193029491
"75",99.8670212765958,99.3589743589744,99.8820754716981,100.213219616205,99.8402555910543,100,100.536193029491
"76",99.8670212765958,99.3589743589744,99.7641509433962,100.213219616205,99.8402555910543,100,100.536193029491
"77",39.2287234042553,99.3589743589744,52.7122641509434,100.213219616205,99.8402555910543,100,100.536193029491
"78",40.8244680851064,99.3589743589744,52.2405660377358,100.213219616205,99.8402555910543,100,100.536193029491
"79",32.8457446808511,99.3589743589744,44.811320754717,100.213219616205,99.8402555910543,100,100.536193029491
"80",100,99.3589743589744,99.8820754716981,100.213219616205,99.8402555910543,100,100.536193029491
"81",39.6276595744681,99.3589743589744,56.0141509433962,100.213219616205,99.8402555910543,100,100.536193029491
"82",40.5585106382979,99.3589743589744,57.6650943396226,100.213219616205,99.8402555910543,100,100.536193029491
"83",30.4521276595745,99.3589743589744,43.1603773584906,100.213219616205,99.8402555910543,100,100.536193029491
"84",37.1010638297872,99.3589743589744,57.0754716981132,100.213219616205,99.8402555910543,100,100.536193029491
"85",37.5,99.3589743589744,51.8867924528302,99.1471215351812,99.8402555910543,100,100.536193029491
"86",40.0265957446808,99.3589743589744,53.4198113207547,100.213219616205,99.8402555910543,100,100.536193029491
"87",38.1648936170213,99.3589743589744,55.4245283018868,100.213219616205,99.8402555910543,100,100.536193029491
"88",100,99.3589743589744,99.8820754716981,100.213219616205,99.8402555910543,100,100.536193029491
"89",31.9148936170213,99.3589743589744,49.1745283018868,100.213219616205,99.8402555910543,100,100.536193029491
"90",100,99.3589743589744,99.7641509433962,100.213219616205,99.8402555910543,100,100.536193029491
"91",37.6329787234042,99.3589743589744,51.7688679245283,100.213219616205,99.8402555910543,100,100.536193029491
"92",100,99.3589743589744,99.6462264150943,100.213219616205,99.8402555910543,100,100.536193029491
"93",33.3776595744681,99.3589743589744,51.4150943396226,100.213219616205,99.8402555910543,100,100.536193029491
"94",99.8670212765958,99.3589743589744,99.7641509433962,100.213219616205,99.8402555910543,100,100.536193029491
"95",100,99.3589743589744,99.8820754716981,100.213219616205,99.8402555910543,100,100.536193029491
"96",38.1648936170213,99.3589743589744,55.3066037735849,100.213219616205,99.8402555910543,100,100.536193029491
"97",100,99.3589743589744,99.7641509433962,100.213219616205,99.8402555910543,100,100.536193029491
"98",34.0425531914894,99.3589743589744,54.0094339622642,100.213219616205,99.8402555910543,100,100.536193029491
"99",38.563829787234,99.3589743589744,54.2452830188679,100.213219616205,99.8402555910543,100,100.536193029491
"100",100,99.3589743589744,99.6462264150943,100.213219616205,99.8402555910543,100,100.536193029491
"101",36.5691489361702,99.3589743589744,50.4716981132076,100.213219616205,99.8402555910543,100,100.536193029491
"102",40.4255319148936,99.3589743589744,54.3632075471698,100.213219616205,99.8402555910543,100,100.536193029491
"103",40.4255319148936,99.3589743589744,51.7688679245283,100.213219616205,99.8402555910543,100,100.536193029491
"104",100,99.3589743589744,99.8820754716981,100.213219616205,99.8402555910543,100,100.536193029491
"105",100,99.3589743589744,99.8820754716981,100.213219616205,99.8402555910543,100,100.536193029491
"106",31.781914893617,99.3589743589744,46.8160377358491,100.213219616205,99.8402555910543,100,100.536193029491
"107",100,99.3589743589744,99.8820754716981,100.213219616205,99.8402555910543,100,100.536193029491
"108",38.031914893617,99.3589743589744,53.7735849056604,100.213219616205,99.8402555910543,100,100.536193029491
"109",100,99.3589743589744,99.8820754716981,100.213219616205,99.8402555910543,100,100.536193029491
"110",99.7340425531915,99.3589743589744,99.8820754716981,100.213219616205,99.8402555910543,100,100.536193029491
"111",32.8457446808511,99.3589743589744,49.1745283018868,100.213219616205,99.8402555910543,100,100.536193029491
"112",33.5106382978723,99.3589743589744,51.6509433962264,100.213219616205,99.8402555910543,100,100.536193029491
"113",40.8244680851064,99.3589743589744,57.311320754717,100.213219616205,99.8402555910543,100,100.536193029491
"114",100,99.3589743589744,99.8820754716981,100.213219616205,99.8402555910543,100,100.536193029491
"115",41.0904255319149,99.3589743589744,53.1839622641509,100.213219616205,99.8402555910543,100,100.536193029491
"116",99.8670212765958,99.3589743589744,99.7641509433962,100.213219616205,99.8402555910543,100,100.536193029491
"117",100,99.3589743589744,99.8820754716981,100.213219616205,99.8402555910543,100,100.536193029491
"118",100,99.3589743589744,99.7641509433962,100.213219616205,99.8402555910543,100,100.536193029491
"119",34.4414893617021,99.3589743589744,49.8820754716981,100.213219616205,99.8402555910543,100,100.536193029491
"120",39.8936170212766,99.3589743589744,51.7688679245283,100.213219616205,99.8402555910543,100,100.536193029491
"121",30.9840425531915,99.3589743589744,48.1132075471698,100.213219616205,99.8402555910543,100,100.536193029491
"122",99.7340425531915,99.3589743589744,99.7641509433962,100.213219616205,99.8402555910543,100,100.536193029491
"123",37.1010638297872,99.3589743589744,50.2358490566038,100.213219616205,99.8402555910543,100,100.536193029491
"124",32.8457446808511,99.3589743589744,46.3443396226415,100.213219616205,99.8402555910543,100,100.536193029491
"125",39.4946808510638,99.3589743589744,54.5990566037736,100.213219616205,99.8402555910543,100,100.536193029491
"126",100,99.3589743589744,99.8820754716981,100.213219616205,99.8402555910543,100,100.536193029491
"127",42.8191489361702,99.3589743589744,52.7122641509434,100.213219616205,99.8402555910543,100,100.536193029491
"128",35.9042553191489,99.3589743589744,49.8820754716981,100.213219616205,99.8402555910543,100,100.536193029491
"129",32.4468085106383,99.3589743589744,50.8254716981132,100.213219616205,99.8402555910543,100,100.536193029491
"130",42.5531914893617,99.3589743589744,55.3066037735849,100.213219616205,99.8402555910543,100,100.536193029491
"131",33.3776595744681,99.3589743589744,46.1084905660377,100.213219616205,99.8402555910543,100,100.536193029491
"132",33.1117021276596,99.3589743589744,49.2924528301887,100.213219616205,99.8402555910543,100,100.536193029491
"133",100,99.3589743589744,99.8820754716981,100.213219616205,99.8402555910543,100,100.536193029491
"134",32.7127659574468,99.3589743589744,49.6462264150943,100.213219616205,99.8402555910543,100,100.536193029491
"135",99.8670212765958,99.3589743589744,99.8820754716981,100.213219616205,99.8402555910543,100,100.536193029491
"136",100,99.3589743589744,99.8820754716981,100.213219616205,99.8402555910543,100,100.536193029491
"137",100,99.3589743589744,99.8820754716981,100.213219616205,99.8402555910543,100,100.536193029491
"138",34.7074468085106,99.3589743589744,53.7735849056604,100.213219616205,99.8402555910543,100,100.536193029491
"139",37.2340425531915,99.3589743589744,52.8301886792453,100.213219616205,99.8402555910543,100,100.536193029491
"140",50.6648936170213,99.3589743589744,65.6839622641509,100.213219616205,99.8402555910543,100,100.536193029491
"141",37.1010638297872,99.3589743589744,54.0094339622642,100.213219616205,99.8402555910543,100,100.536193029491
"142",47.7393617021277,99.3589743589744,62.6179245283019,100.213219616205,99.8402555910543,100,100.536193029491
"143",100,99.3589743589744,99.8820754716981,100.213219616205,99.8402555910543,100,100.536193029491
"144",39.3617021276596,99.3589743589744,53.6556603773585,100.213219616205,99.8402555910543,100,100.536193029491
"145",43.75,99.3589743589744,57.1933962264151,100.213219616205,99.8402555910543,100,100.536193029491
"146",46.1436170212766,99.3589743589744,62.7358490566038,100.213219616205,99.8402555910543,100,100.536193029491
"147",100,99.3589743589744,99.7641509433962,100.213219616205,99.8402555910543,100,100.536193029491
"148",38.8297872340425,99.3589743589744,55.8962264150943,100.213219616205,99.8402555910543,100,100.536193029491
"149",99.8670212765958,99.3589743589744,99.7641509433962,100.213219616205,99.8402555910543,100,100.536193029491
"150",100,99.3589743589744,99.8820754716981,100.213219616205,99.8402555910543,100,100.536193029491
"151",100,99.3589743589744,99.8820754716981,100.213219616205,99.8402555910543,100,100.536193029491
"152",39.2287234042553,99.3589743589744,58.9622641509434,100.213219616205,99.8402555910543,100,100.536193029491
"153",100,99.3589743589744,99.8820754716981,100.213219616205,99.8402555910543,100,100.536193029491
"154",41.4893617021277,99.3589743589744,59.4339622641509,100.213219616205,99.8402555910543,100,100.536193029491
"155",100,99.3589743589744,99.8820754716981,100.213219616205,99.8402555910543,100,100.536193029491
"156",36.436170212766,99.3589743589744,50.9433962264151,100.213219616205,99.8402555910543,100,100.536193029491
"157",33.2446808510638,99.3589743589744,54.5990566037736,100.213219616205,99.8402555910543,100,100.536193029491
"158",31.6489361702128,99.3589743589744,43.3962264150943,100.213219616205,99.8402555910543,100,100.536193029491
"159",100,99.3589743589744,99.8820754716981,100.213219616205,99.8402555910543,100,100.536193029491
"160",40.4255319148936,99.3589743589744,56.6037735849057,100.213219616205,99.8402555910543,100,100.536193029491
"161",100,99.3589743589744,99.8820754716981,100.213219616205,99.8402555910543,100,100.536193029491
"162",34.1755319148936,99.3589743589744,52.0047169811321,100.213219616205,99.8402555910543,100,100.536193029491
"163",100,99.3589743589744,99.5283018867924,100.213219616205,99.8402555910543,100,100.536193029491
"164",39.4946808510638,99.3589743589744,56.4858490566038,100.213219616205,99.8402555910543,100,100.536193029491
"165",99.6010638297872,99.3589743589744,99.2924528301887,100.213219616205,99.8402555910543,100,100.536193029491
"166",34.1755319148936,99.3589743589744,52.5943396226415,100.213219616205,99.8402555910543,100,100.536193029491
"167",44.4148936170213,99.3589743589744,59.5518867924528,100.213219616205,99.8402555910543,100,100.536193029491
"168",100,99.3589743589744,99.8820754716981,100.213219616205,99.8402555910543,100,100.536193029491
"169",100,99.3589743589744,99.8820754716981,100.213219616205,99.8402555910543,100,100.536193029491
"170",99.8670212765958,99.3589743589744,99.8820754716981,100.213219616205,99.8402555910543,100,100.536193029491
"171",37.1010638297872,99.3589743589744,51.2971698113208,100.213219616205,99.8402555910543,100,100.536193029491
"172",40.1595744680851,99.3589743589744,54.4811320754717,100.213219616205,99.8402555910543,100,100.536193029491
"173",100,99.3589743589744,99.8820754716981,100.213219616205,99.8402555910543,100,100.536193029491
"174",41.6223404255319,99.3589743589744,54.127358490566,100.213219616205,99.8402555910543,100,100.536193029491
"175",39.0957446808511,99.3589743589744,56.1320754716981,100.213219616205,99.8402555910543,100,100.536193029491
"176",100,99.3589743589744,99.8820754716981,100.213219616205,99.8402555910543,100,100.536193029491
"177",34.0425531914894,99.3589743589744,46.3443396226415,100.213219616205,99.8402555910543,100,100.536193029491
"178",100,99.3589743589744,99.8820754716981,100.213219616205,99.8402555910543,100,100.536193029491
"179",39.2287234042553,99.3589743589744,52.8301886792453,100.213219616205,99.8402555910543,100,100.536193029491
"180",34.9734042553192,99.3589743589744,47.0518867924528,100.213219616205,99.8402555910543,100,100.536193029491
"181",100,99.3589743589744,99.7641509433962,100.213219616205,99.8402555910543,100,100.536193029491
"182",42.9521276595745,99.3589743589744,59.7877358490566,100.213219616205,99.8402555910543,100,100.536193029491
"183",34.4414893617021,99.3589743589744,51.8867924528302,100.213219616205,99.8402555910543,100,100.536193029491
"184",30.186170212766,99.3589743589744,45.9905660377358,100.213219616205,99.8402555910543,100,100.536193029491
"185",38.9627659574468,99.3589743589744,51.2971698113208,100.213219616205,99.8402555910543,100,100.536193029491
"186",38.1648936170213,99.3589743589744,51.8867924528302,100.213219616205,99.8402555910543,100,100.536193029491
"187",100,99.3589743589744,99.8820754716981,100.213219616205,99.8402555910543,100,100.536193029491
"188",100,99.3589743589744,99.6462264150943,100.213219616205,99.8402555910543,100,100.536193029491
"189",37.3670212765958,99.3589743589744,55.4245283018868,100.213219616205,99.8402555910543,100,100.536193029491
"190",99.7340425531915,99.3589743589744,99.8820754716981,100.213219616205,99.8402555910543,100,100.536193029491
"191",100,99.3589743589744,99.8820754716981,100.213219616205,99.8402555910543,100,100.536193029491
"192",100,99.3589743589744,99.8820754716981,100.213219616205,99.8402555910543,100,100.536193029491
"193",99.8670212765958,99.3589743589744,99.8820754716981,100.213219616205,99.8402555910543,100,100.536193029491
"194",100,99.3589743589744,99.8820754716981,100.213219616205,99.8402555910543,100,100.536193029491
"195",31.9148936170213,99.3589743589744,48.2311320754717,100.213219616205,99.8402555910543,100,100.536193029491
"196",100,99.3589743589744,99.8820754716981,100.213219616205,99.8402555910543,100,100.536193029491
"197",100,99.3589743589744,99.8820754716981,100.213219616205,99.8402555910543,100,100.536193029491
"198",37.8989361702128,99.3589743589744,45.5188679245283,100.213219616205,99.8402555910543,100,100.536193029491
"199",30.186170212766,99.3589743589744,48.4669811320755,100.213219616205,99.8402555910543,100,100.536193029491
"200",34.3085106382979,99.3589743589744,50.7075471698113,100.213219616205,99.8402555910543,100,100.536193029491
"201",100,99.3589743589744,99.8820754716981,100.213219616205,99.8402555910543,100,100.536193029491
"202",32.8457446808511,99.3589743589744,50.9433962264151,100.213219616205,99.8402555910543,100,100.536193029491
"203",29.7872340425532,99.3589743589744,44.811320754717,100.213219616205,99.8402555910543,100,100.536193029491
"204",100,99.3589743589744,99.8820754716981,100.213219616205,99.8402555910543,100,100.536193029491
"205",41.2234042553192,99.3589743589744,56.4858490566038,97.0149253731343,99.0415335463259,100,96.514745308311
"206",100,99.3589743589744,99.6462264150943,100.213219616205,99.8402555910543,100,100.536193029491
"207",99.0691489361702,99.3589743589744,98.7028301886792,100.213219616205,99.8402555910543,100,100.536193029491
"208",37.5,99.3589743589744,50.9433962264151,100.213219616205,99.8402555910543,100,100.536193029491
"209",39.2287234042553,99.3589743589744,56.0141509433962,100.213219616205,99.8402555910543,100,100.536193029491
"210",39.0957446808511,99.3589743589744,53.3018867924528,100.213219616205,99.8402555910543,100,100.536193029491
"211",100,99.3589743589744,99.8820754716981,100.213219616205,99.8402555910543,100,100.536193029491
"212",44.6808510638298,99.3589743589744,56.4858490566038,100.213219616205,99.8402555910543,100,100.536193029491
"213",99.6010638297872,99.3589743589744,99.6462264150943,100.213219616205,99.8402555910543,100,100.536193029491
"214",38.563829787234,99.3589743589744,52.0047169811321,100.213219616205,99.8402555910543,100,100.536193029491
"215",29.7872340425532,99.3589743589744,45.6367924528302,100.213219616205,99.8402555910543,100,100.536193029491
"216",28.3244680851064,99.3589743589744,53.7735849056604,100.213219616205,99.0415335463259,100,100.536193029491
"217",40.1595744680851,99.3589743589744,55.188679245283,100.213219616205,99.8402555910543,100,100.536193029491
"218",34.3085106382979,99.3589743589744,48.3490566037736,100.213219616205,99.8402555910543,100,100.536193029491
"219",99.3351063829787,99.3589743589744,99.0566037735849,100.213219616205,99.8402555910543,100,100.536193029491
"220",35.3723404255319,99.3589743589744,51.1792452830189,100.213219616205,99.8402555910543,100,100.536193029491
"221",99.0691489361702,99.3589743589744,99.2924528301887,100.213219616205,99.8402555910543,100,100.536193029491
"222",100,99.3589743589744,99.8820754716981,100.213219616205,99.8402555910543,100,100.536193029491
"223",32.4468085106383,96.1538461538462,45.0471698113208,98.0810234541578,98.2428115015974,100,100.536193029491
"224",100,99.3589743589744,99.8820754716981,100.213219616205,99.8402555910543,100,100.536193029491
"225",100,99.3589743589744,99.8820754716981,100.213219616205,99.8402555910543,100,100.536193029491
"226",37.7659574468085,99.3589743589744,54.2452830188679,100.213219616205,99.8402555910543,100,100.536193029491
"227",48.2712765957447,99.3589743589744,61.2028301886792,100.213219616205,99.8402555910543,100,100.536193029491
"228",40.6914893617021,99.3589743589744,56.7216981132076,100.213219616205,99.8402555910543,100,100.536193029491
"229",42.0212765957447,99.3589743589744,53.4198113207547,100.213219616205,99.8402555910543,100,100.536193029491
"230",45.6117021276596,99.3589743589744,55.5424528301887,100.213219616205,99.8402555910543,100,100.536193029491
"231",100,99.3589743589744,99.7641509433962,100.213219616205,99.8402555910543,100,100.536193029491
"232",100,99.3589743589744,99.8820754716981,100.213219616205,99.8402555910543,100,100.536193029491
"233",100,99.3589743589744,99.8820754716981,100.213219616205,99.8402555910543,100,100.536193029491
"234",100,99.3589743589744,99.8820754716981,100.213219616205,99.8402555910543,100,100.536193029491
"235",43.3510638297872,99.3589743589744,53.4198113207547,100.213219616205,99.8402555910543,100,100.536193029491
"236",30.4521276595745,99.3589743589744,47.0518867924528,100.213219616205,99.8402555910543,100,100.536193029491
"237",34.9734042553192,99.3589743589744,51.5330188679245,100.213219616205,99.8402555910543,100,100.536193029491
"238",43.0851063829787,99.3589743589744,55.5424528301887,100.213219616205,99.8402555910543,100,100.536193029491
"239",100,99.3589743589744,99.8820754716981,100.213219616205,99.8402555910543,100,100.536193029491
"240",35.1063829787234,99.3589743589744,50.4716981132076,100.213219616205,99.8402555910543,100,100.536193029491
"241",100,99.3589743589744,99.8820754716981,100.213219616205,99.8402555910543,100,100.536193029491
"242",100,99.3589743589744,99.8820754716981,100.213219616205,99.8402555910543,100,100.536193029491
"243",100,99.3589743589744,99.8820754716981,100.213219616205,99.8402555910543,100,100.536193029491
"244",34.9734042553192,99.3589743589744,53.1839622641509,100.213219616205,99.8402555910543,100,100.536193029491
"245",39.2287234042553,99.3589743589744,56.7216981132076,100.213219616205,99.8402555910543,100,100.536193029491
"246",100,99.3589743589744,99.6462264150943,100.213219616205,99.8402555910543,100,100.536193029491
"247",100,99.3589743589744,99.8820754716981,100.213219616205,99.8402555910543,100,100.536193029491
"248",36.5691489361702,99.3589743589744,54.4811320754717,100.213219616205,99.8402555910543,100,100.536193029491
"249",100,99.3589743589744,99.7641509433962,100.213219616205,99.8402555910543,100,100.536193029491
"250",100,99.3589743589744,99.8820754716981,100.213219616205,99.8402555910543,100,100.536193029491
"251",100,99.3589743589744,99.8820754716981,100.213219616205,99.8402555910543,100,100.536193029491
"252",31.6489361702128,99.3589743589744,50.4716981132076,100.213219616205,99.8402555910543,100,100.536193029491
"253",32.1808510638298,99.3589743589744,47.6415094339623,100.213219616205,99.8402555910543,100,100.536193029491
"254",34.1755319148936,99.3589743589744,52.2405660377358,100.213219616205,99.8402555910543,100,100.536193029491
"255",38.563829787234,99.3589743589744,51.2971698113208,100.213219616205,99.8402555910543,100,100.536193029491
"256",36.0372340425532,99.3589743589744,54.5990566037736,100.213219616205,99.8402555910543,100,100.536193029491
"257",99.3351063829787,99.3589743589744,99.7641509433962,100.213219616205,99.8402555910543,100,100.536193029491
"258",99.8670212765958,99.3589743589744,99.7641509433962,100.213219616205,99.8402555910543,100,100.536193029491
"259",99.8670212765958,99.3589743589744,99.6462264150943,100.213219616205,99.8402555910543,100,100.536193029491
"260",100,99.3589743589744,99.8820754716981,100.213219616205,99.8402555910543,100,100.536193029491
"261",100,99.3589743589744,99.8820754716981,100.213219616205,99.8402555910543,100,100.536193029491
"262",31.1170212765957,99.3589743589744,47.2877358490566,100.213219616205,99.8402555910543,100,100.536193029491
"263",36.0372340425532,99.3589743589744,55.8962264150943,100.213219616205,99.8402555910543,100,100.536193029491
"264",36.0372340425532,99.3589743589744,49.6462264150943,100.213219616205,99.8402555910543,100,100.536193029491
"265",38.2978723404255,99.3589743589744,50.5896226415094,100.213219616205,99.8402555910543,100,100.536193029491
"266",99.8670212765958,99.3589743589744,99.7641509433962,100.213219616205,99.8402555910543,100,100.536193029491
"267",31.781914893617,99.3589743589744,47.0518867924528,100.213219616205,99.8402555910543,100,100.536193029491
"268",32.4468085106383,99.3589743589744,45.1650943396226,100.213219616205,99.8402555910543,100,100.536193029491
"269",100,99.3589743589744,99.8820754716981,100.213219616205,99.8402555910543,100,100.536193029491
"270",99.468085106383,99.3589743589744,99.7641509433962,100.213219616205,99.8402555910543,100,100.536193029491
"271",37.7659574468085,99.3589743589744,50.4716981132076,100.213219616205,99.8402555910543,100,100.536193029491
"272",100,99.3589743589744,99.8820754716981,100.213219616205,99.8402555910543,100,100.536193029491
"273",35.6382978723404,99.3589743589744,54.0094339622642,100.213219616205,99.8402555910543,100,100.536193029491
"274",50.6648936170213,99.3589743589744,58.8443396226415,100.213219616205,99.8402555910543,100,100.536193029491
"275",99.8670212765958,99.3589743589744,99.7641509433962,100.213219616205,99.8402555910543,100,100.536193029491
"276",38.031914893617,99.3589743589744,52.0047169811321,100.213219616205,99.8402555910543,100,100.536193029491
"277",34.1755319148936,99.3589743589744,48.5849056603774,100.213219616205,99.8402555910543,100,100.536193029491
"278",30.8510638297872,99.3589743589744,47.5235849056604,100.213219616205,99.8402555910543,100,100.536193029491
"279",99.8670212765958,99.3589743589744,99.6462264150943,100.213219616205,99.8402555910543,100,100.536193029491
"280",100,99.3589743589744,99.8820754716981,100.213219616205,99.8402555910543,100,100.536193029491
"281",42.1542553191489,99.3589743589744,57.6650943396226,100.213219616205,99.8402555910543,100,100.536193029491
"282",99.8670212765958,99.3589743589744,99.7641509433962,100.213219616205,99.8402555910543,100,100.536193029491
"283",36.3031914893617,99.3589743589744,52.4764150943396,100.213219616205,99.8402555910543,100,100.536193029491
"284",99.6010638297872,99.3589743589744,99.7641509433962,100.213219616205,99.8402555910543,100,100.536193029491
"285",41.0904255319149,99.3589743589744,55.8962264150943,100.213219616205,99.8402555910543,100,100.536193029491
"286",38.563829787234,99.3589743589744,54.7169811320755,100.213219616205,99.8402555910543,100,100.536193029491
"287",38.4308510638298,99.3589743589744,51.1792452830189,100.213219616205,99.8402555910543,100,100.536193029491
"288",34.5744680851064,99.3589743589744,52.3584905660377,100.213219616205,99.8402555910543,100,100.536193029491
"289",33.7765957446808,99.3589743589744,48.8207547169811,100.213219616205,99.8402555910543,100,100.536193029491
"290",44.4148936170213,99.3589743589744,58.9622641509434,100.213219616205,99.8402555910543,100,100.536193029491
"291",100,99.3589743589744,99.8820754716981,100.213219616205,99.8402555910543,100,100.536193029491
"292",36.436170212766,99.3589743589744,53.5377358490566,100.213219616205,99.8402555910543,100,100.536193029491
"293",36.436170212766,99.3589743589744,52.0047169811321,100.213219616205,99.8402555910543,100,100.536193029491
"294",36.5691489361702,99.3589743589744,52.2405660377358,100.213219616205,99.8402555910543,100,100.536193029491
"295",100,99.3589743589744,99.7641509433962,100.213219616205,99.8402555910543,100,100.536193029491
"296",99.6010638297872,99.3589743589744,99.7641509433962,100.213219616205,99.8402555910543,100,100.536193029491
"297",37.8989361702128,99.3589743589744,52.3584905660377,100.213219616205,99.8402555910543,100,100.536193029491
"298",99.8670212765958,99.3589743589744,99.8820754716981,100.213219616205,99.8402555910543,100,100.536193029491
"299",99.7340425531915,99.3589743589744,99.8820754716981,100.213219616205,99.8402555910543,100,100.536193029491
"300",99.468085106383,99.3589743589744,99.7641509433962,100.213219616205,99.8402555910543,100,100.536193029491
"301",51.9946808510638,99.3589743589744,59.7877358490566,100.213219616205,99.8402555910543,100,100.536193029491
"302",99.6010638297872,99.3589743589744,99.5283018867924,100.213219616205,99.8402555910543,100,100.536193029491
"303",100,99.3589743589744,99.6462264150943,100.213219616205,99.8402555910543,100,100.536193029491
"304",99.8670212765958,99.3589743589744,99.8820754716981,100.213219616205,99.8402555910543,100,100.536193029491
"305",100,99.3589743589744,99.8820754716981,100.213219616205,99.8402555910543,100,100.536193029491
"306",98.936170212766,99.3589743589744,99.7641509433962,100.213219616205,99.8402555910543,100,100.536193029491
"307",36.3031914893617,99.3589743589744,47.1698113207547,100.213219616205,99.8402555910543,100,100.536193029491
"308",32.4468085106383,99.3589743589744,47.0518867924528,100.213219616205,99.8402555910543,100,100.536193029491
"309",99.8670212765958,99.3589743589744,99.8820754716981,100.213219616205,99.8402555910543,100,100.536193029491
"310",37.5,99.3589743589744,53.8915094339623,100.213219616205,99.8402555910543,100,100.536193029491
"311",100,99.3589743589744,99.8820754716981,100.213219616205,99.8402555910543,100,100.536193029491
"312",36.968085106383,99.3589743589744,51.061320754717,100.213219616205,99.8402555910543,100,100.536193029491
"313",100,99.3589743589744,99.8820754716981,100.213219616205,99.8402555910543,100,100.536193029491
"314",34.9734042553192,99.3589743589744,50.7075471698113,100.213219616205,99.8402555910543,100,100.536193029491
"315",30.8510638297872,99.3589743589744,48.8207547169811,100.213219616205,99.8402555910543,100,100.536193029491
"316",46.8085106382979,99.3589743589744,60.7311320754717,100.213219616205,99.8402555910543,100,100.536193029491
"317",99.6010638297872,99.3589743589744,99.5283018867924,100.213219616205,99.8402555910543,100,100.536193029491
"318",100,99.3589743589744,99.8820754716981,100.213219616205,99.8402555910543,100,100.536193029491
"319",37.2340425531915,99.3589743589744,51.5330188679245,100.213219616205,99.8402555910543,100,100.536193029491
"320",36.8351063829787,99.3589743589744,54.2452830188679,100.213219616205,99.8402555910543,100,100.536193029491
"321",100,99.3589743589744,99.8820754716981,100.213219616205,99.8402555910543,100,100.536193029491
"322",39.4946808510638,99.3589743589744,51.8867924528302,100.213219616205,99.8402555910543,100,100.536193029491
"323",36.436170212766,99.3589743589744,52.9481132075472,100.213219616205,99.8402555910543,100,100.536193029491
"324",100,99.3589743589744,99.7641509433962,100.213219616205,99.8402555910543,100,100.536193029491
"325",35.9042553191489,99.3589743589744,50.3537735849057,100.213219616205,99.8402555910543,100,100.536193029491
"326",99.8670212765958,99.3589743589744,99.8820754716981,100.213219616205,99.8402555910543,100,100.536193029491
"327",32.1808510638298,99.3589743589744,46.4622641509434,100.213219616205,99.8402555910543,100,100.536193029491
"328",32.313829787234,99.3589743589744,48.938679245283,100.213219616205,99.8402555910543,100,100.536193029491
"329",99.8670212765958,99.3589743589744,99.8820754716981,100.213219616205,99.8402555910543,100,100.536193029491
"330",33.2446808510638,99.3589743589744,53.5377358490566,100.213219616205,99.8402555910543,100,100.536193029491
"331",36.7021276595745,99.3589743589744,52.8301886792453,100.213219616205,99.8402555910543,100,100.536193029491
"332",30.0531914893617,99.3589743589744,50.9433962264151,100.213219616205,99.8402555910543,100,100.536193029491
"333",34.3085106382979,99.3589743589744,47.7594339622642,100.213219616205,99.8402555910543,100,100.536193029491
"334",100,99.3589743589744,99.8820754716981,100.213219616205,99.8402555910543,100,100.536193029491
"335",100,99.3589743589744,99.8820754716981,100.213219616205,99.8402555910543,100,100.536193029491
"336",100,99.3589743589744,99.8820754716981,100.213219616205,99.8402555910543,100,100.536193029491
"337",43.0851063829787,99.3589743589744,57.7830188679245,100.213219616205,99.8402555910543,100,100.536193029491
"338",42.8191489361702,99.3589743589744,55.0707547169811,100.213219616205,99.8402555910543,100,100.536193029491
"339",100,99.3589743589744,99.6462264150943,100.213219616205,99.8402555910543,100,100.536193029491
"340",100,99.3589743589744,99.8820754716981,100.213219616205,99.8402555910543,100,100.536193029491
"341",100,99.3589743589744,99.8820754716981,100.213219616205,99.8402555910543,100,100.536193029491
"342",100,99.3589743589744,99.8820754716981,100.213219616205,99.8402555910543,100,100.536193029491
"343",26.9946808510638,99.3589743589744,43.8679245283019,100.213219616205,99.8402555910543,100,100.536193029491
"344",39.2287234042553,99.3589743589744,54.4811320754717,100.213219616205,99.8402555910543,100,100.536193029491
"345",42.9521276595745,99.3589743589744,58.2547169811321,100.213219616205,99.8402555910543,100,100.536193029491
"346",39.4946808510638,99.3589743589744,52.9481132075472,100.213219616205,99.8402555910543,100,100.536193029491
"347",38.563829787234,99.3589743589744,56.6037735849057,100.213219616205,99.8402555910543,100,100.536193029491
"348",100,99.3589743589744,99.8820754716981,100.213219616205,99.8402555910543,100,100.536193029491
"349",36.3031914893617,99.3589743589744,50.1179245283019,100.213219616205,99.8402555910543,100,100.536193029491
"350",50.531914893617,99.3589743589744,63.4433962264151,100.213219616205,99.8402555910543,100,100.536193029491
"351",34.3085106382979,99.3589743589744,52.0047169811321,100.213219616205,99.8402555910543,100,100.536193029491
"352",100,99.3589743589744,99.8820754716981,100.213219616205,99.8402555910543,100,100.536193029491
"353",37.5,99.3589743589744,51.8867924528302,100.213219616205,99.8402555910543,100,100.536193029491
"354",100,99.3589743589744,99.8820754716981,100.213219616205,99.8402555910543,100,100.536193029491
"355",50.6648936170213,99.3589743589744,60.377358490566,100.213219616205,99.8402555910543,100,100.536193029491
"356",35.6382978723404,99.3589743589744,51.1792452830189,100.213219616205,99.8402555910543,100,100.536193029491
"357",32.8457446808511,99.3589743589744,47.4056603773585,100.213219616205,99.8402555910543,100,100.536193029491
"358",27.3936170212766,99.3589743589744,44.9292452830189,100.213219616205,99.8402555910543,100,100.536193029491
"359",40.5585106382979,99.3589743589744,55.3066037735849,100.213219616205,99.8402555910543,100,100.536193029491
"360",100,99.3589743589744,99.8820754716981,100.213219616205,99.8402555910543,100,100.536193029491
"361",35.1063829787234,99.3589743589744,51.1792452830189,100.213219616205,99.8402555910543,100,100.536193029491
"362",100,99.3589743589744,99.8820754716981,100.213219616205,99.8402555910543,100,100.536193029491
"363",26.063829787234,99.3589743589744,42.4528301886792,100.213219616205,99.8402555910543,100,100.536193029491
"364",37.7659574468085,99.3589743589744,56.0141509433962,100.213219616205,99.8402555910543,100,100.536193029491
"365",100,99.3589743589744,99.8820754716981,100.213219616205,99.8402555910543,100,100.536193029491
"366",100,99.3589743589744,99.8820754716981,100.213219616205,99.8402555910543,100,100.536193029491
"367",36.436170212766,99.3589743589744,50,100.213219616205,99.8402555910543,100,100.536193029491
"368",42.686170212766,99.3589743589744,54.0094339622642,100.213219616205,99.8402555910543,100,100.536193029491
"369",100,99.3589743589744,99.8820754716981,100.213219616205,99.8402555910543,100,100.536193029491
"370",99.7340425531915,99.3589743589744,99.8820754716981,100.213219616205,99.8402555910543,100,100.536193029491
"371",33.9095744680851,99.3589743589744,47.0518867924528,100.213219616205,99.8402555910543,100,100.536193029491
"372",99.7340425531915,99.3589743589744,99.8820754716981,100.213219616205,99.8402555910543,100,100.536193029491
"373",30.3191489361702,99.3589743589744,50.2358490566038,100.213219616205,99.8402555910543,100,100.536193029491
"374",100,99.3589743589744,99.8820754716981,100.213219616205,99.8402555910543,100,100.536193029491
"375",35.6382978723404,99.3589743589744,51.061320754717,100.213219616205,99.8402555910543,100,100.536193029491
"376",32.8457446808511,99.3589743589744,52.7122641509434,100.213219616205,99.8402555910543,100,100.536193029491
"377",100,99.3589743589744,99.8820754716981,100.213219616205,99.8402555910543,100,100.536193029491
"378",38.031914893617,99.3589743589744,53.6556603773585,100.213219616205,99.8402555910543,100,100.536193029491
"379",39.0957446808511,99.3589743589744,55.5424528301887,100.213219616205,99.8402555910543,100,100.536193029491
"380",42.1542553191489,99.3589743589744,52.2405660377358,100.213219616205,99.8402555910543,100,100.536193029491
"381",100,99.3589743589744,99.8820754716981,100.213219616205,99.8402555910543,100,100.536193029491
"382",31.781914893617,99.3589743589744,52.3584905660377,100.213219616205,99.8402555910543,100,100.536193029491
"383",38.031914893617,99.3589743589744,56.4858490566038,100.213219616205,99.8402555910543,100,100.536193029491
"384",100,99.3589743589744,99.7641509433962,100.213219616205,99.8402555910543,100,100.536193029491
"385",31.9148936170213,99.3589743589744,50.8254716981132,100.213219616205,99.8402555910543,100,100.536193029491
"386",100,99.3589743589744,99.8820754716981,100.213219616205,99.8402555910543,100,100.536193029491
"387",35.6382978723404,99.3589743589744,50.4716981132076,100.213219616205,99.8402555910543,100,100.536193029491
"388",100,99.3589743589744,99.7641509433962,100.213219616205,99.8402555910543,100,100.536193029491
"389",38.1648936170213,99.3589743589744,52.4764150943396,100.213219616205,99.8402555910543,100,100.536193029491
"390",28.9893617021277,99.3589743589744,46.6981132075472,100.213219616205,99.8402555910543,100,100.536193029491
"391",100,99.3589743589744,99.8820754716981,100.213219616205,99.8402555910543,100,100.536193029491
"392",35.7712765957447,99.3589743589744,52.3584905660377,100.213219616205,99.8402555910543,100,100.536193029491
"393",34.0425531914894,99.3589743589744,51.4150943396226,100.213219616205,99.8402555910543,100,100.536193029491
"394",34.4414893617021,99.3589743589744,54.127358490566,100.213219616205,99.8402555910543,100,100.536193029491
"395",32.8457446808511,99.3589743589744,50.5896226415094,100.213219616205,99.8402555910543,100,100.536193029491
"396",39.6276595744681,99.3589743589744,55.3066037735849,100.213219616205,99.8402555910543,100,100.536193029491
"397",34.0425531914894,99.3589743589744,49.2924528301887,100.213219616205,99.8402555910543,100,100.536193029491
"398",39.8936170212766,99.3589743589744,55.8962264150943,100.213219616205,99.8402555910543,100,100.536193029491
"399",99.8670212765958,99.3589743589744,99.5283018867924,100.213219616205,99.8402555910543,100,100.536193029491
"400",33.5106382978723,99.3589743589744,51.6509433962264,100.213219616205,99.8402555910543,100,100.536193029491
"401",100,99.3589743589744,99.6462264150943,100.213219616205,99.8402555910543,100,100.536193029491
"402",40.1595744680851,99.3589743589744,56.0141509433962,100.213219616205,99.8402555910543,100,100.536193029491
"403",99.7340425531915,99.3589743589744,99.8820754716981,100.213219616205,99.8402555910543,100,100.536193029491
"404",37.1010638297872,99.3589743589744,54.2452830188679,100.213219616205,99.8402555910543,100,100.536193029491
"405",35.1063829787234,99.3589743589744,55.6603773584906,100.213219616205,99.8402555910543,100,100.536193029491
"406",37.6329787234042,99.3589743589744,52.9481132075472,100.213219616205,99.8402555910543,100,100.536193029491
"407",100,99.3589743589744,99.7641509433962,100.213219616205,99.8402555910543,100,100.536193029491
"408",99.7340425531915,99.3589743589744,99.8820754716981,100.213219616205,99.8402555910543,100,100.536193029491
"409",99.7340425531915,99.3589743589744,99.6462264150943,100.213219616205,99.8402555910543,100,100.536193029491
"410",99.7340425531915,99.3589743589744,99.8820754716981,100.213219616205,99.8402555910543,100,100.536193029491
"411",99.8670212765958,99.3589743589744,99.8820754716981,100.213219616205,99.8402555910543,100,100.536193029491
"412",33.2446808510638,99.3589743589744,51.7688679245283,100.213219616205,99.8402555910543,100,100.536193029491
"413",99.8670212765958,99.3589743589744,99.8820754716981,100.213219616205,99.8402555910543,100,100.536193029491
"414",38.6968085106383,99.3589743589744,54.0094339622642,100.213219616205,99.8402555910543,100,100.536193029491
"415",100,99.3589743589744,99.8820754716981,100.213219616205,99.8402555910543,100,100.536193029491
"416",100,99.3589743589744,99.8820754716981,100.213219616205,99.8402555910543,100,100.536193029491
"417",35.3723404255319,99.3589743589744,50.5896226415094,100.213219616205,99.8402555910543,100,100.536193029491
"418",100,99.3589743589744,99.8820754716981,100.213219616205,99.8402555910543,100,100.536193029491
"419",35.3723404255319,99.3589743589744,50.7075471698113,100.213219616205,99.8402555910543,100,100.536193029491
"420",35.1063829787234,99.3589743589744,53.3018867924528,100.213219616205,99.8402555910543,100,100.536193029491
"421",40.0265957446808,99.3589743589744,55.3066037735849,100.213219616205,99.8402555910543,100,100.536193029491
"422",99.3351063829787,99.3589743589744,99.4103773584906,100.213219616205,99.8402555910543,100,100.536193029491
"423",37.2340425531915,99.3589743589744,51.5330188679245,100.213219616205,99.8402555910543,100,100.536193029491
"424",100,99.3589743589744,99.8820754716981,100.213219616205,99.8402555910543,100,100.536193029491
"425",99.8670212765958,99.3589743589744,99.7641509433962,100.213219616205,99.8402555910543,100,100.536193029491
"426",99.8670212765958,99.3589743589744,99.5283018867924,100.213219616205,99.8402555910543,100,100.536193029491
"427",100,99.3589743589744,99.8820754716981,100.213219616205,99.8402555910543,100,100.536193029491
"428",99.468085106383,99.3589743589744,99.5283018867924,100.213219616205,99.8402555910543,100,100.536193029491
"429",36.436170212766,99.3589743589744,49.0566037735849,100.213219616205,99.8402555910543,100,100.536193029491
"430",100,99.3589743589744,99.8820754716981,100.213219616205,99.8402555910543,100,100.536193029491
"431",99.8670212765958,99.3589743589744,99.8820754716981,100.213219616205,99.8402555910543,100,100.536193029491
"432",100,99.3589743589744,99.8820754716981,100.213219616205,99.8402555910543,100,100.536193029491
"433",38.031914893617,99.3589743589744,53.0660377358491,100.213219616205,99.8402555910543,100,100.536193029491
"434",100,99.3589743589744,99.8820754716981,100.213219616205,99.8402555910543,100,100.536193029491
"435",29.6542553191489,99.3589743589744,50.1179245283019,100.213219616205,99.8402555910543,100,100.536193029491
"436",100,99.3589743589744,99.8820754716981,100.213219616205,99.8402555910543,100,100.536193029491
"437",100,99.3589743589744,99.2924528301887,100.213219616205,99.8402555910543,100,100.536193029491
"438",37.1010638297872,99.3589743589744,54.4811320754717,100.213219616205,99.8402555910543,100,100.536193029491
"439",28.3244680851064,99.3589743589744,48.7028301886792,100.213219616205,99.8402555910543,100,100.536193029491
"440",99.7340425531915,99.3589743589744,99.8820754716981,100.213219616205,99.8402555910543,100,100.536193029491
"441",100,99.3589743589744,99.8820754716981,100.213219616205,99.8402555910543,100,100.536193029491
"442",100,99.3589743589744,99.8820754716981,100.213219616205,99.8402555910543,100,100.536193029491
"443",100,99.3589743589744,99.8820754716981,100.213219616205,99.8402555910543,100,100.536193029491
"444",100,99.3589743589744,99.8820754716981,100.213219616205,99.8402555910543,100,100.536193029491
"445",99.8670212765958,99.3589743589744,99.7641509433962,100.213219616205,99.8402555910543,100,100.536193029491
"446",32.5797872340425,99.3589743589744,44.4575471698113,100.213219616205,99.8402555910543,100,100.536193029491
"447",99.8670212765958,99.3589743589744,99.8820754716981,100.213219616205,99.8402555910543,100,100.536193029491
"448",32.7127659574468,99.3589743589744,48.3490566037736,100.213219616205,99.8402555910543,100,100.536193029491
"449",99.7340425531915,99.3589743589744,99.8820754716981,100.213219616205,99.8402555910543,100,100.536193029491
"450",100,99.3589743589744,99.8820754716981,100.213219616205,99.8402555910543,100,100.536193029491
"451",40.8244680851064,99.3589743589744,53.3018867924528,100.213219616205,99.8402555910543,100,100.536193029491
"452",100,99.3589743589744,99.8820754716981,100.213219616205,99.8402555910543,100,100.536193029491
"453",37.7659574468085,99.3589743589744,52.8301886792453,100.213219616205,99.8402555910543,100,100.536193029491
"454",100,99.3589743589744,99.8820754716981,100.213219616205,99.8402555910543,100,100.536193029491
"455",100,99.3589743589744,99.8820754716981,100.213219616205,99.8402555910543,100,100.536193029491
"456",49.8670212765958,99.3589743589744,64.2688679245283,100.213219616205,99.8402555910543,100,100.536193029491
"457",40.8244680851064,99.3589743589744,56.0141509433962,100.213219616205,99.8402555910543,100,100.536193029491
"458",37.5,99.3589743589744,54.3632075471698,100.213219616205,99.8402555910543,100,100.536193029491
"459",100,99.3589743589744,99.8820754716981,100.213219616205,99.8402555910543,100,100.536193029491
"460",100,99.3589743589744,99.8820754716981,100.213219616205,99.8402555910543,100,100.536193029491
"461",100,99.3589743589744,99.8820754716981,100.213219616205,99.8402555910543,100,100.536193029491
"462",100,99.3589743589744,99.8820754716981,100.213219616205,99.8402555910543,100,100.536193029491
"463",36.8351063829787,99.3589743589744,51.8867924528302,100.213219616205,99.8402555910543,100,100.536193029491
"464",38.2978723404255,99.3589743589744,54.5990566037736,100.213219616205,99.8402555910543,100,100.536193029491
"465",42.686170212766,99.3589743589744,59.1981132075472,100.213219616205,99.8402555910543,100,100.536193029491
"466",30.0531914893617,99.3589743589744,48.3490566037736,100.213219616205,99.8402555910543,100,100.536193029491
"467",36.7021276595745,99.3589743589744,48.4669811320755,100.213219616205,99.8402555910543,100,100.536193029491
"468",100,99.3589743589744,99.8820754716981,100.213219616205,99.8402555910543,100,100.536193029491
"469",98.4042553191489,99.3589743589744,99.4103773584906,100.213219616205,99.8402555910543,100,100.536193029491
"470",43.3510638297872,99.3589743589744,58.4905660377358,100.213219616205,99.8402555910543,100,100.536193029491
"471",99.8670212765958,99.3589743589744,99.7641509433962,100.213219616205,99.8402555910543,100,100.536193029491
"472",37.8989361702128,99.3589743589744,49.1745283018868,100.213219616205,99.8402555910543,100,100.536193029491
"473",31.781914893617,99.3589743589744,45.7547169811321,100.213219616205,99.8402555910543,100,100.536193029491
"474",40.5585106382979,99.3589743589744,56.3679245283019,100.213219616205,99.8402555910543,100,100.536193029491
"475",38.8297872340425,99.3589743589744,54.7169811320755,100.213219616205,99.8402555910543,100,100.536193029491
"476",29.3882978723404,99.3589743589744,46.1084905660377,100.213219616205,99.8402555910543,100,100.536193029491
"477",32.1808510638298,99.3589743589744,48.2311320754717,100.213219616205,99.8402555910543,100,100.536193029491
"478",32.313829787234,99.3589743589744,46.5801886792453,100.213219616205,99.8402555910543,100,100.536193029491
"479",39.2287234042553,99.3589743589744,56.25,100.213219616205,99.8402555910543,100,100.536193029491
"480",99.3351063829787,99.3589743589744,99.4103773584906,100.213219616205,99.8402555910543,100,100.536193029491
"481",100,99.3589743589744,99.8820754716981,100.213219616205,99.8402555910543,100,100.536193029491
"482",99.8670212765958,99.3589743589744,99.8820754716981,100.213219616205,99.8402555910543,100,100.536193029491
"483",100,99.3589743589744,99.8820754716981,100.213219616205,99.8402555910543,100,100.536193029491
"484",100,99.3589743589744,99.7641509433962,100.213219616205,99.8402555910543,100,100.536193029491
"485",100,99.3589743589744,99.8820754716981,100.213219616205,99.8402555910543,100,100.536193029491
"486",100,99.3589743589744,99.8820754716981,100.213219616205,99.8402555910543,100,100.536193029491
"487",100,99.3589743589744,99.8820754716981,100.213219616205,99.8402555910543,100,100.536193029491
"488",100,99.3589743589744,99.8820754716981,100.213219616205,99.8402555910543,100,100.536193029491
"489",41.0904255319149,99.3589743589744,51.1792452830189,100.213219616205,99.8402555910543,100,100.536193029491
"490",40.1595744680851,99.3589743589744,55.8962264150943,100.213219616205,99.8402555910543,100,100.536193029491
"491",100,99.3589743589744,99.8820754716981,100.213219616205,99.8402555910543,100,100.536193029491
"492",100,99.3589743589744,99.8820754716981,100.213219616205,99.8402555910543,100,100.536193029491
"493",36.5691489361702,99.3589743589744,52.2405660377358,100.213219616205,99.8402555910543,100,100.536193029491
"494",100,99.3589743589744,99.7641509433962,100.213219616205,99.8402555910543,100,100.536193029491
"495",99.468085106383,99.3589743589744,98.8207547169811,100.213219616205,99.8402555910543,100,100.536193029491
"496",40.1595744680851,99.3589743589744,58.1367924528302,100.213219616205,99.8402555910543,100,100.536193029491
"497",99.7340425531915,99.3589743589744,99.8820754716981,100.213219616205,99.8402555910543,100,100.536193029491
"498",35.3723404255319,99.3589743589744,49.8820754716981,100.213219616205,99.8402555910543,100,100.536193029491
"499",41.0904255319149,99.3589743589744,56.3679245283019,100.213219616205,99.8402555910543,100,100.536193029491
"500",100,99.3589743589744,99.6462264150943,100.213219616205,99.8402555910543,100,100.536193029491
