"time" "age1.S" "age2_no_comorbid.S" "age2_comorbid.S" "age3_no_comorbid.S" "age3_comorbid.S" "age1.E" "age2_no_comorbid.E" "age2_comorbid.E" "age3_no_comorbid.E" "age3_comorbid.E" "age1.P" "age2_no_comorbid.P" "age2_comorbid.P" "age3_no_comorbid.P" "age3_comorbid.P" "age1.A" "age2_no_comorbid.A" "age2_comorbid.A" "age3_no_comorbid.A" "age3_comorbid.A" "age1.I" "age2_no_comorbid.I" "age2_comorbid.I" "age3_no_comorbid.I" "age3_comorbid.I" "age1.H" "age2_no_comorbid.H" "age2_comorbid.H" "age3_no_comorbid.H" "age3_comorbid.H" "age1.R" "age2_no_comorbid.R" "age2_comorbid.R" "age3_no_comorbid.R" "age3_comorbid.R" "age1.D" "age2_no_comorbid.D" "age2_comorbid.D" "age3_no_comorbid.D" "age3_comorbid.D"
0 814 941 125 44 75 0 1 0 0 0 0 0 0 0 0 0 0 0 0 0 0 0 0 0 0 0 0 0 0 0 0 0 0 0 0 0 0 0 0 0
2.846622274801 814 941 125 44 75 0 0 0 0 0 0 1 0 0 0 0 0 0 0 0 0 0 0 0 0 0 0 0 0 0 0 0 0 0 0 0 0 0 0 0
4.26867883583328 813 941 125 44 75 1 0 0 0 0 0 1 0 0 0 0 0 0 0 0 0 0 0 0 0 0 0 0 0 0 0 0 0 0 0 0 0 0 0 0
4.63070300508617 812 941 125 44 75 2 0 0 0 0 0 1 0 0 0 0 0 0 0 0 0 0 0 0 0 0 0 0 0 0 0 0 0 0 0 0 0 0 0 0
4.81069075911979 812 941 125 44 75 1 0 0 0 0 1 1 0 0 0 0 0 0 0 0 0 0 0 0 0 0 0 0 0 0 0 0 0 0 0 0 0 0 0 0
5.32388733678809 812 941 125 44 75 0 0 0 0 0 2 1 0 0 0 0 0 0 0 0 0 0 0 0 0 0 0 0 0 0 0 0 0 0 0 0 0 0 0 0
6.85483037200649 812 941 125 44 75 0 0 0 0 0 2 0 0 0 0 0 0 0 0 0 0 1 0 0 0 0 0 0 0 0 0 0 0 0 0 0 0 0 0 0
7.08427195847392 811 941 125 44 75 1 0 0 0 0 2 0 0 0 0 0 0 0 0 0 0 1 0 0 0 0 0 0 0 0 0 0 0 0 0 0 0 0 0 0
7.41458588608494 811 941 125 44 75 1 0 0 0 0 1 0 0 0 0 0 0 0 0 0 1 1 0 0 0 0 0 0 0 0 0 0 0 0 0 0 0 0 0 0
7.67890505341043 811 941 125 44 75 0 0 0 0 0 2 0 0 0 0 0 0 0 0 0 1 1 0 0 0 0 0 0 0 0 0 0 0 0 0 0 0 0 0 0
8.40223333059291 811 941 125 44 75 0 0 0 0 0 1 0 0 0 0 0 0 0 0 0 2 1 0 0 0 0 0 0 0 0 0 0 0 0 0 0 0 0 0 0
9.2097880882626 811 941 125 44 75 0 0 0 0 0 1 0 0 0 0 0 0 0 0 0 1 1 0 0 0 0 0 0 0 0 1 0 0 0 0 0 0 0 0 0
10.7394753860992 811 941 125 44 75 0 0 0 0 0 0 0 0 0 0 1 0 0 0 0 1 1 0 0 0 0 0 0 0 0 1 0 0 0 0 0 0 0 0 0
12.0168736395581 811 941 125 44 75 0 0 0 0 0 0 0 0 0 0 1 0 0 0 0 1 0 0 0 0 0 0 0 0 0 1 1 0 0 0 0 0 0 0 0
17.6899547910331 810 941 125 44 75 1 0 0 0 0 0 0 0 0 0 1 0 0 0 0 1 0 0 0 0 0 0 0 0 0 1 1 0 0 0 0 0 0 0 0
19.5409452964465 810 940 125 44 75 1 1 0 0 0 0 0 0 0 0 1 0 0 0 0 1 0 0 0 0 0 0 0 0 0 1 1 0 0 0 0 0 0 0 0
21.2379319391929 810 940 125 44 75 1 1 0 0 0 0 0 0 0 0 1 0 0 0 0 0 0 0 0 0 0 0 0 0 0 2 1 0 0 0 0 0 0 0 0
27.3109401779951 810 940 125 44 75 1 0 0 0 0 0 1 0 0 0 1 0 0 0 0 0 0 0 0 0 0 0 0 0 0 2 1 0 0 0 0 0 0 0 0
28.8036194954029 810 940 125 44 75 0 0 0 0 0 1 1 0 0 0 1 0 0 0 0 0 0 0 0 0 0 0 0 0 0 2 1 0 0 0 0 0 0 0 0
28.8815580479175 810 940 125 44 75 0 0 0 0 0 0 1 0 0 0 1 0 0 0 0 1 0 0 0 0 0 0 0 0 0 2 1 0 0 0 0 0 0 0 0
29.7491827244267 810 939 125 44 75 0 1 0 0 0 0 1 0 0 0 1 0 0 0 0 1 0 0 0 0 0 0 0 0 0 2 1 0 0 0 0 0 0 0 0
30.3463234719383 810 939 125 44 75 0 1 0 0 0 0 0 0 0 0 1 0 0 0 0 1 1 0 0 0 0 0 0 0 0 2 1 0 0 0 0 0 0 0 0
36.1951200480863 810 938 125 44 75 0 2 0 0 0 0 0 0 0 0 1 0 0 0 0 1 1 0 0 0 0 0 0 0 0 2 1 0 0 0 0 0 0 0 0
36.4324137933434 810 938 125 44 75 0 2 0 0 0 0 0 0 0 0 1 0 0 0 0 0 1 0 0 0 0 0 0 0 0 3 1 0 0 0 0 0 0 0 0
36.5455559065819 810 938 125 44 75 0 1 0 0 0 0 1 0 0 0 1 0 0 0 0 0 1 0 0 0 0 0 0 0 0 3 1 0 0 0 0 0 0 0 0
37.0986737968167 810 938 125 44 75 0 1 0 0 0 0 0 0 0 0 1 0 0 0 0 0 2 0 0 0 0 0 0 0 0 3 1 0 0 0 0 0 0 0 0
38.1437706365528 810 938 125 44 75 0 1 0 0 0 0 0 0 0 0 0 0 0 0 0 0 2 0 0 0 0 0 0 0 0 4 1 0 0 0 0 0 0 0 0
38.8243903920769 810 938 125 44 75 0 0 0 0 0 0 1 0 0 0 0 0 0 0 0 0 2 0 0 0 0 0 0 0 0 4 1 0 0 0 0 0 0 0 0
41.3939354972206 809 938 125 44 75 1 0 0 0 0 0 1 0 0 0 0 0 0 0 0 0 2 0 0 0 0 0 0 0 0 4 1 0 0 0 0 0 0 0 0
41.8856186200504 809 938 125 44 75 1 0 0 0 0 0 0 0 0 0 0 0 0 0 0 0 3 0 0 0 0 0 0 0 0 4 1 0 0 0 0 0 0 0 0
42.7484757823339 809 938 125 44 75 1 0 0 0 0 0 0 0 0 0 0 0 0 0 0 0 2 0 0 0 0 0 0 0 0 4 2 0 0 0 0 0 0 0 0
44.1633995412885 809 938 125 44 75 1 0 0 0 0 0 0 0 0 0 0 0 0 0 0 0 1 0 0 0 0 0 0 0 0 4 3 0 0 0 0 0 0 0 0
44.6067830696606 809 938 125 44 75 0 0 0 0 0 1 0 0 0 0 0 0 0 0 0 0 1 0 0 0 0 0 0 0 0 4 3 0 0 0 0 0 0 0 0
44.6285485476923 809 938 125 44 75 0 0 0 0 0 0 0 0 0 0 0 0 0 0 0 1 1 0 0 0 0 0 0 0 0 4 3 0 0 0 0 0 0 0 0
46.2190076760615 809 938 125 44 75 0 0 0 0 0 0 0 0 0 0 0 0 0 0 0 0 1 0 0 0 1 0 0 0 0 4 3 0 0 0 0 0 0 0 0
47.6894880645171 809 938 125 44 75 0 0 0 0 0 0 0 0 0 0 0 0 0 0 0 0 0 0 0 0 1 0 0 0 0 4 4 0 0 0 0 0 0 0 0
51.1695508513054 809 938 125 44 75 0 0 0 0 0 0 0 0 0 0 0 0 0 0 0 0 0 0 0 0 0 0 0 0 0 4 4 0 0 0 1 0 0 0 0
365 809 938 125 44 75 0 0 0 0 0 0 0 0 0 0 0 0 0 0 0 0 0 0 0 0 0 0 0 0 0 4 4 0 0 0 1 0 0 0 0
