"","age1_orange.H","age1_green.H","age2_no_comorbid_orange.H","age2_no_comorbid_green.H","age2_comorbid_green.H","age3_no_comorbid_green.H","age3_comorbid_green.H"
"1",0.664893617021277,0,1.29716981132075,0,0,0,0
"2",0.531914893617021,3.20512820512821,0.825471698113208,1.06609808102345,3.19488817891374,4.54545454545455,6.70241286863271
"3",0.930851063829787,3.20512820512821,1.17924528301887,0,7.98722044728434,6.81818181818182,6.70241286863271
"4",1.1968085106383,0,0.943396226415094,0,0,0,0
"5",1.59574468085106,0,0.943396226415094,0,0,0,0
"6",0,0,0,0,0,0,0
"7",1.32978723404255,0,0.943396226415094,0,0,0,0
"8",0.930851063829787,1.6025641025641,0.707547169811321,0,3.99361022364217,2.27272727272727,8.04289544235925
"9",0,0,0,0,0,0,0
"10",0.664893617021277,1.6025641025641,0.825471698113208,1.06609808102345,3.19488817891374,2.27272727272727,8.04289544235925
"11",1.06382978723404,0,1.17924528301887,2.13219616204691,7.98722044728434,6.81818181818182,9.38337801608579
"12",1.32978723404255,3.20512820512821,1.17924528301887,3.19829424307036,5.59105431309904,6.81818181818182,8.04289544235925
"13",1.1968085106383,0,0.825471698113208,1.06609808102345,3.19488817891374,4.54545454545455,8.04289544235925
"14",1.32978723404255,1.6025641025641,0.707547169811321,1.06609808102345,2.3961661341853,4.54545454545455,2.68096514745308
"15",0.930851063829787,0,0.825471698113208,0,0,2.27272727272727,0
"16",0.797872340425532,1.6025641025641,1.06132075471698,1.06609808102345,5.59105431309904,2.27272727272727,8.04289544235925
"17",1.32978723404255,3.20512820512821,1.06132075471698,1.06609808102345,4.79233226837061,6.81818181818182,6.70241286863271
"18",0.930851063829787,3.20512820512821,1.17924528301887,1.06609808102345,5.59105431309904,4.54545454545455,10.7238605898123
"19",0.797872340425532,0,1.17924528301887,0,5.59105431309904,2.27272727272727,5.36193029490617
"20",0.797872340425532,3.20512820512821,0.707547169811321,2.13219616204691,4.79233226837061,4.54545454545455,8.04289544235925
"21",0,0,0,0,0,0,0
"22",0,0,0,0,0,0,0
"23",0,0,0,0,0,0,0
"24",0.930851063829787,1.6025641025641,0.943396226415094,1.06609808102345,2.3961661341853,4.54545454545455,2.68096514745308
"25",0,0,0,0,0,0,0
"26",0.664893617021277,4.80769230769231,1.29716981132075,1.06609808102345,2.3961661341853,4.54545454545455,8.04289544235925
"27",0,0,0,0,0,0,0
"28",0.930851063829787,0,0.825471698113208,0,0,0,0
"29",1.06382978723404,4.80769230769231,0.943396226415094,3.19829424307036,3.99361022364217,4.54545454545455,8.04289544235925
"30",0.930851063829787,4.80769230769231,1.29716981132075,2.13219616204691,3.99361022364217,2.27272727272727,8.04289544235925
"31",0,0,0,0,0,0,0
"32",0,0,0,0,0,0,0
"33",0.930851063829787,1.6025641025641,0.943396226415094,1.06609808102345,4.79233226837061,2.27272727272727,8.04289544235925
"34",0.930851063829787,1.6025641025641,0.943396226415094,0,3.99361022364217,2.27272727272727,10.7238605898123
"35",1.32978723404255,3.20512820512821,1.29716981132075,2.13219616204691,3.19488817891374,2.27272727272727,6.70241286863271
"36",2.12765957446809,1.6025641025641,0.707547169811321,3.19829424307036,3.99361022364217,4.54545454545455,6.70241286863271
"37",1.06382978723404,1.6025641025641,0.825471698113208,1.06609808102345,3.19488817891374,4.54545454545455,8.04289544235925
"38",0,0,0,0,0,0,0
"39",1.06382978723404,1.6025641025641,1.06132075471698,1.06609808102345,4.79233226837061,2.27272727272727,6.70241286863271
"40",0,0,0,0,0,0,0
"41",0,0,0,0,0,0,0
"42",0.664893617021277,1.6025641025641,1.17924528301887,1.06609808102345,3.19488817891374,2.27272727272727,5.36193029490617
"43",1.06382978723404,1.6025641025641,1.06132075471698,1.06609808102345,5.59105431309904,2.27272727272727,10.7238605898123
"44",1.06382978723404,0,0.589622641509434,0,0,0,0
"45",0.797872340425532,1.6025641025641,1.29716981132075,0,4.79233226837061,2.27272727272727,2.68096514745308
"46",0,0,0,0,0,0,0
"47",0,0,0,0,0,0,0
"48",1.1968085106383,1.6025641025641,1.06132075471698,2.13219616204691,3.99361022364217,6.81818181818182,9.38337801608579
"49",0.930851063829787,1.6025641025641,0.707547169811321,1.06609808102345,3.99361022364217,6.81818181818182,5.36193029490617
"50",0.930851063829787,3.20512820512821,1.17924528301887,1.06609808102345,3.99361022364217,6.81818181818182,10.7238605898123
"51",1.06382978723404,0,1.06132075471698,2.13219616204691,3.99361022364217,4.54545454545455,6.70241286863271
"52",0,0,0,0,0,0,0
"53",0,0,0,0,0,0,0
"54",0.797872340425532,0,1.17924528301887,0,0,0,1.34048257372654
"55",0.797872340425532,0,0.825471698113208,0,0,0,0
"56",1.06382978723404,3.20512820512821,0.825471698113208,1.06609808102345,3.99361022364217,2.27272727272727,4.02144772117963
"57",1.1968085106383,3.20512820512821,0.825471698113208,1.06609808102345,3.19488817891374,2.27272727272727,12.0643431635389
"58",1.32978723404255,1.6025641025641,0.825471698113208,2.13219616204691,7.18849840255591,4.54545454545455,10.7238605898123
"59",1.32978723404255,1.6025641025641,0.825471698113208,2.13219616204691,5.59105431309904,4.54545454545455,6.70241286863271
"60",1.06382978723404,0,1.29716981132075,0,0,0,0
"61",0.930851063829787,1.6025641025641,1.41509433962264,4.26439232409382,5.59105431309904,2.27272727272727,6.70241286863271
"62",0,0,0,0,0,0,0
"63",1.1968085106383,3.20512820512821,0.825471698113208,1.06609808102345,3.19488817891374,6.81818181818182,5.36193029490617
"64",1.46276595744681,1.6025641025641,1.53301886792453,2.13219616204691,4.79233226837061,4.54545454545455,8.04289544235925
"65",0.930851063829787,0,0.825471698113208,0,0,0,0
"66",0,0,0,0,0,0,0
"67",0.930851063829787,1.6025641025641,1.06132075471698,2.13219616204691,3.99361022364217,6.81818181818182,12.0643431635389
"68",0.930851063829787,0,1.17924528301887,1.06609808102345,5.59105431309904,4.54545454545455,4.02144772117963
"69",1.1968085106383,3.20512820512821,0.707547169811321,2.13219616204691,3.19488817891374,6.81818181818182,8.04289544235925
"70",1.32978723404255,0,0.707547169811321,0,0,0,0
"71",0,0,0,0,0,0,0
"72",1.1968085106383,3.20512820512821,0.943396226415094,1.06609808102345,7.98722044728434,2.27272727272727,9.38337801608579
"73",0,0,0,0,0,0,0
"74",1.1968085106383,1.6025641025641,0.825471698113208,1.06609808102345,3.19488817891374,6.81818181818182,4.02144772117963
"75",1.06382978723404,0,0.825471698113208,0,0,0,0
"76",0.797872340425532,1.6025641025641,1.17924528301887,2.13219616204691,5.59105431309904,6.81818181818182,9.38337801608579
"77",0,0,0,0,0,0,0
"78",1.32978723404255,0,0.943396226415094,1.06609808102345,4.79233226837061,4.54545454545455,12.0643431635389
"79",0.930851063829787,3.20512820512821,1.06132075471698,1.06609808102345,2.3961661341853,4.54545454545455,5.36193029490617
"80",0.930851063829787,1.6025641025641,1.29716981132075,0,4.79233226837061,4.54545454545455,6.70241286863271
"81",1.32978723404255,1.6025641025641,0.943396226415094,1.06609808102345,3.19488817891374,2.27272727272727,8.04289544235925
"82",0.930851063829787,1.6025641025641,0.825471698113208,2.13219616204691,6.38977635782748,4.54545454545455,10.7238605898123
"83",1.32978723404255,0,1.29716981132075,1.06609808102345,3.99361022364217,6.81818181818182,8.04289544235925
"84",0,0,0,0,0,0,0
"85",0.930851063829787,1.6025641025641,1.29716981132075,1.06609808102345,3.99361022364217,6.81818181818182,6.70241286863271
"86",1.06382978723404,3.20512820512821,1.41509433962264,1.06609808102345,3.19488817891374,6.81818181818182,12.0643431635389
"87",1.1968085106383,4.80769230769231,1.06132075471698,1.06609808102345,5.59105431309904,6.81818181818182,5.36193029490617
"88",0.930851063829787,1.6025641025641,1.06132075471698,1.06609808102345,4.79233226837061,2.27272727272727,8.04289544235925
"89",1.1968085106383,0,1.17924528301887,0,0,0,0
"90",1.32978723404255,0,0.943396226415094,0,0,0,0
"91",0.664893617021277,1.6025641025641,1.17924528301887,1.06609808102345,6.38977635782748,2.27272727272727,5.36193029490617
"92",1.1968085106383,0,0.589622641509434,0,0,0,0
"93",0.531914893617021,1.6025641025641,0.825471698113208,1.06609808102345,6.38977635782748,2.27272727272727,8.04289544235925
"94",0,0,0,0,0,0,0
"95",1.46276595744681,1.6025641025641,0.707547169811321,2.13219616204691,3.19488817891374,4.54545454545455,12.0643431635389
"96",0.664893617021277,3.20512820512821,0.825471698113208,2.13219616204691,2.3961661341853,4.54545454545455,5.36193029490617
"97",0.930851063829787,0,0.943396226415094,1.06609808102345,4.79233226837061,2.27272727272727,6.70241286863271
"98",0.797872340425532,0,1.06132075471698,1.06609808102345,3.19488817891374,2.27272727272727,9.38337801608579
"99",1.06382978723404,1.6025641025641,1.06132075471698,2.13219616204691,7.18849840255591,2.27272727272727,10.7238605898123
"100",0.664893617021277,0,1.06132075471698,1.06609808102345,6.38977635782748,2.27272727272727,6.70241286863271
"101",0.930851063829787,1.6025641025641,0.825471698113208,1.06609808102345,3.19488817891374,2.27272727272727,9.38337801608579
"102",0.664893617021277,0,1.29716981132075,0,0,0,0
"103",0,0,0,0,0,0,0
"104",1.32978723404255,1.6025641025641,1.53301886792453,0,2.3961661341853,4.54545454545455,2.68096514745308
"105",1.06382978723404,0,1.29716981132075,0,0,0,0
"106",0.797872340425532,1.6025641025641,0.943396226415094,1.06609808102345,3.99361022364217,4.54545454545455,6.70241286863271
"107",0.930851063829787,1.6025641025641,0.943396226415094,1.06609808102345,3.99361022364217,4.54545454545455,5.36193029490617
"108",0.930851063829787,0,1.06132075471698,0,0,0,0
"109",0,0,0,0,0,0,0
"110",0,0,0,0,0,0,0
"111",1.1968085106383,1.6025641025641,0.707547169811321,1.06609808102345,4.79233226837061,4.54545454545455,8.04289544235925
"112",0,0,0,0,0,0,0
"113",0,0,0,0,0,0,0
"114",0,0,0,0,0,0,0
"115",0,0,0,0,0,0,0
"116",1.32978723404255,1.6025641025641,1.41509433962264,1.06609808102345,3.99361022364217,6.81818181818182,9.38337801608579
"117",1.06382978723404,3.20512820512821,0.943396226415094,1.06609808102345,2.3961661341853,4.54545454545455,10.7238605898123
"118",0,0,0,0,0,0,0
"119",1.59574468085106,0,0.943396226415094,0,0,0,0
"120",1.32978723404255,0,0.825471698113208,0,0,0,0
"121",1.32978723404255,0,0.707547169811321,0,0,0,0
"122",1.1968085106383,0,1.17924528301887,0,0,0,1.34048257372654
"123",1.46276595744681,3.20512820512821,1.06132075471698,0,4.79233226837061,4.54545454545455,9.38337801608579
"124",0,0,0,0,0,0,0
"125",1.46276595744681,0,1.17924528301887,0,0,0,0
"126",0.930851063829787,1.6025641025641,0.943396226415094,2.13219616204691,3.19488817891374,4.54545454545455,9.38337801608579
"127",0.797872340425532,1.6025641025641,0.825471698113208,0,1.59744408945687,2.27272727272727,4.02144772117963
"128",1.32978723404255,1.6025641025641,0.589622641509434,0,3.99361022364217,4.54545454545455,8.04289544235925
"129",0,0,0,0,0,0,0
"130",1.32978723404255,3.20512820512821,1.29716981132075,1.06609808102345,4.79233226837061,9.09090909090909,9.38337801608579
"131",1.06382978723404,1.6025641025641,1.41509433962264,2.13219616204691,3.19488817891374,2.27272727272727,5.36193029490617
"132",0.664893617021277,0,0.943396226415094,1.06609808102345,3.99361022364217,4.54545454545455,8.04289544235925
"133",1.46276595744681,1.6025641025641,0.825471698113208,0,2.3961661341853,2.27272727272727,5.36193029490617
"134",1.46276595744681,1.6025641025641,1.29716981132075,1.06609808102345,4.79233226837061,4.54545454545455,9.38337801608579
"135",1.1968085106383,1.6025641025641,1.06132075471698,0,3.99361022364217,4.54545454545455,8.04289544235925
"136",0.797872340425532,0,1.17924528301887,0,0,0,0
"137",0.930851063829787,3.20512820512821,0.471698113207547,2.13219616204691,6.38977635782748,4.54545454545455,9.38337801608579
"138",1.06382978723404,0,0.589622641509434,1.06609808102345,4.79233226837061,2.27272727272727,9.38337801608579
"139",1.06382978723404,3.20512820512821,0.471698113207547,2.13219616204691,5.59105431309904,2.27272727272727,6.70241286863271
"140",1.06382978723404,0,0.589622641509434,0,0,0,0
"141",1.86170212765957,0,1.29716981132075,0,0,0,0
"142",0.664893617021277,3.20512820512821,0.707547169811321,2.13219616204691,4.79233226837061,4.54545454545455,6.70241286863271
"143",0.930851063829787,1.6025641025641,1.06132075471698,1.06609808102345,3.19488817891374,4.54545454545455,4.02144772117963
"144",0.930851063829787,1.6025641025641,0.825471698113208,0,3.99361022364217,2.27272727272727,9.38337801608579
"145",1.32978723404255,3.20512820512821,0.825471698113208,0,3.99361022364217,2.27272727272727,9.38337801608579
"146",0.531914893617021,4.80769230769231,0.825471698113208,2.13219616204691,6.38977635782748,2.27272727272727,6.70241286863271
"147",0.930851063829787,0,0.589622641509434,1.06609808102345,2.3961661341853,2.27272727272727,10.7238605898123
"148",0,0,0,0,0,0,0
"149",0,0,0,0,0,0,0
"150",0.930851063829787,1.6025641025641,1.29716981132075,1.06609808102345,3.19488817891374,4.54545454545455,9.38337801608579
"151",1.32978723404255,0,0.589622641509434,0,0,0,0
"152",1.32978723404255,0,0.825471698113208,0,0,0,0
"153",0,0,0,0,0,0,0
"154",0,0,0,0,0,0,0
"155",0.797872340425532,3.20512820512821,1.06132075471698,1.06609808102345,3.99361022364217,4.54545454545455,6.70241286863271
"156",0.930851063829787,1.6025641025641,0.943396226415094,2.13219616204691,3.99361022364217,4.54545454545455,12.0643431635389
"157",0.797872340425532,0,0.943396226415094,2.13219616204691,4.79233226837061,4.54545454545455,10.7238605898123
"158",1.32978723404255,0,1.29716981132075,0,0,0,0
"159",1.46276595744681,1.6025641025641,1.17924528301887,2.13219616204691,3.99361022364217,9.09090909090909,10.7238605898123
"160",0.930851063829787,1.6025641025641,0.707547169811321,2.13219616204691,6.38977635782748,4.54545454545455,8.04289544235925
"161",1.32978723404255,1.6025641025641,1.06132075471698,2.13219616204691,2.3961661341853,4.54545454545455,14.745308310992
"162",1.1968085106383,1.6025641025641,0.943396226415094,2.13219616204691,5.59105431309904,2.27272727272727,5.36193029490617
"163",0.930851063829787,3.20512820512821,0.589622641509434,2.13219616204691,3.19488817891374,6.81818181818182,8.04289544235925
"164",0.930851063829787,0,0.943396226415094,0,0,0,0
"165",0.664893617021277,1.6025641025641,1.41509433962264,1.06609808102345,2.3961661341853,2.27272727272727,10.7238605898123
"166",1.06382978723404,0,1.17924528301887,0,0,0,1.34048257372654
"167",1.32978723404255,0,1.17924528301887,1.06609808102345,2.3961661341853,4.54545454545455,6.70241286863271
"168",1.1968085106383,1.6025641025641,0.943396226415094,1.06609808102345,3.19488817891374,2.27272727272727,8.04289544235925
"169",0.930851063829787,0,0.943396226415094,0,0,0,0
"170",1.1968085106383,3.20512820512821,1.17924528301887,2.13219616204691,2.3961661341853,2.27272727272727,9.38337801608579
"171",1.1968085106383,1.6025641025641,0.589622641509434,1.06609808102345,2.3961661341853,2.27272727272727,4.02144772117963
"172",0,0,0,0,0,0,0
"173",0.797872340425532,1.6025641025641,1.29716981132075,2.13219616204691,3.19488817891374,2.27272727272727,9.38337801608579
"174",0.398936170212766,0,0.471698113207547,1.06609808102345,3.19488817891374,2.27272727272727,6.70241286863271
"175",1.1968085106383,0,1.06132075471698,2.13219616204691,3.19488817891374,2.27272727272727,5.36193029490617
"176",0.930851063829787,0,1.06132075471698,0,0,0,0
"177",1.1968085106383,0,0.707547169811321,0,0.798722044728434,0,0
"178",0.797872340425532,1.6025641025641,1.7688679245283,2.13219616204691,4.79233226837061,4.54545454545455,12.0643431635389
"179",0.797872340425532,0,1.41509433962264,1.06609808102345,3.99361022364217,2.27272727272727,10.7238605898123
"180",0,0,0,0,0,0,0
"181",1.06382978723404,3.20512820512821,0.707547169811321,1.06609808102345,5.59105431309904,4.54545454545455,8.04289544235925
"182",1.06382978723404,0,1.53301886792453,0,0,0,0
"183",0,0,0,0,0,0,0
"184",0.797872340425532,0,1.06132075471698,0,0,0,0
"185",1.32978723404255,1.6025641025641,0.825471698113208,1.06609808102345,3.19488817891374,4.54545454545455,5.36193029490617
"186",0,0,0,0,0,0,0
"187",1.46276595744681,0,0.825471698113208,3.19829424307036,7.98722044728434,4.54545454545455,6.70241286863271
"188",0.930851063829787,0,0.943396226415094,0,0.798722044728434,0,0
"189",0,0,0,0,0,0,0
"190",1.1968085106383,1.6025641025641,1.41509433962264,3.19829424307036,3.99361022364217,6.81818181818182,9.38337801608579
"191",1.06382978723404,0,1.17924528301887,0,0,2.27272727272727,0
"192",0.930851063829787,1.6025641025641,1.41509433962264,3.19829424307036,3.19488817891374,4.54545454545455,10.7238605898123
"193",0,0,0,0,0,0,0
"194",0.930851063829787,1.6025641025641,1.65094339622642,1.06609808102345,7.18849840255591,4.54545454545455,6.70241286863271
"195",1.72872340425532,0,1.29716981132075,1.06609808102345,3.19488817891374,6.81818181818182,9.38337801608579
"196",1.06382978723404,1.6025641025641,1.41509433962264,1.06609808102345,3.99361022364217,2.27272727272727,4.02144772117963
"197",0.797872340425532,1.6025641025641,0.943396226415094,2.13219616204691,3.99361022364217,9.09090909090909,6.70241286863271
"198",1.1968085106383,1.6025641025641,0.825471698113208,1.06609808102345,3.19488817891374,2.27272727272727,10.7238605898123
"199",1.1968085106383,1.6025641025641,0.707547169811321,1.06609808102345,1.59744408945687,4.54545454545455,4.02144772117963
"200",1.06382978723404,0,1.06132075471698,0,0,0,0
"201",0,0,0,0,0,0,0
"202",1.32978723404255,1.6025641025641,0.943396226415094,1.06609808102345,2.3961661341853,2.27272727272727,6.70241286863271
"203",1.06382978723404,0,0.825471698113208,1.06609808102345,3.19488817891374,4.54545454545455,6.70241286863271
"204",1.1968085106383,0,0.825471698113208,1.06609808102345,4.79233226837061,2.27272727272727,9.38337801608579
"205",0.930851063829787,1.6025641025641,0.825471698113208,1.06609808102345,5.59105431309904,2.27272727272727,5.36193029490617
"206",1.32978723404255,0,0.825471698113208,0,0,0,0
"207",1.1968085106383,0,0.589622641509434,0,0,0,0
"208",1.06382978723404,1.6025641025641,1.06132075471698,1.06609808102345,3.99361022364217,2.27272727272727,6.70241286863271
"209",0,0,0,0,0,0,0
"210",1.32978723404255,3.20512820512821,0.707547169811321,2.13219616204691,4.79233226837061,4.54545454545455,8.04289544235925
"211",0,0,0,0,0,0,0
"212",1.86170212765957,1.6025641025641,0.707547169811321,1.06609808102345,3.19488817891374,4.54545454545455,13.4048257372654
"213",1.06382978723404,0,0.707547169811321,0,0,0,0
"214",0.930851063829787,0,1.06132075471698,0,0,0,0
"215",1.1968085106383,1.6025641025641,0.943396226415094,2.13219616204691,3.19488817891374,2.27272727272727,5.36193029490617
"216",1.06382978723404,0,0.589622641509434,0,0,0,0
"217",1.06382978723404,0,1.06132075471698,0,0,0,0
"218",1.32978723404255,0,1.17924528301887,1.06609808102345,5.59105431309904,4.54545454545455,5.36193029490617
"219",0,0,0,0,0,0,0
"220",1.1968085106383,3.20512820512821,0.825471698113208,2.13219616204691,3.19488817891374,4.54545454545455,13.4048257372654
"221",0.930851063829787,1.6025641025641,1.41509433962264,1.06609808102345,5.59105431309904,4.54545454545455,12.0643431635389
"222",1.1968085106383,0,0.943396226415094,0,0,0,0
"223",1.72872340425532,0,0.943396226415094,2.13219616204691,2.3961661341853,9.09090909090909,10.7238605898123
"224",1.06382978723404,3.20512820512821,0.825471698113208,2.13219616204691,3.19488817891374,6.81818181818182,12.0643431635389
"225",1.1968085106383,3.20512820512821,1.06132075471698,1.06609808102345,3.19488817891374,4.54545454545455,6.70241286863271
"226",0,0,0,0,0,0,0
"227",1.32978723404255,1.6025641025641,1.17924528301887,1.06609808102345,3.19488817891374,6.81818181818182,5.36193029490617
"228",0.664893617021277,1.6025641025641,0.589622641509434,1.06609808102345,5.59105431309904,4.54545454545455,9.38337801608579
"229",0.930851063829787,3.20512820512821,0.943396226415094,1.06609808102345,4.79233226837061,2.27272727272727,6.70241286863271
"230",0.930851063829787,0,0.707547169811321,0,4.79233226837061,4.54545454545455,5.36193029490617
"231",0.797872340425532,0,1.17924528301887,0,0,0,0
"232",0.797872340425532,0,0.943396226415094,0,0.798722044728434,0,0
"233",1.06382978723404,1.6025641025641,0.825471698113208,0,2.3961661341853,4.54545454545455,9.38337801608579
"234",0.930851063829787,3.20512820512821,1.06132075471698,2.13219616204691,5.59105431309904,4.54545454545455,6.70241286863271
"235",0,0,0,0,0,0,0
"236",1.06382978723404,1.6025641025641,1.29716981132075,0,3.19488817891374,6.81818181818182,8.04289544235925
"237",1.46276595744681,0,0.825471698113208,0,0,0,0
"238",0.930851063829787,0,0.825471698113208,0,0,0,0
"239",0.664893617021277,1.6025641025641,0.943396226415094,1.06609808102345,3.19488817891374,4.54545454545455,8.04289544235925
"240",1.1968085106383,0,0.825471698113208,0,0,0,0
"241",1.32978723404255,1.6025641025641,1.17924528301887,1.06609808102345,5.59105431309904,0,6.70241286863271
"242",1.59574468085106,1.6025641025641,1.41509433962264,1.06609808102345,3.99361022364217,4.54545454545455,5.36193029490617
"243",0.930851063829787,0,0.943396226415094,0,0,0,0
"244",0.930851063829787,0,1.29716981132075,0,0,0,0
"245",0.664893617021277,1.6025641025641,0.825471698113208,2.13219616204691,8.78594249201278,6.81818181818182,6.70241286863271
"246",0.930851063829787,3.20512820512821,1.29716981132075,2.13219616204691,5.59105431309904,4.54545454545455,12.0643431635389
"247",1.32978723404255,0,0.825471698113208,1.06609808102345,5.59105431309904,6.81818181818182,6.70241286863271
"248",1.1968085106383,1.6025641025641,1.17924528301887,2.13219616204691,3.99361022364217,6.81818181818182,9.38337801608579
"249",1.06382978723404,3.20512820512821,1.65094339622642,1.06609808102345,2.3961661341853,4.54545454545455,9.38337801608579
"250",1.1968085106383,3.20512820512821,0.825471698113208,1.06609808102345,3.19488817891374,9.09090909090909,9.38337801608579
"251",1.1968085106383,3.20512820512821,0.825471698113208,0,5.59105431309904,4.54545454545455,5.36193029490617
"252",0,0,0,0,0,0,0
"253",0.664893617021277,1.6025641025641,0.943396226415094,1.06609808102345,6.38977635782748,4.54545454545455,10.7238605898123
"254",1.06382978723404,1.6025641025641,0.825471698113208,2.13219616204691,3.99361022364217,2.27272727272727,9.38337801608579
"255",1.06382978723404,0,1.06132075471698,0,0,0,1.34048257372654
"256",0.797872340425532,3.20512820512821,0.825471698113208,0,5.59105431309904,0,6.70241286863271
"257",0.531914893617021,0,1.06132075471698,2.13219616204691,3.19488817891374,4.54545454545455,5.36193029490617
"258",1.46276595744681,0,1.06132075471698,0,2.3961661341853,2.27272727272727,6.70241286863271
"259",1.1968085106383,1.6025641025641,1.17924528301887,1.06609808102345,6.38977635782748,4.54545454545455,10.7238605898123
"260",1.1968085106383,1.6025641025641,0.589622641509434,2.13219616204691,7.98722044728434,11.3636363636364,12.0643431635389
"261",0.664893617021277,1.6025641025641,0.471698113207547,1.06609808102345,3.99361022364217,4.54545454545455,5.36193029490617
"262",0,0,0,0,0,0,0
"263",0.797872340425532,0,1.06132075471698,0,0,0,0
"264",1.06382978723404,0,1.29716981132075,1.06609808102345,3.19488817891374,2.27272727272727,9.38337801608579
"265",1.06382978723404,0,1.41509433962264,0,0,0,0
"266",0,0,0,0,0,0,0
"267",0.664893617021277,0,1.17924528301887,1.06609808102345,3.99361022364217,9.09090909090909,10.7238605898123
"268",0.930851063829787,3.20512820512821,1.17924528301887,0,3.99361022364217,6.81818181818182,8.04289544235925
"269",0.797872340425532,1.6025641025641,0.943396226415094,1.06609808102345,7.98722044728434,2.27272727272727,9.38337801608579
"270",1.06382978723404,3.20512820512821,0.589622641509434,1.06609808102345,5.59105431309904,2.27272727272727,5.36193029490617
"271",0.930851063829787,0,0.943396226415094,1.06609808102345,3.19488817891374,4.54545454545455,10.7238605898123
"272",0.664893617021277,0,0.943396226415094,0,0,0,0
"273",0,0,0,0,0,0,0
"274",1.86170212765957,0,0.589622641509434,0,0,0,0
"275",0.930851063829787,1.6025641025641,1.06132075471698,1.06609808102345,2.3961661341853,9.09090909090909,9.38337801608579
"276",1.32978723404255,0,0.943396226415094,0,4.79233226837061,4.54545454545455,8.04289544235925
"277",0.930851063829787,1.6025641025641,0.825471698113208,2.13219616204691,1.59744408945687,4.54545454545455,5.36193029490617
"278",0,0,0,0,0,0,0
"279",1.1968085106383,3.20512820512821,0.943396226415094,1.06609808102345,2.3961661341853,6.81818181818182,6.70241286863271
"280",1.72872340425532,1.6025641025641,1.17924528301887,2.13219616204691,3.19488817891374,9.09090909090909,6.70241286863271
"281",1.46276595744681,0,1.65094339622642,0,0,0,0
"282",1.32978723404255,3.20512820512821,1.06132075471698,0,3.19488817891374,4.54545454545455,5.36193029490617
"283",1.32978723404255,0,0.825471698113208,0,0,0,0
"284",1.06382978723404,0,0.943396226415094,1.06609808102345,9.58466453674121,2.27272727272727,9.38337801608579
"285",0.797872340425532,3.20512820512821,1.29716981132075,1.06609808102345,6.38977635782748,4.54545454545455,8.04289544235925
"286",1.32978723404255,0,0.825471698113208,0,0.798722044728434,0,0
"287",0,0,0,0,0,0,0
"288",1.72872340425532,0,0.589622641509434,0,0,0,0
"289",1.46276595744681,1.6025641025641,0.707547169811321,0,4.79233226837061,0,6.70241286863271
"290",1.06382978723404,1.6025641025641,0.589622641509434,2.13219616204691,3.19488817891374,6.81818181818182,8.04289544235925
"291",0.664893617021277,0,0.825471698113208,0,0,0,0
"292",1.1968085106383,1.6025641025641,0.943396226415094,1.06609808102345,2.3961661341853,9.09090909090909,8.04289544235925
"293",0.930851063829787,0,1.06132075471698,0,0,0,0
"294",1.06382978723404,1.6025641025641,1.17924528301887,1.06609808102345,3.99361022364217,2.27272727272727,9.38337801608579
"295",0,0,0,0,0,0,0
"296",0.797872340425532,1.6025641025641,1.17924528301887,1.06609808102345,3.19488817891374,2.27272727272727,8.04289544235925
"297",0.797872340425532,3.20512820512821,1.53301886792453,1.06609808102345,3.19488817891374,4.54545454545455,9.38337801608579
"298",0.930851063829787,0,0.943396226415094,0,0,0,0
"299",1.1968085106383,0,0.825471698113208,1.06609808102345,5.59105431309904,4.54545454545455,8.04289544235925
"300",1.1968085106383,0,0.707547169811321,0,0,0,0
"301",0,0,0,0,0,0,0
"302",0,0,0,0,0,0,0
"303",0.930851063829787,3.20512820512821,0.825471698113208,1.06609808102345,3.99361022364217,2.27272727272727,10.7238605898123
"304",0.930851063829787,0,1.06132075471698,0,0,0,0
"305",1.59574468085106,0,0.943396226415094,1.06609808102345,2.3961661341853,4.54545454545455,8.04289544235925
"306",1.46276595744681,1.6025641025641,0.589622641509434,1.06609808102345,5.59105431309904,9.09090909090909,9.38337801608579
"307",1.1968085106383,0,0.825471698113208,2.13219616204691,5.59105431309904,2.27272727272727,10.7238605898123
"308",1.1968085106383,0,1.29716981132075,0,0,0,0
"309",0,0,0,0,0,0,0
"310",0.930851063829787,1.6025641025641,0.825471698113208,2.13219616204691,2.3961661341853,6.81818181818182,8.04289544235925
"311",1.59574468085106,3.20512820512821,0.825471698113208,2.13219616204691,6.38977635782748,4.54545454545455,9.38337801608579
"312",0.797872340425532,0,1.06132075471698,0,0,0,0
"313",1.46276595744681,0,0.707547169811321,0,0,0,0
"314",1.06382978723404,1.6025641025641,0.707547169811321,1.06609808102345,4.79233226837061,4.54545454545455,8.04289544235925
"315",1.1968085106383,3.20512820512821,1.06132075471698,2.13219616204691,5.59105431309904,4.54545454545455,9.38337801608579
"316",1.06382978723404,0,0.943396226415094,0,0,0,0
"317",0.930851063829787,0,0.943396226415094,2.13219616204691,4.79233226837061,0,5.36193029490617
"318",1.1968085106383,1.6025641025641,1.41509433962264,1.06609808102345,6.38977635782748,4.54545454545455,10.7238605898123
"319",0.797872340425532,0,1.29716981132075,2.13219616204691,3.99361022364217,2.27272727272727,6.70241286863271
"320",1.1968085106383,1.6025641025641,0.825471698113208,1.06609808102345,3.19488817891374,4.54545454545455,8.04289544235925
"321",1.1968085106383,1.6025641025641,1.29716981132075,0,3.99361022364217,4.54545454545455,5.36193029490617
"322",0,0,0,0,0,0,0
"323",0,0,0,0,0,0,0
"324",0.930851063829787,1.6025641025641,1.06132075471698,2.13219616204691,3.99361022364217,4.54545454545455,9.38337801608579
"325",0.797872340425532,1.6025641025641,1.06132075471698,2.13219616204691,7.18849840255591,9.09090909090909,12.0643431635389
"326",1.06382978723404,1.6025641025641,0.943396226415094,2.13219616204691,6.38977635782748,4.54545454545455,5.36193029490617
"327",1.1968085106383,0,0.825471698113208,0,0,0,0
"328",0.531914893617021,0,0.707547169811321,2.13219616204691,4.79233226837061,4.54545454545455,12.0643431635389
"329",1.46276595744681,1.6025641025641,1.17924528301887,1.06609808102345,3.99361022364217,4.54545454545455,5.36193029490617
"330",0.664893617021277,0,0.825471698113208,0,0,0,0
"331",1.06382978723404,1.6025641025641,1.06132075471698,0,6.38977635782748,6.81818181818182,8.04289544235925
"332",1.06382978723404,0,1.17924528301887,0,0,0,0
"333",1.32978723404255,0,1.17924528301887,0,0,0,0
"334",1.46276595744681,3.20512820512821,0.943396226415094,1.06609808102345,3.99361022364217,2.27272727272727,8.04289544235925
"335",0.797872340425532,1.6025641025641,0.707547169811321,1.06609808102345,2.3961661341853,4.54545454545455,9.38337801608579
"336",1.06382978723404,3.20512820512821,1.41509433962264,2.13219616204691,3.99361022364217,2.27272727272727,9.38337801608579
"337",1.46276595744681,0,1.29716981132075,0,0,0,0
"338",1.06382978723404,0,0.825471698113208,1.06609808102345,4.79233226837061,4.54545454545455,6.70241286863271
"339",1.1968085106383,1.6025641025641,1.17924528301887,2.13219616204691,3.99361022364217,4.54545454545455,9.38337801608579
"340",0.930851063829787,1.6025641025641,0.825471698113208,2.13219616204691,4.79233226837061,6.81818181818182,6.70241286863271
"341",1.46276595744681,0,0.707547169811321,0,0,0,0
"342",0.531914893617021,0,0.589622641509434,0,0,0,0
"343",1.32978723404255,1.6025641025641,0.825471698113208,1.06609808102345,3.99361022364217,4.54545454545455,9.38337801608579
"344",1.06382978723404,0,1.17924528301887,0,0,0,0
"345",1.1968085106383,1.6025641025641,0.589622641509434,3.19829424307036,5.59105431309904,6.81818181818182,9.38337801608579
"346",1.1968085106383,1.6025641025641,1.06132075471698,1.06609808102345,3.19488817891374,4.54545454545455,9.38337801608579
"347",1.06382978723404,3.20512820512821,0.825471698113208,2.13219616204691,3.19488817891374,4.54545454545455,6.70241286863271
"348",1.1968085106383,1.6025641025641,1.17924528301887,1.06609808102345,3.19488817891374,2.27272727272727,5.36193029490617
"349",1.32978723404255,0,1.17924528301887,3.19829424307036,3.19488817891374,4.54545454545455,10.7238605898123
"350",1.06382978723404,3.20512820512821,0.825471698113208,1.06609808102345,3.99361022364217,2.27272727272727,9.38337801608579
"351",1.1968085106383,0,0.943396226415094,0,0,0,0
"352",0,0,0,0,0,0,0
"353",0,0,0,0,0,0,0
"354",1.59574468085106,1.6025641025641,1.06132075471698,0,3.19488817891374,6.81818181818182,10.7238605898123
"355",1.72872340425532,0,1.06132075471698,0,0,0,0
"356",1.06382978723404,3.20512820512821,1.17924528301887,3.19829424307036,3.19488817891374,6.81818181818182,10.7238605898123
"357",0,0,0,0,0,0,0
"358",0,0,0,0,0,0,0
"359",0.531914893617021,0,1.06132075471698,2.13219616204691,7.18849840255591,2.27272727272727,12.0643431635389
"360",1.32978723404255,3.20512820512821,1.17924528301887,1.06609808102345,1.59744408945687,4.54545454545455,9.38337801608579
"361",0.664893617021277,0,1.06132075471698,0,0,0,0
"362",1.86170212765957,4.80769230769231,0.943396226415094,1.06609808102345,3.19488817891374,2.27272727272727,10.7238605898123
"363",0,0,0,0,0,0,0
"364",1.1968085106383,0,1.06132075471698,1.06609808102345,6.38977635782748,2.27272727272727,6.70241286863271
"365",1.06382978723404,1.6025641025641,0.943396226415094,1.06609808102345,3.99361022364217,4.54545454545455,8.04289544235925
"366",1.06382978723404,0,0.825471698113208,0,0,0,0
"367",0.930851063829787,0,1.17924528301887,0,0,0,0
"368",1.46276595744681,3.20512820512821,1.06132075471698,3.19829424307036,4.79233226837061,11.3636363636364,8.04289544235925
"369",0.797872340425532,1.6025641025641,0.707547169811321,2.13219616204691,3.19488817891374,2.27272727272727,4.02144772117963
"370",1.1968085106383,1.6025641025641,1.29716981132075,1.06609808102345,3.19488817891374,4.54545454545455,8.04289544235925
"371",0.664893617021277,1.6025641025641,1.17924528301887,1.06609808102345,4.79233226837061,4.54545454545455,6.70241286863271
"372",0,0,0,0,0,0,0
"373",1.06382978723404,0,1.17924528301887,1.06609808102345,3.99361022364217,2.27272727272727,12.0643431635389
"374",0,0,0,0,0,0,0
"375",0,0,0,0,0,0,0
"376",0.664893617021277,0,0.707547169811321,1.06609808102345,3.99361022364217,2.27272727272727,8.04289544235925
"377",1.1968085106383,3.20512820512821,1.41509433962264,2.13219616204691,2.3961661341853,2.27272727272727,6.70241286863271
"378",1.72872340425532,0,0.825471698113208,1.06609808102345,0,0,0
"379",1.46276595744681,1.6025641025641,0.825471698113208,1.06609808102345,5.59105431309904,9.09090909090909,9.38337801608579
"380",1.1968085106383,1.6025641025641,0.943396226415094,1.06609808102345,4.79233226837061,4.54545454545455,8.04289544235925
"381",1.32978723404255,1.6025641025641,0.589622641509434,1.06609808102345,5.59105431309904,11.3636363636364,13.4048257372654
"382",0.797872340425532,1.6025641025641,1.06132075471698,1.06609808102345,3.19488817891374,2.27272727272727,5.36193029490617
"383",1.1968085106383,1.6025641025641,1.17924528301887,2.13219616204691,3.99361022364217,2.27272727272727,9.38337801608579
"384",0.531914893617021,3.20512820512821,0.825471698113208,1.06609808102345,3.19488817891374,2.27272727272727,9.38337801608579
"385",0.930851063829787,0,1.17924528301887,0,0,0,0
"386",0,0,0,0,0,0,0
"387",0.930851063829787,0,1.17924528301887,0,0,0,0
"388",0.797872340425532,3.20512820512821,0.707547169811321,1.06609808102345,3.19488817891374,2.27272727272727,8.04289544235925
"389",0,0,0,0,0,0,0
"390",0.930851063829787,1.6025641025641,1.06132075471698,1.06609808102345,4.79233226837061,4.54545454545455,5.36193029490617
"391",1.46276595744681,1.6025641025641,0.943396226415094,1.06609808102345,3.99361022364217,6.81818181818182,12.0643431635389
"392",0.930851063829787,1.6025641025641,1.41509433962264,1.06609808102345,3.99361022364217,2.27272727272727,6.70241286863271
"393",1.1968085106383,0,1.29716981132075,0,0,0,0
"394",0,0,0,0,0,0,0
"395",1.1968085106383,0,1.06132075471698,2.13219616204691,3.99361022364217,6.81818181818182,6.70241286863271
"396",1.06382978723404,1.6025641025641,0.943396226415094,1.06609808102345,1.59744408945687,2.27272727272727,5.36193029490617
"397",0.797872340425532,3.20512820512821,1.06132075471698,2.13219616204691,3.99361022364217,6.81818181818182,9.38337801608579
"398",1.32978723404255,1.6025641025641,0.825471698113208,2.13219616204691,3.19488817891374,4.54545454545455,8.04289544235925
"399",1.1968085106383,1.6025641025641,0.825471698113208,1.06609808102345,3.19488817891374,6.81818181818182,8.04289544235925
"400",0.664893617021277,0,1.17924528301887,0,0,0,0
"401",0.797872340425532,1.6025641025641,0.589622641509434,1.06609808102345,3.19488817891374,2.27272727272727,8.04289544235925
"402",1.1968085106383,0,0.825471698113208,1.06609808102345,3.19488817891374,6.81818181818182,9.38337801608579
"403",0,0,0,0,0,0,0
"404",1.06382978723404,1.6025641025641,0.825471698113208,2.13219616204691,6.38977635782748,2.27272727272727,9.38337801608579
"405",1.06382978723404,0,0.943396226415094,2.13219616204691,3.99361022364217,4.54545454545455,6.70241286863271
"406",0.531914893617021,0,1.53301886792453,0,0,0,0
"407",0,0,0,0,0,0,0
"408",1.06382978723404,3.20512820512821,1.17924528301887,1.06609808102345,3.19488817891374,6.81818181818182,10.7238605898123
"409",0.797872340425532,1.6025641025641,0.707547169811321,1.06609808102345,3.19488817891374,2.27272727272727,5.36193029490617
"410",0,0,0,0,0,0,0
"411",0.930851063829787,0,1.06132075471698,0,0,0,0
"412",1.32978723404255,0,0.943396226415094,3.19829424307036,4.79233226837061,2.27272727272727,6.70241286863271
"413",0,0,0,0,0,0,0
"414",1.1968085106383,1.6025641025641,0.825471698113208,1.06609808102345,2.3961661341853,2.27272727272727,6.70241286863271
"415",0.930851063829787,1.6025641025641,1.06132075471698,2.13219616204691,2.3961661341853,2.27272727272727,4.02144772117963
"416",0.930851063829787,3.20512820512821,1.29716981132075,2.13219616204691,4.79233226837061,4.54545454545455,9.38337801608579
"417",0,0,0,0,0,0,0
"418",1.1968085106383,3.20512820512821,1.17924528301887,2.13219616204691,3.99361022364217,4.54545454545455,5.36193029490617
"419",1.1968085106383,1.6025641025641,1.41509433962264,1.06609808102345,3.19488817891374,4.54545454545455,9.38337801608579
"420",1.06382978723404,3.20512820512821,1.17924528301887,1.06609808102345,3.99361022364217,4.54545454545455,5.36193029490617
"421",0.797872340425532,0,0.707547169811321,0,0,0,0
"422",1.06382978723404,0,1.06132075471698,0,0,0,0
"423",0.664893617021277,0,1.06132075471698,3.19829424307036,3.19488817891374,2.27272727272727,8.04289544235925
"424",1.06382978723404,3.20512820512821,1.06132075471698,1.06609808102345,4.79233226837061,2.27272727272727,10.7238605898123
"425",1.06382978723404,1.6025641025641,0.589622641509434,1.06609808102345,6.38977635782748,2.27272727272727,6.70241286863271
"426",0.930851063829787,0,1.06132075471698,3.19829424307036,5.59105431309904,6.81818181818182,5.36193029490617
"427",0.930851063829787,0,0.943396226415094,1.06609808102345,4.79233226837061,4.54545454545455,5.36193029490617
"428",0.930851063829787,1.6025641025641,1.06132075471698,3.19829424307036,3.19488817891374,2.27272727272727,6.70241286863271
"429",1.32978723404255,0,1.06132075471698,0,0,0,0
"430",0.664893617021277,1.6025641025641,0.589622641509434,2.13219616204691,3.19488817891374,9.09090909090909,8.04289544235925
"431",0,0,0,0,0,0,0
"432",0.531914893617021,1.6025641025641,1.17924528301887,1.06609808102345,3.99361022364217,6.81818181818182,9.38337801608579
"433",0.797872340425532,0,0.943396226415094,0,0,0,0
"434",1.1968085106383,3.20512820512821,1.17924528301887,2.13219616204691,3.99361022364217,4.54545454545455,6.70241286863271
"435",0.930851063829787,0,1.06132075471698,0,0,0,0
"436",0.664893617021277,3.20512820512821,1.17924528301887,1.06609808102345,3.99361022364217,4.54545454545455,16.0857908847185
"437",1.06382978723404,1.6025641025641,1.06132075471698,0,3.99361022364217,6.81818181818182,9.38337801608579
"438",0.797872340425532,1.6025641025641,0.825471698113208,1.06609808102345,3.99361022364217,4.54545454545455,6.70241286863271
"439",0.797872340425532,1.6025641025641,1.06132075471698,0,0,0,0
"440",1.46276595744681,0,1.41509433962264,0,0,0,0
"441",0.930851063829787,3.20512820512821,1.06132075471698,1.06609808102345,5.59105431309904,6.81818181818182,9.38337801608579
"442",0,0,0,0,0,0,0
"443",1.06382978723404,1.6025641025641,0.707547169811321,1.06609808102345,3.19488817891374,2.27272727272727,10.7238605898123
"444",1.1968085106383,1.6025641025641,0.707547169811321,1.06609808102345,3.19488817891374,2.27272727272727,9.38337801608579
"445",1.06382978723404,0,1.17924528301887,0,0,0,0
"446",0,0,0,0,0,0,0
"447",1.06382978723404,0,0.825471698113208,1.06609808102345,7.18849840255591,6.81818181818182,9.38337801608579
"448",1.1968085106383,0,1.17924528301887,0,0,0,0
"449",0.930851063829787,0,1.06132075471698,0,0,0,0
"450",0,0,0,0,0,0,0
"451",0.664893617021277,1.6025641025641,0.943396226415094,3.19829424307036,5.59105431309904,2.27272727272727,5.36193029490617
"452",0.797872340425532,1.6025641025641,1.17924528301887,1.06609808102345,4.79233226837061,4.54545454545455,9.38337801608579
"453",1.72872340425532,0,1.06132075471698,0,0,0,0
"454",0.930851063829787,1.6025641025641,1.17924528301887,0,3.19488817891374,4.54545454545455,10.7238605898123
"455",1.1968085106383,0,0.943396226415094,0,0,0,0
"456",0,0,0,0,0,0,0
"457",0.930851063829787,0,0.707547169811321,4.26439232409382,5.59105431309904,4.54545454545455,9.38337801608579
"458",1.06382978723404,1.6025641025641,0.943396226415094,2.13219616204691,3.99361022364217,4.54545454545455,9.38337801608579
"459",0.797872340425532,0,1.29716981132075,0,0.798722044728434,0,0
"460",0,0,0,0,0,0,0
"461",1.59574468085106,1.6025641025641,1.06132075471698,1.06609808102345,4.79233226837061,2.27272727272727,6.70241286863271
"462",1.46276595744681,0,0.943396226415094,0,0.798722044728434,0,0
"463",1.06382978723404,3.20512820512821,0.707547169811321,0,3.99361022364217,4.54545454545455,8.04289544235925
"464",0.664893617021277,1.6025641025641,1.06132075471698,1.06609808102345,6.38977635782748,4.54545454545455,6.70241286863271
"465",0.531914893617021,0,1.06132075471698,0,0,0,0
"466",0.930851063829787,1.6025641025641,0.943396226415094,1.06609808102345,3.99361022364217,9.09090909090909,9.38337801608579
"467",1.1968085106383,1.6025641025641,0.825471698113208,1.06609808102345,3.19488817891374,4.54545454545455,9.38337801608579
"468",1.86170212765957,3.20512820512821,1.06132075471698,0,6.38977635782748,4.54545454545455,5.36193029490617
"469",0.664893617021277,1.6025641025641,1.53301886792453,1.06609808102345,6.38977635782748,2.27272727272727,8.04289544235925
"470",0.930851063829787,0,0.943396226415094,1.06609808102345,3.99361022364217,4.54545454545455,13.4048257372654
"471",0.797872340425532,1.6025641025641,1.29716981132075,1.06609808102345,2.3961661341853,4.54545454545455,5.36193029490617
"472",0,0,0,0,0,0,0
"473",0.797872340425532,0,0.707547169811321,0,0,0,0
"474",0.797872340425532,0,1.06132075471698,0,0,0,0
"475",0.930851063829787,0,0.825471698113208,1.06609808102345,4.79233226837061,4.54545454545455,8.04289544235925
"476",0,0,0,0,0,0,0
"477",0,0,0,0,0,0,0
"478",0.797872340425532,1.6025641025641,1.06132075471698,2.13219616204691,3.99361022364217,2.27272727272727,9.38337801608579
"479",0.664893617021277,1.6025641025641,0.589622641509434,1.06609808102345,4.79233226837061,4.54545454545455,8.04289544235925
"480",0.664893617021277,4.80769230769231,1.17924528301887,1.06609808102345,4.79233226837061,6.81818181818182,6.70241286863271
"481",1.06382978723404,0,1.29716981132075,0,0,0,0
"482",1.46276595744681,0,1.06132075471698,2.13219616204691,4.79233226837061,2.27272727272727,10.7238605898123
"483",1.06382978723404,1.6025641025641,1.06132075471698,2.13219616204691,3.99361022364217,4.54545454545455,8.04289544235925
"484",0,0,0,0,0,0,0
"485",1.32978723404255,1.6025641025641,1.41509433962264,1.06609808102345,3.99361022364217,2.27272727272727,9.38337801608579
"486",0,0,0,0,0,0,0
"487",0,0,0,0,0,0,0
"488",0,0,0,0,0,0,0
"489",0,0,0,0,0,0,0
"490",0,0,0,0,0,0,0
"491",0,0,0,0,0,0,0
"492",0.930851063829787,0,0.707547169811321,2.13219616204691,2.3961661341853,2.27272727272727,8.04289544235925
"493",0.797872340425532,3.20512820512821,1.06132075471698,1.06609808102345,4.79233226837061,4.54545454545455,6.70241286863271
"494",0,0,0,0,0,0,0
"495",0,0,0,0,0,0,0
"496",0.930851063829787,0,0.943396226415094,0,0,0,0
"497",0.797872340425532,0,1.06132075471698,0,0,0,0
"498",1.72872340425532,0,1.29716981132075,0,0,0,0
"499",0.797872340425532,1.6025641025641,1.06132075471698,1.06609808102345,3.99361022364217,4.54545454545455,8.04289544235925
"500",0,0,0,0,0,0,0
