"","age1_orange.H","age1_green.H","age2_no_comorbid_orange.H","age2_no_comorbid_green.H","age2_comorbid_green.H","age3_no_comorbid_green.H","age3_comorbid_green.H"
"1",48.2987156939509,0,54.3760014396264,0,0,0,0
"2",37.3312590461707,49.5721205442805,42.0168865783176,64.6937879396354,55.1558070890712,70.4268121723349,55.4307452440763
"3",51.9155256565474,94.540056347108,50.9490459854709,0,98.0406431800251,104.072522934193,89.7449132403415
"4",63.1973446503018,0,41.8898174724314,0,0,0,0
"5",50.9949521401707,0,52.9815971911129,0,0,0,0
"6",0,0,0,0,0,0,0
"7",53.6536589329767,0,58.4120227645261,0,0,0,0
"8",44.845506461919,66.3033037337082,52.9120949326806,0,72.9987702514917,56.3400081543654,75.6646682232934
"9",0,0,0,0,0,0,0
"10",47.1146180707999,84.3616956955498,54.4854649349894,45.7660188092975,67.0015358225442,66.4291114183391,68.4523622338463
"11",44.9217745967056,0,42.5573538562725,78.1782780129187,95.4949729963753,77.8005180168923,83.2168707586258
"12",72.1405433300858,85.0849452373383,68.9190287550928,111.090206750264,97.8950564659949,105.510669827632,95.9085805559252
"13",42.9460667956056,0,46.7143104775421,115.279130718921,90.2018854522099,100.840453302382,90.4806897690488
"14",58.1315583805543,118.610501416121,66.7347653545154,116.138589059157,137.952592666025,129.717724936373,121.322920410858
"15",48.2919203848146,0,56.1497312971569,0,0,46.0351982316622,0
"16",73.6712855869281,65.6836902328191,51.8775824204208,78.7248344608192,88.8787514351786,72.9928620807358,91.1067282994229
"17",56.4630204536124,85.1052943031777,56.7567095965805,100.281065201718,80.6278136531024,82.6572979541034,74.5812420652728
"18",50.7637232536279,54.8865222264021,59.6455145298185,86.36555374334,58.1290683712121,53.670119137385,67.7413989008374
"19",44.2998372818733,0,42.5530759016447,0,77.0716343084436,60.5609365763788,72.8723249525593
"20",61.5673063859123,85.3222035204447,49.7586710330495,110.259639199559,94.0307739007963,92.395736068745,103.307406279529
"21",0,0,0,0,0,0,0
"22",0,0,0,0,0,0,0
"23",0,0,0,0,0,0,0
"24",62.7454750246028,93.4120262330547,81.2306426879589,117.076246498061,113.028865070662,143.828683712663,102.757460495497
"25",0,0,0,0,0,0,0
"26",46.2477943519641,117.905966972502,55.6451115109314,84.993098828274,94.0961890413093,99.0731260601835,90.0700461705677
"27",0,0,0,0,0,0,0
"28",51.9169717326613,0,49.0338367970917,0,0,0,0
"29",49.1591627598423,69.2749019184799,58.7197646921752,67.4803409948506,67.4803409948506,59.470633413229,71.480904532327
"30",38.4923928871868,102.495947595195,46.493790050469,106.987683618219,98.6661447203808,103.146074649658,81.6224091416672
"31",0,0,0,0,0,0,0
"32",0,0,0,0,0,0,0
"33",56.1910139893763,79.6443719356437,69.7446504820739,78.4080183797606,90.9973255524775,143.291672831976,101.482049821085
"34",43.8587488977272,42.0850619921234,51.0070090202785,0,93.7793451440252,98.2451792033552,93.7982145397535
"35",51.5590386413143,84.1216233928369,69.8928310075939,71.027033542196,77.66423505913,61.4430521455933,80.1584944742035
"36",48.3608245358387,68.7290777931768,50.9400231257227,73.8680916527387,109.705142536709,66.2096503845091,85.5653601029934
"37",43.7290998107488,87.1721588989118,40.5319498635979,112.638012005883,71.0763988911304,68.2322926941057,80.2933034964985
"38",0,0,0,0,0,0,0
"39",51.0081308810082,86.8620782995831,52.7122482230731,96.6171121814452,99.2543721193326,66.3780417582504,87.5358810043838
"40",0,0,0,0,0,0,0
"41",0,0,0,0,0,0,0
"42",49.4731358437024,96.7883702683376,50.9017878625598,113.222587309838,97.3886151855671,80.5152960846319,88.7751296928669
"43",55.0203705781038,100.353305931228,60.6974087365416,75.9352348927478,84.7163688929444,76.1934400138277,82.8319452952542
"44",45.0800868242234,0,54.5627772983674,0,0,0,0
"45",49.2951254176507,84.9173692895721,63.0667089517377,0,101.890092792245,77.3593191822366,93.6878359743339
"46",0,0,0,0,0,0,0
"47",0,0,0,0,0,0,0
"48",59.3240832318867,69.125780845481,51.7257855195221,92.9758712081726,81.0029817847463,113.291336635189,82.2905369683708
"49",33.085435074396,65.3667241976056,42.4464664480212,81.9195756152497,82.4628779892221,96.3884743986411,80.227328730839
"50",54.240275512274,83.8296438018844,57.9537556079007,63.6179094765783,69.724709737937,74.6454004661972,66.9480791554003
"51",53.9476064550621,0,54.4526491669202,132.291321549479,131.025361965338,124.509023177939,121.696727743965
"52",0,0,0,0,0,0,0
"53",0,0,0,0,0,0,0
"54",48.1216824369618,0,48.101940863822,0,0,0,62.5775436039332
"55",39.0470018107172,0,56.6829820794816,0,0,0,0
"56",65.1277994943229,103.453747430689,62.0557734820773,123.477566331934,121.015133084711,74.1675515167434,107.195760836611
"57",37.3235183585329,78.6158808352138,56.4784124531435,67.7810762541248,62.275991588581,66.1514373555729,90.4962107800744
"58",62.1472074176244,67.6107710512981,73.4293510883167,82.1025760070847,74.3527481326594,81.5486917507756,73.4280449245411
"59",43.6939712934668,109.473637754326,41.7676182602835,93.6365818913652,95.4205934939636,82.1772609731196,86.3998767885959
"60",59.7513726869278,0,73.4527677838978,0,0,0,0
"61",55.1819720798816,83.518112893097,73.1638926513482,103.763249605043,99.5928271053226,89.1993191752876,114.903055960186
"62",0,0,0,0,0,0,0
"63",68.0716807259431,83.3404063561387,71.5971437729649,78.1166472414487,112.16783322316,105.524376788277,107.829926125926
"64",47.5471840769413,87.1415707045588,52.9247885075343,85.9025085055214,99.5459014822599,90.1622067837028,87.7790851964899
"65",80.0651405908098,0,79.3863593539575,0,0,0,0
"66",0,0,0,0,0,0,0
"67",63.5254306085459,72.6444810353178,55.0367775294457,79.3716071731085,80.7771583547026,76.5971241467493,91.7624032210708
"68",51.2777374482031,0,53.1824830459946,60.3636287201349,118.127048684827,138.912408112171,98.5125893350566
"69",43.2172711994629,76.6139881708919,46.675980341226,79.9647626118788,70.5103203761942,88.9158264297425,73.9417083102264
"70",48.8360697878851,0,30.9260762726284,0,0,0,0
"71",0,0,0,0,0,0,0
"72",72.5920164010096,111.365712672405,76.1860965950369,71.3652215716496,105.523992622176,79.2509230807557,96.41593260339
"73",0,0,0,0,0,0,0
"74",48.1251438938345,129.540397653165,43.5826544941296,78.714294928517,114.353668276195,120.747026130202,87.5897384115771
"75",55.6461215767107,0,67.1419985411827,0,0,0,0
"76",55.9490545969162,76.249714134959,56.3454982481378,82.6100520234456,84.9914388740739,75.7092992263463,93.8537370106672
"77",0,0,0,0,0,0,0
"78",72.67367017052,0,78.0973433388709,107.297504562732,101.190112442471,96.1663716696732,95.827078940609
"79",53.5276005759799,98.5917225801396,52.8272220024144,77.4028914172562,79.265699304513,87.8097548200998,106.179586985865
"80",47.1190897217798,103.12902839442,51.4336712694476,0,71.7210548460667,109.6988891197,99.7116235744395
"81",45.1120380256172,67.4237547404164,42.6594107845133,72.9777295619855,88.3431600729779,44.2472517630551,98.0194160473061
"82",50.5433300908894,90.6247995350988,43.7539958707938,97.416835852282,113.145108205234,134.130943665421,109.93830574502
"83",36.979358079529,0,44.1850507440814,80.5470357204208,83.5075946366942,73.8217619354688,92.0405845546719
"84",0,0,0,0,0,0,0
"85",44.9867523404382,59.791417159759,56.7927534301031,78.8502596578473,80.3692228261804,77.7033613290092,75.3644855893333
"86",56.4768858324993,146.235101331667,57.4387591696618,98.1837960290087,148.3505190322,140.889401977655,146.176504676064
"87",42.3734276045989,73.2712254949914,43.1663826079747,61.8965095798517,64.1398625711869,80.6608390169905,68.1802307551558
"88",38.3959934982083,132.279942459257,48.7745393270278,135.685188819657,135.618623894484,126.96590941575,156.120285452414
"89",47.0226514859866,0,54.126944467681,0,0,0,0
"90",51.1943999947679,0,53.2500962447167,0,0,0,0
"91",66.8884761041826,83.1472601929975,63.3667645452407,101.537041384426,97.6260191922824,110.774317177596,96.3688803287916
"92",56.1213543770192,0,53.2932906330399,0,0,0,0
"93",58.6158505854873,49.8376478992238,63.5529225677577,72.9809955679856,76.4405691622553,64.8339486396494,61.7995999203645
"94",0,0,0,0,0,0,0
"95",46.5612077840099,79.6198385273924,49.4993796527287,77.2504060727915,80.472652270758,82.4891066376263,88.3522918011165
"96",50.965012065377,75.7364105734692,54.0801880314667,63.5438555297647,49.2079376022017,72.7978972367111,82.5928133733369
"97",41.7072200618691,0,57.2392096886479,94.973705639263,85.9052216067682,49.876931856108,88.2044050617667
"98",39.0898513272256,0,48.2739464878528,62.8528302935461,77.9215322720046,66.3906951407387,96.7582303631561
"99",44.4617850031952,53.0459505428913,54.8453660851653,74.7243897804269,70.4916894235826,55.9598759418334,58.5108828396197
"100",42.4900229808189,0,55.4822742679273,106.749415852025,88.8858011623665,64.7581152648147,72.0160310567408
"101",54.7366497002003,85.1937107778215,60.1430795832647,94.2947208166728,128.553768866798,106.698481686662,118.645010042442
"102",53.4953039913832,0,57.5031819615976,0,0,0,0
"103",0,0,0,0,0,0,0
"104",48.1047070325243,88.846084132287,46.8731289284455,0,90.0952957594399,99.7899824617248,66.0330602968
"105",70.1124088023013,0,68.6308583470157,0,0,0,0
"106",56.1219727501808,88.9804099269296,77.1906103438772,105.286996754497,85.5343118762245,70.674977899462,84.1920992294703
"107",56.4846005903671,73.8298480775995,49.3039678819319,99.803784889702,85.3360457258002,104.116523682843,98.2896117804482
"108",46.3242692621255,0,47.4259380703248,0,0,0,0
"109",0,0,0,0,0,0,0
"110",0,0,0,0,0,0,0
"111",45.1479472864829,45.9403106400593,42.9612610053341,31.1340626496259,60.2961966313164,58.8822466855539,56.8793667091591
"112",0,0,0,0,0,0,0
"113",0,0,0,0,0,0,0
"114",0,0,0,0,0,0,0
"115",0,0,0,0,0,0,0
"116",38.9807875553962,70.7560302868316,51.4524223971045,51.78331790076,83.6804717590318,94.4329371091973,84.3205427698967
"117",62.286907921426,137.003331041532,63.8979605047082,140.618653328668,115.54343046199,92.0401539512235,134.536056112238
"118",0,0,0,0,0,0,0
"119",55.2057126150141,0,46.4898828373418,0,0,0,0
"120",47.1642850769573,0,46.5915043813348,0,0,0,0
"121",66.5623355095449,0,70.9647462643247,0,0,0,0
"122",53.4844286483136,0,43.3376978375144,0,0,0,38.988956515558
"123",49.5906765519546,122.748897948632,57.3587523323419,0,123.606148318847,110.554292101681,132.013022669413
"124",0,0,0,0,0,0,0
"125",63.7674498125196,0,66.1474070730772,0,0,0,0
"126",46.3029089286325,69.0393280072416,40.9201706627395,96.8310021988827,105.008111863574,92.6016658694917,87.9771819147022
"127",51.9481168096084,123.764907951588,61.0866895123475,0,143.103584040884,132.926601197684,142.357071584536
"128",55.4557040177497,130.952503340173,63.4455736799562,0,124.826328351356,122.771145574086,129.821130232683
"129",0,0,0,0,0,0,0
"130",50.0631842428946,79.8540565772683,48.7857773923777,80.6781036404978,75.6380643680747,66.1545065977155,79.4415913730633
"131",43.6430329806732,108.490970458611,53.8226326478427,111.600985488626,119.538362357538,155.080912335589,117.079388835294
"132",59.1907785881505,0,84.7725851717096,94.8137021401681,105.495902643087,115.883581408121,100.468521851288
"133",47.8946457099232,91.9311870183288,46.03752061867,0,100.109445431976,64.452312762914,106.820411635141
"134",76.8550085533012,118.168324404372,64.8341072482806,76.7811661674002,90.5991053557015,79.7240561544531,98.4080008031564
"135",42.2321407745976,72.0733984527181,42.2436094836661,0,73.4510584849418,82.5417811953801,75.2395193015756
"136",45.0491168679464,0,49.4175326217693,0,0,0,0
"137",50.4483656514185,68.189589244685,40.9890617990934,56.961067685199,67.9563568217715,72.428025353498,69.2183574581006
"138",41.4422667154888,0,51.1799251988463,51.1834052315589,105.349712341229,72.6577971731168,94.9265876140446
"139",40.598792664847,68.4896765917167,51.3029064453472,124.537665147068,90.9315940084482,62.4834058207019,85.9869371315438
"140",48.7301516971414,0,51.1398969119497,0,0,0,0
"141",51.7328481366652,0,58.8588150065077,0,0,0,0
"142",52.5405375699078,73.6666826268451,55.6129882043821,106.165970909632,85.3952079467012,105.052037979765,92.4427126101155
"143",55.6126282079884,104.309873351924,60.7481621031231,146.34203362572,117.218147429878,139.467852381779,104.122497071703
"144",55.6715047431529,77.7475501104938,42.0672576161073,0,80.8584808389668,47.6537475547187,87.5874790178524
"145",61.0510247778911,88.3433155769513,59.48405103379,0,90.4775928413259,100.018085856754,89.6135951523087
"146",48.1790721284465,76.4753748240754,48.3834220995336,71.6856746039776,74.7174531525208,88.2297831621199,93.0258479821111
"147",55.5107617806931,0,62.121069573699,59.7852960223343,52.3301177421198,53.6588176805402,64.7170406026253
"148",0,0,0,0,0,0,0
"149",0,0,0,0,0,0,0
"150",64.5105640155181,56.0637189744213,60.9473627004178,64.0976008867343,73.64836532956,76.1459672446689,70.3878635648403
"151",63.2312510229604,0,66.4857603711444,0,0,0,0
"152",55.3969233467589,0,62.7863424205195,0,0,0,0
"153",0,0,0,0,0,0,0
"154",0,0,0,0,0,0,0
"155",36.1856935025752,88.5766100854694,48.9179494100705,102.318084453476,89.2626707194384,90.6245813922501,91.5262201061262
"156",58.3257191239017,103.238771517548,69.50982727849,118.457564965266,141.692067865249,136.187916767154,137.674011757281
"157",42.7395359255787,0,45.0353693250301,83.5920991237352,72.5897331159718,86.3623677108408,77.1517535001029
"158",46.3785506961918,0,50.4523405938187,0,0,0,0
"159",46.7789005557415,63.1138489373931,42.0241538746775,74.4796201550375,63.9305473429777,92.4500537587409,78.2507433325914
"160",44.9907361638612,110.433805413433,59.2542392096772,106.083161861418,111.778325994533,91.6672507032269,108.86199690958
"161",44.7195803334018,51.3670684303679,55.2374199348016,50.9763325392752,58.4526824548891,54.7648496803768,53.0992786259684
"162",54.6263058011797,77.9864794203619,65.6939112540471,99.3128521806591,86.2602608444883,87.0538714767464,87.4923356947932
"163",61.3331987734773,116.40095450122,48.1020543948932,92.8067169503052,104.826893780932,96.2365639479975,90.5879795104399
"164",62.3861601880686,0,53.739435736598,0,0,0,0
"165",53.5272354772273,62.9918570210632,47.2335275715882,99.738419181664,70.7879723247137,92.5535534080757,72.8470797361187
"166",59.9744874649056,0,56.4636638212413,0,0,0,53.0503181819864
"167",62.0832549266391,0,58.775544700956,65.7408165166218,71.5316327302044,95.4833466579491,95.2549103239246
"168",43.9456103443734,90.7849150575159,45.7355357055957,45.0373750615811,123.496894450067,115.258259366754,102.382318203505
"169",72.5978914803882,0,72.7935203515268,0,0,0,0
"170",79.1887479773283,93.3438524884444,82.0318499479806,115.708817363657,107.076041985566,91.0025100631069,103.865631122099
"171",42.5735025465392,75.3653203888684,35.7876977241407,86.8251434880647,106.878786377985,62.1090509338386,95.6858344509037
"172",0,0,0,0,0,0,0
"173",53.9374341679114,65.9068281431598,50.4130968683344,87.922930366402,81.206937430421,81.0539936567333,83.0200161349482
"174",50.0387792219077,0,60.6877166683265,120.611220165201,122.655626925109,69.5145375437266,89.2476219387163
"175",42.4865356449005,0,49.0844025820168,90.838421540012,98.8631254957648,78.8415473711373,97.6621674459443
"176",45.7307828428569,0,65.6311185097209,0,0,0,0
"177",43.7566241896711,0,45.0303384465432,0,50.9753935800552,0,0
"178",34.6022879561777,68.2711043868003,54.2892647110248,57.3635322950755,64.9951570071009,51.0286276899346,77.5172065658248
"179",47.6758934801663,0,44.0970986884226,62.7037639221015,75.3349308691953,50.8943139533129,77.3313622412541
"180",0,0,0,0,0,0,0
"181",60.4801398149411,102.040743800792,64.3711874133314,103.545104201838,113.442375998544,86.2158542979757,98.749447948992
"182",63.3877881678011,0,73.3985240715808,0,0,0,0
"183",0,0,0,0,0,0,0
"184",44.7656258164218,0,51.4560608338202,0,0,0,0
"185",53.593809307295,86.845682876613,64.5110496570518,74.9286658844206,94.5914587184794,104.302243046569,97.7375522508622
"186",0,0,0,0,0,0,0
"187",50.9182668428874,0,54.595703329116,83.2093873483007,78.8212661445783,73.9797418319675,75.0945006853021
"188",44.398751152948,0,54.5221352753042,0,59.939971165161,0,0
"189",0,0,0,0,0,0,0
"190",43.6331361879939,46.5855693024791,47.6652798483528,61.3189229548411,67.6910974498126,69.2368640760636,78.4641212618442
"191",59.2917050390768,0,76.3219665810648,0,0,52.5716046597764,0
"192",32.7715111721562,55.489085274523,41.910300475871,64.3265661224975,85.6411544465988,85.9901433054431,73.5213717527463
"193",0,0,0,0,0,0,0
"194",55.0612680065642,81.318820728346,61.7478608913303,64.5707209689867,78.9355354934685,91.3326159063202,86.1172202993459
"195",47.9756761530878,0,37.495888540517,68.2288444144801,57.4753066556996,58.9405363273664,70.4475206198635
"196",54.5033817187422,131.526857080994,67.9592978344945,89.2234486909418,130.621933330863,122.841952193971,139.195425180497
"197",51.4602440492906,88.2788564653127,53.0054420950638,117.962070589048,98.2771282940385,120.268258174639,96.4722616316831
"198",44.6238278145898,123.387321006009,50.6787554467794,94.8870559723836,136.586242313444,118.801445763547,123.017217025852
"199",46.3764531608506,83.0983903860716,45.6736157002498,82.9211319563163,70.1181095482025,93.4022618506666,78.7110664882371
"200",43.3724522259754,0,41.5703212684597,0,0,0,0
"201",0,0,0,0,0,0,0
"202",61.6967114614085,82.5541896202398,57.3684264753037,73.1232575241188,77.7602330163203,70.1198356761325,84.6637128056262
"203",67.8231216980041,0,55.2146523504555,108.646559920156,95.4922999791589,98.2974720217114,105.119268711098
"204",67.6667671598014,0,69.0680278331093,92.4342236394751,89.5746726478832,142.016817777137,87.342082356278
"205",48.0052835147008,68.2845879612923,56.9075439075795,48.3277513121221,74.7702243731565,74.7750363236178,119.749656738629
"206",51.2054891015729,0,44.915100948738,0,0,0,0
"207",43.4183602298508,0,59.1756460844556,0,0,0,0
"208",52.229507985318,68.9785924776172,48.2039874038128,67.2177022380956,89.2926159374582,82.0913395797115,89.7901634524209
"209",0,0,0,0,0,0,0
"210",39.907422291807,81.4103183900234,36.4477048829358,85.3327448132177,80.232757965233,102.548214562065,78.2864882842062
"211",0,0,0,0,0,0,0
"212",45.2753330205454,71.9920018406136,35.6178865467188,69.079712478197,68.8265480763309,85.9288976169027,80.9244286254867
"213",52.1133368366457,0,48.9009708320965,0,0,0,0
"214",48.3867937682962,0,58.3880918454213,0,0,0,0
"215",64.6790285415433,91.1386081610296,67.9695887596508,108.343788064865,106.231088973187,102.684354635147,96.6541288651377
"216",53.7340012873455,0,66.267542333609,0,0,0,0
"217",57.0858640612958,0,54.8995816504758,0,0,0,0
"218",44.8630510310605,0,56.4843263799795,59.1909602660109,82.6313196187508,69.6202966133072,73.0900552980595
"219",0,0,0,0,0,0,0
"220",47.1449175047166,56.060190063624,46.0392857357498,69.1772353236488,74.0386691783666,82.5121065736773,61.9645324436887
"221",46.041855541892,74.1176832862724,48.1302636700115,70.9613303687509,83.819402934418,75.9730194443101,74.3828378286957
"222",33.1038531348666,0,40.5961239690437,0,0,0,0
"223",45.5269462619724,0,58.9572587615695,92.274734196958,92.6627649087855,102.292756106262,120.184887577728
"224",47.3873762714966,59.433491578873,53.0847566738789,69.0651785037677,61.482144577173,79.0714844773509,70.7300035213585
"225",55.2284183816386,94.7849563393189,65.2243126817221,83.5617122397349,121.130300692105,123.004068966043,118.010105860173
"226",0,0,0,0,0,0,0
"227",59.477740662187,66.4504091861871,59.133201670405,82.7605869625231,85.1136408118327,81.3051974709821,75.418188814386
"228",58.0675194678581,120.258079691834,71.7612511395085,99.117853952194,106.194599058609,124.609459514874,104.760833048713
"229",59.6415736614269,90.5053100501304,58.7090230274287,82.2975421641799,101.482800076366,50.6029276174101,92.4636117718654
"230",42.0150780427649,0,51.1087282114662,0,86.1883387921939,84.5561196748365,101.012120623018
"231",43.0599079505494,0,47.7838379761608,0,0,0,0
"232",32.9081906311906,0,45.7026283895305,0,71.7667453404436,0,0
"233",55.0414308752339,75.37227380473,54.4692253869583,0,88.7496135624959,70.8421987484103,81.5428116581905
"234",64.6595901698662,77.2034092988629,66.6716104672685,80.6638866452166,81.5569349213165,99.7720926180245,78.1232335415669
"235",0,0,0,0,0,0,0
"236",38.3022696055603,68.5175497792799,46.4162654775914,0,86.3169998938018,78.2698005257501,77.9982788189307
"237",62.8452695715066,0,47.6701616057062,0,0,0,0
"238",52.8746663791518,0,47.4887009972475,0,0,0,0
"239",67.0145717333401,122.002212211616,75.1384991892658,72.872077779278,119.777915458078,131.450927933905,104.45127004928
"240",44.8779591294302,0,47.5813306927969,0,0,0,0
"241",51.0490123322636,96.0909654377569,57.8643964433365,137.466986942847,124.656935059046,0,135.939233795088
"242",46.6059003839402,73.2717310621337,45.180561257226,100.958035068005,123.255484742929,126.581066578603,105.649520446227
"243",51.164284463588,0,78.1506205283227,0,0,0,0
"244",43.46820531736,0,48.6690188303696,0,0,0,0
"245",93.8673545178758,81.7250819258158,75.109041971619,103.502668445461,93.0683898383206,102.8461604205,92.2866011987527
"246",50.7148999630161,87.6969520120132,58.6009990302293,70.4508579108386,89.944017297918,115.810802132814,91.6925526950751
"247",67.6816534283817,0,53.741163071847,114.191732726561,82.8996039230807,102.033720681051,106.250675326515
"248",43.5886128363747,88.7182076506404,47.091193863238,83.5064772552214,95.2767977882231,97.4007647548538,101.789825652611
"249",49.0855423902414,54.3554868386318,50.304986951449,52.2118957734515,55.0132866996668,77.4167129197168,78.885713609425
"250",52.5306999812966,70.2057189788636,65.8015723509794,108.743499936026,93.948403918469,80.5849777205266,90.9948353787778
"251",46.8372503832355,115.630889393794,47.5420934240446,0,104.224600097828,97.9843429550996,95.4550983952998
"252",0,0,0,0,0,0,0
"253",67.2951469504296,80.2001386403957,59.1353619115756,66.0476513533266,85.3336040326098,59.7156331010835,58.6336308945807
"254",38.027325969615,50.5928855170118,41.9389600851774,64.652060489903,69.798794710186,50.3041883250605,61.1773152608674
"255",56.6306864474037,0,53.3303317134509,0,0,0,63.6535024643524
"256",69.059594811695,137.900022525764,82.8402444098487,0,141.560052949655,0,144.204933843841
"257",51.7228684066747,0,43.044850295485,101.737854357184,90.2521210641733,97.5223516200873,87.1865366771781
"258",48.9255899123285,0,46.0608684417257,0,82.656425144767,71.4831873129272,103.826000457711
"259",64.2544874838118,82.0922027626982,80.0063877546761,88.5797468717872,83.0251362934549,99.5361827523086,77.2630458335455
"260",61.5934206779665,79.5576611444618,73.8217392770611,89.6368580262059,81.4022964407486,73.1824660372842,79.4695619321564
"261",44.5028038089604,109.93016680724,55.4991383525075,95.3284306229485,110.257162576613,98.103382361363,113.216785188884
"262",0,0,0,0,0,0,0
"263",62.7703049484695,0,58.8634031676754,0,0,0,0
"264",57.5301396092774,0,61.8156298703093,105.768911565931,90.0556198483913,73.4036131162793,76.5750237504259
"265",40.3529747322695,0,41.7808776230844,0,0,0,0
"266",0,0,0,0,0,0,0
"267",48.2356283166311,0,67.6543817015786,73.8783232636185,59.4188044815828,73.4199436537697,78.385809790642
"268",43.7027665038795,125.756771604865,54.5429652242364,0,98.5498618505207,116.37652837414,121.614471603613
"269",47.9859130311001,64.0474251927972,55.4604543188572,94.6965064937581,84.7897003769334,55.0923448573967,71.6152921004196
"270",53.2501434528539,90.1898914330706,56.6943405501685,71.6460698128604,91.5973612065997,70.1878546784037,75.5608132083906
"271",65.7370049135595,0,68.8521613562238,103.138736633207,92.4330474848658,99.3229970570918,94.1865093847586
"272",43.8925525750868,0,54.0835175695259,0,0,0,0
"273",0,0,0,0,0,0,0
"274",50.6282214487824,0,50.2521968369617,0,0,0,0
"275",52.9110317343257,91.0995517522743,56.6231097366192,49.9528542079654,74.9459101461237,76.2770783026699,79.8215821687853
"276",56.8237318137957,0,61.003844244734,0,82.7153532188837,90.7497108829255,86.4254654429212
"277",54.4746762202712,68.9985655111515,35.8553220133052,105.800567725334,138.345422020936,150.897531617677,116.586852048409
"278",0,0,0,0,0,0,0
"279",44.770026093589,66.3941995685492,56.4932136960275,54.8146993930486,70.4081031037741,78.52016058039,61.8618904330294
"280",48.1088404002197,81.1595285208219,46.0937561226533,106.910660676304,92.2477062443102,95.1922995762786,105.225530189222
"281",46.9607806714868,0,54.1733159662328,0,0,0,0
"282",38.873557867994,100.938381807443,39.3696128030422,0,81.5406212114393,113.184840521281,96.1534596905178
"283",60.126537930463,0,61.7491386011683,0,0,0,0
"284",51.8264290207646,0,45.5030272899785,99.4311286842952,95.6628141936399,71.1717124939648,84.9146393427523
"285",43.3196905030624,73.117705550258,51.5820308589685,71.0703085055629,83.9347434906039,83.3628936567116,76.0189895162291
"286",41.4765420182345,0,42.6742847165219,0,39.7713510071417,0,0
"287",0,0,0,0,0,0,0
"288",40.9335690660507,0,41.3890814138797,0,0,0,0
"289",44.2626910617256,97.3515971621015,46.8807672274609,0,108.578217955523,0,103.468108147054
"290",42.5915760931221,58.086940411062,43.9457824971501,76.1179488972676,78.1004197463206,83.0299236409213,79.4863412755139
"291",59.4477903608602,0,61.3271424516844,0,0,0,0
"292",73.9839145752005,105.22869648103,79.4428954855102,102.968379982163,107.602497436153,126.899324797861,137.210884939621
"293",38.1120970753037,0,57.1865735420834,0,0,0,0
"294",43.9391554343204,78.9665775268523,61.3394055625499,51.1235483944553,88.1859699544554,35.9266217351633,63.6746591407498
"295",0,0,0,0,0,0,0
"296",65.4483623964622,102.584842762974,60.0009817612465,81.8882453627933,82.7055372540333,79.0396193622997,83.03120288851
"297",52.5519161575961,103.376242036272,48.8495338565514,63.9283249864346,89.6928411671331,113.064147294272,109.045054664872
"298",47.7957250022215,0,57.9695051671385,0,0,0,0
"299",46.9707406593919,0,38.8472634548569,49.0647457681623,90.7397309973736,83.5635065468472,94.6457408839477
"300",55.330557054293,0,55.9618912677851,0,0,0,0
"301",0,0,0,0,0,0,0
"302",0,0,0,0,0,0,0
"303",65.8548654427192,99.4648808580924,79.7175656365566,116.986031086287,119.067934151729,105.167582439582,104.709237892406
"304",46.9752562227074,0,60.737209822669,0,0,0,0
"305",43.9137163111794,0,51.7844810938246,86.6456158960747,61.4039970495567,81.4217895891137,76.8204535262656
"306",55.1728404828575,48.1933858582237,44.2819317473831,71.7966632891476,67.2349977050667,66.7174298092638,81.6501942799011
"307",48.6726848868938,0,45.2845209888479,79.2166200495981,78.1340768008305,82.310048490244,78.8443900135905
"308",56.1235434436447,0,53.9402103420287,0,0,0,0
"309",0,0,0,0,0,0,0
"310",51.3959858672571,92.7871447878335,38.791169596963,93.5646152437539,90.4991435632709,107.297517499204,104.922841668369
"311",66.3837195467069,83.1943332202544,46.5843305821669,86.4841205061183,81.5531667274493,78.245442508114,92.2297749405563
"312",51.9569790670623,0,40.7232585334459,0,0,0,0
"313",45.9525380266176,0,48.2098622054494,0,0,0,0
"314",56.8349469242031,90.6948408924058,50.2347595581289,74.438479960132,91.0379187679274,73.6334403264088,94.9024763051975
"315",46.1755228553731,95.9780902565091,57.598965178726,92.1065862796674,99.6565297924528,106.237685188757,91.5962606076953
"316",52.9626923677789,0,59.9063769314976,0,0,0,0
"317",63.4420905891085,0,67.9211937296392,127.642692406836,100.533046778177,0,105.876089385588
"318",52.4435048491788,82.6351904272089,48.8909417440237,84.2381945998382,85.4794406734887,70.5634418784159,93.4723369068663
"319",62.4947963661408,0,72.4480944281583,91.6454146353261,92.2020567021279,97.4339987269247,97.5745947981259
"320",56.3630988845499,77.2621466249035,51.1150896768023,92.7841391806281,71.9440086296047,100.017746794442,99.6239370289388
"321",56.0514199989744,120.438690225176,51.4847545916027,0,136.072597548368,130.779292062445,138.117618197374
"322",0,0,0,0,0,0,0
"323",0,0,0,0,0,0,0
"324",51.6917371693881,60.0970406476424,52.0948089538403,66.9367455918611,52.5014215218666,53.2702358257478,51.8603448425151
"325",57.368377423192,101.262028995382,55.2324388149815,98.6079057201697,109.45065929084,94.1736824874808,107.469451727724
"326",42.3100635755619,122.15548599686,54.8586407469815,154.431113632693,151.364111424182,148.907030968983,140.955236672574
"327",42.6266453668606,0,51.6709531313261,0,0,0,0
"328",54.4456884318819,0,50.0255529923253,79.6111321686521,83.2439548436424,67.1753588289355,69.7070345634511
"329",45.5354919206144,91.3457982841505,56.5119839843266,69.2967224916683,89.9405740738997,85.8544398760833,85.1334640195156
"330",57.8641642461837,0,67.1115493032175,0,0,0,0
"331",57.0765416632465,126.058885039905,55.8638545784374,0,89.3069091005733,87.8264798560602,71.7587435429452
"332",49.0905291953883,0,45.0156724510406,0,0,0,0
"333",48.6799553394492,0,48.1128274127981,0,0,0,0
"334",46.786698710561,87.0891404969593,45.566475266867,78.2667824721381,103.766295855683,102.792796268542,95.3241832736885
"335",62.1953834901189,71.9331171024003,57.7990357898422,72.4781968791029,74.6014418630885,67.4437583336705,88.9070431560122
"336",49.7304540997927,68.7523331421976,50.9056735647215,75.0555782573968,65.843815859368,50.9758627527538,84.7371769529006
"337",47.664838573819,0,40.9501837355152,0,0,0,0
"338",46.0708535054665,0,42.2783508608604,50.9983852229764,72.053656206722,68.9552046869458,86.9749314173599
"339",58.9019934959127,120.383401553578,62.0003928607387,105.913712888386,112.009703880132,95.9845229864496,116.634820426685
"340",57.1871859386397,83.3433880309774,50.6327125641964,80.1387101040842,85.5867472169558,85.4386870564477,84.2472349795814
"341",47.024188533703,0,44.111612276739,0,0,0,0
"342",43.3615009624676,0,60.8387267134968,0,0,0,0
"343",47.7635065661051,63.6456989157069,52.9578764041254,55.4298770057262,76.1141205534821,73.3666939145451,89.7507784090333
"344",61.3245942820207,0,61.2064686635967,0,0,0,0
"345",43.5086688604947,57.1014559340971,45.9256009982042,84.0079519276283,71.6430729084975,74.0151061033169,73.5461695824842
"346",54.3303589440271,100.692079631499,46.4453336825031,92.1997415569819,90.5908043700508,121.031140716696,96.1167131825994
"347",49.3649082500572,53.9391501880688,46.7067332990248,53.0493357647682,57.6343801098376,57.8950605787675,50.5271331709335
"348",57.5277864415825,78.9691705980346,55.3923795084537,53.1690153100072,69.081504523659,49.0435416851095,75.6366729409094
"349",59.0509342695513,0,76.2709030409624,115.344809201397,97.6246565505397,114.942282305382,116.053160324409
"350",69.2696152995457,106.314587052527,63.6410898745658,87.2724962128077,130.316825741079,88.2478594831233,98.2479987383646
"351",48.8627073207709,0,51.1814493112453,0,0,0,0
"352",0,0,0,0,0,0,0
"353",0,0,0,0,0,0,0
"354",51.593586895595,71.1295520780101,54.3859299648782,0,82.3316509444854,78.4660980145799,78.9284866115131
"355",45.996891039576,0,44.9321850360238,0,0,0,0
"356",60.2065391123622,75.9995853160072,55.6485704566394,98.8127450004703,83.3571315273986,75.4659776649867,82.955854108291
"357",0,0,0,0,0,0,0
"358",0,0,0,0,0,0,0
"359",53.9767457132598,0,60.8563838531964,88.9177071689209,80.8435320143702,100.838622939275,87.1422275239148
"360",61.0415300668798,80.6838250241672,60.4299703598324,94.2884336278527,65.0009140550319,88.6377563847802,90.292963023602
"361",62.0964891712788,0,66.5977237713931,0,0,0,0
"362",64.0411926989433,83.0057955288283,62.7403447425135,68.3988500704392,74.3657375695228,78.3772323251323,75.6700435044055
"363",0,0,0,0,0,0,0
"364",47.8543438611533,0,52.4094631047989,75.37341232625,96.251761752715,95.6941198763685,87.2575208637753
"365",55.027279661313,78.1263879398785,46.5215201109619,74.4022681362157,84.7324124631646,90.6847150081206,89.7801243174003
"366",47.5461442473773,0,41.1690551386752,0,0,0,0
"367",48.7827577469288,0,51.2950726400302,0,0,0,0
"368",43.7226642488996,107.884056603436,54.0105187095478,109.364118300676,113.832639802745,111.01470984966,122.209900500371
"369",53.849451409727,111.264925740043,52.2202220749511,90.5660930723171,90.5722591705585,80.7018263967887,91.9648505368079
"370",52.3517739948506,72.9863530295306,43.103678751573,61.375376868006,66.565118165257,117.007852399745,88.0596802880285
"371",59.9851556326648,101.729023562928,69.9428189446908,106.098558013585,103.283255748617,91.6190621315803,101.447019657207
"372",0,0,0,0,0,0,0
"373",45.4477923047802,0,41.5932438507301,82.379968756461,100.365411742554,66.0387181062627,88.298440046494
"374",0,0,0,0,0,0,0
"375",0,0,0,0,0,0,0
"376",45.0875447586363,0,49.2531565381131,91.9402851396791,80.0433573256963,63.0478927111085,75.1432147299296
"377",52.5564185817103,90.7566895462027,58.2855993575118,77.9604486428555,77.2081482550346,73.3064988761821,89.1340837566809
"378",51.7303580124953,0,58.6652810045117,66.4657382902454,0,0,0
"379",64.9265899260192,101.926999247118,60.4379204438619,108.197737480199,116.256884034097,104.787720661866,96.4453378523372
"380",41.4970199724363,78.023767807512,51.273649869098,76.9144261829499,114.380477420367,105.073606889469,90.6831065174141
"381",71.0366612817159,75.5858767743135,64.087296390937,78.7233859083065,102.603168278029,116.103137826399,101.067696559525
"382",50.2770423398795,75.8575041022577,44.0637316650258,63.0190083785302,69.232592630872,58.3142879101004,64.4408013325918
"383",40.9748830156231,107.127683699479,49.0324015855655,138.463144342208,119.341494088877,106.803505117967,108.967255044646
"384",72.1943107634531,97.5826333825373,55.0818219143406,66.8917663150802,75.3258727788243,78.6006970347731,93.105397254299
"385",66.3427504201699,0,52.0229231282186,0,0,0,0
"386",0,0,0,0,0,0,0
"387",51.1614241207225,0,56.9429532606697,0,0,0,0
"388",52.0380699734026,91.8196009783458,61.5515029429222,69.9912099572472,77.0485392706707,89.1387651207211,87.000462893839
"389",0,0,0,0,0,0,0
"390",41.4468699094615,63.6133820796432,47.1527287573099,71.0110928052472,83.6205126323638,111.162126008216,88.5223107107825
"391",43.4569441275042,66.8101453996615,44.0318386800118,90.0668735552889,63.7147473462935,86.2766515541653,70.3272222922901
"392",51.6711325915474,59.607138210578,55.5001106392064,64.5525744966813,75.9553621795579,68.8239550322998,101.502060732667
"393",54.9478410793708,0,64.232933205524,0,0,0,0
"394",0,0,0,0,0,0,0
"395",51.145695449902,0,62.3694355881011,90.6112090078011,102.113478827391,99.5001643035701,104.535349073157
"396",71.9407466385393,122.088631630048,85.7857249388887,138.515167304699,122.168940679224,105.37842446642,149.561303301999
"397",40.9297388986839,52.7859915167451,39.4593905606703,57.4853865382397,69.9687094835365,59.2842621564968,71.4746388676452
"398",48.9998178661184,98.2677492366142,48.564258589955,98.0484189756781,97.6094604592233,106.656065125464,103.397263587218
"399",52.3858071571843,82.0624662891588,48.9518268615634,90.1640108234227,112.260981912226,112.172722859064,111.594882158668
"400",42.4162772573773,0,60.618641871572,0,0,0,0
"401",46.2162253542561,95.4091062281992,54.589143569965,106.786081395714,111.293613492569,70.0775735640396,103.379643971988
"402",43.0340376819433,0,41.0171677969338,71.5871664987772,69.6859414226865,89.6092072957043,88.659750113337
"403",0,0,0,0,0,0,0
"404",57.540375575673,55.9219972838861,43.3554092480147,100.046215979198,99.5160241724501,125.06865302737,82.0147884308883
"405",47.9015057373554,0,53.392630743299,62.7595348723176,74.1116693383404,98.4431289919413,74.1554416508256
"406",57.4110553009358,0,48.6788496964674,0,0,0,0
"407",0,0,0,0,0,0,0
"408",51.6434288009093,92.5832377127578,54.5996756306001,69.8664270876807,67.436373057064,83.2899922785039,80.4204862654007
"409",46.7065587121895,49.6033943938099,56.0778636149181,76.2024318861773,96.1554849657713,61.9824375313251,73.4463331205859
"410",0,0,0,0,0,0,0
"411",44.103410764241,0,41.4730207055911,0,0,0,0
"412",60.74851749744,0,58.2042774006035,101.663677561818,112.330964762948,92.7396097382261,102.337804056401
"413",0,0,0,0,0,0,0
"414",64.0158403584663,125.39486654154,67.5867544943985,107.262396137567,122.027507713496,105.328276518828,133.324688699647
"415",76.2210306129118,85.7960193939327,50.5761521871601,108.595183221369,91.0521520161844,82.1636316734595,120.275791375045
"416",44.9665643836886,66.3912000323353,53.2748294467056,82.1464556495307,60.7527610058686,78.292953016652,64.649317106402
"417",0,0,0,0,0,0,0
"418",54.019915199504,76.182261757933,52.2426362235594,56.8484230458449,77.8241358745967,90.673537944176,89.864890052559
"419",61.3923055220557,80.0485721785572,66.5163665313036,84.7191055911811,101.916890660138,82.0115990145544,89.4394304926201
"420",72.6829901517075,113.962320097214,67.2258451207791,75.9917390660794,97.2115127608349,121.372943344508,103.46251455073
"421",73.8683435195355,0,67.8582985315392,0,0,0,0
"422",47.9210978855612,0,44.260920134822,0,0,0,0
"423",68.4138447501746,0,59.2784732238443,85.7813535948029,84.741309013669,63.3230783649084,110.814332900994
"424",43.5426282735842,93.8374682309465,54.0020012268541,78.9580281751021,75.5819889714043,61.5616321005295,87.7104855509854
"425",52.8939305142963,104.894815266166,48.6964267029448,72.2127350872577,99.280672617516,75.1677924057524,111.279240615174
"426",36.9358719105942,0,35.8330701379282,71.2886596824826,83.7277248102541,88.5489233413661,67.665694102438
"427",38.3897197228113,0,38.3897197228113,89.9708604300693,104.861954499618,74.9334680121962,101.813988535617
"428",52.1692878399732,40.7818233834005,50.9409610499977,68.3160292341721,63.2460161108741,70.0872544633697,60.3696386418077
"429",48.6764209393398,0,41.7918022038054,0,0,0,0
"430",50.485078870726,81.5752010303406,59.8153881136345,92.8287948227124,73.6137898993371,112.144557895925,103.952759231676
"431",0,0,0,0,0,0,0
"432",44.8046266876939,120.745397556762,42.612241978334,103.886073599597,112.268612735243,92.4765591924659,93.7144076260193
"433",40.8083872972054,0,36.9019632752678,0,0,0,0
"434",65.803255328997,100.465330324695,59.8098731650796,85.9321919242055,110.100989624871,116.012746581236,107.830374624652
"435",51.1377159476066,0,52.431080651567,0,0,0,0
"436",51.2681212531787,63.1712327646284,58.412512730983,78.1966524015721,96.861709417714,67.5669904985042,89.4179080795434
"437",43.9533917301743,95.5905386060561,50.2848486302186,0,95.4484911409116,93.2907642387928,90.4211335979002
"438",47.804971330486,89.5880012593513,54.5682262268739,131.540088859709,128.296481156172,112.384622209244,118.92057064712
"439",55.2998007423585,63.8637669044724,53.1329560174067,0,0,0,0
"440",60.4838022839529,0,53.0310147639949,0,0,0,0
"441",71.1954330048114,102.827897506305,61.3455570171078,59.4478454226763,114.019269736016,104.337703588167,104.381464404679
"442",0,0,0,0,0,0,0
"443",55.1605116436503,75.1584111202299,47.3570343699402,28.7695523046052,54.4731917435514,49.1571346237657,55.190627500563
"444",75.0568873500705,88.2865538062429,70.7572865455086,92.2333408598825,116.595706979101,116.016022342453,115.80442727597
"445",82.1481457234767,0,83.3099011726767,0,0,0,0
"446",0,0,0,0,0,0,0
"447",72.0829731002683,0,81.6878620895133,126.711490674163,116.267285002302,117.112795543869,110.202575097974
"448",45.4031865823914,0,52.6318657872927,0,0,0,0
"449",54.5502552384145,0,55.0511941069643,0,0,0,0
"450",0,0,0,0,0,0,0
"451",62.2589296729494,74.6991817470814,86.8424794705836,88.212619740959,99.0490916712888,92.81244648104,94.0101408587467
"452",62.0756854574334,98.8579585803441,51.638749311099,76.7010818126353,109.684386908797,111.892989893056,99.3039968039294
"453",65.6113221290412,0,65.6068578838311,0,0,0,0
"454",51.3588487022512,84.872871831227,55.2388022388896,0,69.9887642528018,55.8874018469136,76.3266246941173
"455",60.2055630188275,0,67.1006599001737,0,0,0,0
"456",0,0,0,0,0,0,0
"457",56.9009276419031,0,59.2003364603956,130.894598485143,126.024874799886,109.522832898738,137.704729373457
"458",56.428020771092,115.156999352354,65.6036341652378,109.940733416082,117.682092325719,126.977691049081,105.073632341755
"459",47.4726988265764,0,48.3318688977547,0,58.8432508967211,0,0
"460",0,0,0,0,0,0,0
"461",41.9767079032632,53.3137175599095,44.5583518965636,83.3824565467573,67.8563484642115,66.0061832047315,60.5637986639047
"462",62.5337947848446,0,49.5053426322332,0,68.4869133152823,0,0
"463",48.9953215310316,74.3626057827242,54.9731398852851,0,74.4722955403216,74.8638585728336,72.7311728339238
"464",56.2376252500582,51.5487025037205,62.7806615361852,96.3844107607555,85.3034537849309,74.4604082237973,80.381709193468
"465",39.2571582264603,0,58.2813433263107,0,0,0,0
"466",56.6488284960436,134.824808000787,52.294451015318,73.5460899495554,112.300460254668,102.31074183711,111.79366620663
"467",54.8686314971717,59.5818006658849,56.8143678531912,71.4973950546345,70.7360075009405,81.2945574379995,81.1231855546094
"468",57.3236894197942,87.2177662291555,56.4272989553209,0,79.2446600704229,65.7727035448526,54.4662010818943
"469",57.4518211748037,81.808855592403,55.5682214145661,78.4039117065202,84.4720327807314,68.9922458893445,79.6218717344485
"470",91.9755655807416,0,95.9499544910906,133.913357286696,138.787534527473,146.83076342468,138.31949641641
"471",40.8178878878363,117.407528200665,42.2648594630593,103.526467093542,103.650233403916,101.659168543017,89.3519917904677
"472",0,0,0,0,0,0,0
"473",45.3996117340556,0,48.8236973328058,0,0,0,0
"474",44.0300772110263,0,44.1577859080205,0,0,0,0
"475",40.9542797029509,0,53.5355690158558,40.2795504336108,57.4451782639707,54.1028141078699,61.1101877171941
"476",0,0,0,0,0,0,0
"477",0,0,0,0,0,0,0
"478",44.0644060263885,63.7165801657847,50.8734348282386,74.6836298443255,69.7245781290615,46.7419124083566,73.7006290276686
"479",54.1102380571915,75.3042475915095,48.4971255549244,76.7651233911664,73.4518015063711,93.4863556987313,81.363894698187
"480",49.981341629105,49.2854924357601,42.8231358665784,59.8294612970677,59.3876333737579,57.0666488050515,46.4055457784189
"481",35.936412821309,0,48.0693730960481,0,0,0,0
"482",55.407789898321,0,52.3678701803173,66.3485660324357,49.7348378685367,72.7543367459254,64.9266863057128
"483",49.7160485332979,94.2599856722992,66.8726774893828,69.8721599802826,85.9802258919341,85.3363834320615,80.85166005864
"484",0,0,0,0,0,0,0
"485",51.615715292691,76.4522341167813,49.4196034394233,62.5538843035378,70.4678966833108,68.1553182269831,71.3729436494578
"486",0,0,0,0,0,0,0
"487",0,0,0,0,0,0,0
"488",0,0,0,0,0,0,0
"489",0,0,0,0,0,0,0
"490",0,0,0,0,0,0,0
"491",0,0,0,0,0,0,0
"492",46.5074556116962,0,49.462396663599,73.0281250368738,64.3558711877598,59.8747510388066,86.8705658410942
"493",51.4352732980577,88.4642644277109,49.0689489807472,125.89703038624,80.7589888305455,126.940537353627,86.8235844763954
"494",0,0,0,0,0,0,0
"495",0,0,0,0,0,0,0
"496",60.7600433380973,0,70.6917928742854,0,0,0,0
"497",50.2947333389076,0,44.0430663520274,0,0,0,0
"498",58.901237499492,0,62.0268825370004,0,0,0,0
"499",51.1221287916671,66.3965589782666,65.7506772837778,82.8630233677256,84.6708060169828,73.4853205126264,103.174377407272
"500",0,0,0,0,0,0,0
