"","age1.A","age2_no_comorbid.A","age2_comorbid.A","age3_no_comorbid.A","age3_comorbid.A"
"1",44.8456312846493,50.1433375987901,50.2081157117269,52.6431629562334,53.0149598540787
"2",42.3796265433647,49.6656981457741,46.2577573880085,41.7675058234028,51.9241236585925
"3",49.7324804246693,63.5776112448443,49.3366106665357,48.2204707297801,46.0513135415942
"4",0,0,0,0,0
"5",49.793456464065,57.2750720240942,59.097336719997,60.3960221696948,55.9492938018045
"6",66.3480901978532,67.286391255054,57.9105311034989,68.996677204544,73.7837153328912
"7",0,0,0,0,0
"8",0,0,0,0,0
"9",48.2062900600031,50.9021276211174,41.3696246418332,45.4505307561165,39.8558415669673
"10",64.2686143020175,68.5173714910916,55.0883591313182,70.5982342245098,69.3651770765767
"11",62.4838049436165,65.237089540393,44.0144740326081,59.6571121249858,66.0046069081735
"12",40.3543839552998,51.1191888784939,45.433063473807,44.3647653377005,48.7728256530883
"13",0,0,0,0,0
"14",52.6064984196339,50.599906486566,43.8623907438276,34.9467961041067,44.795737195928
"15",62.2996423912365,68.2930217010366,59.4113240303438,64.5498988063805,64.2081886188264
"16",55.6431610469568,45.2913227018293,60.7647922033263,52.5129915292983,59.8077570435765
"17",53.6889560482554,53.6068538617671,48.8774646570769,78.4141208039223,50.4119760333647
"18",0,4.60239465649544,0,0,0
"19",0,0,0,0,0
"20",50.6084782769254,55.3735106743905,55.6307192886252,67.0516460493567,65.3501026955909
"21",66.1004466750415,70.1516915127586,64.5131122807312,62.9163307901641,69.2193017496349
"22",50.9469909374665,54.7747706142318,46.6940725265115,50.1233427750899,71.9095364037853
"23",0,0,0,0,0
"24",0,0,0,0,0
"25",54.6416830821078,57.0439061861,52.7586184292929,56.1807114791853,64.0615268841546
"26",0,0,0,0,0
"27",50.4657170689072,55.4094409921174,49.3045615108651,27.4954348727718,46.6168556528286
"28",55.5835059859852,62.3878296323863,60.7757272143198,48.7019434739185,49.9521336355351
"29",51.2175414268563,50.7866822781297,58.7383952547921,54.4907904393661,56.1216579710955
"30",43.1949048021396,44.743353917917,37.900136619248,56.2179604300643,49.7496720125971
"31",38.0348890605991,52.6586245411172,33.8485689459381,46.6785552057699,38.2000715266646
"32",49.8089085671952,46.5789225501943,56.0848286698212,28.6010900776713,49.2539755416595
"33",58.4102134762785,74.7383789496823,76.6128190050923,68.438975800786,72.3870155776006
"34",79.6615723263862,83.061360296021,73.4509626785528,81.7870356477449,84.8927365023308
"35",50.6544230384644,51.8058507242044,36.7187558124153,49.4815100414966,51.4295609464665
"36",46.6421972238056,49.639782909273,48.5472214299532,59.1389802488467,35.0176206271631
"37",50.5062286377512,63.5045528123097,39.3906739578506,66.0736532336652,53.0990653559982
"38",47.4091604979724,43.1785391112382,56.0949655613954,40.8472871613287,41.2557091398471
"39",0,1.77033508004537,0,0,0
"40",0,0,0,0,0
"41",51.2913914553292,51.5831362728262,54.1495799934668,55.9634107911031,50.5486829867026
"42",47.8531952493801,51.0106905164712,52.8362481213714,78.6610064002081,55.4442877719644
"43",47.2900087068759,52.5152888320525,44.3464850160594,30.8352305668052,57.6196316238328
"44",72.0371916972781,71.0685245538537,73.7035484307412,57.7163236663701,61.9070965339355
"45",54.0304889506597,56.9904405758978,59.752180541797,79.5165979561757,56.926201708882
"46",0,0,0,0,0
"47",49.313531840646,60.8288951110469,60.4264991669779,43.4206039173168,55.1197593383465
"48",55.6381461353006,57.238278203374,39.2770504163125,44.6021646587262,53.2181292459654
"49",41.7138392486519,44.0241852696032,55.6459264432074,49.519323016401,42.5483636220597
"50",58.5643179996338,58.484950400718,51.9333407320629,59.2147002979538,62.7473847720233
"51",55.7968788024049,58.1660668102183,64.7184239554198,38.0981228383247,64.7859205040719
"52",55.2201664284948,54.8933203531706,50.2678082628204,55.4051398251083,46.9795260243344
"53",56.5162885070109,55.1576368476801,61.1796316631727,50.7300394115578,46.5719081743129
"54",0,0,0,0,0
"55",74.1421748719474,71.147394790822,71.4553543302201,77.9952173952106,73.551935233386
"56",52.7047653491969,54.618964862208,46.5142951308796,47.1128319743929,66.0374790306476
"57",53.5677297872513,50.2967625059501,63.9091569022821,55.7482426580477,49.4301993796467
"58",68.6219523801869,65.4113788987894,60.3018223071284,49.5684489489285,72.2933354534152
"59",45.772588225135,51.461273885489,42.6075203769105,41.2631390125873,49.7344079500543
"60",65.8882980510977,62.8924659797948,67.9002197752431,77.6529182614789,68.4303097608291
"61",45.1982897115216,60.1040887155741,47.5689146884647,39.8939283288379,50.2999963465463
"62",47.3539694283678,48.0891789512181,51.9282912725924,48.0765432001152,55.8371686156018
"63",50.3265394514039,56.1533170125961,63.2455049488412,62.8082402679277,45.7757215984363
"64",0,0,0,0,0
"65",0,0,0,0,0
"66",0,0,0,0,0
"67",51.9051746144398,50.4469122957763,52.6570257201473,61.1953547722937,39.6681039152539
"68",44.2419341636014,53.267868427918,56.6716031140601,46.7332903083,48.7843645021095
"69",49.7477504905365,51.9308864528749,53.3538898689904,37.1324820612421,60.5502408845619
"70",57.4890120218324,59.8075341984584,56.1800325538423,38.3763926307618,52.3093991889435
"71",51.1394380812865,52.8809794080462,47.8637536206825,55.6756584401607,44.0547738427565
"72",52.4125992710742,61.5866816526204,58.1305041452405,54.178569480274,69.3605101859245
"73",44.3246114323298,50.5158130365394,41.5018161528713,47.0942636514738,57.5637805946301
"74",0,0,0,0,0
"75",61.8909565220908,73.5941331397134,67.8749040360145,57.5114122914065,64.3668896657639
"76",41.6956905483997,46.9499264707134,61.5309927603605,22.1610482600777,41.3247255582836
"77",65.5198060660078,72.7732599917243,76.7850741535723,80.3066635441963,62.1908555349805
"78",45.9536862226473,54.1234117167187,43.3322555904271,47.771633560302,58.5546015344764
"79",55.6653623662782,62.5556682167067,61.0085150865188,34.4613979668619,55.2352943732265
"80",0,0,0,0,0
"81",47.1401536215353,52.0679548366503,37.7989380079797,52.9788346817531,53.4533261981061
"82",42.925143565094,54.05579931357,47.5591703396249,45.0705745698616,54.8216970865759
"83",42.6436221840698,55.7082570639308,55.5776736190287,54.7381482066279,62.3365617074671
"84",44.799061062555,48.2026729102386,46.7302509886199,43.0086445495797,46.7321972973426
"85",52.3756859516061,50.5591987926731,50.9104226703763,39.6207155472577,39.630735324922
"86",59.8421235818001,55.4472094638872,59.8473622714696,56.7497442765267,63.6418056896805
"87",0,3.11232886295636,0,0,0
"88",45.8059168239737,47.0831868408893,57.7242745989961,49.1997620661585,51.2542045748275
"89",0,0,0,0,0
"90",66.2525418749942,61.4184878957588,62.1641501860914,57.410523278271,61.2421889625383
"91",60.3302402988712,62.3090531687206,62.2286227026875,72.7838565975945,58.56514854798
"92",46.3168342784979,46.2177998306902,56.3710979445014,64.9821793478921,40.6204975220256
"93",52.1892691992688,58.3188274263214,67.6889324962129,62.0177169038721,51.0769378116531
"94",57.6774666981367,49.2857810660587,55.013295067575,72.7948253710126,40.696059904988
"95",0,0,0,0,0
"96",49.1485055174545,52.9060113903658,52.5657070450437,66.0493119759597,47.6035214579323
"97",53.4845977153158,60.990953022858,54.7345317074269,40.9704402812665,63.2871716823385
"98",49.8424073545957,55.6515183791962,58.3004199413492,49.8271107345124,37.2995662636737
"99",45.5093951758059,49.1551051335795,57.082968791808,65.5977979140444,55.1551798467445
"100",46.1438685568512,46.2887258421053,50.9240692024161,34.17833784234,60.2889510387634
"101",44.0882174175096,47.4651141555326,47.6939132111827,40.7257149818719,36.1590292399602
"102",45.7047621660587,47.5400660756887,64.5368909541958,42.0408463890542,38.0382702316658
"103",49.2288843028866,54.7043751736637,50.6367933033247,42.5044448820463,38.7799332947802
"104",45.3180489389002,42.846672620608,50.0433216582676,48.98886036747,29.3932729216501
"105",55.2385438802645,45.3758109754885,47.4945398852243,41.8595124910799,48.2665285108572
"106",0,0,0,0,0
"107",41.3738917472132,44.7088451637094,45.4039906609123,54.0869725465341,41.5476592403715
"108",58.5956707654421,62.0951967814757,60.0092043102666,35.5064852312393,59.6628937946442
"109",0,0,0,0,0
"110",55.8283736946577,62.6971532906517,60.5028882593527,66.3939528094283,56.3883038881609
"111",54.0734559916174,56.6222874474179,44.4821232894368,51.4338927486901,40.0209063619815
"112",50.7928078723014,51.841894951956,62.6768408202261,48.0057281885929,42.1175976904011
"113",54.9174793817604,49.4107524587038,49.5124345475931,55.4965876148549,61.5013198521493
"114",56.2016016323448,60.4306791734948,45.1441731840575,42.3948330265579,44.3844839999308
"115",69.9112869298078,65.2905902905765,60.0810104861217,59.1722861601516,52.8879568831161
"116",53.6139283706631,47.9288791447089,52.2687333047579,65.7286515082912,52.4940260987678
"117",45.6137155036131,47.6329696577163,55.9579731568138,50.3296188729843,43.4833898842808
"118",47.2880075092929,58.5333852831429,51.2426034813268,33.9376524739724,55.5421601109853
"119",57.9290581948232,58.3228405803963,55.4267856022153,62.8112706352247,51.7863562940005
"120",65.6650566974044,64.7771017266517,62.7974469675185,61.8976511657696,67.9683248252778
"121",52.5739447512112,60.7632045406829,65.3080502551822,45.2103418666333,43.8452988501374
"122",59.7932049679238,61.7797621591253,57.0523923943456,58.3441270717836,56.280910866173
"123",54.5684952094154,57.1249678955514,56.0230402054123,43.3680302279925,48.0141868050966
"124",0,0,0,0,0
"125",0,5.33242662226519,0,0,0
"126",51.3465835395437,55.1783074984057,48.107149889618,84.0247585918306,64.0219200429151
"127",63.0220418613032,63.3401696561251,49.1867874794612,54.414183244635,50.4020132915979
"128",57.2358071237328,51.6393912371847,50.0649670437102,47.1055562760202,45.2106608607934
"129",47.8068255736697,55.3518043141033,50.3286667816218,31.9866663357187,62.3486286291253
"130",57.8047324046659,58.4742668764818,61.8375532494181,58.1708895946896,61.8884889311447
"131",57.7809695313866,51.6881600641649,60.0345726496262,65.4644468871126,62.4767174009207
"132",55.3528491091784,42.6674330475402,56.2910594541603,67.2883827942896,40.005317037357
"133",0,0,0,0,0
"134",0,0,0,0,0
"135",0,0,0,0,0
"136",46.11342393035,54.2208980529414,60.5550476259075,61.6186808360424,50.9975368915857
"137",44.1119161945898,44.2485607965908,42.124530753929,51.3958795232637,49.0000730849592
"138",52.7553784799953,48.9729144857844,48.0910586663293,44.8673390980972,69.8472700728376
"139",50.0384488019082,58.7745588968495,69.2107803569022,44.5193006957498,59.9738524310396
"140",55.3792655199452,56.7545741692238,64.782907391592,37.7809206032874,64.1802267297639
"141",48.038060915418,53.4947496435874,53.5656060755604,49.9776396870797,60.5030167432502
"142",46.6170735432034,47.2453046910749,46.2501276643469,49.8063541566163,62.2325429629691
"143",44.1343888043377,53.8401705977823,43.1478437104631,58.6717540171467,66.0386071475916
"144",58.1541837640077,48.482315206055,51.708811390882,44.1598945053396,45.3905747420631
"145",58.0232685073522,59.396564725405,48.5249377777297,44.3948763685094,54.4611399198872
"146",52.1392895466782,51.7147681341375,53.335986757366,33.3083011399297,56.7157868682095
"147",63.3455535644032,67.1520577694608,71.628110435586,53.9321560510528,55.5679790079528
"148",0,2.47758783911517,0,0,0
"149",0,1.38873890893082,0,0,0
"150",55.3050667032324,61.3137776769909,65.1288350553342,58.7464240699724,54.6996382402084
"151",58.1211979417714,60.6504229838648,63.2597270461851,42.6484485490411,66.3967120836695
"152",50.9957282594311,50.2004612511125,55.9245908975274,36.9023792146275,42.9452665667442
"153",45.6098618634,43.8758567299083,44.7669262208093,51.7665264251426,52.1723443126004
"154",44.1206371231317,65.0891740427017,45.501161740618,42.6187242447964,56.4504773804527
"155",47.3001783512125,43.1450766474229,43.5732089149411,50.8786990865443,44.9409344724267
"156",59.1620770514962,54.02817801596,50.6075540831333,71.7786819777076,64.8939001455874
"157",0,0,0,0,0
"158",0,0,0,0,0
"159",45.2785238568731,47.3517893897989,42.6127667888174,54.0991126032367,58.2775220507781
"160",52.7055918525125,57.2067384876866,54.9837314474192,36.2010077520302,48.5378722536909
"161",38.8188682434132,44.0600878538995,44.4788764599506,37.6840929589577,39.6901217419353
"162",0,0,0,0,0
"163",64.0018475415741,58.185370866526,62.6403839239096,0,63.9363866544737
"164",56.9081459884171,60.8821128977638,49.5417570055845,43.3765859952381,40.684530231654
"165",58.0301326778581,65.0740299882581,61.9268574234886,69.0443928873584,67.1263952397622
"166",42.907924714729,45.2075275064988,30.5511675266305,42.6535577996508,41.3390303109392
"167",65.5927764756849,65.2634482660544,67.8045433536479,78.7600642691571,63.3030099026559
"168",0,0,0,0,0
"169",0,3.44404677351615,0,0,0
"170",47.2614794743816,54.609026135409,38.6764700968462,46.5144976412223,51.7903698639647
"171",53.8393552536031,62.104577377747,59.7632289877721,44.981358090302,61.8172711334744
"172",59.952800715148,45.383950314413,48.0329862262019,69.8413736127315,37.7391468887755
"173",46.7367200681522,49.0994376109283,48.5650168805097,45.4242339065263,57.1875591847322
"174",59.7058865872487,52.507453963914,47.5515372535216,59.990287330578,42.5294986351082
"175",0,0,0,0,0
"176",51.7940576667676,63.3856554494219,45.8880334226064,38.7619950218922,63.2056420039305
"177",59.7771919178675,62.3785440538694,62.7658085017469,47.0295512426026,62.1771196383927
"178",48.0845292923736,56.7385188453015,48.0108858208931,50.566463542855,45.5394247935273
"179",53.0730978208027,45.9978760869661,53.1413199821833,24.2361513495306,58.2786809452012
"180",49.0779490573459,52.1440698909375,51.0476722514993,41.9042329112848,41.497802682857
"181",39.9813484721752,49.0430191024272,60.2736353742786,35.3879123546296,42.6894121015564
"182",51.2611710972693,57.8817721760786,59.3752804935627,54.1783070061894,61.0940457411723
"183",65.7305169028143,68.9549948833849,67.8250277076297,55.3425247986206,64.8282464102179
"184",46.661115541264,51.3860028908115,52.0775949000169,53.3444054008103,45.6179061006652
"185",0,0,0,0,0
"186",44.1248624228947,44.7514609001764,34.7665654619428,53.3933752269034,41.792260924656
"187",62.4501958869616,58.7291854378094,56.7698283140549,69.9773650405183,54.0487286233888
"188",43.9235610137478,51.1289602358994,48.1222620414274,44.2893163994991,53.5336430151242
"189",56.6905445556244,60.6329862687575,71.5154491642267,44.0905160124374,64.0770753660592
"190",54.901934780646,53.4227962735525,50.0315345912432,26.6090560267303,56.433953163945
"191",57.2037636419229,67.4413992841489,49.0217843846109,62.8860025668636,65.1742655665423
"192",41.9135110415686,42.3770644713346,41.9015579937197,46.967188623695,36.9874384905319
"193",0,0,0,0,0
"194",51.5521045076035,57.4683669326184,51.4922281793196,55.8390651982535,70.425655453714
"195",51.0976057717216,59.9863362656878,53.1675992055153,62.2108169770387,59.5031926980404
"196",51.1741094766926,49.9483178858947,53.0547441216781,48.9145527025729,44.4477754120264
"197",0,0,0,0,0
"198",44.2332797144396,46.8115141431819,43.2874361306975,43.3282004588838,52.3743881114467
"199",53.2595777004561,57.024561060684,77.5900928137879,61.363744440381,54.5020421587083
"200",0,0,0,0,0
"201",52.3334971108817,58.1435814060673,65.6600695144807,61.0741434851635,54.3396851374317
"202",64.6201490372581,63.7814692075411,61.2881785223187,46.0432388944344,77.4002027948251
"203",59.3054802683247,60.6400826873049,58.2734252184289,50.5270885644224,70.3937741624976
"204",51.7888179720122,51.0160182888462,58.677744424848,45.5978035509805,70.8065051345364
"205",56.5844584390959,57.027242324104,50.0098626586637,58.7257967728282,57.9158803239052
"206",54.0330479844917,53.3843157189045,57.6375292807714,51.3361655937596,43.7528737232697
"207",0,0,0,0,0
"208",52.8585408444414,51.2842867106156,44.0361382308061,38.0878617305063,54.0374974369514
"209",62.3224011519151,63.1492912330345,73.7676527026182,61.4098677230963,82.870866086622
"210",0,0,0,0,0
"211",47.0114527378616,47.0114527378616,37.583256960994,42.8151275064131,30.3096572559018
"212",57.7864957069909,56.2602942762914,59.603208915566,55.7955160149322,45.5424685394772
"213",42.6718466652218,59.793276328332,42.6373337875387,43.034225704468,33.5857170648891
"214",53.6393479307782,49.2426495577417,43.5871140490772,59.4733263262882,49.0817677345195
"215",47.1488489329373,59.2909974135389,55.130617958178,28.7156270124549,34.0638114911807
"216",60.2274708347078,65.4250652702597,49.1361111997544,69.0825081637209,55.5880407266244
"217",0,0,0,0,0
"218",46.4820930540344,57.0390306605097,50.7428850265852,51.6112802171933,53.1647478651922
"219",48.2683828154289,48.4240542724328,46.2025061297706,72.2775922877336,52.8698336127428
"220",68.1509921564449,73.1066609021279,76.6677574569838,48.0881304389193,71.4622490270488
"221",41.5312421805927,44.2248139903698,41.548212940137,34.4579553619188,42.9601956073292
"222",0,3.14531946223548,0,0,0
"223",47.172231179653,52.4301024508052,56.8205002023304,51.0282659240632,76.7147237653366
"224",54.0941511488932,58.4293902021986,70.7388319030634,57.3083922735649,60.621502061131
"225",46.4469614770522,51.3567543608768,53.5571307248417,48.6497336213352,51.5342289155059
"226",0,0,0,0,0
"227",38.3934850275146,47.1316959010661,31.7808131850331,13.6691563763409,37.1955504907715
"228",47.041657688933,57.7201371681139,52.454796101072,71.7255478871564,67.79624457154
"229",57.6011135803355,54.7177213381527,57.3330454398767,36.0069921590062,54.9131288716743
"230",51.5765002463382,55.0016502215784,52.7540721175864,45.5437299784924,57.2943909195109
"231",60.368688561227,54.1912608655153,54.205887770985,44.5674923909539,53.7809943095825
"232",50.1549012534216,49.5801998686859,47.095502232435,51.9731976270459,40.0751244201097
"233",49.4407122536638,52.4361935563888,42.9091525548645,59.8229110682017,58.772885510754
"234",50.5510834077722,47.886524548281,44.8995523157321,49.4677624845683,59.9660130876215
"235",66.6519331493905,66.4534425738642,55.2142004784925,56.1333689521315,54.7682730262231
"236",0,0,0,0,0
"237",0,0,0,0,0
"238",62.0873189760628,55.4865467891092,60.246349285982,102.348056292881,68.413189233322
"239",50.7077649750506,54.6644359981353,59.2410789994879,41.5014456139217,58.4051764209998
"240",55.2721103146405,48.6771898910134,48.2053135543292,58.6203961755498,40.468854206459
"241",50.7366882270566,57.1286800819114,61.8614547968227,48.2960840111836,45.5930185632952
"242",50.4895090764182,55.5257403054755,51.3470377174872,73.5672766613929,54.8196788706736
"243",61.675366912608,65.4456722461033,53.4218247847602,51.4897703220161,50.3527435246887
"244",56.9488062218211,64.1167186366346,44.6967595503263,43.7467121053681,61.7296858705856
"245",51.3332836722068,55.968747027902,54.5491453432648,32.9850130999553,61.4292267924208
"246",51.9340560101966,46.7441445264666,55.6431964942874,44.8056249929123,58.0775186002299
"247",53.2301767485159,47.2088414756159,36.5459229043957,50.8838416882073,63.9009632970628
"248",0,0,0,0,0
"249",67.2215002288719,67.6161634742977,64.6457558221882,54.5005721841839,52.1641085422117
"250",58.6650508080869,58.4584730981519,63.1056260774687,33.1381158936474,64.9144734342407
"251",57.9424324413652,67.5270618371977,68.3909433823681,57.3150323217258,66.6297156022131
"252",48.3861170814331,48.9006493212122,48.9006493212122,43.3703435139375,53.3624828702374
"253",52.6130263536182,56.7304298049002,62.4388415202633,61.8211975340612,48.8471911678082
"254",0,0,0,0,0
"255",70.7031685781524,68.1954677422622,80.7978035233583,75.2524311800252,79.7742647063656
"256",46.8440257133721,47.3443646551038,47.9775373624875,41.4178918883548,34.2028108831534
"257",62.0475765490577,61.2978589256434,56.1458495510384,65.4608695441847,49.6204769852149
"258",54.7176587321701,58.0075500854729,60.5934564940256,48.3105382020073,68.698595594168
"259",0,0,0,0,0
"260",53.7335569444523,62.9529932911842,65.0559665481116,54.7747178447264,47.2847025410505
"261",46.4489997371192,47.090021153001,41.295093982529,59.2333848168356,31.2853336760254
"262",0,0,0,0,0
"263",59.495716239351,58.7443314611633,55.385573518694,58.7500900577217,53.9231044822793
"264",47.7338215124502,51.0903616494209,58.9835191447852,52.8603612372204,46.2624153980426
"265",57.8449328236943,53.554720191146,57.6610524770227,30.3446650124544,50.6103151473056
"266",50.969329665384,55.855432554944,49.044161453414,63.0989897476732,43.4765401815157
"267",46.2931412507721,50.805424182467,54.1118382414851,41.8862620500874,44.6783136344062
"268",66.3996816930472,71.1526156193454,66.5366709852615,72.6626683534691,43.9825144652429
"269",0,0,0,0,0
"270",38.9740085964624,42.441003247517,34.4974737599072,54.8429258820134,45.3761795011233
"271",0,0,0,0,0
"272",45.5967169010586,51.0505976410786,48.4281744671188,60.4903396886107,51.9895553132412
"273",51.5037772239504,58.4447973145119,47.4384203956965,59.1280089284267,50.0279657185272
"274",47.9208140766123,44.1706716153463,47.3866273160899,53.0678417554342,41.3503751640964
"275",57.3523867667584,61.7094860347902,67.170880602036,60.1764852638248,72.8846907319502
"276",51.3819578759176,51.3117311645972,55.1429483297823,50.4511514018086,47.1266072626539
"277",55.5957418935534,60.492339598189,53.9389502053001,34.4997047778193,61.8578222678503
"278",50.3509693989315,54.4493786198695,60.6715873933751,70.127841708654,57.3154960399609
"279",42.6014569390764,35.0693701802627,51.9322794930403,61.2827728770357,18.8093850983347
"280",42.9964147766212,56.7477407231564,53.8108189491272,57.6742373624991,50.6325588621944
"281",50.7188910012629,44.2131310673678,46.4841228359857,26.9087922412931,41.6572510582114
"282",56.0023515453894,64.2527466269458,63.5275781258834,52.0015388614828,54.243989250379
"283",60.9790136442898,64.1411557841259,50.7473350880908,48.7526680938538,52.0665970953745
"284",0,3.67634185156735,9.8758613756859,0,0
"285",71.3246466143318,74.3563856421731,67.9397555338521,85.4138117200235,49.6635841256324
"286",57.7416082042778,68.0324188594704,52.0320812565896,67.7582472528159,70.2366500201284
"287",39.716093063448,43.4937385109897,32.904116949413,24.8386704713369,51.6471065232032
"288",45.9518150109236,48.8809227887144,35.5159236778675,47.7895301980868,55.1008015295207
"289",60.5864747756883,64.7734154463695,53.8165246136829,65.0065843554555,75.781809003001
"290",65.0275819887035,61.2291874550119,66.7530849449185,60.0670193659729,71.5443898615791
"291",0,0,0,0,0
"292",44.4089998996798,43.6050169430145,41.5064129129028,46.857800771101,48.764160591746
"293",0,0,0,0,0
"294",43.4100535467188,45.1596745551989,57.2590130438544,44.5718320442923,39.93562909361
"295",64.4581141058402,57.6299414130795,47.0116857216515,55.3999670161745,59.3217518880034
"296",54.8702601224437,56.782123900804,55.6761318155516,66.1457447458422,55.9928242390495
"297",54.7578640948956,54.8693154455825,53.4890949664903,46.7527928834562,43.8351067270163
"298",53.7057396579435,58.3308444341201,40.1888893328762,46.2192026644284,60.1857122439332
"299",0,0,0,0,0
"300",56.2515374161654,55.9134878472409,56.1195510763031,52.5680481240665,64.8834646498029
"301",64.6600874536287,64.2665060365247,57.9766388263753,63.5072659346965,78.042931367956
"302",49.2621592152454,49.2621592152454,37.7045867699404,58.424812774986,55.5226842939475
"303",43.5983236048769,41.7017012186853,26.6416856718651,48.374180009669,44.4830104500763
"304",50.6728153950833,59.4356420672033,53.741605658964,55.9835322446488,65.3252665483238
"305",55.1191042764085,62.407301951569,55.583074467267,76.6439605716089,44.4441335553563
"306",47.6236250139615,60.7819179501629,51.9922734450217,63.628246118996,55.8916718114832
"307",0,0,0,0,0
"308",38.1543021975272,45.2109991975522,41.7457718730733,45.2785275320147,47.3773577320226
"309",71.5932590412714,71.4956132355203,76.1525072766975,66.0595607938468,78.3612207202668
"310",53.1952398637195,52.0846614103927,54.6481385501066,45.8843814547438,59.6717550439312
"311",54.3960163400082,61.6528124013752,62.0871806507588,40.7598985449461,59.4552533535743
"312",53.9213713634482,50.5361710571744,48.4405985108016,47.2721083498656,51.4190982065078
"313",55.2775879120507,54.8466488295549,49.1971847647929,51.8174482172091,48.8240409757382
"314",64.8939174772085,68.1624149169212,71.1685241070023,72.2157034608277,58.2433198949221
"315",44.1825746678805,56.1641103139094,57.2944841994992,38.7961251478136,42.4234683780692
"316",46.5431297894188,49.2951964572346,47.6340672409696,59.4812091257718,45.8218064414483
"317",58.9900519462205,52.345341086755,56.9139162543738,68.7152218197255,91.4496663568177
"318",48.1732843509587,56.1131243165876,63.5051272219963,37.6618225510361,64.7359540147663
"319",52.8633574796423,52.1845955976426,48.8029086326877,24.8914444620216,55.0284613620038
"320",0,2.82708283634162,0,0,0
"321",38.351755922638,38.3760546749646,40.0459378222712,46.1050888347766,43.4968600970852
"322",48.4493833178238,50.1843451567408,39.7735858852219,60.5245082672449,44.902952758591
"323",0,0,0,0,0
"324",40.8292947109891,46.6583293548642,39.9065159594962,47.4115149330248,31.8509075229849
"325",76.3772630568432,85.8423393858058,67.989759072442,83.8961992292199,75.7265570189208
"326",41.9104669400779,48.107812751463,43.9153694089437,33.6428535866716,32.5706427408987
"327",50.147576094674,52.589212505226,43.8552212682144,45.5133118075693,38.7633585070479
"328",48.1398522784119,56.5562510235756,52.6397532621477,61.9764262229578,72.5560381240848
"329",47.7116847989198,42.9029502072755,49.6191958550314,49.2200428951473,57.4085238378974
"330",46.6675605949532,53.6002311834976,45.9384922582144,56.9999390039246,55.9918560506817
"331",46.0049141931634,48.916575550083,46.2816212389371,23.7505833446786,41.2689723542899
"332",42.6321189104896,56.5825937868984,46.0198671619504,41.1047826271096,48.5285606898523
"333",44.3014025381053,48.8420391402819,54.5136593446947,40.2544153374323,66.2707102888296
"334",47.6405358185887,58.9233075586378,43.2850383611319,47.1332487275592,41.1250645580844
"335",62.3353186938849,57.9214361803574,54.5599139880706,43.3850979700736,57.4940921776439
"336",44.5104420671107,46.4043574327985,58.3259137247638,37.9648920639753,50.7622139272916
"337",39.6361761182062,48.4268673691874,51.6378651909113,44.3000183281513,45.1216725901408
"338",45.4884560350093,53.3963913058539,33.8432020833224,30.2906244923706,45.652929765056
"339",47.6213030729044,51.8058487231935,48.656890727991,56.2562473160243,67.5956718752463
"340",48.3825253660727,53.1976227934318,53.6235230071088,76.2069157434145,59.6870518498479
"341",41.250480927005,49.2286144647558,53.7496556137578,39.8304705329705,52.224527432574
"342",0,0,0,0,0
"343",0,0,0,0,0
"344",57.9728801904488,58.9454650152236,65.7136450520128,77.0832550452933,58.8168817138902
"345",52.2875197982315,59.1639082611106,59.4580238260944,28.374792072012,39.2615079113113
"346",49.9933346118743,52.1095940114237,52.1462848100155,52.8783385492604,40.0380299377799
"347",44.2305006319649,49.320052438587,51.4727460625087,31.9212014596911,50.4782793019319
"348",50.3836865787287,49.6576141333398,49.6576141333398,45.1110549297289,50.9914588795676
"349",50.3041033506129,53.3428761864938,52.1461127014021,49.7295815495391,39.1610311532025
"350",51.3843770687562,51.8277333321569,54.3380835980645,48.5407737032876,47.0823542478669
"351",51.2106576943077,44.9149556589057,54.0131766718437,40.7948902063283,41.2808453993086
"352",62.8675167922436,51.1082748580037,60.9740440411825,46.0644496214046,53.0101008395751
"353",50.3567566812388,49.6105896610726,47.9662807827755,64.3674190513057,54.1959260136147
"354",40.2601487077775,48.995120361389,38.0746497320924,46.2121870226946,49.5463604656148
"355",48.8399906882979,50.0272078060573,44.7286700096858,47.0329590591062,66.579678560865
"356",49.9466113545843,51.403163466612,53.0231644605466,51.403163466612,45.1959622758421
"357",47.1017791348322,43.9213492691035,42.5889516872411,42.9190535350708,63.1715013652068
"358",0,0,0,0,0
"359",41.3141024083491,49.8552918853792,40.7365542928567,49.2781502229494,42.533455239456
"360",52.2446176623691,52.6769013819984,42.7514116827128,48.0332512642312,51.1926254728644
"361",53.2444170407962,61.9617316680834,57.3644007609119,53.0725120667534,57.175171074082
"362",47.842244278753,45.6222545035085,39.5936958303987,31.3673162778085,49.8172673327034
"363",48.4497031301467,57.2233204832027,41.1477332144715,49.7032284514201,39.156376321099
"364",50.9458283591097,52.2942434802637,36.1585055050096,39.7269147411403,40.028136560726
"365",0,0,0,0,0
"366",0,0,0,0,0
"367",0,0,0,0,0
"368",55.2818648101709,62.1910776710567,53.8874811725275,28.4479560452052,58.6419232139251
"369",39.3263605925176,45.8976237745629,53.2192146257521,62.6550899816437,58.0137863183208
"370",45.8992956317486,46.8161450254949,46.6036796492121,23.7487118845032,59.2775839636905
"371",60.5722672054674,66.3954645930803,67.8109338042339,60.7323671897783,73.841633731764
"372",0,0.714482801166482,0,0,0
"373",0,0,0,0,0
"374",64.0732100341958,63.6049768948985,61.8954219883882,70.1759231727997,68.9611579672487
"375",54.2281057253843,50.4443049254145,45.4804544238901,43.4545289276473,50.5330319429279
"376",40.2977750696397,51.1179667504137,45.7285451665261,61.3573610280402,48.4937518557612
"377",44.9100387466026,40.028851140397,46.5008204602033,41.6896557010415,52.0565783066083
"378",69.5923525198607,75.3658020139735,64.0947697331188,54.5483165768917,67.4924886911385
"379",43.6621806236106,48.8645328184068,50.8920791558079,20.6984020058203,45.4840778681709
"380",45.6071017191708,47.6841066552533,47.6133512471441,32.6472078545981,51.0451796416585
"381",57.9497246118017,58.3766526099941,54.0663369626991,67.8940696692364,76.1201402710253
"382",54.2564656571945,54.3310420832995,41.0845847541023,65.0712922029551,49.62591799849
"383",57.6758383308627,57.1220914534273,50.9506148953461,74.183723037902,60.1974392270942
"384",5.03003327618404,0,0,0,0
"385",46.4873936824501,48.9234418959254,41.1370804597858,44.4629468134851,52.1841833992859
"386",67.4358833496922,64.089494688085,66.5287606305151,65.5684112630506,58.0789327270975
"387",0,0,0,0,0
"388",57.8201968001816,64.2968089512395,71.29900771431,47.030393293389,62.1554371059924
"389",40.0177478357168,41.4707753925118,43.2236997834323,40.1219598182628,56.9845454854469
"390",44.9482539863264,59.6252534250581,53.1734425802935,43.9723339395868,41.5754064092611
"391",46.7220100615024,51.0846448146797,42.6013335783752,69.1610194101063,56.8982194244522
"392",52.9669434876745,55.4095296867715,46.8521615716151,53.5006702133372,48.2086227573609
"393",45.8669065919338,55.9348112384531,47.1094704248015,54.0775744025411,53.1049121326237
"394",45.5930894843549,47.2285002709113,53.3397331685805,39.1613401363053,68.1421963996981
"395",55.4246751529884,66.8035364867917,59.0286139872276,31.9295566663954,75.9573625809731
"396",40.2150897715219,41.5707182066975,41.5444939891582,50.2045194250074,30.1246999958119
"397",52.8047860869447,60.1223829316893,67.368765471761,61.070133690472,57.4985737257719
"398",57.4730905127218,61.3966170985932,34.2715574445796,60.9553430112141,61.7292628097472
"399",45.6791096153812,49.5479151027749,48.3219054453274,28.1051483448595,41.1218292658534
"400",42.3543795091718,48.3875848679224,56.6664381710684,55.4778599590484,45.9402078254779
"401",58.0645985811946,71.3885133892848,69.9439219095729,57.2124059708886,79.030437372644
"402",53.8934372377479,59.6090059617044,49.4380537506852,69.6162214267396,58.6935497051479
"403",43.2859237993928,52.1395544470049,44.9640902693334,44.0106288848217,38.2474363811276
"404",43.4248865614633,47.9517556215778,47.9896010754807,54.9293443357012,49.6474251359185
"405",52.6114442303021,47.1080835989601,60.3526839847103,50.2940999106769,49.7746761380743
"406",0,0,0,0,0
"407",73.9183710015399,75.8052194804897,72.826918936881,57.0489460542139,78.0137152172711
"408",43.9225219714203,49.2266421443571,37.8762831058366,44.4033014095365,43.5285932207333
"409",0,0,0,0,0
"410",34.8915132849248,36.6492935750122,42.2935171354252,45.5376004048616,24.0738479751783
"411",0,0,0,0,0
"412",55.5268931263649,67.330905665662,54.2737984539476,49.0018824282161,73.6094134371272
"413",55.2925407882025,60.8021361719433,50.1986528943522,62.8621688012811,60.497297037574
"414",48.3943207141693,51.7362007133943,51.4553980500463,27.3403109070515,56.9803539454573
"415",55.2587506993497,65.2837098092976,62.5819219736966,47.9518478090191,53.571827079214
"416",45.5669923947957,47.6086718650962,49.7235956088765,56.9490575943344,40.8719972324948
"417",59.7368205233985,63.7385972526513,53.4210389183099,72.5321823675369,72.2080984582805
"418",54.1764679411848,55.0358754632265,56.6571909255489,67.9259781683999,37.0630180219394
"419",47.5087661314014,49.6171144220202,30.7734431523694,34.8653701423573,45.186337951645
"420",46.0430607354278,45.8532321973011,50.8590555619205,37.0246226190014,40.4724301577637
"421",50.46732355715,49.309214516013,57.547102734434,48.1927091219432,48.6751059258917
"422",70.3438916855988,65.9975876208869,77.4112791857923,80.4426136870901,63.9961627512883
"423",0,0,0,0,0
"424",49.5284277724766,46.2008123248733,72.7126965892631,59.2541126375412,50.6209212888739
"425",58.7608100238524,63.6727600102122,55.2602669795804,66.3942687862114,51.6834947804636
"426",56.9768731707931,53.2981908763987,50.2124965444111,53.5515916385009,60.2173067217093
"427",62.7120900985538,68.1551156071083,51.7042265880406,51.7097120985882,42.4209841397225
"428",67.992706878709,75.9165851792957,74.6642859898429,74.422044179114,66.1900690247347
"429",46.354850743966,46.2496659247355,55.1083172065452,43.6328370100124,43.7051388263628
"430",60.0652846419858,70.5242412257931,52.1191972960911,47.7598514216301,60.9991337008659
"431",48.05876061699,48.4287592273489,53.1101602468077,65.2017676480124,50.8594316055514
"432",51.3592979119803,47.8725410163488,48.0347210257768,46.5488315540904,48.9107129130859
"433",44.7649985065122,54.6861500289565,44.0463562154233,52.0294208197157,55.6964765949621
"434",60.9682270796889,66.9271844142123,72.9637757384819,53.6948463808835,64.3437401682144
"435",44.4111300266327,41.1826744852665,49.1358270528675,42.8224233519594,55.4989129931198
"436",47.5348062225641,53.6184363155279,49.1307731549959,47.7750100114758,38.1989134310145
"437",0,2.96528472249922,0,0,0
"438",0,1.68028351309612,0,0,0
"439",74.2804631337322,82.1595560435989,73.8097498448411,81.6403949480318,76.0122582609144
"440",40.0753420625777,56.671708718236,49.0045708393184,33.6030341310125,56.8240135270053
"441",49.7253044478845,51.8644875544174,54.6773395284244,48.7645873197979,41.3412714344197
"442",0,0,0,0,0
"443",0,9.37014009238071,0,0,0
"444",0,0,0,0,0
"445",49.2754282208759,49.0439067054039,61.399972255838,45.0131694579988,43.0643728601803
"446",58.2716785440011,63.0247180780673,64.4364952635302,69.5348081486512,72.1059969702381
"447",56.0385143464224,58.3187583354134,67.9086645993756,73.0554348370986,55.7832663254212
"448",55.1161982473122,55.5162254506925,57.8115325383638,51.492555206135,49.8432847118882
"449",44.4038585646742,55.3152658365654,44.0739893605535,49.5324335457906,56.2748681938951
"450",55.5892029069468,60.7800835927151,60.3485051504964,62.5914842344582,54.440664017663
"451",54.0219017464282,48.7079312412111,67.786756974311,39.2412540280334,59.3979272101228
"452",53.3547531542545,54.0661171286063,53.5063784672384,67.8754750875993,61.3020135472622
"453",49.4894047018387,58.8188919054183,47.4938041371133,43.9833028863449,40.3349243437003
"454",47.0104866000269,55.2137434368624,39.7413292931533,45.4529036754589,52.4425107251406
"455",0,2.30300485912012,0,0,0
"456",0,0,0,0,0
"457",54.1066669768878,65.6774912393295,51.4689044956409,56.5769028420753,62.1117819935414
"458",0,0,0,0,0
"459",48.1864240149515,49.4692649931758,54.430346887623,38.6524649230113,56.1818399245099
"460",44.6870261920477,49.0502762887987,42.6598982750115,58.3513621663789,53.8858563789179
"461",0,0,0,0,0
"462",0,0,0,0,0
"463",52.1171222682637,54.5573211152543,51.2163429711567,48.2488995055658,63.8729774570885
"464",48.9274992024579,54.777522004985,50.0956036899318,36.7274326821372,57.2259636716893
"465",46.7157601474238,50.6241952354217,49.7465166558668,23.1267262913653,74.5100709744486
"466",0,0,0,0,0
"467",45.387633121452,45.7764707309564,38.8453216649446,43.1709169315795,53.0409448215498
"468",51.7591028093254,65.8228880871721,66.1379831069536,45.4082936920403,66.2671227184802
"469",62.8111671753188,60.5024311910404,54.7404462887732,45.9265710569342,55.8976014537064
"470",51.7386622040834,53.2433692056713,32.7240340703447,52.7913603302519,51.6224683492083
"471",0,0,0,0,0
"472",49.5934312625815,54.6085783956028,51.7436975725136,47.2124866206164,42.5722419538053
"473",0,0,0,0,0
"474",45.9855255522625,45.0890280629517,56.3240151026973,38.877209372416,52.8018408699347
"475",0,0,0,0,0
"476",0,0,0,0,0
"477",56.7832085671581,59.320804670873,56.6046879074748,65.9539163592407,54.208184423751
"478",52.0599949149962,60.070473318188,74.5588998865422,49.4992464318476,55.9801610592974
"479",53.5423056460428,60.0612764200287,51.1677954295959,66.9584707765588,57.4460984436472
"480",43.543475458107,45.7606424529368,39.889724721252,51.3912173679147,40.1183569375556
"481",43.2579952538933,43.4180163320521,43.9573263669371,24.4063618273574,34.8488028756774
"482",59.0318258306432,60.2792509522141,53.6935149047667,58.8067715091699,68.4418182185344
"483",0,0,0,0,0
"484",0,2.38755294430869,0,0,0
"485",65.0131575035693,62.2877588966246,64.9016214515909,62.2728085216303,76.7798855408122
"486",0,0,0,0,0
"487",0,4.02176357781853,0,0,0
"488",0,6.83554239686012,0,0,0
"489",0,0,0,0,0
"490",60.9986850470743,60.4299056415429,67.8955500511126,63.8961217978205,64.5963127224219
"491",0,0,0,0,0
"492",61.7182262990803,62.7224967935425,65.5725646366064,43.4451825287446,66.8433709709347
"493",48.76767151383,63.2529602025319,56.6310575166744,53.8347620811515,49.3501187304463
"494",45.2456885327574,50.6874501488592,49.3627430684295,47.5366432922926,51.3049552837817
"495",44.9483735321537,48.7304147619267,54.7084916247512,34.7716994006257,56.497564318001
"496",0,0,0,0,0
"497",53.5333836548906,52.9690570421561,52.7202738484762,42.226632646252,69.1991594036791
"498",39.5381912145057,42.6205729642458,50.7279572509183,54.0080602625947,48.60652951952
"499",46.2810549384788,52.1548156457354,54.7252762774045,34.0023636918903,46.9726747216163
"500",51.7752165729379,56.7587692540023,59.3739316831257,58.2028110816982,57.699536341756
