"","age1_orange.P","age1_green.P","age2_no_comorbid_orange.P","age2_no_comorbid_green.P","age2_comorbid_green.P","age3_no_comorbid_green.P","age3_comorbid_green.P"
"1",0,0,1,0,0,0,0
"2",0,0,1,0,0,0,0
"3",1,0,1,0,0,0,0
"4",1,0,1,0,0,0,0
"5",0,0,1,0,0,0,0
"6",0,0,1,0,0,0,0
"7",1,0,1,0,0,0,0
"8",0,0,1,0,0,0,0
"9",1,0,1,0,0,0,0
"10",11,0,8,0,0,0,0
"11",0,0,1,0,0,0,0
"12",11,0,12,0,0,0,0
"13",12,0,15,1,0,0,0
"14",0,0,1,0,0,0,0
"15",1,0,2,0,0,0,0
"16",3,0,1,0,0,0,0
"17",1,0,1,0,0,0,0
"18",9,0,8,0,0,0,0
"19",0,0,1,0,0,0,0
"20",0,0,1,0,0,0,0
"21",0,0,1,0,0,0,0
"22",3,0,4,0,0,0,0
"23",1,0,1,0,0,0,0
"24",8,0,9,0,0,0,0
"25",3,0,1,0,0,0,0
"26",1,0,1,0,0,0,0
"27",1,0,1,0,0,0,0
"28",14,0,13,0,1,0,0
"29",0,0,1,0,0,0,0
"30",2,0,1,0,0,0,0
"31",1,0,1,0,0,0,0
"32",2,0,1,0,0,0,0
"33",0,0,1,0,0,0,0
"34",0,0,1,0,0,0,0
"35",0,0,1,0,0,0,0
"36",4,0,2,0,0,0,0
"37",0,0,1,0,0,0,0
"38",6,0,4,0,0,0,0
"39",11,0,12,0,0,0,0
"40",0,0,1,0,0,0,0
"41",2,0,1,0,0,0,0
"42",0,0,1,0,0,0,0
"43",19,0,16,1,0,0,0
"44",2,0,1,0,0,0,0
"45",0,0,1,0,0,0,0
"46",0,0,1,0,0,0,0
"47",0,0,1,0,0,0,0
"48",2,0,2,0,0,0,0
"49",3,0,2,0,0,0,0
"50",0,0,1,0,0,0,0
"51",5,0,2,0,0,0,0
"52",0,0,1,0,0,0,0
"53",2,0,1,0,0,0,0
"54",2,0,2,0,0,0,0
"55",1,0,1,0,0,0,0
"56",8,0,7,0,0,0,0
"57",0,0,1,0,0,0,0
"58",1,0,1,0,0,0,0
"59",0,0,1,0,0,0,0
"60",0,0,1,0,0,0,0
"61",0,0,1,0,0,0,0
"62",1,0,1,0,0,0,0
"63",1,0,1,0,0,0,0
"64",1,0,1,0,0,0,0
"65",19,0,16,0,0,0,0
"66",2,0,1,0,0,0,0
"67",11,1,8,0,0,0,0
"68",0,0,1,0,0,0,0
"69",0,0,1,0,0,0,0
"70",1,0,1,0,0,0,0
"71",2,0,3,0,0,0,0
"72",13,0,10,0,0,0,0
"73",1,0,1,0,0,0,0
"74",12,0,13,1,1,0,0
"75",1,0,1,0,0,0,0
"76",2,0,1,0,0,0,0
"77",2,0,1,0,0,0,0
"78",0,0,1,0,0,0,0
"79",0,0,1,0,0,0,0
"80",0,0,1,0,0,0,0
"81",1,0,1,0,0,0,0
"82",0,0,1,0,0,0,0
"83",0,0,1,0,0,0,0
"84",15,0,13,0,1,0,0
"85",0,0,1,0,0,0,0
"86",1,0,2,0,0,0,0
"87",14,1,12,0,0,0,0
"88",22,1,23,0,0,0,0
"89",10,0,10,0,0,0,1
"90",1,0,2,0,0,0,0
"91",1,0,1,0,0,0,0
"92",1,0,2,0,0,0,0
"93",21,0,12,0,0,0,1
"94",0,0,1,0,0,0,0
"95",14,0,13,0,0,0,0
"96",0,0,1,0,0,0,0
"97",0,0,1,0,0,0,0
"98",7,0,8,0,0,0,0
"99",21,0,13,0,1,0,0
"100",2,0,1,0,0,0,0
"101",9,0,9,0,0,0,0
"102",0,0,1,0,1,0,0
"103",14,0,13,0,0,1,0
"104",0,0,1,0,0,0,0
"105",18,0,16,0,0,0,0
"106",0,0,1,0,0,0,0
"107",10,0,8,0,0,0,0
"108",10,0,6,1,0,0,0
"109",1,0,1,0,0,0,0
"110",1,0,1,0,0,0,0
"111",3,0,3,0,0,0,0
"112",1,0,1,0,0,0,0
"113",0,0,1,0,0,0,0
"114",0,0,1,0,0,0,0
"115",4,0,3,0,0,0,0
"116",0,0,1,0,0,0,0
"117",14,0,11,0,0,0,0
"118",14,0,11,1,0,0,0
"119",10,0,11,0,0,0,0
"120",0,0,1,0,0,0,0
"121",8,0,6,0,0,0,1
"122",0,0,1,0,0,0,0
"123",0,0,1,0,0,0,0
"124",0,0,1,0,0,0,0
"125",1,0,1,0,0,0,0
"126",14,0,11,0,0,0,0
"127",1,0,1,0,0,0,0
"128",10,0,7,0,0,0,0
"129",6,0,7,0,0,0,0
"130",0,0,1,0,0,0,0
"131",12,0,14,0,0,0,0
"132",10,0,8,0,0,0,0
"133",0,0,2,0,0,0,0
"134",1,0,1,0,0,0,0
"135",18,0,18,0,0,0,0
"136",0,0,1,0,0,0,0
"137",1,0,1,0,0,0,0
"138",1,0,2,0,0,0,0
"139",0,0,1,0,0,0,0
"140",0,0,1,0,0,0,0
"141",22,0,17,0,0,0,0
"142",1,0,1,0,0,0,0
"143",11,0,10,0,0,0,0
"144",1,0,1,0,0,0,0
"145",13,1,11,0,0,1,0
"146",0,0,1,0,0,0,0
"147",0,0,1,0,0,0,0
"148",0,0,1,0,0,0,0
"149",2,0,2,0,0,0,0
"150",14,0,12,0,0,0,0
"151",1,0,1,0,0,0,0
"152",1,0,1,0,0,0,0
"153",0,0,1,0,0,0,0
"154",0,0,1,0,0,0,0
"155",0,0,1,0,0,0,0
"156",0,0,1,0,0,0,0
"157",3,0,3,0,0,0,0
"158",0,0,1,0,0,0,0
"159",0,0,1,0,0,0,0
"160",0,0,1,0,0,0,0
"161",8,0,6,0,0,0,0
"162",1,0,2,0,0,0,0
"163",1,0,1,0,0,0,0
"164",8,0,11,0,0,0,0
"165",1,0,1,0,0,0,0
"166",2,0,2,0,0,0,0
"167",2,0,1,0,0,0,0
"168",14,0,10,0,0,0,0
"169",11,0,9,0,0,0,0
"170",0,0,1,0,0,0,0
"171",16,0,12,0,0,0,0
"172",0,0,1,0,0,0,0
"173",0,0,1,0,0,0,0
"174",0,0,2,0,0,0,0
"175",1,0,1,0,0,0,0
"176",0,0,1,0,0,0,0
"177",11,0,9,0,0,0,0
"178",15,0,11,0,0,0,0
"179",0,0,1,0,0,0,0
"180",0,0,1,0,0,0,0
"181",0,0,1,0,0,0,0
"182",6,0,5,0,0,0,0
"183",9,0,7,1,0,0,0
"184",17,0,15,0,1,0,0
"185",1,0,1,0,0,0,0
"186",1,0,1,0,0,0,0
"187",2,0,1,0,0,0,0
"188",0,0,1,0,0,0,0
"189",0,0,1,0,0,0,0
"190",1,0,1,0,0,0,0
"191",0,0,1,0,0,0,0
"192",0,0,1,0,0,0,0
"193",1,0,1,0,0,0,0
"194",0,0,1,0,0,0,0
"195",0,0,1,0,0,0,0
"196",0,0,1,0,0,0,0
"197",0,0,1,0,0,0,0
"198",16,0,12,0,0,0,0
"199",0,0,1,0,0,0,0
"200",0,0,1,0,0,0,0
"201",0,0,1,0,0,0,0
"202",0,0,1,0,0,0,0
"203",16,0,10,0,0,0,0
"204",15,0,11,0,0,0,0
"205",0,0,1,0,0,0,0
"206",2,0,1,0,0,0,0
"207",0,0,1,0,0,0,0
"208",0,0,1,0,0,0,0
"209",11,0,8,0,0,0,0
"210",1,0,1,0,0,0,0
"211",0,0,1,0,0,0,0
"212",0,0,1,0,0,0,0
"213",2,0,1,0,0,0,0
"214",1,0,1,0,0,0,0
"215",0,0,1,0,0,0,0
"216",19,0,16,0,1,0,0
"217",0,0,1,0,0,0,0
"218",0,0,1,0,0,0,0
"219",0,0,1,0,0,0,0
"220",11,0,8,0,1,0,0
"221",2,0,2,0,0,0,0
"222",1,0,2,0,0,0,0
"223",1,0,1,0,0,0,0
"224",0,0,1,0,0,0,0
"225",11,0,8,0,0,0,0
"226",11,0,9,0,0,0,0
"227",0,0,1,0,0,0,0
"228",2,0,2,0,0,0,0
"229",0,0,1,0,0,0,0
"230",12,0,10,0,0,0,0
"231",0,0,1,0,0,0,0
"232",5,0,2,0,0,0,0
"233",0,0,1,0,0,0,0
"234",12,0,10,0,0,0,0
"235",3,0,2,0,0,0,0
"236",1,0,1,0,0,0,0
"237",0,0,1,0,0,0,0
"238",0,0,1,0,0,0,0
"239",0,0,1,0,0,0,0
"240",12,0,11,0,0,0,0
"241",14,0,9,0,0,0,0
"242",12,0,12,0,0,0,0
"243",0,0,1,0,0,0,0
"244",0,0,1,0,0,0,0
"245",3,0,2,0,0,0,0
"246",8,0,5,0,0,0,0
"247",3,0,3,0,0,0,0
"248",0,0,1,0,0,0,0
"249",0,0,1,0,0,0,0
"250",1,0,1,0,0,0,0
"251",0,0,1,0,0,0,0
"252",1,0,1,0,0,0,0
"253",0,0,1,0,0,0,0
"254",5,0,2,0,0,0,0
"255",2,0,1,0,0,0,0
"256",0,0,1,0,0,0,0
"257",0,0,1,0,0,0,0
"258",13,0,10,0,2,0,0
"259",5,0,2,0,0,0,0
"260",12,0,12,0,0,0,0
"261",20,0,14,0,0,1,0
"262",0,0,1,0,0,0,0
"263",0,0,1,0,0,0,0
"264",3,0,1,0,0,0,0
"265",13,0,12,0,0,0,0
"266",5,0,4,0,0,0,0
"267",0,0,1,0,0,0,0
"268",0,0,1,0,0,0,0
"269",0,0,1,0,0,0,0
"270",1,0,1,0,0,0,0
"271",1,0,1,0,0,0,0
"272",15,0,12,0,0,0,0
"273",2,0,2,0,0,0,0
"274",2,0,2,0,0,0,0
"275",15,0,13,0,0,0,0
"276",16,0,13,0,0,0,0
"277",1,0,2,0,0,0,0
"278",0,0,1,0,0,0,0
"279",0,0,1,0,0,0,0
"280",0,0,1,0,0,0,0
"281",15,0,13,0,1,0,0
"282",7,0,4,0,0,0,0
"283",0,0,1,0,0,0,0
"284",0,0,1,0,0,0,0
"285",1,0,1,0,0,0,0
"286",0,0,1,0,0,0,0
"287",12,0,11,0,0,0,0
"288",1,0,1,0,0,0,0
"289",2,0,2,0,0,0,0
"290",0,0,1,0,0,0,0
"291",1,0,1,0,0,0,0
"292",1,0,1,0,0,0,0
"293",21,0,14,0,0,0,0
"294",0,0,1,0,0,0,0
"295",0,0,1,0,0,0,0
"296",6,0,7,0,1,0,0
"297",0,0,1,0,0,0,0
"298",2,0,2,0,0,0,0
"299",18,0,13,0,0,0,0
"300",12,0,10,1,0,0,0
"301",2,0,1,0,0,0,0
"302",1,0,1,0,0,0,0
"303",19,0,16,0,0,0,0
"304",16,0,9,0,0,0,0
"305",12,0,8,0,1,0,0
"306",2,0,2,0,0,0,0
"307",9,0,10,0,0,0,0
"308",0,0,1,0,0,0,0
"309",15,0,14,0,0,0,0
"310",1,0,1,0,0,0,0
"311",1,0,1,0,0,0,0
"312",10,0,8,0,0,0,0
"313",0,0,1,0,0,0,0
"314",0,0,1,0,0,0,0
"315",0,0,1,0,0,0,0
"316",12,0,10,0,1,0,0
"317",0,0,1,0,0,0,0
"318",1,0,1,0,0,0,0
"319",0,0,1,0,0,0,0
"320",0,0,1,0,0,0,0
"321",0,0,1,0,0,0,0
"322",10,1,6,0,0,0,0
"323",16,0,10,0,0,0,0
"324",0,0,1,0,0,0,0
"325",10,0,8,0,0,0,0
"326",1,0,1,0,0,0,0
"327",14,0,10,0,0,0,0
"328",0,0,1,0,0,0,0
"329",0,0,1,0,0,0,0
"330",3,0,1,0,0,0,0
"331",11,0,10,0,0,0,1
"332",0,0,1,0,0,0,0
"333",1,0,1,0,0,0,0
"334",19,0,11,0,0,0,1
"335",19,0,12,0,0,0,0
"336",0,0,1,0,0,0,0
"337",13,0,9,0,0,1,0
"338",0,0,1,0,0,0,0
"339",0,0,1,0,0,0,0
"340",0,0,1,0,0,0,0
"341",14,0,12,0,0,0,0
"342",2,0,1,0,0,0,0
"343",3,0,1,0,0,0,0
"344",0,0,1,0,0,0,0
"345",1,0,1,0,0,0,0
"346",2,0,2,0,0,0,0
"347",0,0,1,0,0,0,0
"348",0,0,1,0,0,0,0
"349",15,0,12,0,0,0,1
"350",2,0,3,0,0,0,0
"351",7,0,7,0,0,0,0
"352",0,0,1,0,0,0,0
"353",1,0,1,0,0,0,0
"354",0,0,1,0,0,0,0
"355",0,0,1,0,0,0,0
"356",0,0,1,0,0,0,0
"357",0,0,1,0,0,0,0
"358",5,0,4,0,0,0,0
"359",0,0,1,0,0,0,0
"360",0,0,1,0,0,0,0
"361",19,0,17,0,0,0,1
"362",0,0,1,0,0,0,0
"363",11,0,11,1,0,0,0
"364",9,0,8,0,0,0,0
"365",2,0,1,0,0,0,0
"366",1,0,1,0,0,0,0
"367",17,0,13,0,0,0,0
"368",0,0,1,0,0,0,0
"369",0,0,1,0,0,0,0
"370",17,0,16,0,0,0,0
"371",1,0,1,0,0,0,0
"372",1,0,1,0,0,0,0
"373",1,0,1,0,0,0,0
"374",0,0,1,0,0,0,0
"375",0,0,1,0,0,0,0
"376",2,0,2,0,0,0,0
"377",10,0,10,0,0,0,0
"378",2,0,1,0,0,0,0
"379",2,0,1,0,0,0,0
"380",0,0,1,0,0,0,0
"381",0,0,1,0,0,0,0
"382",0,0,1,0,0,0,0
"383",0,0,1,0,0,0,0
"384",0,0,1,0,0,0,0
"385",1,0,1,0,0,0,0
"386",2,0,2,0,0,0,0
"387",0,0,1,0,0,0,0
"388",2,0,1,0,0,0,0
"389",2,0,2,0,0,0,0
"390",0,0,1,0,0,0,0
"391",1,0,1,0,0,0,0
"392",2,0,1,0,0,0,0
"393",10,0,8,0,0,0,0
"394",0,0,1,0,0,0,0
"395",10,0,8,0,0,0,0
"396",19,0,18,0,0,0,0
"397",0,0,1,0,0,0,0
"398",11,0,7,0,0,0,0
"399",0,0,1,0,0,0,0
"400",1,0,2,0,0,0,0
"401",2,0,2,0,0,0,0
"402",12,0,8,0,0,0,0
"403",0,0,1,0,0,0,0
"404",0,0,1,0,0,0,0
"405",1,0,2,0,0,0,0
"406",0,0,1,0,0,0,0
"407",0,0,1,0,0,0,0
"408",0,0,1,0,0,0,0
"409",0,0,1,0,0,0,0
"410",1,0,1,0,0,0,0
"411",1,0,1,0,0,0,0
"412",16,0,16,0,0,0,0
"413",0,0,1,0,0,0,0
"414",3,0,2,0,0,0,0
"415",2,0,1,0,0,0,0
"416",2,0,2,0,0,0,0
"417",19,0,12,0,0,0,0
"418",0,0,1,0,0,0,0
"419",0,0,1,0,0,0,0
"420",4,0,3,0,0,0,0
"421",2,0,1,0,0,0,0
"422",5,0,2,0,0,0,0
"423",0,0,1,0,0,0,0
"424",0,0,1,0,0,0,0
"425",0,0,1,0,0,0,0
"426",0,0,1,0,0,0,0
"427",1,0,1,0,0,0,0
"428",0,0,1,0,0,0,0
"429",1,0,1,0,0,0,0
"430",0,0,1,0,0,0,0
"431",0,0,1,0,0,0,0
"432",0,0,1,0,0,0,0
"433",0,0,1,0,0,0,0
"434",13,0,10,0,0,0,0
"435",0,0,1,0,0,0,0
"436",0,0,1,0,0,0,0
"437",2,0,1,0,0,0,0
"438",2,0,3,0,0,0,0
"439",1,0,1,0,0,0,0
"440",2,0,1,0,0,0,0
"441",0,0,1,0,0,0,0
"442",4,0,1,0,0,0,0
"443",0,0,1,0,0,0,0
"444",1,0,1,0,0,0,0
"445",1,0,1,0,0,0,0
"446",1,0,1,0,0,0,0
"447",2,0,2,0,0,0,0
"448",0,0,1,0,0,0,0
"449",0,0,2,0,0,0,0
"450",17,0,15,0,0,0,0
"451",0,0,1,0,0,0,0
"452",0,0,1,0,0,0,0
"453",0,0,1,0,0,0,0
"454",13,0,12,0,0,0,0
"455",0,0,1,0,0,0,0
"456",0,0,1,0,0,0,0
"457",11,0,8,0,0,0,0
"458",1,0,1,0,0,0,0
"459",4,0,2,0,0,0,0
"460",0,0,1,0,0,0,0
"461",0,0,1,0,0,0,0
"462",0,0,1,0,0,0,0
"463",0,0,1,0,0,0,0
"464",1,0,1,0,0,0,0
"465",1,0,1,0,0,0,0
"466",0,0,1,0,0,0,0
"467",12,0,16,0,0,1,0
"468",0,0,1,0,0,0,0
"469",2,0,1,0,0,0,0
"470",0,0,1,0,0,0,0
"471",0,0,1,0,0,0,0
"472",3,0,1,0,0,0,0
"473",13,0,10,0,0,0,0
"474",0,0,1,0,0,0,0
"475",0,0,1,0,0,0,0
"476",0,0,1,0,0,0,0
"477",0,0,1,0,0,0,0
"478",1,0,2,0,0,0,0
"479",0,0,1,0,0,0,0
"480",1,0,1,0,0,0,0
"481",0,0,1,0,0,0,0
"482",0,0,1,0,0,0,0
"483",0,0,1,0,0,0,0
"484",0,0,1,0,0,0,0
"485",0,0,1,0,0,0,0
"486",0,0,1,0,0,0,0
"487",0,0,1,0,0,0,0
"488",1,0,1,0,0,0,0
"489",0,0,1,0,0,0,0
"490",1,0,1,0,0,0,0
"491",2,0,2,0,0,0,0
"492",0,0,1,0,0,0,0
"493",1,0,1,0,0,0,0
"494",13,0,8,1,0,0,0
"495",20,0,8,0,0,0,0
"496",3,0,4,0,0,0,0
"497",10,0,7,0,0,0,0
"498",15,1,15,0,0,0,0
"499",1,0,1,0,0,0,0
"500",0,0,1,0,0,0,0
"501",0,0,1,0,0,0,0
"502",1,0,1,0,0,0,0
"503",10,0,8,0,0,0,0
"504",0,0,1,0,0,0,0
"505",16,0,13,0,0,0,0
"506",12,0,13,0,0,0,0
"507",0,0,2,0,0,0,0
"508",0,0,1,0,0,0,0
"509",1,0,1,0,0,0,0
"510",5,0,3,0,0,0,0
"511",0,0,1,0,0,0,0
"512",0,0,1,0,0,0,0
"513",0,0,1,0,0,0,0
"514",13,0,9,1,0,0,0
"515",9,0,9,0,1,0,0
"516",14,0,11,0,0,0,0
"517",14,0,11,0,0,0,0
"518",2,0,1,0,0,0,0
"519",0,0,1,0,0,0,0
"520",1,0,1,0,0,0,0
"521",1,0,1,0,0,0,0
"522",0,0,1,0,0,0,0
"523",0,0,1,0,0,0,0
"524",0,0,1,0,0,0,0
"525",1,0,2,0,0,0,0
"526",12,0,10,0,0,0,0
"527",6,0,3,0,0,0,0
"528",0,0,1,0,0,0,0
"529",9,0,10,0,0,0,0
"530",1,0,1,0,0,0,0
"531",0,0,1,0,0,0,0
"532",0,0,1,0,0,0,0
"533",11,0,10,0,0,0,0
"534",0,0,1,0,0,0,0
"535",0,0,1,0,0,0,0
"536",0,0,1,0,0,0,0
"537",11,0,7,0,0,0,0
"538",9,0,9,0,0,0,0
"539",1,0,2,0,0,0,0
"540",14,0,9,0,0,0,0
"541",0,0,1,0,0,0,0
"542",1,0,1,0,0,0,0
"543",2,0,1,0,0,0,0
"544",16,0,18,0,0,0,0
"545",15,0,12,0,0,0,0
"546",0,0,1,0,0,0,0
"547",0,0,1,0,0,0,0
"548",1,0,1,0,0,0,0
"549",0,0,1,0,0,0,0
"550",13,0,11,0,0,0,1
"551",10,0,8,0,0,0,0
"552",1,0,1,0,0,0,0
"553",1,0,1,0,0,0,0
"554",0,0,1,0,0,0,0
"555",1,0,1,0,0,0,0
"556",21,0,19,0,0,0,0
"557",2,0,1,0,0,0,0
"558",0,0,1,0,0,0,0
"559",0,0,1,0,0,0,0
"560",0,0,1,0,0,0,0
"561",1,0,1,0,0,0,0
"562",0,0,1,0,0,0,0
"563",1,0,1,0,0,0,0
"564",13,0,7,0,0,0,0
"565",0,0,1,0,0,0,0
"566",1,0,1,0,0,0,0
"567",11,0,9,0,0,0,0
"568",9,0,7,0,0,0,0
"569",0,0,1,0,0,0,0
"570",0,0,1,0,0,0,0
"571",4,0,2,0,0,0,0
"572",2,0,2,0,0,0,0
"573",12,0,6,0,0,0,0
"574",8,0,8,0,0,0,0
"575",14,0,14,0,0,0,0
"576",0,0,1,0,0,0,0
"577",0,0,1,0,0,0,0
"578",14,0,9,0,0,0,0
"579",1,0,1,0,0,0,0
"580",1,0,2,0,0,0,0
"581",0,0,1,0,0,0,0
"582",1,0,2,0,0,0,0
"583",2,0,2,0,0,0,0
"584",9,0,6,0,0,0,0
"585",0,0,1,0,0,0,0
"586",1,0,2,0,0,0,0
"587",14,1,13,0,0,1,0
"588",1,0,1,0,0,0,0
"589",1,0,1,0,0,0,0
"590",1,0,1,0,0,0,0
"591",0,0,1,0,0,0,0
"592",0,0,1,0,0,0,0
"593",2,0,1,0,0,0,0
"594",0,0,1,0,0,0,0
"595",0,0,1,0,0,0,0
"596",0,0,1,0,0,0,0
"597",18,0,12,0,0,0,0
"598",1,0,2,0,0,0,0
"599",11,0,11,0,0,0,0
"600",0,0,1,0,0,0,0
"601",0,0,1,0,0,0,0
"602",1,0,2,0,0,0,0
"603",0,0,1,0,0,0,0
"604",1,0,1,0,0,0,0
"605",15,0,16,0,0,0,0
"606",13,1,13,0,1,0,0
"607",12,0,8,0,0,0,0
"608",9,0,11,0,0,0,1
"609",0,0,1,0,0,0,0
"610",2,0,3,0,0,0,0
"611",10,1,7,0,0,0,1
"612",0,0,1,0,0,0,0
"613",1,0,1,0,0,0,0
"614",9,0,10,0,0,0,0
"615",11,0,8,0,0,0,0
"616",1,0,1,0,0,0,0
"617",14,0,8,0,0,0,0
"618",0,0,1,0,0,0,0
"619",0,0,1,0,0,0,0
"620",12,0,16,0,0,0,0
"621",1,0,1,0,0,0,0
"622",1,0,2,0,0,0,0
"623",1,0,1,0,0,0,0
"624",0,0,1,0,0,0,0
"625",0,0,1,0,1,0,0
"626",0,0,1,0,0,0,0
"627",0,0,1,0,0,0,0
"628",4,0,3,0,0,0,0
"629",1,0,1,0,0,0,0
"630",0,0,1,0,0,0,0
"631",0,0,1,0,0,0,0
"632",1,0,2,0,0,0,0
"633",24,1,14,0,0,0,0
"634",0,0,1,0,0,0,0
"635",1,0,1,0,0,0,0
"636",1,0,1,0,0,0,0
"637",16,0,11,0,0,0,0
"638",2,0,1,0,0,0,0
"639",11,0,8,0,0,0,0
"640",13,0,10,0,0,0,1
"641",1,0,1,0,0,0,0
"642",13,1,9,0,0,0,0
"643",1,0,1,0,0,0,0
"644",13,0,12,0,0,0,1
"645",1,0,1,0,0,0,0
"646",16,0,13,0,0,0,0
"647",1,0,1,0,0,0,0
"648",0,0,1,0,0,0,0
"649",1,0,1,0,0,0,0
"650",18,0,13,0,0,0,0
"651",15,0,11,0,0,0,0
"652",1,0,1,0,0,0,0
"653",14,0,13,0,0,1,0
"654",16,0,10,1,0,0,0
"655",14,0,12,1,0,1,0
"656",10,0,7,0,0,0,0
"657",3,0,2,0,0,0,0
"658",9,0,11,0,0,0,0
"659",0,0,1,0,0,0,0
"660",0,0,1,0,0,0,0
"661",1,0,1,0,0,0,0
"662",1,0,1,0,0,0,0
"663",1,0,1,0,0,0,0
"664",0,0,1,0,0,0,0
"665",0,0,1,0,0,0,0
"666",8,0,7,0,0,0,0
"667",0,0,1,0,0,0,0
"668",18,0,15,0,0,0,0
"669",21,0,13,0,0,0,0
"670",0,0,1,0,0,0,0
"671",1,0,3,0,0,0,0
"672",17,0,13,0,0,0,0
"673",10,0,8,0,0,0,0
"674",9,0,7,0,0,0,0
"675",1,0,2,0,0,0,0
"676",21,0,16,0,0,0,0
"677",1,0,1,0,0,0,0
"678",0,0,1,0,0,0,0
"679",0,0,1,0,0,0,0
"680",1,0,2,0,0,0,0
"681",15,0,12,0,0,0,0
"682",13,0,8,0,0,0,0
"683",1,0,1,0,0,0,0
"684",0,0,1,0,0,0,0
"685",0,0,1,0,0,0,0
"686",12,0,9,1,0,0,0
"687",12,0,10,0,0,0,0
"688",16,0,13,0,0,0,0
"689",0,0,1,0,0,0,0
"690",0,0,1,0,0,0,0
"691",0,0,1,0,0,0,0
"692",0,0,1,0,0,0,0
"693",10,0,9,0,0,0,0
"694",1,0,1,0,0,0,0
"695",1,0,1,0,0,0,0
"696",1,0,2,0,0,0,0
"697",0,0,1,0,0,0,0
"698",0,0,1,0,0,0,0
"699",0,0,1,0,0,0,0
"700",3,0,3,0,0,0,0
"701",0,0,1,0,0,0,0
"702",4,0,3,0,0,0,0
"703",0,0,1,0,0,0,0
"704",1,0,1,0,0,0,0
"705",10,0,11,0,0,0,0
"706",15,0,10,0,0,0,0
"707",12,0,10,0,0,0,0
"708",15,0,12,0,1,0,0
"709",0,0,1,0,0,0,0
"710",0,0,1,0,0,0,0
"711",1,0,1,0,0,0,0
"712",0,0,1,0,0,0,0
"713",0,0,1,0,0,0,0
"714",0,0,1,0,0,0,0
"715",11,0,9,0,0,0,0
"716",0,0,1,0,0,0,0
"717",9,0,8,0,0,0,0
"718",0,0,1,0,0,0,0
"719",0,0,1,0,0,0,0
"720",1,0,1,0,0,0,0
"721",12,0,10,1,0,0,1
"722",0,0,1,0,0,0,0
"723",17,0,14,0,0,0,0
"724",5,0,3,0,0,0,0
"725",0,0,1,0,0,0,0
"726",1,0,1,0,0,0,0
"727",0,0,1,0,0,0,0
"728",13,1,12,0,1,0,0
"729",16,1,13,0,0,0,0
"730",0,0,1,0,0,0,0
"731",0,0,1,0,0,0,0
"732",0,0,1,0,0,0,0
"733",1,0,1,0,0,0,0
"734",0,0,1,0,0,0,0
"735",17,0,12,0,0,0,0
"736",0,0,1,0,0,0,0
"737",1,0,1,0,0,0,0
"738",15,0,8,0,0,0,0
"739",4,0,4,1,0,0,0
"740",1,0,1,0,0,0,0
"741",17,0,12,0,0,0,0
"742",15,0,11,0,0,0,0
"743",12,0,16,0,0,0,0
"744",0,0,1,0,0,0,0
"745",1,0,1,0,0,0,0
"746",3,0,1,0,0,0,0
"747",1,0,1,0,0,0,0
"748",0,0,1,0,0,0,0
"749",1,0,1,0,0,0,0
"750",0,0,1,0,0,0,0
"751",22,0,16,0,0,0,0
"752",17,0,11,0,1,0,0
"753",8,0,9,0,0,0,0
"754",0,0,1,0,0,0,0
"755",4,0,3,0,0,0,0
"756",0,0,1,0,0,0,0
"757",0,0,1,0,0,0,0
"758",0,0,1,0,0,0,0
"759",0,0,1,0,0,0,0
"760",1,0,1,0,0,0,0
"761",1,0,1,0,0,0,0
"762",4,0,2,0,0,0,0
"763",1,0,2,0,0,0,0
"764",19,0,15,0,0,0,0
"765",0,0,1,0,0,0,0
"766",1,0,1,0,0,0,0
"767",9,0,7,0,1,0,0
"768",0,0,1,0,0,0,0
"769",0,0,1,0,0,0,0
"770",0,0,1,0,0,0,0
"771",3,0,1,0,0,0,0
"772",15,0,10,0,0,0,0
"773",0,0,1,0,0,0,0
"774",0,0,1,0,0,0,0
"775",0,0,2,0,0,0,0
"776",0,0,1,0,0,0,0
"777",17,0,13,0,0,0,0
"778",1,0,1,0,0,0,0
"779",13,0,12,0,0,0,0
"780",0,0,1,0,0,0,0
"781",0,0,1,0,0,0,0
"782",0,0,1,0,0,0,0
"783",0,0,1,0,0,0,0
"784",11,1,9,0,0,0,1
"785",1,0,2,0,0,0,0
"786",0,0,1,0,0,0,0
"787",0,0,1,0,0,0,0
"788",0,0,1,0,0,0,0
"789",0,0,1,0,0,0,0
"790",1,0,1,0,0,0,0
"791",1,0,1,0,0,0,0
"792",1,0,2,0,0,0,0
"793",17,0,13,1,0,0,0
"794",4,0,3,0,0,0,0
"795",0,0,1,0,0,0,0
"796",0,0,1,0,0,0,0
"797",10,0,8,0,0,0,1
"798",0,0,1,0,0,0,0
"799",10,0,7,0,0,0,0
"800",0,0,1,0,0,0,0
"801",0,0,1,0,0,0,0
"802",0,0,1,0,0,0,0
"803",0,0,1,0,0,0,0
"804",14,0,15,0,0,0,0
"805",0,0,1,0,0,0,0
"806",0,0,1,0,0,0,0
"807",0,0,1,0,0,0,0
"808",6,0,4,0,0,0,0
"809",0,0,1,0,0,0,0
"810",13,0,14,0,0,0,0
"811",12,0,8,0,0,0,0
"812",1,0,1,0,0,0,0
"813",0,0,1,0,0,0,0
"814",12,0,7,0,0,0,0
"815",0,0,1,0,0,0,0
"816",0,0,1,0,0,0,0
"817",13,0,9,1,1,0,0
"818",0,0,1,0,0,0,0
"819",13,0,8,0,0,0,0
"820",1,0,1,0,0,0,0
"821",12,0,9,0,0,0,0
"822",0,0,1,0,0,0,0
"823",8,0,6,0,0,0,0
"824",15,0,15,0,0,0,0
"825",2,0,2,0,0,0,0
"826",1,0,1,0,0,0,0
"827",0,0,1,0,0,0,0
"828",1,0,2,0,0,0,0
"829",0,0,1,0,0,0,0
"830",0,0,1,0,0,0,0
"831",15,0,15,0,0,0,0
"832",0,0,1,0,0,0,0
"833",0,0,1,0,0,0,0
"834",3,0,2,0,0,0,0
"835",18,1,12,0,0,0,0
"836",16,0,14,1,1,0,0
"837",5,0,3,0,0,0,0
"838",9,0,5,0,0,0,0
"839",2,0,2,0,0,0,0
"840",1,0,1,0,0,0,0
"841",0,0,1,0,0,0,0
"842",10,0,9,0,0,0,0
"843",1,0,1,0,0,0,0
"844",2,0,1,0,0,0,0
"845",0,0,1,0,0,0,0
"846",2,0,1,0,0,0,0
"847",15,0,13,0,0,0,1
"848",1,0,1,0,0,0,0
"849",14,0,10,0,0,0,0
"850",12,0,11,0,0,0,0
"851",0,0,1,0,0,0,0
"852",1,0,1,0,0,0,0
"853",1,0,1,0,0,0,0
"854",1,0,1,0,0,0,0
"855",0,0,1,0,0,0,0
"856",0,0,1,0,0,0,0
"857",1,0,1,0,0,0,0
"858",0,0,1,0,0,0,0
"859",0,0,1,0,0,0,0
"860",0,0,1,0,0,0,0
"861",0,0,1,0,0,0,0
"862",0,0,1,0,0,0,0
"863",13,0,7,0,0,0,0
"864",0,0,1,0,0,0,0
"865",0,0,1,0,0,0,0
"866",2,0,1,0,0,0,0
"867",0,0,1,0,0,0,0
"868",0,0,1,0,0,0,0
"869",0,0,1,0,0,0,0
"870",14,1,12,0,0,0,0
"871",12,0,7,0,0,0,0
"872",0,0,1,0,0,0,0
"873",1,0,1,0,0,0,0
"874",0,0,1,0,0,0,0
"875",0,0,1,0,0,0,0
"876",10,0,8,0,0,0,0
"877",1,0,2,0,0,0,0
"878",8,0,7,0,0,0,0
"879",1,0,1,0,0,0,0
"880",0,0,1,0,0,0,0
"881",0,0,1,0,0,0,0
"882",0,0,1,0,0,0,0
"883",0,0,1,0,0,0,0
"884",0,0,1,0,0,0,0
"885",0,0,1,0,0,0,0
"886",1,0,1,0,0,0,0
"887",0,0,1,0,0,0,0
"888",2,0,1,0,0,0,0
"889",1,0,1,0,0,0,0
"890",10,0,6,0,0,0,0
"891",0,0,1,0,0,0,0
"892",0,0,1,0,0,0,0
"893",0,0,1,0,0,0,0
"894",2,0,2,0,0,0,0
"895",0,0,1,0,0,0,0
"896",0,0,1,0,0,0,0
"897",13,0,10,0,0,0,0
"898",1,0,2,0,0,0,0
"899",2,0,2,0,0,0,0
"900",0,0,1,0,0,0,0
"901",0,0,1,0,0,0,0
"902",0,0,1,0,0,0,0
"903",19,0,15,0,0,0,0
"904",5,0,5,0,0,0,0
"905",1,0,1,0,0,0,0
"906",0,0,1,0,0,0,0
"907",1,0,1,0,0,0,0
"908",0,0,1,0,0,0,0
"909",1,0,1,0,0,0,0
"910",17,0,15,0,0,0,0
"911",2,0,1,0,0,0,0
"912",2,0,2,0,0,0,0
"913",2,0,2,0,0,0,0
"914",1,0,1,0,0,0,0
"915",0,0,1,0,0,0,0
"916",0,0,1,0,0,0,0
"917",1,0,1,0,0,0,0
"918",0,0,1,0,0,0,0
"919",0,0,1,0,0,0,0
"920",0,0,1,0,0,0,0
"921",0,0,1,0,0,0,0
"922",0,0,1,0,0,0,0
"923",3,0,2,0,0,0,0
"924",0,0,1,0,0,0,0
"925",10,0,11,0,0,0,0
"926",0,0,1,0,0,0,0
"927",1,0,1,0,0,0,0
"928",1,0,2,0,0,0,0
"929",2,0,1,0,0,0,0
"930",0,0,1,0,0,0,0
"931",4,0,4,0,0,0,0
"932",0,0,1,0,0,0,0
"933",2,0,2,0,0,0,0
"934",0,0,1,0,0,0,0
"935",12,0,9,0,0,0,1
"936",2,0,1,0,0,0,0
"937",1,0,1,0,0,0,0
"938",2,0,2,0,0,0,0
"939",0,0,1,0,0,0,0
"940",24,0,12,0,0,0,0
"941",0,0,1,0,0,0,0
"942",12,0,8,0,0,0,0
"943",1,0,1,0,0,0,0
"944",0,0,1,0,0,0,0
"945",1,0,1,0,0,0,0
"946",0,0,1,0,0,0,0
"947",14,0,12,0,0,0,0
"948",0,0,1,0,0,0,0
"949",0,0,1,0,0,0,0
"950",1,0,1,0,0,0,0
"951",1,0,1,0,0,0,0
"952",2,0,1,0,0,0,0
"953",1,0,1,0,0,0,0
"954",1,0,1,0,0,0,0
"955",12,0,10,0,0,0,0
"956",11,0,8,0,0,0,0
"957",0,0,1,0,0,0,0
"958",1,0,1,0,0,0,0
"959",1,0,1,0,0,0,0
"960",12,0,11,0,1,0,0
"961",15,0,15,0,0,0,0
"962",0,0,1,0,0,0,0
"963",0,0,1,0,0,0,0
"964",0,0,1,0,0,0,0
"965",2,0,2,0,0,0,0
"966",13,0,13,0,0,0,0
"967",6,0,5,0,0,0,0
"968",0,0,1,0,0,0,0
"969",19,0,13,0,0,0,0
"970",1,0,2,0,0,0,0
"971",12,0,7,0,0,0,0
"972",0,0,1,0,0,0,0
"973",1,0,1,0,0,0,0
"974",0,0,1,0,0,0,0
"975",1,0,1,0,0,0,0
"976",0,0,1,0,0,0,0
"977",1,0,1,0,0,0,0
"978",3,0,3,0,0,0,0
"979",11,0,9,0,0,0,1
"980",0,0,1,0,0,0,0
"981",3,0,4,0,0,0,0
"982",1,0,1,0,0,0,0
"983",0,0,1,0,0,0,0
"984",0,0,2,0,0,0,0
"985",14,0,14,0,0,0,0
"986",11,0,11,0,0,0,0
"987",0,0,1,0,0,0,0
"988",10,0,8,0,0,0,0
"989",0,0,1,0,0,0,0
"990",1,0,1,0,0,0,0
"991",0,0,1,0,0,0,0
"992",2,0,1,0,0,0,0
"993",1,0,1,0,0,0,0
"994",0,0,1,0,0,0,0
"995",21,0,22,0,0,1,0
"996",0,0,1,0,0,0,0
"997",8,0,6,0,0,0,0
"998",14,1,11,0,0,0,1
"999",0,0,1,0,0,0,0
"1000",1,0,1,0,0,0,0
"1001",2,0,2,0,0,0,0
"1002",1,0,1,0,0,0,0
"1003",4,0,3,0,0,0,0
"1004",2,0,1,0,0,0,0
"1005",0,0,1,0,0,0,0
"1006",0,0,1,0,0,0,0
"1007",0,0,1,0,0,0,0
"1008",0,0,1,0,0,0,0
"1009",0,0,1,0,0,0,0
"1010",21,0,17,0,0,0,0
"1011",0,0,1,0,0,0,0
"1012",2,0,1,0,0,0,0
"1013",1,0,1,0,0,0,0
"1014",1,0,1,0,0,0,0
"1015",15,0,11,0,0,0,0
"1016",1,0,1,0,0,0,0
"1017",11,0,10,0,1,1,0
"1018",0,0,1,0,0,0,0
"1019",0,0,1,0,0,0,0
"1020",0,0,1,0,0,0,0
"1021",0,0,1,0,0,0,0
"1022",18,0,11,0,0,0,0
"1023",0,0,1,0,0,0,0
"1024",7,0,5,0,0,0,0
"1025",1,0,1,0,0,0,0
"1026",23,0,14,0,0,0,0
"1027",15,0,12,0,0,0,0
"1028",2,0,2,0,0,0,0
"1029",4,0,3,0,0,0,0
"1030",1,0,1,0,0,0,0
"1031",15,0,13,0,0,0,0
"1032",0,0,1,0,0,0,0
"1033",0,0,1,0,0,0,0
"1034",0,0,1,0,0,0,0
"1035",2,0,1,0,0,0,0
"1036",0,0,1,0,0,0,0
"1037",10,0,8,0,0,0,0
"1038",0,0,1,0,0,0,0
"1039",0,0,1,0,0,0,0
"1040",0,0,1,0,0,0,0
"1041",1,0,3,0,0,0,0
"1042",3,0,2,0,0,0,0
"1043",11,0,8,0,0,0,0
"1044",0,0,1,0,0,0,0
"1045",0,0,1,0,0,0,0
"1046",0,0,1,0,0,0,0
"1047",10,0,9,0,0,0,0
"1048",0,0,1,0,0,0,0
"1049",0,0,1,0,0,0,0
"1050",3,0,1,0,0,0,0
"1051",2,0,1,0,0,0,0
"1052",1,0,1,0,0,0,0
"1053",16,0,12,0,1,0,0
"1054",0,0,1,0,0,0,0
"1055",3,0,2,0,0,0,0
"1056",1,0,1,0,0,0,0
"1057",7,0,6,0,0,0,0
"1058",0,0,1,0,0,0,0
"1059",0,0,1,0,0,0,0
"1060",0,0,1,0,0,0,0
"1061",2,0,1,0,0,0,0
"1062",15,0,9,0,0,0,0
"1063",17,0,13,0,0,1,0
"1064",0,0,1,0,0,0,0
"1065",0,0,1,0,0,0,0
"1066",1,0,2,0,0,0,0
"1067",3,0,1,0,0,0,0
"1068",0,0,1,0,0,0,0
"1069",15,0,12,0,0,1,1
"1070",1,0,1,0,0,0,0
"1071",0,0,1,0,0,0,0
"1072",12,0,10,0,1,0,0
"1073",0,0,1,0,0,0,0
"1074",3,0,2,0,0,0,0
"1075",1,0,1,0,0,0,0
"1076",15,0,10,0,0,0,0
"1077",1,0,2,0,0,0,0
"1078",0,0,1,0,0,0,0
"1079",14,0,10,0,1,0,0
"1080",11,0,9,0,0,0,0
"1081",0,0,1,0,0,0,0
"1082",11,0,10,0,0,0,0
"1083",0,0,1,0,0,0,0
"1084",14,0,12,0,1,0,0
"1085",0,0,1,0,0,0,0
"1086",0,0,1,0,0,0,0
"1087",1,0,1,0,0,0,0
"1088",0,0,1,0,0,0,0
"1089",16,0,12,0,0,0,0
"1090",10,0,8,0,0,0,0
"1091",16,1,13,0,0,0,0
"1092",1,1,1,0,0,0,0
"1093",13,0,8,0,1,0,0
"1094",1,0,1,0,0,0,0
"1095",3,0,1,0,0,0,0
"1096",1,0,1,0,0,0,0
"1097",10,1,12,1,1,0,0
"1098",0,0,1,0,0,0,0
"1099",0,0,1,0,0,0,0
"1100",0,0,1,0,0,0,0
"1101",0,0,1,0,0,0,0
"1102",2,0,1,0,0,0,0
"1103",0,0,1,0,0,0,0
"1104",13,0,12,0,0,0,0
"1105",2,0,3,0,0,0,0
"1106",0,0,1,0,0,0,0
"1107",15,0,9,0,0,0,0
"1108",1,0,3,0,0,0,0
"1109",0,0,1,0,0,0,0
"1110",0,0,1,0,0,0,0
"1111",14,0,12,0,0,0,0
"1112",12,0,11,0,0,0,0
"1113",10,0,10,0,0,0,0
"1114",18,0,14,0,0,0,0
"1115",0,0,1,0,0,0,0
"1116",0,0,1,0,0,0,0
"1117",0,0,1,0,0,0,0
"1118",0,0,1,0,0,0,0
"1119",10,0,10,0,1,0,0
"1120",1,0,1,0,0,0,0
"1121",1,0,1,0,0,0,0
"1122",0,0,1,0,0,0,0
"1123",0,0,1,0,0,0,0
"1124",1,0,1,0,0,0,0
"1125",1,0,1,0,0,0,0
"1126",17,0,12,0,0,0,0
"1127",0,0,1,0,0,0,0
"1128",0,0,1,0,0,0,0
"1129",1,0,1,0,0,0,0
"1130",0,0,1,0,0,0,0
"1131",12,0,9,0,0,0,0
"1132",0,0,1,0,0,0,0
"1133",0,0,1,0,0,0,0
"1134",17,0,12,0,0,0,0
"1135",0,0,1,0,0,0,0
"1136",10,0,7,0,0,0,0
"1137",0,0,1,0,0,0,0
"1138",1,0,2,0,0,0,0
"1139",0,0,1,0,0,0,0
"1140",0,0,1,0,0,0,0
"1141",0,0,1,0,0,0,0
"1142",8,0,6,0,0,0,0
"1143",3,0,1,0,0,0,0
"1144",0,0,1,0,0,0,0
"1145",0,0,1,0,0,0,0
"1146",1,0,1,0,0,0,0
"1147",7,0,6,0,0,0,0
"1148",0,0,2,0,0,0,0
"1149",16,0,12,0,0,0,0
"1150",1,0,1,0,0,0,0
"1151",13,0,10,0,0,0,0
"1152",14,0,11,0,0,0,1
"1153",0,0,1,0,0,0,0
"1154",0,0,1,0,0,0,0
"1155",11,0,10,0,1,0,0
"1156",0,1,1,0,0,0,0
"1157",1,0,2,0,0,0,0
"1158",3,0,1,0,0,0,0
"1159",1,0,1,0,0,0,0
"1160",0,0,1,0,0,0,0
"1161",0,0,1,0,0,0,0
"1162",1,0,1,0,0,0,0
"1163",1,0,1,0,0,0,0
"1164",0,0,1,0,0,0,0
"1165",12,0,12,0,0,0,0
"1166",12,0,8,0,0,0,0
"1167",12,0,16,0,0,0,0
"1168",1,0,1,0,0,0,0
"1169",1,0,1,0,0,0,0
"1170",0,0,1,0,0,0,0
"1171",2,0,1,0,0,0,0
"1172",12,0,8,0,0,0,0
"1173",11,1,7,0,0,0,0
"1174",0,0,1,0,0,0,0
"1175",8,0,8,0,0,0,1
"1176",21,0,11,0,0,0,0
"1177",0,0,1,0,0,0,0
"1178",11,0,7,0,0,0,0
"1179",0,0,1,0,0,0,0
"1180",11,0,9,0,0,0,0
"1181",1,0,2,0,0,0,0
"1182",0,0,1,0,0,0,0
"1183",23,0,15,0,0,0,0
"1184",1,0,1,0,0,0,0
"1185",0,0,1,0,0,0,0
"1186",0,0,1,0,0,0,0
"1187",0,0,1,0,0,0,0
"1188",13,0,9,0,0,0,0
"1189",0,0,1,0,0,0,0
"1190",1,0,1,0,0,0,0
"1191",11,0,9,0,1,0,0
"1192",10,0,8,0,0,0,0
"1193",1,0,1,0,0,0,0
"1194",0,0,1,0,0,0,0
"1195",4,0,1,0,0,0,0
"1196",0,0,1,0,0,0,0
"1197",10,1,10,0,1,0,0
"1198",1,0,1,0,0,0,0
"1199",3,0,2,0,0,0,0
"1200",0,0,1,0,0,0,0
"1201",1,0,1,0,0,0,0
"1202",6,0,7,0,0,0,0
"1203",18,0,15,0,0,0,1
"1204",10,1,8,0,1,0,0
"1205",0,0,1,0,0,0,0
"1206",12,1,10,0,0,0,0
"1207",0,0,1,0,0,0,0
"1208",2,0,2,0,0,0,0
"1209",11,0,9,0,0,0,0
"1210",1,0,1,0,0,0,0
"1211",0,0,1,0,0,0,0
"1212",1,0,1,0,0,0,0
"1213",1,0,2,0,0,0,0
"1214",3,0,1,0,0,0,0
"1215",16,0,12,0,0,0,0
"1216",1,0,1,0,0,0,0
"1217",1,0,1,0,0,0,0
"1218",0,0,1,0,0,0,0
"1219",0,0,1,0,0,0,0
"1220",1,0,1,0,0,0,0
"1221",1,0,1,0,0,0,0
"1222",0,0,1,0,0,0,0
"1223",0,0,1,0,0,0,0
"1224",0,0,1,0,0,0,0
"1225",1,0,1,0,0,0,0
"1226",0,0,1,0,0,0,0
"1227",14,0,12,0,1,0,0
"1228",1,0,2,0,0,0,0
"1229",0,0,1,0,0,0,0
"1230",14,1,12,0,0,1,0
"1231",12,0,13,0,0,0,0
"1232",11,0,11,0,0,0,0
"1233",0,0,1,0,0,0,0
"1234",0,0,1,0,0,0,0
"1235",14,0,10,0,0,0,0
"1236",2,0,2,0,0,0,0
"1237",1,0,2,0,0,0,0
"1238",10,0,11,0,0,0,0
"1239",18,0,13,0,0,0,0
"1240",20,0,14,0,0,0,0
"1241",17,0,11,0,0,0,0
"1242",0,0,1,0,0,0,0
"1243",0,0,1,0,0,0,0
"1244",0,0,1,0,0,0,0
"1245",17,0,14,0,0,0,0
"1246",12,0,10,0,1,0,0
"1247",0,0,1,0,0,0,0
"1248",0,0,1,0,0,0,0
"1249",0,0,1,0,0,0,0
"1250",0,0,1,0,0,0,0
"1251",14,0,12,0,0,0,0
"1252",0,0,1,0,0,0,0
"1253",3,0,1,0,0,0,0
"1254",0,0,1,0,0,0,0
"1255",13,0,13,0,0,0,0
"1256",0,0,1,0,0,0,0
"1257",0,0,1,0,0,0,0
"1258",2,0,3,0,0,0,0
"1259",0,0,1,0,0,0,0
"1260",1,0,1,0,0,0,0
"1261",2,0,1,0,0,0,0
"1262",5,0,2,0,0,0,0
"1263",10,0,11,0,0,0,0
"1264",5,0,4,0,0,0,0
"1265",12,0,11,0,0,0,0
"1266",0,0,1,0,0,0,0
"1267",0,0,1,0,0,0,0
"1268",9,0,5,0,0,0,0
"1269",11,0,8,0,1,0,0
"1270",1,0,1,0,0,0,0
"1271",1,0,1,0,0,0,0
"1272",0,0,1,0,0,0,0
"1273",19,0,20,0,0,0,0
"1274",18,1,15,0,0,0,0
"1275",0,0,1,0,0,0,0
"1276",0,0,1,0,0,0,0
"1277",0,0,1,0,0,0,0
"1278",1,0,1,0,0,0,0
"1279",1,0,2,0,0,0,0
"1280",1,0,1,0,0,0,0
"1281",0,0,1,0,0,0,0
"1282",0,0,1,0,0,0,0
"1283",0,0,1,0,0,0,0
"1284",13,0,10,0,0,0,0
"1285",1,0,1,0,0,0,0
"1286",6,0,4,0,0,0,0
"1287",0,0,1,0,0,0,0
"1288",6,0,2,0,0,0,0
"1289",0,0,1,0,0,0,0
"1290",12,1,12,0,0,0,0
"1291",17,0,9,0,0,0,0
"1292",0,0,1,0,0,0,0
"1293",1,0,1,0,0,0,0
"1294",10,0,8,0,0,0,0
"1295",0,0,1,0,0,0,0
"1296",1,0,2,0,0,0,0
"1297",2,0,1,0,0,0,0
"1298",14,0,12,0,0,0,0
"1299",0,0,1,0,0,0,0
"1300",1,0,1,0,0,0,0
"1301",2,0,1,0,0,0,0
"1302",0,0,1,0,0,0,0
"1303",0,0,1,0,0,0,0
"1304",5,0,2,0,0,0,0
"1305",2,0,1,0,0,0,0
"1306",13,0,11,0,0,0,0
"1307",22,0,17,0,0,0,0
"1308",18,0,15,0,0,0,0
"1309",0,0,1,0,0,0,0
"1310",2,0,3,0,0,0,0
"1311",0,0,1,0,0,0,0
"1312",15,0,12,0,0,0,0
"1313",18,0,9,0,0,0,0
"1314",1,0,1,0,0,0,0
"1315",3,0,2,0,0,0,0
"1316",0,0,1,0,0,0,0
"1317",1,0,1,0,0,0,0
"1318",1,0,1,0,0,0,0
"1319",0,0,1,0,0,0,0
"1320",0,0,1,0,0,0,0
"1321",14,0,7,0,0,0,0
"1322",0,0,1,0,0,0,0
"1323",0,0,1,0,0,0,0
"1324",20,0,14,0,0,0,0
"1325",11,0,10,0,0,0,0
"1326",17,0,9,0,0,0,0
"1327",0,0,1,0,0,0,0
"1328",1,0,1,0,0,0,0
"1329",0,0,1,0,0,0,0
"1330",1,0,1,0,0,0,0
"1331",1,0,2,0,0,0,0
"1332",0,0,1,0,0,0,0
"1333",0,0,1,0,0,0,0
"1334",0,0,1,0,0,0,0
"1335",7,0,5,0,0,0,0
"1336",0,0,1,0,0,0,0
"1337",3,0,2,0,0,0,0
"1338",3,0,2,0,0,0,0
"1339",0,0,1,0,0,0,0
"1340",1,0,1,0,0,0,0
"1341",2,0,3,0,0,0,0
"1342",14,0,12,0,0,0,0
"1343",0,0,1,0,0,0,0
"1344",12,0,9,0,0,0,0
"1345",0,0,1,0,0,0,0
"1346",0,0,1,0,0,0,0
"1347",21,0,24,0,0,0,0
"1348",4,0,2,0,0,0,0
"1349",2,0,2,0,0,0,0
"1350",0,0,1,0,0,0,0
"1351",0,0,1,0,0,0,0
"1352",20,0,15,0,0,0,0
"1353",1,0,1,0,0,0,0
"1354",1,0,1,0,0,0,0
"1355",18,0,14,0,0,0,0
"1356",0,0,1,0,0,0,0
"1357",0,0,1,0,0,0,0
"1358",2,0,1,0,0,0,0
"1359",1,0,2,0,0,0,0
"1360",16,0,13,0,0,0,0
"1361",1,0,2,0,0,0,0
"1362",15,0,9,0,0,0,0
"1363",0,0,1,0,0,0,0
"1364",0,0,1,0,0,0,0
"1365",0,0,1,0,0,0,0
"1366",2,0,1,0,0,0,0
"1367",1,0,1,0,0,0,0
"1368",2,0,1,0,0,0,0
"1369",1,0,2,0,0,0,0
"1370",1,0,2,0,0,0,0
"1371",0,0,1,0,0,0,0
"1372",9,0,6,0,0,0,0
"1373",1,0,1,0,0,0,0
"1374",19,0,14,0,0,0,0
"1375",13,1,11,0,0,0,0
"1376",1,0,1,0,0,0,0
"1377",0,0,1,0,0,0,0
"1378",0,0,1,0,0,0,0
"1379",12,0,6,0,0,0,0
"1380",0,0,1,0,0,0,0
"1381",0,0,1,0,0,0,0
"1382",0,0,1,0,0,0,0
"1383",1,0,1,0,0,0,0
"1384",9,0,7,0,0,1,0
"1385",2,0,1,0,0,0,0
"1386",9,1,9,0,0,0,0
"1387",0,0,1,0,0,0,0
"1388",16,0,11,0,0,0,0
"1389",15,0,13,0,0,0,0
"1390",1,0,1,0,0,0,0
"1391",2,0,1,0,0,0,0
"1392",21,0,16,0,0,0,0
"1393",0,0,1,0,0,0,0
"1394",0,0,2,0,0,0,0
"1395",14,0,13,0,0,0,0
"1396",16,0,9,0,0,0,0
"1397",0,0,1,0,0,0,0
"1398",0,0,1,0,0,0,0
"1399",2,0,2,0,0,0,0
"1400",0,0,1,0,0,0,0
"1401",12,0,9,0,0,0,0
"1402",12,0,12,1,0,0,0
"1403",13,0,7,0,0,0,0
"1404",1,0,1,0,0,0,0
"1405",0,0,1,0,0,0,0
"1406",0,0,1,0,0,0,0
"1407",1,0,2,0,0,0,0
"1408",0,0,1,0,0,0,0
"1409",21,0,14,0,0,0,0
"1410",14,0,12,0,0,0,0
"1411",0,0,1,0,0,0,0
"1412",0,0,1,0,0,0,0
"1413",0,0,1,0,0,0,0
"1414",1,0,1,0,0,0,0
"1415",0,0,1,0,0,0,0
"1416",0,0,1,0,0,0,0
"1417",0,0,1,0,0,0,0
"1418",0,0,1,0,0,0,0
"1419",1,0,1,0,0,0,0
"1420",0,0,1,0,0,0,0
"1421",1,0,1,0,0,0,0
"1422",0,0,1,0,0,0,0
"1423",0,0,1,0,0,0,0
"1424",2,0,1,0,0,0,0
"1425",2,0,1,0,0,0,0
"1426",9,0,8,0,0,0,0
"1427",1,0,1,0,0,0,0
"1428",1,0,2,0,0,0,0
"1429",5,0,5,0,0,0,0
"1430",1,0,1,0,0,0,0
"1431",0,0,1,0,0,0,0
"1432",0,0,1,0,0,0,0
"1433",0,0,1,0,0,0,0
"1434",21,0,17,0,0,0,0
"1435",0,0,1,0,0,0,0
"1436",0,0,1,0,0,0,0
"1437",0,0,1,0,0,0,0
"1438",0,0,1,0,0,0,0
"1439",3,0,1,0,0,0,0
"1440",0,0,1,0,0,0,0
"1441",10,0,9,0,0,0,0
"1442",0,0,1,0,0,0,0
"1443",0,0,1,0,0,0,0
"1444",14,0,12,0,0,0,0
"1445",10,0,10,0,0,0,0
"1446",2,0,2,0,0,0,0
"1447",0,0,1,0,0,0,0
"1448",10,0,8,0,0,0,0
"1449",10,0,11,0,0,0,0
"1450",13,0,9,0,0,0,0
"1451",0,0,1,0,0,0,0
"1452",2,0,2,0,0,0,0
"1453",12,0,14,0,0,0,0
"1454",0,0,1,0,0,0,0
"1455",0,0,1,0,0,0,0
"1456",9,0,11,0,0,0,0
"1457",2,0,1,0,0,0,0
"1458",0,0,1,0,0,0,0
"1459",1,0,1,0,0,0,0
"1460",0,0,1,0,0,0,0
"1461",10,0,7,0,0,0,0
"1462",1,0,2,0,0,0,0
"1463",2,0,2,0,0,0,0
"1464",1,0,1,0,0,0,0
"1465",1,0,1,0,0,0,0
"1466",15,0,10,0,0,0,0
"1467",0,0,1,0,0,0,0
"1468",0,0,1,0,0,0,0
"1469",10,0,8,0,0,0,0
"1470",17,0,11,1,0,0,0
"1471",0,0,1,0,0,0,0
"1472",0,0,1,0,0,0,0
"1473",0,0,1,0,0,0,0
"1474",0,0,1,0,0,0,0
"1475",0,0,1,0,0,0,0
"1476",13,0,12,0,1,0,1
"1477",2,0,2,0,0,0,0
"1478",12,0,9,0,0,0,1
"1479",1,0,1,0,0,0,0
"1480",0,0,1,0,0,0,0
"1481",0,0,1,0,0,0,0
"1482",0,0,1,0,0,0,0
"1483",0,0,1,0,0,0,0
"1484",0,0,1,0,0,0,0
"1485",17,0,13,0,0,0,0
"1486",15,0,11,0,0,0,0
"1487",0,0,1,0,0,0,0
"1488",0,0,1,0,0,0,0
"1489",4,0,3,0,0,0,0
"1490",0,0,1,0,0,0,0
"1491",0,0,1,0,0,0,0
"1492",13,0,13,0,0,0,0
"1493",14,0,10,0,1,0,0
"1494",0,0,1,0,0,0,0
"1495",4,0,1,0,0,0,0
"1496",0,0,1,0,0,0,0
"1497",10,0,11,0,0,0,0
"1498",12,0,10,0,0,0,0
"1499",8,0,8,0,0,0,0
"1500",1,0,1,0,0,0,0
"1501",1,0,2,0,0,0,0
"1502",0,0,1,0,0,0,0
"1503",0,0,1,0,0,0,0
"1504",0,0,1,0,0,0,0
"1505",10,0,7,0,0,0,0
"1506",3,0,2,0,0,0,0
"1507",0,0,1,0,0,0,0
"1508",0,0,1,0,0,0,0
"1509",1,0,1,0,0,0,0
"1510",0,0,1,0,0,0,0
"1511",19,0,15,0,0,0,0
"1512",0,0,1,0,0,0,0
"1513",0,0,1,0,0,0,0
"1514",1,0,1,0,0,0,0
"1515",13,0,9,0,0,0,0
"1516",0,0,1,0,0,0,0
"1517",1,0,1,0,0,0,0
"1518",2,0,1,0,0,0,0
"1519",0,0,1,0,0,0,0
"1520",11,0,9,0,0,0,0
"1521",0,0,1,0,0,0,0
"1522",0,0,1,0,0,0,0
"1523",0,0,1,0,0,0,0
"1524",0,0,1,0,0,0,0
"1525",2,0,2,0,0,0,0
"1526",0,0,1,0,0,0,0
"1527",1,0,1,0,0,0,0
"1528",10,0,11,0,0,0,0
"1529",3,0,2,0,0,0,0
"1530",2,0,1,0,0,0,0
"1531",0,0,1,0,0,0,0
"1532",0,0,1,0,0,0,0
"1533",17,0,9,0,0,0,0
"1534",0,0,1,0,0,0,0
"1535",1,0,1,0,0,0,0
"1536",11,0,9,0,0,0,0
"1537",0,0,1,0,0,0,0
"1538",1,0,1,0,0,0,0
"1539",0,0,1,0,0,0,0
"1540",0,0,1,0,0,0,0
"1541",1,0,1,0,0,0,0
"1542",1,0,1,0,0,0,0
"1543",0,0,1,0,0,0,0
"1544",11,0,9,0,0,0,0
"1545",0,0,1,0,0,0,0
"1546",3,0,4,0,0,0,0
"1547",0,0,1,0,0,0,0
"1548",7,0,6,0,0,0,0
"1549",2,0,2,0,0,0,0
"1550",12,0,9,0,0,0,0
"1551",0,0,1,0,0,0,0
"1552",2,0,1,0,0,0,0
"1553",0,0,1,0,0,0,0
"1554",12,0,7,0,1,0,0
"1555",0,0,1,0,0,0,0
"1556",0,0,1,0,0,0,0
"1557",3,0,2,0,0,0,0
"1558",0,0,1,0,0,0,0
"1559",0,0,1,0,0,0,0
"1560",1,0,1,0,0,0,0
"1561",11,0,8,0,0,0,1
"1562",14,0,12,0,1,0,0
"1563",2,0,1,0,0,0,0
"1564",1,0,2,0,0,0,0
"1565",0,0,1,0,0,0,0
"1566",0,0,1,0,0,0,0
"1567",0,0,1,0,0,0,0
"1568",0,0,1,0,0,0,0
"1569",0,0,1,0,0,0,0
"1570",16,0,13,0,0,0,0
"1571",1,0,3,0,0,0,0
"1572",0,0,1,0,0,0,0
"1573",8,0,6,0,0,0,0
"1574",2,0,2,0,0,0,0
"1575",0,0,1,0,0,0,0
"1576",2,0,1,0,0,0,0
"1577",11,0,11,0,0,0,0
"1578",0,0,1,0,0,0,0
"1579",1,0,2,0,0,0,0
"1580",0,0,1,0,0,0,0
"1581",11,0,9,0,0,0,0
"1582",12,0,9,0,1,0,0
"1583",15,0,11,0,0,0,0
"1584",15,0,10,0,0,0,0
"1585",0,0,1,0,0,0,0
"1586",7,0,7,0,0,0,0
"1587",16,0,10,0,0,0,0
"1588",0,0,1,0,0,0,0
"1589",15,0,9,0,0,0,0
"1590",1,0,1,0,0,0,0
"1591",0,0,1,0,0,0,0
"1592",0,0,1,0,0,0,0
"1593",1,0,1,0,0,0,0
"1594",0,0,1,0,0,0,0
"1595",0,0,1,0,0,0,0
"1596",13,0,6,0,0,0,0
"1597",0,0,1,0,0,0,0
"1598",11,0,10,0,0,0,0
"1599",13,0,7,0,0,0,0
"1600",2,0,2,0,0,0,0
"1601",0,0,1,0,0,0,0
"1602",1,0,1,0,0,0,0
"1603",1,0,1,0,0,0,0
"1604",0,0,1,0,0,0,0
"1605",8,0,9,0,0,0,0
"1606",0,0,1,0,0,0,0
"1607",0,0,1,0,0,0,0
"1608",4,0,3,0,0,0,0
"1609",11,0,9,0,0,0,0
"1610",1,0,1,0,0,0,0
"1611",0,0,1,0,0,0,0
"1612",0,0,1,0,0,0,0
"1613",0,0,1,0,0,0,0
"1614",0,0,1,0,0,0,0
"1615",0,0,1,0,0,0,0
"1616",1,0,1,0,0,0,0
"1617",11,0,8,0,0,0,0
"1618",13,0,11,1,0,0,0
"1619",17,0,14,0,0,0,0
"1620",12,0,10,0,0,0,0
"1621",2,0,2,0,0,0,0
"1622",14,0,16,0,0,0,0
"1623",2,0,1,0,0,0,0
"1624",10,0,6,0,0,0,0
"1625",18,0,17,1,1,0,0
"1626",12,0,9,0,0,0,0
"1627",14,0,13,0,0,0,0
"1628",18,0,14,0,0,0,0
"1629",0,0,1,0,0,0,0
"1630",11,0,9,0,0,0,0
"1631",0,0,1,0,0,0,0
"1632",0,0,1,0,0,0,0
"1633",1,0,1,0,0,0,0
"1634",0,0,1,0,0,0,0
"1635",0,0,1,0,0,0,0
"1636",0,0,1,0,0,0,0
"1637",1,0,2,0,0,0,0
"1638",9,0,8,0,0,0,0
"1639",0,0,1,0,0,0,0
"1640",0,0,1,0,0,0,0
"1641",0,0,1,0,0,0,0
"1642",16,0,13,0,0,0,0
"1643",0,0,1,0,0,0,0
"1644",0,0,1,0,0,0,0
"1645",1,0,1,0,0,0,0
"1646",0,0,1,0,0,0,0
"1647",21,0,10,0,0,0,0
"1648",1,0,1,0,0,0,0
"1649",1,0,1,0,0,0,0
"1650",9,0,7,0,0,0,1
"1651",2,0,1,0,0,0,0
"1652",17,0,11,0,1,0,0
"1653",2,0,1,0,0,0,0
"1654",10,0,9,0,0,0,0
"1655",16,0,14,0,0,0,0
"1656",0,0,1,0,0,0,0
"1657",0,0,1,0,0,0,0
"1658",0,0,1,0,0,0,0
"1659",0,0,1,0,0,0,0
"1660",0,0,1,0,0,0,0
"1661",1,0,2,0,0,0,0
"1662",1,0,1,0,0,0,0
"1663",0,0,1,0,0,0,0
"1664",2,0,1,0,0,0,0
"1665",0,0,1,0,0,0,0
"1666",1,0,1,0,0,0,0
"1667",0,0,1,0,0,0,0
"1668",15,0,18,0,0,0,0
"1669",0,0,1,0,0,0,0
"1670",0,0,1,0,0,0,0
"1671",1,0,3,0,0,0,0
"1672",0,0,1,0,0,0,0
"1673",13,0,9,0,0,0,0
"1674",0,0,1,0,0,0,0
"1675",1,0,2,0,0,0,0
"1676",16,0,14,0,0,0,0
"1677",0,0,1,0,0,0,0
"1678",0,0,1,0,0,0,0
"1679",5,0,2,0,0,0,0
"1680",0,0,1,0,0,0,0
"1681",2,0,1,0,0,0,0
"1682",1,0,2,0,0,0,0
"1683",9,0,9,1,1,1,0
"1684",0,0,1,0,0,0,0
"1685",16,0,12,0,0,0,0
"1686",1,0,1,0,0,0,0
"1687",0,0,1,0,0,0,0
"1688",23,0,19,0,0,0,0
"1689",1,0,2,0,0,0,0
"1690",22,0,18,0,0,0,0
"1691",0,0,1,0,0,0,0
"1692",1,0,1,0,0,0,0
"1693",2,0,1,0,0,0,0
"1694",1,0,1,0,0,0,0
"1695",14,0,10,0,0,0,0
"1696",0,0,1,0,0,0,0
"1697",20,0,12,0,1,0,0
"1698",15,0,15,0,0,0,0
"1699",1,0,1,0,0,0,0
"1700",18,0,17,0,0,0,0
"1701",4,0,4,0,0,0,0
"1702",0,0,2,0,0,0,0
"1703",1,0,1,0,0,0,0
"1704",0,0,1,0,0,0,0
"1705",0,0,1,0,0,0,0
"1706",1,0,1,0,0,0,0
"1707",0,0,1,0,0,0,0
"1708",18,0,16,0,0,0,0
"1709",0,0,1,0,0,0,0
"1710",0,0,1,0,0,0,0
"1711",3,0,2,0,0,0,0
"1712",0,0,2,0,0,0,0
"1713",0,0,1,0,0,0,0
"1714",3,0,2,0,0,0,0
"1715",16,0,15,0,0,0,1
"1716",0,0,1,0,0,0,0
"1717",2,0,2,0,0,0,0
"1718",0,0,1,0,0,0,0
"1719",15,0,15,0,0,0,0
"1720",2,0,1,0,0,0,0
"1721",14,0,9,0,0,0,0
"1722",10,0,8,0,0,0,0
"1723",0,0,1,0,0,0,0
"1724",10,0,7,0,0,0,0
"1725",13,0,13,1,1,0,1
"1726",8,0,5,0,0,0,0
"1727",0,0,1,0,0,0,0
"1728",7,0,6,0,0,0,0
"1729",1,0,1,0,0,0,0
"1730",2,0,1,0,0,0,0
"1731",0,0,1,0,0,0,0
"1732",1,0,1,0,0,0,0
"1733",14,0,11,0,0,0,0
"1734",0,0,1,0,0,0,0
"1735",0,0,1,0,0,0,0
"1736",16,0,12,0,0,0,0
"1737",12,0,12,0,0,0,0
"1738",13,0,10,0,0,0,0
"1739",10,0,11,0,0,0,0
"1740",14,0,14,0,0,0,0
"1741",1,0,2,0,0,0,0
"1742",0,0,1,0,0,0,0
"1743",1,0,1,0,0,0,0
"1744",24,0,14,0,0,0,0
"1745",9,0,8,0,0,0,0
"1746",0,0,1,0,0,0,0
"1747",14,1,11,0,0,0,0
"1748",0,0,1,0,0,0,0
"1749",1,0,1,0,0,0,0
"1750",1,0,1,0,0,0,0
"1751",1,0,1,0,0,0,0
"1752",1,0,1,0,0,0,0
"1753",14,0,11,0,0,0,0
"1754",1,0,1,0,0,0,0
"1755",1,0,1,0,0,0,0
"1756",11,0,9,0,0,0,0
"1757",0,0,1,0,0,0,0
"1758",14,1,11,0,0,0,1
"1759",1,0,1,0,0,0,0
"1760",0,0,1,0,0,0,0
"1761",0,0,1,0,0,0,0
"1762",0,0,1,0,0,0,0
"1763",11,0,11,0,0,0,0
"1764",0,0,1,0,0,0,0
"1765",0,0,1,0,0,0,0
"1766",15,0,8,0,0,0,0
"1767",13,0,9,0,0,0,0
"1768",14,0,13,0,0,0,0
"1769",0,0,1,0,0,0,0
"1770",6,0,7,0,0,0,0
"1771",0,0,1,0,0,0,0
"1772",13,0,10,0,0,0,0
"1773",15,1,11,0,0,0,0
"1774",0,0,1,0,0,0,0
"1775",0,0,1,0,0,0,0
"1776",0,0,1,0,0,0,0
"1777",14,0,16,0,1,0,0
"1778",0,0,1,0,0,0,0
"1779",13,0,9,0,0,0,0
"1780",1,0,1,0,0,0,0
"1781",9,0,7,0,0,0,0
"1782",0,0,1,0,0,0,0
"1783",0,0,1,0,0,0,0
"1784",12,0,11,0,0,0,2
"1785",0,0,1,0,0,0,0
"1786",2,0,1,0,0,0,0
"1787",0,0,1,0,0,0,0
"1788",0,0,1,0,0,0,0
"1789",3,0,2,0,0,0,0
"1790",9,0,9,0,0,0,0
"1791",0,0,1,0,0,0,0
"1792",0,0,1,0,0,0,0
"1793",0,0,1,0,0,0,0
"1794",9,0,8,0,0,0,0
"1795",0,0,1,0,0,0,0
"1796",3,0,2,0,0,0,0
"1797",3,0,2,0,0,0,0
"1798",0,0,1,0,0,0,0
"1799",1,0,1,0,0,0,0
"1800",0,0,1,0,0,0,0
"1801",0,0,1,0,0,0,0
"1802",0,0,1,0,0,0,0
"1803",10,0,11,0,0,0,0
"1804",2,0,1,0,0,0,0
"1805",0,0,1,0,0,0,0
"1806",2,0,2,0,0,0,0
"1807",0,0,1,0,0,0,0
"1808",0,0,1,0,0,0,0
"1809",1,0,1,0,0,0,0
"1810",1,0,2,0,0,0,0
"1811",18,1,9,0,0,0,0
"1812",14,0,9,0,0,0,0
"1813",0,0,1,0,0,0,0
"1814",11,0,11,0,0,0,0
"1815",3,0,2,0,0,0,0
"1816",15,0,12,0,0,0,0
"1817",0,0,1,0,0,0,0
"1818",1,0,1,0,0,0,0
"1819",18,0,12,0,0,1,0
"1820",0,0,1,0,0,0,0
"1821",3,0,2,0,0,0,0
"1822",11,0,7,0,0,0,0
"1823",2,0,1,0,0,0,0
"1824",0,0,1,0,0,0,0
"1825",17,0,16,0,1,0,0
"1826",4,0,2,0,0,0,0
"1827",15,0,11,0,0,0,1
"1828",0,0,1,0,0,0,0
"1829",0,0,1,0,0,0,0
"1830",15,0,12,0,0,0,0
"1831",12,1,11,0,0,0,0
"1832",2,0,2,0,0,0,0
"1833",14,0,9,1,0,0,0
"1834",2,0,1,0,0,0,0
"1835",0,0,1,0,0,0,0
"1836",1,0,1,0,0,0,0
"1837",0,0,1,0,0,0,0
"1838",0,0,1,0,0,0,0
"1839",1,0,2,0,0,0,0
"1840",1,0,1,0,0,0,0
"1841",0,0,1,0,0,0,0
"1842",0,0,1,0,0,0,0
"1843",2,0,1,0,0,0,0
"1844",2,0,1,0,0,0,0
"1845",0,0,1,0,0,0,0
"1846",0,0,1,0,0,0,0
"1847",0,0,1,0,0,0,0
"1848",0,0,1,0,0,0,0
"1849",1,0,1,0,0,0,0
"1850",12,0,12,0,0,0,0
"1851",1,0,1,0,0,0,0
"1852",0,0,1,0,0,0,0
"1853",13,0,11,0,0,0,0
"1854",1,0,1,0,0,0,0
"1855",0,0,1,0,0,0,0
"1856",0,0,1,0,0,0,0
"1857",0,0,2,0,0,0,0
"1858",11,0,7,0,0,0,0
"1859",1,0,1,0,0,0,0
"1860",10,0,11,0,0,0,0
"1861",2,0,1,0,0,0,0
"1862",1,0,1,0,0,0,0
"1863",1,0,1,0,0,0,0
"1864",1,0,1,0,0,0,0
"1865",18,0,15,0,1,0,0
"1866",1,0,1,0,0,0,0
"1867",1,0,1,0,0,0,0
"1868",0,0,1,0,0,0,0
"1869",15,0,14,0,0,0,0
"1870",10,1,7,0,0,0,0
"1871",15,0,11,0,0,0,0
"1872",0,0,1,0,0,0,0
"1873",0,0,1,0,0,0,0
"1874",2,0,1,0,0,0,0
"1875",12,0,10,0,0,0,0
"1876",0,0,1,0,0,0,0
"1877",0,0,1,0,0,0,0
"1878",2,0,2,0,0,0,0
"1879",11,0,11,0,0,0,0
"1880",0,0,1,0,0,0,0
"1881",2,0,1,0,0,0,0
"1882",1,0,1,0,0,0,0
"1883",0,0,1,0,0,0,0
"1884",1,0,1,0,0,0,0
"1885",0,0,1,0,0,0,0
"1886",0,0,1,0,0,0,0
"1887",0,0,1,0,0,0,0
"1888",15,0,9,0,0,0,0
"1889",10,0,9,0,0,0,0
"1890",0,0,1,0,0,0,0
"1891",3,0,2,0,0,0,0
"1892",9,0,5,0,0,0,0
"1893",3,0,2,0,0,0,0
"1894",0,0,1,0,0,0,0
"1895",0,0,1,0,0,0,0
"1896",0,0,1,0,0,0,0
"1897",0,0,1,0,0,0,0
"1898",1,0,1,0,0,0,0
"1899",0,0,1,0,0,0,0
"1900",0,0,1,0,0,0,0
"1901",0,0,1,0,0,0,0
"1902",1,0,1,0,0,0,0
"1903",0,0,1,0,0,0,0
"1904",0,0,1,0,0,0,0
"1905",0,0,1,0,0,0,0
"1906",1,0,1,0,0,0,0
"1907",0,0,2,0,0,0,0
"1908",0,0,1,0,0,0,0
"1909",8,0,6,0,0,0,0
"1910",0,0,1,0,0,0,0
"1911",16,1,13,0,0,0,0
"1912",0,0,1,0,0,0,0
"1913",0,0,1,0,0,0,0
"1914",17,1,10,0,0,0,0
"1915",0,0,1,0,0,0,0
"1916",0,0,1,0,0,0,0
"1917",0,0,2,0,0,0,0
"1918",0,0,1,0,0,0,0
"1919",18,0,13,0,0,0,0
"1920",2,0,1,0,0,0,0
"1921",0,0,1,0,0,0,0
"1922",1,0,1,0,0,0,0
"1923",2,0,1,0,0,0,0
"1924",22,0,14,0,0,0,0
"1925",0,0,1,0,0,0,0
"1926",14,0,13,0,0,0,0
"1927",19,0,12,0,0,0,0
"1928",9,1,8,0,0,0,1
"1929",12,0,7,0,1,0,0
"1930",0,0,1,0,0,0,0
"1931",0,0,1,0,0,0,0
"1932",0,0,1,0,0,0,0
"1933",18,0,14,0,0,0,0
"1934",15,0,12,0,0,0,0
"1935",0,0,1,0,0,0,0
"1936",1,0,1,0,0,0,0
"1937",0,0,1,0,0,0,0
"1938",1,0,1,0,0,0,0
"1939",12,0,9,0,0,0,0
"1940",1,0,2,0,0,0,0
"1941",13,0,13,0,0,0,0
"1942",2,0,2,0,0,0,0
"1943",2,0,1,0,0,0,0
"1944",17,0,10,0,1,0,0
"1945",0,0,1,0,0,0,0
"1946",0,0,1,0,0,0,0
"1947",16,0,13,1,0,0,0
"1948",15,0,16,0,1,0,0
"1949",2,0,1,0,0,0,0
"1950",0,0,1,0,0,0,0
"1951",13,0,8,0,0,0,0
"1952",0,0,1,0,0,0,0
"1953",2,0,3,0,0,0,0
"1954",1,0,1,0,0,0,0
"1955",0,0,1,0,0,0,0
"1956",8,0,5,0,0,0,0
"1957",8,0,7,0,0,0,0
"1958",1,0,1,0,0,0,0
"1959",16,0,12,0,0,0,0
"1960",1,0,1,0,0,0,0
"1961",0,0,1,0,0,0,0
"1962",3,0,2,0,0,0,0
"1963",2,0,1,0,0,0,0
"1964",0,0,1,0,0,0,0
"1965",1,0,2,0,0,0,0
"1966",2,0,2,0,0,0,0
"1967",0,0,1,0,0,0,0
"1968",1,0,1,0,0,0,0
"1969",0,0,1,0,0,0,0
"1970",3,0,2,0,0,0,0
"1971",0,0,1,0,0,0,0
"1972",15,0,9,0,0,0,0
"1973",9,0,7,0,0,0,0
"1974",16,0,12,0,0,0,0
"1975",1,0,1,0,0,0,0
"1976",7,0,4,0,0,0,0
"1977",0,0,1,0,0,0,0
"1978",0,0,1,0,0,0,0
"1979",8,0,7,0,0,0,0
"1980",1,0,1,0,0,0,0
"1981",15,0,13,0,0,0,0
"1982",15,0,11,0,0,0,0
"1983",1,0,1,0,0,0,0
"1984",0,0,1,0,0,0,0
"1985",2,0,2,0,0,0,0
"1986",0,0,1,0,0,0,0
"1987",15,0,13,0,0,0,0
"1988",15,0,17,0,1,0,0
"1989",0,0,1,0,0,0,0
"1990",0,0,1,0,0,0,0
"1991",18,0,15,0,0,0,0
"1992",0,0,1,0,0,0,0
"1993",3,0,3,0,0,0,0
"1994",1,0,1,0,0,0,0
"1995",0,0,1,0,0,0,0
"1996",0,0,1,0,0,0,0
"1997",0,0,1,0,0,0,0
"1998",0,0,1,0,0,0,0
"1999",1,0,1,0,0,0,0
"2000",0,0,1,0,0,0,0
"2001",0,0,1,0,0,0,0
"2002",16,0,13,0,0,0,0
"2003",2,0,1,0,0,0,0
"2004",0,0,1,0,0,0,0
"2005",0,0,1,0,0,0,0
"2006",11,0,6,0,0,0,0
"2007",1,0,1,0,0,0,0
"2008",0,0,1,0,0,0,0
"2009",0,0,1,0,0,0,0
"2010",0,0,2,0,0,0,0
"2011",12,0,13,0,0,0,0
"2012",0,0,1,0,0,0,0
"2013",10,0,11,0,0,0,0
"2014",4,0,2,0,0,0,0
"2015",0,0,1,0,0,0,0
"2016",0,0,1,0,0,0,0
"2017",17,0,15,0,0,0,0
"2018",7,0,5,0,0,0,0
"2019",0,0,2,0,0,0,0
"2020",11,0,9,0,0,0,0
"2021",0,0,1,0,0,0,0
"2022",3,0,3,0,0,0,0
"2023",11,0,10,0,0,0,0
"2024",11,0,8,0,0,0,0
"2025",16,0,11,0,0,0,0
"2026",14,0,12,1,0,0,0
"2027",10,0,10,0,0,0,0
"2028",0,0,1,0,0,0,0
"2029",8,0,8,0,0,0,0
"2030",0,0,1,0,0,0,0
"2031",0,0,1,0,0,0,0
"2032",1,0,1,0,0,0,0
"2033",4,0,3,0,0,0,0
"2034",0,0,1,0,0,0,0
"2035",0,0,1,0,0,0,0
"2036",15,0,12,0,0,0,0
"2037",0,0,1,0,0,0,0
"2038",0,0,1,0,0,0,0
"2039",13,0,10,0,0,0,0
"2040",0,0,1,0,0,0,0
"2041",1,0,1,0,0,0,0
"2042",0,0,1,0,0,0,0
"2043",1,0,1,0,0,0,0
"2044",12,1,13,0,0,0,0
"2045",0,0,1,0,0,0,0
"2046",1,0,2,0,0,0,0
"2047",0,0,2,0,0,0,0
"2048",14,0,17,0,0,0,0
"2049",10,0,8,0,0,0,0
"2050",0,0,1,0,0,0,0
"2051",17,0,12,0,0,0,0
"2052",0,0,1,0,0,0,0
"2053",0,0,1,0,0,0,0
"2054",0,0,1,0,0,0,0
"2055",2,0,2,0,0,0,0
"2056",7,0,8,0,0,0,1
"2057",0,0,1,0,0,0,0
"2058",3,0,2,0,0,0,0
"2059",1,0,1,0,0,0,0
"2060",0,0,1,0,0,0,0
"2061",9,0,6,0,0,0,0
"2062",0,0,1,0,0,0,0
"2063",16,0,14,0,0,0,0
"2064",10,0,9,0,0,0,0
"2065",1,0,1,0,0,0,0
"2066",1,0,1,0,0,0,0
"2067",2,0,3,0,0,0,0
"2068",0,0,1,0,0,0,0
"2069",0,0,1,0,0,0,0
"2070",0,0,1,0,0,0,0
"2071",1,0,2,0,0,0,0
"2072",11,0,10,0,0,0,0
"2073",0,0,1,0,0,0,0
"2074",0,0,1,0,0,0,0
"2075",0,0,1,0,0,0,0
"2076",1,0,1,0,0,0,0
"2077",10,0,11,0,0,0,0
"2078",0,0,1,0,0,0,0
"2079",0,0,1,0,0,0,0
"2080",1,0,1,0,0,0,0
"2081",0,0,1,0,0,0,0
"2082",1,0,1,0,0,0,0
"2083",6,0,4,0,0,0,0
"2084",10,0,10,0,0,0,0
"2085",0,0,1,0,0,0,0
"2086",0,0,1,0,0,0,0
"2087",1,0,2,0,0,0,0
"2088",16,0,16,0,0,0,0
"2089",2,0,2,0,0,0,0
"2090",0,0,1,0,0,0,0
"2091",3,0,2,0,0,0,0
"2092",0,0,1,0,0,0,0
"2093",0,0,1,0,0,0,0
"2094",2,0,3,0,0,0,0
"2095",2,0,2,0,0,0,0
"2096",12,0,10,0,0,0,0
"2097",1,0,1,0,0,0,0
"2098",0,0,1,0,0,0,0
"2099",0,0,1,0,0,0,0
"2100",14,0,11,0,1,0,0
"2101",0,0,1,0,0,0,0
"2102",0,0,1,0,0,0,0
"2103",3,0,2,0,0,0,0
"2104",16,0,11,0,0,0,0
"2105",0,0,1,0,0,0,0
"2106",15,0,14,0,0,0,0
"2107",0,0,1,0,0,0,0
"2108",9,0,7,0,0,0,0
"2109",1,0,1,0,0,0,0
"2110",0,0,1,0,0,0,0
"2111",0,0,1,0,0,0,0
"2112",17,0,14,0,0,0,0
"2113",1,0,1,0,0,0,0
"2114",2,0,2,0,0,0,0
"2115",20,0,16,0,0,0,0
"2116",1,0,1,0,0,0,0
"2117",0,0,1,0,0,0,0
"2118",11,0,7,0,0,0,0
"2119",2,0,1,0,0,0,0
"2120",10,0,10,0,0,0,0
"2121",0,0,1,0,0,0,0
"2122",0,0,1,0,0,0,0
"2123",8,0,6,0,0,0,0
"2124",10,0,8,0,0,0,0
"2125",10,0,12,0,0,0,0
"2126",1,0,1,0,0,0,0
"2127",13,0,12,0,0,0,0
"2128",0,0,1,0,0,0,0
"2129",0,0,1,0,0,0,0
"2130",0,0,1,0,0,0,0
"2131",12,0,11,0,0,0,0
"2132",0,0,1,0,0,0,0
"2133",16,0,11,0,0,0,0
"2134",1,0,1,0,0,0,0
"2135",0,0,2,0,0,0,0
"2136",0,0,1,0,0,0,0
"2137",12,0,9,0,0,0,0
"2138",12,0,10,0,0,0,0
"2139",1,0,1,0,0,0,0
"2140",0,0,1,0,0,0,0
"2141",12,0,11,0,0,0,0
"2142",0,0,1,0,0,0,0
"2143",0,0,1,0,0,0,0
"2144",1,0,1,0,0,0,0
"2145",1,0,1,0,0,0,0
"2146",0,0,1,0,0,0,0
"2147",13,0,8,0,0,0,0
"2148",0,0,1,0,0,0,0
"2149",16,0,14,0,0,0,0
"2150",0,0,1,0,0,0,0
"2151",0,0,1,0,0,0,0
"2152",13,0,12,0,0,0,0
"2153",1,0,1,0,0,0,0
"2154",17,0,12,1,0,0,0
"2155",5,0,4,0,0,0,0
"2156",13,0,9,0,0,0,0
"2157",0,0,1,0,0,0,0
"2158",15,0,14,0,0,0,0
"2159",0,0,1,0,0,0,0
"2160",0,0,1,0,0,0,0
"2161",15,0,16,0,0,0,0
"2162",0,0,1,0,0,0,0
"2163",2,0,1,0,0,0,0
"2164",2,0,3,0,0,0,0
"2165",0,0,1,0,0,0,0
"2166",1,0,2,0,0,0,0
"2167",1,0,2,0,0,0,0
"2168",1,0,1,0,0,0,0
"2169",1,0,1,0,0,0,0
"2170",0,0,1,0,0,0,0
"2171",25,0,15,0,0,0,0
"2172",0,0,1,0,0,0,0
"2173",11,0,8,1,0,0,0
"2174",22,0,15,0,0,0,0
"2175",0,0,1,0,0,0,0
"2176",2,0,1,0,0,0,0
"2177",18,0,13,0,0,0,0
"2178",9,0,6,0,0,0,0
"2179",0,0,1,0,0,0,0
"2180",0,0,1,0,0,0,0
"2181",0,0,1,0,0,0,0
"2182",1,0,1,0,0,0,0
"2183",0,0,1,0,0,0,0
"2184",14,1,11,0,1,0,0
"2185",0,0,1,0,0,0,0
"2186",0,0,1,0,0,0,0
"2187",2,0,1,0,0,0,0
"2188",1,0,2,0,0,0,0
"2189",14,0,12,0,0,0,0
"2190",12,0,15,0,0,0,1
"2191",0,0,1,0,0,0,0
"2192",0,0,1,0,0,0,0
"2193",3,0,2,0,0,0,0
"2194",2,0,1,0,0,0,0
"2195",1,0,1,0,0,0,0
"2196",1,0,1,0,0,0,0
"2197",0,0,2,0,0,0,0
"2198",19,0,11,0,0,0,0
"2199",1,0,1,0,0,0,0
"2200",6,0,7,0,0,0,0
"2201",16,0,14,0,0,0,0
"2202",0,0,1,0,0,0,0
"2203",8,0,9,0,0,0,0
"2204",1,0,1,0,0,0,0
"2205",0,0,1,0,0,0,0
"2206",0,0,1,0,0,0,0
"2207",0,0,1,0,0,0,0
"2208",0,0,1,0,0,0,0
"2209",0,0,1,0,0,0,0
"2210",0,0,1,0,0,0,0
"2211",2,0,1,0,0,0,0
"2212",1,0,2,0,0,0,0
"2213",11,0,9,0,0,0,0
"2214",0,0,1,0,0,0,0
"2215",2,0,1,0,0,0,0
"2216",15,0,12,0,0,0,0
"2217",6,0,4,0,0,0,0
"2218",12,0,8,0,0,0,0
"2219",1,0,1,0,0,0,0
"2220",0,0,1,0,0,0,0
"2221",0,0,1,0,0,0,0
"2222",1,0,1,0,0,0,0
"2223",2,0,2,0,0,0,0
"2224",22,1,14,1,0,0,0
"2225",3,0,2,0,0,0,0
"2226",0,0,1,0,0,0,0
"2227",7,0,8,0,0,0,0
"2228",1,0,1,0,0,0,0
"2229",2,0,1,0,0,0,0
"2230",14,0,15,0,1,0,0
"2231",1,0,1,0,0,0,0
"2232",9,0,8,0,0,0,0
"2233",21,0,13,0,0,0,0
"2234",2,0,2,0,0,0,0
"2235",1,0,1,0,0,0,0
"2236",1,0,1,0,0,0,0
"2237",11,0,11,0,0,0,0
"2238",22,0,13,1,0,0,0
"2239",14,0,11,0,0,0,0
"2240",0,0,1,0,0,0,0
"2241",0,0,1,0,0,0,0
"2242",0,0,1,0,0,0,0
"2243",1,0,1,0,0,0,0
"2244",9,0,10,0,0,0,0
"2245",1,0,1,0,0,0,0
"2246",1,0,1,0,0,0,0
"2247",0,0,1,0,0,0,0
"2248",1,0,1,0,0,0,0
"2249",0,0,1,0,0,0,0
"2250",2,0,2,0,0,0,0
"2251",3,0,4,0,0,0,0
"2252",2,0,1,0,0,0,0
"2253",1,0,1,0,0,0,0
"2254",12,0,9,0,0,0,0
"2255",0,0,1,0,0,0,0
"2256",2,0,1,0,0,0,0
"2257",8,0,7,0,0,0,0
"2258",1,0,2,0,0,0,0
"2259",0,0,1,0,0,0,0
"2260",1,0,2,0,0,0,0
"2261",3,0,2,0,0,0,0
"2262",0,0,1,0,0,0,0
"2263",9,0,7,0,0,0,0
"2264",1,0,1,0,0,0,0
"2265",0,0,1,0,0,0,0
"2266",1,0,1,0,0,0,0
"2267",2,0,2,0,0,0,0
"2268",1,0,1,0,0,0,0
"2269",13,0,11,0,0,0,0
"2270",1,0,1,0,0,0,0
"2271",0,0,1,0,0,0,0
"2272",0,0,1,0,0,0,0
"2273",3,0,1,0,0,0,0
"2274",0,0,1,0,0,0,0
"2275",9,0,6,0,0,0,0
"2276",12,0,14,0,0,0,0
"2277",0,0,1,0,0,0,0
"2278",0,0,1,0,0,0,0
"2279",1,0,1,0,0,0,0
"2280",14,0,14,0,0,0,0
"2281",12,0,10,0,1,0,0
"2282",1,0,1,0,0,0,0
"2283",0,0,1,0,0,0,0
"2284",17,0,12,0,0,0,1
"2285",13,0,9,0,0,0,0
"2286",0,0,1,0,0,0,0
"2287",0,0,1,0,0,0,0
"2288",0,0,1,0,0,0,0
"2289",13,0,11,0,0,0,0
"2290",0,0,1,0,0,0,0
"2291",0,0,1,0,0,0,0
"2292",3,0,3,0,0,0,0
"2293",0,0,1,0,0,0,0
"2294",3,0,2,0,0,0,0
"2295",1,0,2,0,0,0,0
"2296",1,0,1,0,0,0,0
"2297",1,0,1,0,0,0,0
"2298",0,0,1,0,0,0,0
"2299",0,0,1,0,0,0,0
"2300",1,0,1,0,0,0,0
"2301",15,0,12,0,0,0,0
"2302",18,0,15,0,0,0,0
"2303",0,0,1,0,0,0,0
"2304",1,0,1,0,0,0,0
"2305",0,0,1,0,0,0,0
"2306",0,0,1,0,0,0,0
"2307",0,0,1,0,0,0,0
"2308",0,0,1,0,0,0,0
"2309",0,0,1,0,0,0,0
"2310",13,0,14,0,0,0,0
"2311",7,1,5,0,0,0,0
"2312",1,0,1,0,0,0,0
"2313",0,0,1,0,0,0,0
"2314",0,0,1,0,0,0,0
"2315",1,0,1,0,0,0,0
"2316",2,0,1,0,0,0,0
"2317",0,0,1,0,0,0,0
"2318",14,0,11,0,0,0,0
"2319",0,0,1,0,0,0,0
"2320",1,0,1,0,0,0,0
"2321",1,0,1,0,0,0,0
"2322",0,0,1,0,0,0,0
"2323",11,0,7,0,0,0,1
"2324",2,0,1,0,0,0,0
"2325",1,0,1,0,0,0,0
"2326",0,0,1,0,0,0,0
"2327",0,0,1,0,0,0,0
"2328",0,0,1,0,0,0,0
"2329",0,0,1,0,0,0,0
"2330",1,0,2,0,0,0,0
"2331",0,0,1,0,0,0,0
"2332",0,0,1,0,0,0,0
"2333",0,0,1,0,0,0,0
"2334",3,0,3,0,0,0,0
"2335",0,0,1,0,0,0,0
"2336",7,0,6,0,0,0,0
"2337",8,0,5,0,0,0,0
"2338",0,0,1,0,0,0,0
"2339",17,0,14,0,0,0,0
"2340",18,0,13,0,0,0,0
"2341",0,0,1,0,0,0,0
"2342",15,0,12,0,0,0,0
"2343",14,0,12,0,0,1,0
"2344",1,0,1,0,0,0,0
"2345",0,0,1,0,0,0,0
"2346",2,0,2,0,0,0,0
"2347",0,0,1,0,0,0,0
"2348",14,0,11,0,0,0,0
"2349",16,0,11,0,0,0,0
"2350",0,0,1,0,0,0,0
"2351",2,0,1,0,0,0,0
"2352",17,0,15,0,0,1,0
"2353",0,0,1,0,0,0,0
"2354",1,0,1,0,0,0,0
"2355",1,0,1,0,0,0,0
"2356",0,0,1,0,0,0,0
"2357",0,0,1,0,0,0,0
"2358",1,0,1,0,0,0,0
"2359",9,1,7,0,0,0,1
"2360",1,0,1,0,0,0,0
"2361",0,0,1,0,0,0,0
"2362",2,0,1,0,0,0,0
"2363",15,0,9,0,0,0,0
"2364",2,0,2,0,0,0,0
"2365",4,0,4,0,0,0,0
"2366",1,0,1,0,0,0,0
"2367",9,0,9,0,0,0,0
"2368",1,0,1,0,0,0,0
"2369",1,0,1,0,0,0,0
"2370",0,0,1,0,0,0,0
"2371",0,0,1,0,0,0,0
"2372",9,0,7,1,0,0,0
"2373",0,0,1,0,0,0,0
"2374",0,0,1,0,0,0,0
"2375",1,0,1,0,0,0,0
"2376",2,0,1,0,0,0,0
"2377",2,0,3,0,0,0,0
"2378",0,0,1,0,0,0,0
"2379",0,0,1,0,0,0,0
"2380",0,0,1,0,0,0,0
"2381",2,0,1,0,0,0,0
"2382",0,0,1,0,0,0,0
"2383",0,0,1,0,0,0,0
"2384",0,0,1,0,0,0,0
"2385",14,0,11,0,0,0,1
"2386",20,0,16,0,0,0,0
"2387",0,0,1,0,0,0,0
"2388",0,0,1,0,0,0,0
"2389",1,0,1,0,0,0,0
"2390",3,0,2,0,0,0,0
"2391",13,0,8,0,0,0,0
"2392",0,0,1,0,0,0,0
"2393",0,0,1,0,0,0,0
"2394",0,0,1,0,0,0,0
"2395",0,0,1,0,0,0,0
"2396",0,0,1,0,0,0,0
"2397",0,0,1,0,0,0,0
"2398",0,0,1,0,0,0,0
"2399",3,0,2,0,0,0,0
"2400",0,0,1,0,0,0,0
"2401",12,0,13,0,0,0,0
"2402",21,0,17,0,0,0,1
"2403",0,0,1,0,0,0,0
"2404",0,0,1,0,0,0,0
"2405",1,0,2,0,0,0,0
"2406",14,0,13,0,0,0,0
"2407",0,0,1,0,0,0,0
"2408",11,0,10,0,1,0,0
"2409",0,0,1,0,0,0,0
"2410",0,0,1,0,0,0,0
"2411",0,0,1,0,0,0,0
"2412",0,0,1,0,0,0,0
"2413",2,0,3,0,0,0,0
"2414",12,0,11,0,0,0,0
"2415",2,0,2,0,0,0,0
"2416",1,0,1,0,0,0,0
"2417",8,0,6,0,0,0,0
"2418",0,0,1,0,0,0,0
"2419",1,0,1,0,0,0,0
"2420",0,0,1,0,0,0,0
"2421",0,0,1,0,0,0,0
"2422",0,0,1,0,0,0,0
"2423",0,0,1,0,0,0,0
"2424",0,0,2,0,0,0,0
"2425",9,0,7,0,0,1,0
"2426",0,0,1,0,0,0,0
"2427",0,0,1,0,0,0,0
"2428",1,0,1,0,0,0,0
"2429",0,0,1,0,0,0,0
"2430",1,0,1,0,0,0,0
"2431",2,0,1,0,0,0,0
"2432",1,0,1,0,0,0,0
"2433",11,0,14,0,0,0,0
"2434",1,0,1,0,0,0,0
"2435",0,0,1,0,0,0,0
"2436",11,0,10,0,0,0,0
"2437",0,0,1,0,0,0,0
"2438",0,0,1,0,0,0,0
"2439",10,0,8,0,0,0,0
"2440",11,0,11,0,0,0,0
"2441",4,0,4,0,0,0,0
"2442",1,0,1,0,0,0,0
"2443",18,0,16,0,0,0,0
"2444",0,0,1,0,0,0,0
"2445",0,0,1,0,0,0,0
"2446",12,0,15,0,0,0,0
"2447",0,0,1,0,0,0,0
"2448",10,0,9,0,0,0,0
"2449",0,0,1,0,0,0,0
"2450",12,0,11,0,0,0,1
"2451",3,0,1,0,0,0,0
"2452",13,0,9,0,0,0,0
"2453",0,0,1,0,0,0,0
"2454",0,0,1,0,0,0,0
"2455",0,0,1,0,0,0,0
"2456",9,1,9,1,0,0,0
"2457",1,0,1,0,0,0,0
"2458",3,0,1,0,0,0,0
"2459",0,0,1,0,0,0,0
"2460",0,0,1,0,0,0,0
"2461",0,0,1,0,0,0,0
"2462",9,0,8,0,0,0,0
"2463",10,0,8,0,0,0,0
"2464",1,0,1,0,0,0,0
"2465",0,0,1,0,0,0,0
"2466",9,0,6,0,0,0,0
"2467",4,0,2,0,0,0,0
"2468",14,0,13,0,0,0,0
"2469",3,0,1,0,0,0,0
"2470",0,0,1,0,0,0,0
"2471",1,0,1,0,0,0,0
"2472",1,0,2,0,0,0,0
"2473",1,0,1,0,0,0,0
"2474",17,0,13,0,0,0,0
"2475",0,0,1,0,0,0,0
"2476",4,0,4,0,0,0,0
"2477",1,0,1,0,0,0,0
"2478",1,0,1,0,0,0,0
"2479",0,0,1,0,0,0,0
"2480",0,0,1,0,0,0,0
"2481",0,0,1,0,0,0,0
"2482",0,0,1,0,0,0,0
"2483",16,0,16,0,1,0,0
"2484",8,0,4,0,0,0,0
"2485",6,0,3,0,0,0,0
"2486",1,0,1,0,0,0,0
"2487",0,0,2,0,0,0,0
"2488",15,0,15,0,0,1,0
"2489",1,0,2,0,0,0,0
"2490",0,0,1,0,0,0,0
"2491",9,0,8,0,0,0,0
"2492",0,0,1,0,0,0,0
"2493",12,1,8,0,0,0,0
"2494",13,0,14,0,0,0,0
"2495",8,0,5,0,0,0,0
"2496",11,0,9,0,0,0,0
"2497",14,0,13,0,1,0,0
"2498",1,0,1,0,0,0,0
"2499",1,0,1,0,0,0,0
"2500",0,0,1,0,0,0,0
