"","age1.S","age2_no_comorbid.S","age2_comorbid.S","age3_no_comorbid.S","age3_comorbid.S"
"1",811,934,124,44,75
"2",814,940,125,44,75
"3",224,438,69,27,43
"4",809,939,124,44,75
"5",813,941,125,44,75
"6",814,940,125,44,75
"7",249,443,59,25,44
"8",259,463,71,30,38
"9",814,941,125,44,75
"10",277,496,58,26,55
"11",301,496,64,30,52
"12",813,941,125,44,75
"13",814,941,125,44,75
"14",814,941,125,44,75
"15",246,451,56,27,47
"16",244,454,58,19,45
"17",286,480,63,24,44
"18",814,941,125,44,75
"19",814,941,125,44,75
"20",814,941,125,44,75
"21",814,941,125,44,75
"22",807,940,125,44,75
"23",261,497,57,28,44
"24",814,941,125,44,75
"25",814,941,125,44,75
"26",265,418,50,29,49
"27",217,437,59,29,47
"28",814,941,125,44,75
"29",278,522,66,29,48
"30",251,431,69,25,50
"31",814,941,125,44,75
"32",239,466,60,27,47
"33",814,941,125,44,75
"34",814,940,125,44,75
"35",813,941,124,44,75
"36",814,940,125,44,75
"37",285,517,55,29,48
"38",262,464,59,27,48
"39",814,941,125,44,75
"40",812,936,125,44,75
"41",313,511,67,24,46
"42",807,938,125,44,75
"43",218,455,49,25,35
"44",328,534,75,26,45
"45",232,459,66,28,59
"46",813,940,125,44,75
"47",813,940,125,44,75
"48",231,478,54,24,45
"49",814,941,125,44,75
"50",317,522,62,32,52
"51",814,941,125,44,75
"52",814,941,125,44,75
"53",273,484,69,35,50
"54",299,549,64,34,47
"55",814,941,125,44,75
"56",814,941,125,44,75
"57",234,493,63,28,48
"58",811,940,125,44,75
"59",814,941,125,44,75
"60",813,941,125,44,75
"61",814,941,125,44,75
"62",808,937,124,44,74
"63",813,941,125,44,75
"64",247,478,60,23,44
"65",813,939,124,44,75
"66",811,936,124,44,74
"67",814,941,125,44,75
"68",274,507,57,33,41
"69",311,536,68,28,45
"70",814,941,125,44,75
"71",227,437,55,31,47
"72",223,455,64,34,40
"73",206,418,55,30,42
"74",232,444,57,27,49
"75",814,941,125,44,75
"76",273,487,65,30,50
"77",814,940,125,44,75
"78",227,472,63,28,50
"79",813,940,125,44,75
"80",192,390,59,27,50
"81",814,941,125,44,75
"82",259,481,65,29,44
"83",810,939,124,44,75
"84",814,941,125,44,75
"85",290,522,65,34,47
"86",814,941,125,44,75
"87",814,941,125,44,75
"88",814,941,125,44,75
"89",814,941,125,44,75
"90",228,402,59,28,43
"91",814,940,124,44,74
"92",814,939,125,44,74
"93",223,437,66,25,45
"94",814,941,125,44,75
"95",271,456,68,32,48
"96",243,457,61,30,49
"97",814,941,125,44,75
"98",252,479,68,27,52
"99",813,940,125,44,75
"100",272,475,65,28,48
"101",237,411,60,30,41
"102",245,448,62,26,53
"103",360,574,67,32,54
"104",814,941,125,44,75
"105",813,941,124,44,75
"106",811,940,124,44,75
"107",810,941,125,44,75
"108",814,941,125,44,75
"109",317,500,64,26,52
"110",814,941,125,44,75
"111",814,941,125,44,75
"112",812,940,125,44,75
"113",814,941,125,44,75
"114",219,444,58,24,40
"115",337,552,64,37,54
"116",297,526,78,30,49
"117",814,941,125,44,75
"118",814,941,125,44,75
"119",814,941,125,44,75
"120",814,941,125,44,75
"121",226,405,48,27,44
"122",245,460,67,26,50
"123",319,556,74,31,49
"124",282,515,62,28,50
"125",814,941,125,44,75
"126",813,938,125,44,75
"127",812,940,124,44,75
"128",814,941,125,44,75
"129",288,510,68,35,55
"130",814,938,125,44,75
"131",814,941,125,44,75
"132",814,941,125,44,75
"133",270,499,61,27,50
"134",813,941,125,44,75
"135",228,439,56,25,55
"136",814,941,125,44,75
"137",262,484,64,23,41
"138",814,941,125,44,75
"139",812,941,125,44,75
"140",799,931,124,44,75
"141",283,497,69,23,46
"142",275,472,65,24,43
"143",814,940,125,44,75
"144",261,475,56,27,57
"145",814,941,125,44,75
"146",218,453,46,27,41
"147",814,941,125,44,75
"148",811,939,124,44,75
"149",249,490,58,30,44
"150",813,941,125,44,75
"151",299,518,63,31,49
"152",814,941,125,44,75
"153",223,464,65,26,46
"154",814,941,125,44,75
"155",293,513,65,31,47
"156",206,404,49,20,43
"157",811,938,125,44,75
"158",250,418,65,26,55
"159",814,941,125,44,75
"160",814,941,125,44,75
"161",240,450,54,27,43
"162",292,530,61,35,50
"163",266,489,69,28,50
"164",814,941,125,44,75
"165",323,531,74,31,48
"166",811,938,125,44,75
"167",217,410,50,22,37
"168",279,501,69,26,48
"169",278,507,68,30,49
"170",262,482,53,30,40
"171",207,440,55,25,47
"172",224,429,58,27,43
"173",814,940,125,44,75
"174",267,461,61,28,46
"175",238,432,51,24,44
"176",260,482,57,30,57
"177",812,940,124,43,75
"178",814,939,125,44,75
"179",814,941,125,44,75
"180",814,941,125,44,75
"181",813,941,125,44,75
"182",814,941,125,44,75
"183",190,370,53,26,45
"184",814,941,125,44,75
"185",260,446,62,30,51
"186",280,502,68,30,42
"187",811,941,124,44,75
"188",244,443,56,30,41
"189",814,941,125,44,75
"190",813,940,125,44,75
"191",814,941,125,44,75
"192",814,941,125,44,75
"193",810,939,125,44,75
"194",814,941,125,44,75
"195",814,941,125,44,75
"196",814,941,125,44,75
"197",814,941,125,44,75
"198",270,463,60,26,52
"199",814,941,125,44,74
"200",814,941,125,44,75
"201",228,432,56,25,48
"202",252,459,70,24,47
"203",814,941,125,44,75
"204",814,941,125,44,75
"205",803,939,125,44,75
"206",222,419,64,27,47
"207",812,941,125,44,75
"208",280,489,71,29,54
"209",308,518,59,35,44
"210",814,939,125,44,75
"211",814,941,125,44,75
"212",301,493,77,28,55
"213",210,444,49,23,40
"214",813,941,125,44,75
"215",813,941,125,44,75
"216",814,940,125,44,75
"217",814,941,125,44,75
"218",814,941,125,44,75
"219",813,941,124,44,75
"220",814,941,125,44,75
"221",814,941,125,44,75
"222",814,941,125,44,75
"223",814,941,125,44,75
"224",814,941,125,44,75
"225",814,941,125,44,75
"226",813,941,125,44,75
"227",264,436,68,21,50
"228",814,941,125,44,75
"229",814,941,125,44,75
"230",291,513,73,26,47
"231",276,498,68,32,46
"232",814,941,125,44,75
"233",251,488,56,26,38
"234",814,941,125,44,75
"235",190,400,47,25,50
"236",814,941,125,44,75
"237",286,485,59,29,51
"238",261,479,52,30,51
"239",263,489,60,26,50
"240",242,485,53,24,47
"241",247,493,65,34,47
"242",814,941,125,44,75
"243",814,941,125,44,75
"244",267,487,62,25,50
"245",245,460,60,29,45
"246",814,941,125,44,75
"247",814,941,125,44,75
"248",813,941,125,44,75
"249",814,940,123,44,75
"250",814,939,125,44,75
"251",270,507,79,27,46
"252",204,426,63,24,52
"253",814,940,125,44,75
"254",814,941,125,44,75
"255",287,488,62,24,45
"256",178,377,44,31,44
"257",236,420,63,23,48
"258",811,939,125,44,75
"259",814,941,125,44,75
"260",232,446,67,32,46
"261",814,941,125,44,75
"262",238,481,55,22,51
"263",814,941,125,44,75
"264",813,941,125,44,75
"265",221,420,61,31,45
"266",814,941,125,44,75
"267",268,487,70,22,49
"268",814,940,125,44,75
"269",814,940,125,44,75
"270",248,470,63,25,48
"271",813,941,125,44,74
"272",814,941,125,44,75
"273",263,485,59,28,53
"274",814,941,125,44,75
"275",285,495,78,33,50
"276",814,941,125,44,75
"277",286,510,69,27,51
"278",814,941,125,44,75
"279",814,941,125,44,75
"280",303,532,59,33,46
"281",293,481,60,36,50
"282",814,941,125,44,75
"283",232,449,65,30,50
"284",814,940,125,44,75
"285",289,490,70,28,45
"286",270,505,51,30,41
"287",295,513,65,28,52
"288",814,941,125,44,75
"289",814,941,125,44,75
"290",814,941,125,44,75
"291",814,941,125,44,75
"292",223,453,46,26,33
"293",266,479,61,35,46
"294",237,474,64,27,47
"295",814,941,125,44,75
"296",814,941,125,44,75
"297",814,941,125,44,75
"298",814,940,125,44,75
"299",814,941,125,44,75
"300",814,941,125,44,75
"301",814,941,125,44,75
"302",258,469,61,30,51
"303",813,941,125,44,75
"304",251,486,59,28,46
"305",814,941,124,44,75
"306",814,941,125,44,75
"307",812,941,125,44,75
"308",195,426,52,26,43
"309",814,941,125,44,75
"310",814,941,125,44,75
"311",807,937,125,43,75
"312",336,560,81,36,57
"313",253,443,61,31,47
"314",285,491,58,28,44
"315",260,463,57,32,41
"316",811,939,124,44,75
"317",239,411,53,23,43
"318",814,941,125,44,75
"319",814,941,125,44,75
"320",218,423,51,29,38
"321",241,460,57,19,47
"322",814,941,125,44,75
"323",814,941,125,44,75
"324",281,481,70,28,49
"325",814,941,125,44,75
"326",808,939,125,44,75
"327",814,941,125,44,75
"328",814,941,125,43,75
"329",264,460,72,29,48
"330",315,498,65,29,49
"331",814,941,125,44,75
"332",814,941,125,44,75
"333",288,483,58,31,47
"334",812,939,125,44,75
"335",293,501,69,24,44
"336",275,471,58,32,49
"337",277,460,63,29,47
"338",814,941,125,44,75
"339",814,941,125,44,75
"340",813,941,125,44,75
"341",268,505,74,24,53
"342",814,941,125,44,75
"343",813,941,125,44,75
"344",813,940,124,44,75
"345",814,941,125,44,75
"346",813,941,125,44,75
"347",337,569,75,31,52
"348",814,941,124,44,75
"349",814,941,125,44,75
"350",198,433,64,27,45
"351",814,941,125,44,75
"352",814,941,125,44,75
"353",814,941,125,44,75
"354",814,941,125,44,75
"355",814,941,125,44,75
"356",813,939,125,44,75
"357",812,940,124,44,75
"358",319,523,71,29,56
"359",220,412,56,25,52
"360",279,531,69,31,43
"361",814,941,125,44,75
"362",814,941,125,44,75
"363",814,938,125,44,75
"364",263,506,61,26,56
"365",284,470,64,34,55
"366",208,415,61,25,39
"367",814,941,125,44,75
"368",287,545,69,31,53
"369",814,941,125,44,75
"370",814,940,125,44,75
"371",814,941,125,44,75
"372",814,941,125,44,75
"373",814,941,125,44,75
"374",249,464,56,28,45
"375",283,489,76,32,42
"376",814,941,125,44,75
"377",814,941,125,44,75
"378",248,451,62,27,47
"379",814,941,125,44,75
"380",245,465,62,21,48
"381",814,941,125,44,75
"382",284,503,67,28,51
"383",269,454,57,28,51
"384",814,941,125,44,75
"385",211,439,57,24,45
"386",814,941,125,44,75
"387",814,941,125,44,75
"388",291,475,58,26,51
"389",289,501,62,27,45
"390",246,469,53,31,51
"391",268,494,63,23,44
"392",814,941,125,44,75
"393",814,941,125,44,75
"394",813,941,125,44,75
"395",814,941,124,44,75
"396",814,941,125,44,75
"397",243,456,58,24,42
"398",814,941,125,44,75
"399",814,941,124,43,75
"400",275,475,52,29,47
"401",814,941,125,44,75
"402",282,504,64,26,42
"403",813,941,125,44,75
"404",319,548,71,24,41
"405",812,940,125,44,75
"406",289,495,62,33,56
"407",250,458,63,28,40
"408",811,940,125,44,75
"409",217,424,57,27,37
"410",814,941,125,44,75
"411",814,941,125,44,75
"412",205,410,51,24,35
"413",278,513,52,28,43
"414",814,941,125,44,75
"415",296,489,63,30,53
"416",812,938,125,44,75
"417",805,938,124,44,75
"418",256,485,62,35,46
"419",271,490,73,24,50
"420",814,941,125,44,75
"421",252,444,60,26,48
"422",814,941,125,44,75
"423",811,941,125,44,75
"424",267,470,61,29,48
"425",238,491,56,26,50
"426",814,941,125,44,75
"427",814,940,125,44,75
"428",261,429,56,33,46
"429",814,941,125,44,75
"430",814,941,125,44,75
"431",272,503,54,25,45
"432",810,939,125,43,75
"433",227,425,59,26,46
"434",814,941,125,44,75
"435",279,522,58,27,52
"436",813,941,125,44,75
"437",234,438,57,28,55
"438",264,467,70,31,43
"439",814,941,125,44,75
"440",800,925,122,44,75
"441",814,941,125,44,75
"442",814,941,125,44,75
"443",813,941,125,44,75
"444",814,941,125,44,75
"445",814,941,125,44,75
"446",814,941,125,44,75
"447",260,507,75,29,50
"448",814,940,125,44,75
"449",248,449,58,32,46
"450",814,941,125,44,75
"451",309,511,66,29,52
"452",793,930,124,43,74
"453",210,431,63,26,46
"454",214,477,60,24,38
"455",272,475,55,31,53
"456",271,443,74,25,54
"457",291,500,62,35,45
"458",813,937,125,44,75
"459",814,941,125,44,75
"460",814,941,125,44,75
"461",814,941,125,44,75
"462",303,556,77,34,46
"463",807,938,125,44,75
"464",814,941,125,44,75
"465",226,450,58,27,34
"466",248,476,53,26,44
"467",813,940,125,44,75
"468",264,477,63,26,51
"469",251,442,66,27,52
"470",321,533,64,35,54
"471",814,941,125,44,75
"472",313,520,70,29,49
"473",212,458,59,29,49
"474",210,403,49,22,48
"475",814,941,125,44,75
"476",814,941,125,44,75
"477",280,486,69,32,51
"478",814,941,125,44,75
"479",814,941,125,44,75
"480",210,429,55,24,43
"481",813,941,125,44,75
"482",814,941,125,44,75
"483",301,549,73,33,55
"484",814,941,125,44,75
"485",814,941,125,44,75
"486",813,941,125,44,75
"487",238,463,58,26,43
"488",814,941,125,44,75
"489",197,428,55,29,48
"490",264,493,67,30,54
"491",814,941,125,44,75
"492",228,436,63,22,42
"493",223,410,52,27,43
"494",325,521,65,32,57
"495",814,941,125,44,75
"496",812,941,125,44,75
"497",814,941,125,44,75
"498",237,429,51,29,45
"499",236,466,63,30,39
"500",225,418,59,28,43
"501",813,940,125,44,75
"502",814,941,125,44,75
"503",808,937,125,44,75
"504",814,941,125,44,75
"505",273,463,57,32,49
"506",228,477,56,25,48
"507",814,941,125,44,75
"508",257,454,59,23,55
"509",267,500,60,25,57
"510",231,440,50,31,42
"511",814,940,125,44,75
"512",246,460,64,26,40
"513",243,450,62,24,48
"514",253,464,58,28,42
"515",814,941,125,44,75
"516",243,470,62,27,46
"517",814,938,125,44,75
"518",240,461,52,29,43
"519",814,941,125,44,75
"520",213,431,72,28,48
"521",811,941,125,44,75
"522",809,939,125,44,75
"523",227,402,50,26,48
"524",327,541,79,34,55
"525",259,474,63,20,43
"526",813,941,125,44,75
"527",812,940,125,44,74
"528",814,941,125,44,75
"529",814,941,125,44,75
"530",814,941,125,44,75
"531",230,460,70,23,45
"532",814,941,125,44,75
"533",277,485,74,32,41
"534",248,454,68,33,46
"535",234,463,61,31,49
"536",253,448,64,23,47
"537",814,940,125,44,75
"538",261,502,72,31,46
"539",299,488,63,27,53
"540",268,446,61,31,44
"541",277,495,73,33,48
"542",814,941,125,44,75
"543",814,941,125,44,75
"544",814,941,125,44,75
"545",813,939,125,43,75
"546",268,475,66,29,40
"547",814,941,125,44,75
"548",268,509,65,31,46
"549",814,941,125,44,75
"550",814,941,125,44,75
"551",814,941,125,44,75
"552",814,941,125,44,75
"553",274,461,67,26,46
"554",814,941,125,44,75
"555",814,941,125,44,75
"556",813,941,125,44,75
"557",814,939,125,44,75
"558",814,941,125,44,75
"559",814,940,125,44,75
"560",814,936,125,44,75
"561",813,940,125,44,75
"562",807,935,124,44,75
"563",814,940,125,44,75
"564",236,431,68,28,51
"565",304,499,70,27,51
"566",814,941,125,44,75
"567",814,941,125,44,75
"568",810,935,122,44,75
"569",814,941,125,44,75
"570",243,498,60,24,53
"571",310,497,71,31,52
"572",255,487,65,31,53
"573",814,941,125,44,75
"574",814,941,125,44,75
"575",325,542,85,28,57
"576",811,940,125,44,75
"577",814,941,125,44,75
"578",212,446,57,26,45
"579",814,941,125,44,75
"580",249,462,66,29,51
"581",814,941,125,44,75
"582",814,941,125,44,75
"583",359,558,65,33,59
"584",213,437,66,24,45
"585",309,500,74,27,50
"586",808,937,125,44,75
"587",814,941,125,44,75
"588",814,941,125,44,75
"589",814,941,125,44,75
"590",240,449,61,24,43
"591",814,940,125,44,75
"592",814,941,125,44,75
"593",814,941,125,44,75
"594",215,420,65,31,39
"595",814,941,125,44,75
"596",261,472,63,24,48
"597",229,424,61,25,42
"598",272,467,62,30,53
"599",210,461,59,23,39
"600",814,941,125,44,75
"601",814,941,125,44,75
"602",285,486,53,27,41
"603",813,941,125,44,75
"604",814,940,125,44,75
"605",230,430,58,24,39
"606",242,447,62,25,49
"607",814,941,125,44,75
"608",239,466,53,27,50
"609",279,463,59,30,51
"610",256,485,62,29,43
"611",813,939,125,44,75
"612",200,441,53,24,43
"613",814,941,125,44,75
"614",814,940,125,44,75
"615",282,492,72,26,50
"616",283,499,76,27,61
"617",814,941,125,44,75
"618",814,941,125,44,75
"619",814,941,125,44,75
"620",223,466,64,25,50
"621",814,941,125,44,75
"622",255,434,49,28,46
"623",814,941,125,44,75
"624",279,498,65,29,51
"625",275,452,62,31,50
"626",814,941,125,44,75
"627",214,434,49,24,47
"628",272,454,67,29,47
"629",265,488,63,28,43
"630",814,941,125,44,75
"631",297,492,71,30,59
"632",814,941,125,44,75
"633",252,473,58,30,41
"634",814,941,125,44,75
"635",810,939,125,44,75
"636",814,941,125,44,75
"637",814,941,125,44,75
"638",208,428,59,29,48
"639",805,940,125,44,75
"640",330,547,69,32,43
"641",244,425,56,21,54
"642",292,545,70,23,50
"643",814,940,125,44,75
"644",210,452,59,24,52
"645",812,939,125,44,74
"646",814,941,125,44,75
"647",251,499,63,29,47
"648",814,941,125,44,75
"649",814,941,125,44,75
"650",246,444,56,36,43
"651",265,484,66,25,41
"652",297,514,64,29,51
"653",814,940,125,44,75
"654",814,940,125,44,75
"655",814,941,125,44,75
"656",814,940,125,44,75
"657",812,941,125,44,75
"658",814,941,125,44,75
"659",803,936,124,44,75
"660",780,922,123,44,74
"661",250,478,64,23,45
"662",814,941,125,44,75
"663",814,940,124,44,75
"664",211,413,52,25,45
"665",246,485,61,32,46
"666",814,941,125,44,75
"667",814,941,125,44,75
"668",813,941,125,43,75
"669",256,453,58,21,55
"670",290,526,66,34,58
"671",311,527,73,30,50
"672",227,441,66,29,43
"673",812,940,125,44,75
"674",242,466,61,36,52
"675",237,439,55,35,46
"676",814,941,125,44,75
"677",247,469,64,28,51
"678",251,490,68,27,41
"679",262,496,54,25,51
"680",233,459,55,25,46
"681",814,941,125,44,75
"682",192,392,53,25,44
"683",814,941,125,44,75
"684",814,941,125,44,75
"685",814,941,125,44,75
"686",814,941,125,44,75
"687",242,433,61,33,35
"688",249,466,73,24,45
"689",814,941,125,44,75
"690",814,941,125,44,75
"691",221,410,58,28,52
"692",814,941,125,44,75
"693",814,939,125,44,75
"694",814,941,124,44,75
"695",814,941,125,44,75
"696",249,484,59,21,49
"697",227,436,61,29,48
"698",814,940,125,44,75
"699",814,941,125,44,75
"700",223,448,58,23,49
"701",814,941,125,44,75
"702",814,941,125,44,75
"703",814,941,125,44,75
"704",814,941,125,44,75
"705",814,941,125,44,75
"706",814,941,125,44,75
"707",811,941,125,44,75
"708",292,483,73,30,51
"709",813,939,124,44,75
"710",285,480,65,28,60
"711",211,438,62,17,47
"712",814,941,125,44,75
"713",814,941,125,44,75
"714",810,940,125,44,75
"715",294,483,58,37,48
"716",814,941,125,44,75
"717",268,481,66,28,46
"718",814,941,125,44,75
"719",262,465,59,25,49
"720",814,941,125,44,75
"721",812,940,125,44,75
"722",814,941,125,44,75
"723",223,397,52,21,38
"724",270,490,63,34,49
"725",285,484,59,33,45
"726",814,941,125,44,75
"727",247,463,64,29,42
"728",777,913,118,43,73
"729",813,941,125,44,75
"730",814,941,125,44,75
"731",265,512,70,31,49
"732",200,420,47,27,47
"733",264,475,64,28,42
"734",812,941,125,44,75
"735",814,941,125,44,75
"736",814,941,125,44,75
"737",814,941,125,44,75
"738",812,940,125,44,75
"739",814,941,125,44,75
"740",811,939,125,44,75
"741",269,522,67,29,52
"742",813,941,125,44,75
"743",812,941,125,44,75
"744",811,940,125,44,75
"745",814,941,125,44,75
"746",218,419,56,25,43
"747",814,941,125,44,75
"748",814,941,125,44,75
"749",814,941,125,44,75
"750",814,941,125,44,75
"751",814,941,125,44,75
"752",791,935,120,44,74
"753",296,517,64,26,49
"754",357,560,64,22,57
"755",226,451,61,22,42
"756",299,491,62,31,45
"757",814,941,125,44,75
"758",244,443,62,25,45
"759",814,941,124,44,75
"760",274,472,68,30,45
"761",814,941,125,44,75
"762",814,941,125,44,75
"763",277,490,71,22,47
"764",292,505,66,29,49
"765",224,440,46,27,40
"766",811,941,124,44,75
"767",256,491,55,25,46
"768",808,937,124,44,75
"769",814,941,125,44,75
"770",814,941,125,44,75
"771",814,941,125,44,75
"772",814,941,125,44,75
"773",814,940,125,44,75
"774",814,941,125,44,75
"775",814,941,125,44,75
"776",814,941,125,44,75
"777",813,941,125,44,75
"778",308,538,74,33,57
"779",204,427,46,26,47
"780",245,421,55,29,46
"781",814,941,125,44,75
"782",245,480,58,29,41
"783",242,446,64,23,41
"784",304,519,58,31,45
"785",812,941,125,44,75
"786",814,941,125,44,75
"787",814,941,125,44,75
"788",256,474,65,28,46
"789",814,941,125,44,75
"790",814,941,125,44,75
"791",271,502,64,24,49
"792",242,448,58,23,42
"793",252,515,61,28,47
"794",814,941,125,44,75
"795",814,941,125,44,75
"796",249,432,69,23,48
"797",242,452,50,25,40
"798",809,939,124,44,75
"799",813,941,125,44,75
"800",814,941,125,44,75
"801",246,458,57,33,46
"802",247,459,60,29,46
"803",813,940,125,44,75
"804",814,941,125,44,75
"805",265,472,75,27,46
"806",814,941,125,44,75
"807",814,941,125,44,75
"808",257,457,72,32,44
"809",273,458,66,31,57
"810",814,941,125,44,75
"811",283,543,72,30,46
"812",244,472,58,27,46
"813",814,941,125,44,75
"814",814,939,125,43,75
"815",814,941,125,44,75
"816",242,386,51,23,44
"817",801,936,125,44,74
"818",812,940,125,44,75
"819",275,493,60,29,52
"820",814,941,125,44,75
"821",813,941,125,44,75
"822",814,940,125,44,75
"823",297,530,55,27,49
"824",814,940,125,43,75
"825",813,941,125,44,75
"826",811,939,124,44,75
"827",812,941,125,44,75
"828",812,941,125,44,75
"829",223,438,53,29,45
"830",219,423,60,31,54
"831",813,941,125,44,75
"832",797,929,122,43,72
"833",812,938,125,44,75
"834",814,941,125,44,75
"835",814,940,125,44,75
"836",813,936,125,44,75
"837",272,476,64,27,45
"838",814,941,125,44,75
"839",279,492,78,30,55
"840",814,941,125,44,75
"841",814,941,125,44,75
"842",322,528,73,26,55
"843",814,939,125,44,75
"844",804,938,125,44,75
"845",244,441,63,24,40
"846",810,938,125,44,75
"847",266,469,59,23,40
"848",282,518,65,33,50
"849",814,941,125,44,75
"850",253,470,60,27,42
"851",272,506,66,28,49
"852",813,938,125,44,75
"853",813,941,125,44,75
"854",814,941,125,44,75
"855",814,941,125,44,75
"856",271,476,68,29,44
"857",214,437,68,27,42
"858",203,444,62,29,41
"859",814,941,125,44,75
"860",814,941,125,44,75
"861",254,492,62,20,47
"862",266,465,59,30,44
"863",814,941,125,44,75
"864",233,447,57,26,43
"865",813,941,125,44,75
"866",814,941,125,44,74
"867",224,414,59,28,47
"868",247,450,60,22,48
"869",814,941,125,44,75
"870",814,941,125,44,75
"871",814,941,125,44,75
"872",814,941,125,44,75
"873",253,465,55,25,53
"874",812,939,125,44,75
"875",179,401,51,28,41
"876",813,941,125,44,75
"877",230,441,59,23,54
"878",811,941,125,44,75
"879",237,469,72,28,48
"880",224,476,63,25,48
"881",284,508,69,29,52
"882",813,941,125,44,75
"883",220,394,46,21,50
"884",253,449,61,28,45
"885",813,941,125,44,75
"886",254,456,59,29,49
"887",286,510,68,32,48
"888",278,474,66,26,52
"889",814,941,125,44,75
"890",339,549,69,31,54
"891",814,941,125,44,75
"892",814,941,125,44,75
"893",814,940,124,44,75
"894",814,941,125,44,75
"895",809,940,125,44,75
"896",812,940,124,44,75
"897",813,940,124,44,75
"898",813,941,125,44,75
"899",814,941,125,44,75
"900",204,427,54,28,43
"901",274,488,58,27,50
"902",813,941,125,44,75
"903",814,941,125,44,75
"904",202,448,57,28,37
"905",814,941,125,43,74
"906",814,941,125,44,75
"907",804,936,125,44,75
"908",299,502,59,25,51
"909",270,470,59,27,46
"910",814,941,125,44,75
"911",814,941,125,44,75
"912",270,477,58,29,52
"913",260,449,58,25,53
"914",814,941,125,44,75
"915",813,941,125,44,75
"916",213,438,57,26,40
"917",234,452,52,24,44
"918",201,412,47,26,38
"919",810,936,125,44,74
"920",814,941,125,44,75
"921",814,941,125,44,75
"922",814,941,125,44,75
"923",814,940,125,44,75
"924",271,482,64,36,52
"925",252,463,60,31,48
"926",253,458,52,31,52
"927",810,940,123,44,75
"928",311,532,62,28,52
"929",814,941,125,44,75
"930",299,535,72,33,44
"931",163,356,47,25,39
"932",226,465,57,28,48
"933",266,478,69,24,41
"934",242,457,64,27,45
"935",814,938,125,42,75
"936",223,441,63,28,44
"937",813,941,125,44,75
"938",263,503,72,33,51
"939",814,941,125,44,75
"940",290,494,70,27,39
"941",253,465,63,29,53
"942",814,941,125,44,75
"943",228,460,61,29,44
"944",225,428,66,25,52
"945",814,941,125,44,75
"946",814,940,125,44,75
"947",252,482,62,30,54
"948",814,941,125,44,75
"949",226,449,60,28,37
"950",813,939,125,44,75
"951",814,940,125,44,75
"952",265,490,71,26,47
"953",307,509,70,30,50
"954",274,450,60,21,48
"955",250,457,61,25,50
"956",813,940,125,44,75
"957",250,457,66,26,49
"958",310,508,55,26,53
"959",252,473,60,28,44
"960",811,937,125,44,75
"961",814,941,125,44,75
"962",814,941,125,44,75
"963",249,449,73,27,48
"964",231,459,67,30,42
"965",310,498,74,33,47
"966",814,941,125,44,75
"967",286,515,61,25,52
"968",814,941,125,44,75
"969",810,939,125,44,75
"970",300,530,76,24,55
"971",813,941,125,44,75
"972",814,941,125,44,75
"973",232,441,58,26,45
"974",334,555,71,33,50
"975",814,941,125,44,75
"976",813,940,125,44,75
"977",249,482,59,29,50
"978",360,542,70,31,52
"979",814,941,125,44,75
"980",814,941,125,44,75
"981",814,941,124,44,75
"982",248,444,71,27,51
"983",813,940,125,44,75
"984",814,941,125,44,75
"985",814,941,125,44,75
"986",233,418,58,26,42
"987",275,480,64,34,46
"988",814,941,125,44,75
"989",814,941,125,44,75
"990",814,941,125,44,75
"991",285,483,72,28,49
"992",814,940,125,44,75
"993",296,538,65,28,48
"994",814,941,125,44,75
"995",814,941,125,44,75
"996",255,470,57,32,43
"997",813,941,124,44,75
"998",813,941,125,44,75
"999",254,502,73,28,47
"1000",262,479,69,28,46
"1001",814,941,125,44,75
"1002",814,940,125,44,75
"1003",253,494,72,30,55
"1004",809,935,124,44,74
"1005",285,498,60,27,47
"1006",808,937,125,44,75
"1007",814,941,125,44,75
"1008",813,941,125,44,75
"1009",813,940,125,44,75
"1010",814,941,125,44,75
"1011",241,454,58,31,40
"1012",812,939,125,44,75
"1013",814,941,125,44,75
"1014",814,941,125,44,75
"1015",805,938,125,44,75
"1016",808,939,125,44,75
"1017",814,941,125,44,75
"1018",801,931,125,44,73
"1019",228,417,49,23,45
"1020",235,447,63,23,45
"1021",813,940,125,44,75
"1022",279,489,67,26,50
"1023",234,441,63,26,47
"1024",281,498,70,28,55
"1025",273,491,65,28,52
"1026",263,476,67,28,49
"1027",814,941,125,44,75
"1028",813,941,125,43,75
"1029",233,462,52,21,47
"1030",814,939,125,44,75
"1031",242,447,52,31,51
"1032",814,941,125,44,75
"1033",814,941,125,44,75
"1034",336,542,71,32,47
"1035",814,941,125,44,75
"1036",814,940,125,44,75
"1037",814,941,125,44,75
"1038",213,454,60,25,41
"1039",276,506,63,25,45
"1040",305,512,74,29,47
"1041",259,443,58,26,45
"1042",814,941,125,44,75
"1043",810,940,125,44,75
"1044",800,934,124,44,75
"1045",317,506,69,33,51
"1046",279,495,65,29,49
"1047",813,940,124,44,75
"1048",250,431,65,27,45
"1049",814,941,125,44,75
"1050",814,941,125,44,75
"1051",814,941,125,44,75
"1052",814,941,125,44,75
"1053",242,443,63,30,48
"1054",814,941,125,44,75
"1055",243,388,47,28,45
"1056",813,940,125,44,75
"1057",255,445,57,30,46
"1058",812,941,125,44,75
"1059",814,940,125,44,74
"1060",814,941,125,44,75
"1061",814,941,125,44,75
"1062",259,475,55,32,48
"1063",290,480,69,32,48
"1064",249,433,45,29,43
"1065",814,941,125,44,75
"1066",250,452,65,25,43
"1067",814,941,125,44,75
"1068",303,574,75,30,55
"1069",316,520,63,33,51
"1070",234,413,59,23,49
"1071",813,941,125,44,75
"1072",239,423,59,25,45
"1073",814,941,125,44,75
"1074",252,480,72,28,46
"1075",276,498,58,24,54
"1076",814,941,124,44,75
"1077",229,434,57,31,46
"1078",814,941,125,44,75
"1079",814,940,125,44,75
"1080",256,497,67,25,46
"1081",222,458,61,29,47
"1082",814,941,125,44,75
"1083",814,941,125,44,75
"1084",814,941,125,44,75
"1085",311,545,69,31,52
"1086",814,941,125,44,75
"1087",814,941,125,44,75
"1088",811,939,124,44,75
"1089",814,941,125,44,75
"1090",234,407,46,28,36
"1091",266,485,62,23,41
"1092",814,941,125,44,75
"1093",814,940,125,44,75
"1094",290,490,63,26,50
"1095",280,498,63,32,50
"1096",295,476,67,32,51
"1097",814,941,125,44,75
"1098",813,940,125,44,75
"1099",230,423,56,21,47
"1100",208,406,59,27,50
"1101",298,495,67,33,47
"1102",313,503,63,31,44
"1103",814,941,125,44,75
"1104",814,941,125,44,75
"1105",814,941,125,44,75
"1106",809,940,125,44,75
"1107",814,941,125,44,75
"1108",814,940,125,44,75
"1109",216,429,64,25,53
"1110",814,941,125,44,75
"1111",814,940,125,44,75
"1112",813,941,125,44,75
"1113",814,941,125,44,75
"1114",814,941,125,44,75
"1115",231,464,67,31,46
"1116",813,940,125,44,75
"1117",812,941,125,44,75
"1118",814,939,125,44,75
"1119",814,941,125,44,75
"1120",814,941,125,44,75
"1121",814,941,125,44,75
"1122",235,413,60,34,46
"1123",227,441,53,22,44
"1124",814,941,125,44,75
"1125",814,941,125,44,75
"1126",325,537,66,31,51
"1127",212,434,52,25,42
"1128",813,941,125,44,75
"1129",278,449,68,29,46
"1130",803,935,124,44,73
"1131",814,939,125,44,75
"1132",336,568,66,26,55
"1133",814,941,125,44,75
"1134",813,941,124,44,75
"1135",814,941,125,44,75
"1136",814,940,125,44,75
"1137",814,941,125,44,75
"1138",814,941,125,44,75
"1139",814,939,124,44,75
"1140",814,940,125,44,75
"1141",813,940,125,44,75
"1142",814,940,125,44,75
"1143",814,941,125,44,75
"1144",203,429,50,29,48
"1145",813,941,124,44,75
"1146",814,941,125,44,75
"1147",814,940,125,44,75
"1148",814,941,125,44,75
"1149",814,941,125,44,75
"1150",266,478,64,32,39
"1151",282,471,65,27,55
"1152",288,485,66,29,41
"1153",294,518,70,26,48
"1154",801,929,125,44,75
"1155",814,941,125,44,75
"1156",814,941,125,44,75
"1157",814,941,125,44,75
"1158",203,384,59,22,40
"1159",814,940,125,44,75
"1160",262,436,66,30,49
"1161",263,491,60,26,56
"1162",814,941,125,44,75
"1163",233,458,64,24,42
"1164",814,939,125,44,75
"1165",814,941,125,44,75
"1166",814,941,125,44,75
"1167",814,940,125,44,75
"1168",814,941,125,44,75
"1169",232,454,61,27,43
"1170",236,444,66,27,50
"1171",814,941,125,44,75
"1172",814,941,125,44,75
"1173",248,452,59,28,44
"1174",225,418,57,24,44
"1175",251,502,65,28,56
"1176",193,411,50,20,46
"1177",813,941,125,44,75
"1178",814,941,125,44,75
"1179",813,940,125,44,75
"1180",294,492,64,28,47
"1181",215,442,50,25,56
"1182",814,941,125,44,75
"1183",814,941,125,44,75
"1184",814,941,125,44,75
"1185",301,505,70,26,48
"1186",814,940,125,44,75
"1187",326,533,64,31,49
"1188",814,941,125,44,75
"1189",213,416,50,23,41
"1190",814,941,125,44,75
"1191",244,406,54,22,49
"1192",814,940,125,44,75
"1193",809,940,125,44,75
"1194",813,941,125,44,75
"1195",814,941,125,44,75
"1196",814,941,125,44,75
"1197",813,941,125,44,75
"1198",220,420,58,25,60
"1199",814,941,125,44,75
"1200",814,941,125,44,75
"1201",814,941,125,44,75
"1202",813,941,125,44,75
"1203",814,941,125,44,75
"1204",812,940,125,44,75
"1205",813,940,125,44,75
"1206",229,435,58,24,51
"1207",228,415,58,27,45
"1208",813,941,125,44,75
"1209",814,941,125,44,75
"1210",814,941,125,44,75
"1211",814,940,125,44,75
"1212",814,941,125,44,75
"1213",257,427,73,27,46
"1214",252,453,57,30,44
"1215",814,941,125,44,75
"1216",814,941,125,44,75
"1217",803,931,122,43,75
"1218",814,941,125,44,75
"1219",814,941,125,44,75
"1220",813,941,125,44,75
"1221",233,450,67,23,50
"1222",280,495,70,32,55
"1223",814,941,125,44,75
"1224",263,474,83,32,47
"1225",814,941,125,44,75
"1226",254,456,69,29,46
"1227",813,941,124,44,75
"1228",814,941,125,44,75
"1229",814,940,125,44,75
"1230",814,941,125,44,75
"1231",814,941,125,44,75
"1232",811,939,125,44,75
"1233",229,440,53,21,41
"1234",248,418,60,27,49
"1235",814,941,125,44,75
"1236",303,491,61,32,46
"1237",241,467,68,28,50
"1238",814,941,125,44,75
"1239",253,494,71,29,48
"1240",814,941,125,44,75
"1241",814,940,125,44,75
"1242",275,483,66,28,44
"1243",814,941,125,44,75
"1244",813,941,125,44,75
"1245",814,941,125,44,75
"1246",292,545,68,23,51
"1247",253,476,63,33,44
"1248",813,940,125,44,75
"1249",814,941,125,44,75
"1250",248,439,58,31,46
"1251",312,523,69,30,57
"1252",228,467,54,28,49
"1253",286,509,69,28,44
"1254",814,939,125,43,75
"1255",814,941,125,44,75
"1256",814,941,125,44,75
"1257",814,941,125,44,75
"1258",814,941,125,44,75
"1259",813,941,125,44,75
"1260",245,454,65,23,41
"1261",814,941,125,44,75
"1262",814,941,125,44,75
"1263",207,418,63,27,42
"1264",814,941,125,44,75
"1265",243,421,48,29,42
"1266",814,941,125,44,75
"1267",220,445,61,29,54
"1268",813,941,125,43,75
"1269",814,941,125,44,75
"1270",329,521,65,28,51
"1271",814,941,125,44,75
"1272",811,941,125,44,75
"1273",305,545,62,31,47
"1274",252,471,78,33,46
"1275",233,443,51,25,44
"1276",240,483,68,26,44
"1277",186,406,55,29,46
"1278",810,940,125,44,75
"1279",813,940,125,44,75
"1280",267,500,66,31,44
"1281",813,940,125,44,75
"1282",814,941,125,44,75
"1283",813,941,124,44,75
"1284",190,404,63,22,42
"1285",814,941,125,44,75
"1286",247,419,52,28,38
"1287",814,941,125,44,75
"1288",814,941,125,44,75
"1289",813,941,125,44,75
"1290",813,939,125,44,75
"1291",814,941,125,44,75
"1292",810,934,125,44,75
"1293",297,503,67,30,50
"1294",814,941,125,44,75
"1295",809,938,125,44,75
"1296",813,941,125,44,75
"1297",281,504,63,27,50
"1298",811,941,125,44,75
"1299",814,941,125,44,75
"1300",811,940,125,44,75
"1301",283,485,75,27,52
"1302",249,473,69,31,46
"1303",265,451,71,25,40
"1304",319,518,82,36,56
"1305",251,468,64,29,48
"1306",814,941,125,44,75
"1307",814,941,125,44,75
"1308",813,941,125,44,75
"1309",221,410,56,26,44
"1310",247,453,58,30,43
"1311",814,940,125,44,75
"1312",219,451,59,31,50
"1313",236,466,69,26,52
"1314",814,941,125,44,75
"1315",814,941,125,44,75
"1316",243,459,57,23,48
"1317",814,941,125,44,75
"1318",814,939,125,44,75
"1319",193,380,54,22,36
"1320",812,941,125,44,75
"1321",806,935,124,44,75
"1322",814,941,125,44,75
"1323",812,940,124,44,75
"1324",813,940,125,44,75
"1325",247,476,60,26,43
"1326",814,941,125,44,75
"1327",814,941,125,44,75
"1328",814,941,125,44,75
"1329",813,937,124,44,73
"1330",811,940,125,44,75
"1331",814,941,125,44,75
"1332",814,941,125,44,75
"1333",229,478,59,27,48
"1334",265,498,59,31,43
"1335",243,444,62,33,41
"1336",301,509,72,29,51
"1337",813,941,125,44,75
"1338",814,941,125,44,75
"1339",308,534,59,25,45
"1340",810,939,125,44,75
"1341",280,532,70,30,53
"1342",317,517,66,35,51
"1343",812,940,125,44,75
"1344",814,941,125,44,75
"1345",814,941,125,44,75
"1346",814,941,125,44,75
"1347",813,941,125,44,75
"1348",814,941,125,44,75
"1349",194,391,55,25,42
"1350",814,939,125,44,75
"1351",288,486,63,29,47
"1352",814,941,125,44,75
"1353",250,460,62,30,49
"1354",814,941,125,44,75
"1355",241,481,60,26,47
"1356",814,941,125,44,75
"1357",814,940,125,44,75
"1358",814,940,125,44,75
"1359",258,467,66,27,50
"1360",810,939,125,44,75
"1361",205,401,49,23,41
"1362",814,941,125,44,75
"1363",813,941,125,44,75
"1364",302,512,71,24,51
"1365",248,472,57,25,47
"1366",813,938,125,44,75
"1367",806,935,124,44,75
"1368",814,941,125,44,75
"1369",237,406,50,31,44
"1370",814,941,125,44,75
"1371",814,941,125,44,75
"1372",814,941,125,44,75
"1373",814,940,125,44,75
"1374",281,503,66,31,50
"1375",812,941,125,44,75
"1376",811,939,125,44,75
"1377",321,525,71,33,51
"1378",814,941,125,44,75
"1379",814,941,125,44,75
"1380",814,941,125,44,75
"1381",814,941,125,44,75
"1382",245,477,65,26,45
"1383",226,420,57,28,44
"1384",225,481,54,25,46
"1385",224,415,54,32,47
"1386",795,931,123,43,74
"1387",811,941,125,44,75
"1388",296,537,70,23,52
"1389",814,941,125,44,75
"1390",262,511,75,30,56
"1391",814,941,125,44,75
"1392",813,941,125,44,75
"1393",238,466,59,29,43
"1394",814,941,125,44,75
"1395",814,941,125,44,75
"1396",265,494,78,31,49
"1397",814,941,125,44,75
"1398",810,937,125,44,75
"1399",814,941,125,44,75
"1400",224,472,59,32,45
"1401",254,472,57,34,42
"1402",813,941,125,44,75
"1403",814,941,125,44,75
"1404",814,941,125,44,75
"1405",814,941,125,44,75
"1406",239,432,57,23,45
"1407",814,941,125,44,75
"1408",307,535,73,32,55
"1409",279,470,60,30,53
"1410",814,941,125,44,75
"1411",811,940,125,44,75
"1412",814,941,125,44,75
"1413",250,497,63,31,49
"1414",220,433,61,28,51
"1415",814,941,125,44,75
"1416",813,941,125,44,75
"1417",230,426,61,29,49
"1418",283,472,60,35,54
"1419",810,940,125,44,75
"1420",814,941,125,44,75
"1421",297,511,65,29,55
"1422",214,440,52,28,43
"1423",814,941,125,44,75
"1424",814,941,125,44,75
"1425",814,941,125,44,75
"1426",814,941,125,44,75
"1427",251,445,58,26,48
"1428",262,481,75,30,50
"1429",814,941,125,44,75
"1430",814,940,125,44,75
"1431",335,551,77,29,47
"1432",814,941,125,44,75
"1433",814,941,123,44,75
"1434",814,940,125,44,75
"1435",814,941,125,44,75
"1436",179,388,55,24,37
"1437",814,941,125,44,75
"1438",813,941,125,44,75
"1439",814,941,125,44,75
"1440",291,465,76,23,49
"1441",306,525,69,27,50
"1442",229,465,74,36,42
"1443",254,487,55,28,37
"1444",813,941,125,44,75
"1445",203,446,44,31,47
"1446",814,941,125,44,75
"1447",223,408,50,27,38
"1448",814,941,125,44,75
"1449",236,405,49,32,40
"1450",814,941,125,44,75
"1451",814,940,125,44,75
"1452",249,479,60,33,44
"1453",814,941,125,44,75
"1454",814,941,125,44,75
"1455",261,490,70,28,44
"1456",237,449,61,30,49
"1457",319,521,70,36,51
"1458",219,411,57,26,48
"1459",293,542,71,31,57
"1460",302,534,70,31,46
"1461",260,454,58,26,47
"1462",259,475,64,29,54
"1463",814,940,125,44,75
"1464",252,445,48,27,50
"1465",290,488,71,33,52
"1466",251,447,68,20,45
"1467",813,940,125,44,75
"1468",814,940,125,44,75
"1469",814,941,125,44,75
"1470",273,498,64,25,47
"1471",813,940,125,44,75
"1472",813,941,125,44,75
"1473",218,444,58,27,44
"1474",205,424,56,24,53
"1475",254,456,62,27,47
"1476",319,529,67,26,44
"1477",814,941,125,44,75
"1478",814,941,124,44,75
"1479",814,941,125,44,75
"1480",288,492,60,35,53
"1481",801,931,124,44,75
"1482",199,423,61,30,49
"1483",291,523,65,32,51
"1484",204,464,50,27,42
"1485",814,941,125,44,75
"1486",267,462,73,33,37
"1487",814,941,125,44,75
"1488",814,941,125,44,75
"1489",814,941,125,44,75
"1490",814,941,125,44,75
"1491",814,941,125,44,75
"1492",814,941,125,44,75
"1493",246,470,54,25,46
"1494",275,462,67,29,42
"1495",298,501,72,31,54
"1496",814,940,125,44,75
"1497",814,941,125,44,75
"1498",812,938,125,44,75
"1499",814,941,125,44,75
"1500",814,940,124,44,75
"1501",813,941,125,44,75
"1502",271,433,77,32,50
"1503",374,585,65,31,54
"1504",345,568,81,28,54
"1505",814,941,125,44,75
"1506",814,941,125,44,75
"1507",814,941,125,44,75
"1508",253,451,57,29,49
"1509",814,941,125,44,75
"1510",246,448,60,25,49
"1511",250,443,63,26,46
"1512",814,941,125,44,75
"1513",814,941,125,44,75
"1514",812,941,125,44,75
"1515",281,481,66,27,51
"1516",814,941,125,44,75
"1517",235,469,69,28,61
"1518",814,941,125,43,75
"1519",259,454,60,28,47
"1520",236,441,54,29,50
"1521",814,940,124,44,75
"1522",814,941,125,44,75
"1523",814,941,125,44,75
"1524",225,398,57,30,45
"1525",814,941,125,44,75
"1526",243,468,62,29,51
"1527",804,936,125,44,74
"1528",814,941,125,44,75
"1529",814,941,125,44,75
"1530",814,941,125,44,75
"1531",275,490,69,30,53
"1532",814,941,125,44,75
"1533",814,941,125,44,75
"1534",230,437,67,32,45
"1535",814,941,125,44,75
"1536",252,464,54,26,39
"1537",814,941,125,44,75
"1538",814,941,125,44,75
"1539",814,941,125,44,75
"1540",813,940,125,44,75
"1541",241,484,61,30,54
"1542",814,941,125,44,75
"1543",297,508,76,31,53
"1544",814,941,124,44,75
"1545",814,941,125,44,75
"1546",814,941,125,44,75
"1547",266,461,59,33,49
"1548",263,459,63,30,52
"1549",814,941,125,44,75
"1550",814,941,125,44,75
"1551",814,941,124,44,75
"1552",814,941,125,44,75
"1553",814,940,125,44,75
"1554",812,935,125,44,74
"1555",814,941,125,44,75
"1556",813,939,125,44,75
"1557",259,497,70,25,48
"1558",813,941,125,44,75
"1559",216,424,62,28,44
"1560",268,491,58,27,51
"1561",814,941,125,44,75
"1562",814,941,125,44,75
"1563",814,941,125,44,75
"1564",271,438,49,30,40
"1565",309,545,61,23,51
"1566",250,471,65,26,49
"1567",814,940,125,44,75
"1568",283,503,69,24,53
"1569",264,463,65,29,43
"1570",814,940,125,44,75
"1571",804,927,123,44,75
"1572",813,940,125,44,75
"1573",314,539,65,30,44
"1574",289,486,66,24,44
"1575",226,480,69,27,41
"1576",814,941,125,44,75
"1577",271,459,63,25,49
"1578",783,918,122,42,74
"1579",813,941,125,44,75
"1580",308,553,81,23,50
"1581",229,462,64,25,41
"1582",813,941,125,44,75
"1583",269,476,64,30,51
"1584",242,427,64,28,46
"1585",225,458,55,28,40
"1586",233,432,44,27,43
"1587",800,927,124,42,75
"1588",327,533,68,31,37
"1589",257,484,72,30,47
"1590",189,421,63,29,50
"1591",814,941,125,44,75
"1592",811,940,124,44,75
"1593",814,941,125,44,75
"1594",813,939,125,43,75
"1595",255,437,61,25,41
"1596",814,941,125,44,74
"1597",814,941,125,44,75
"1598",811,936,124,44,75
"1599",814,941,125,44,75
"1600",811,941,125,44,75
"1601",814,941,125,44,75
"1602",814,941,125,44,75
"1603",813,941,125,44,75
"1604",813,941,125,44,75
"1605",814,941,125,44,75
"1606",282,483,67,30,51
"1607",265,458,55,29,52
"1608",812,940,125,44,75
"1609",814,941,125,44,75
"1610",813,941,125,44,75
"1611",814,937,125,44,75
"1612",814,940,125,44,75
"1613",266,493,56,31,49
"1614",262,466,57,31,42
"1615",812,941,125,44,75
"1616",814,941,125,44,75
"1617",814,941,125,44,75
"1618",240,461,52,29,40
"1619",814,941,125,44,75
"1620",814,941,125,44,75
"1621",814,940,125,44,75
"1622",259,488,69,30,45
"1623",812,941,125,44,75
"1624",814,941,125,44,75
"1625",257,473,53,29,46
"1626",814,941,125,44,75
"1627",313,551,72,31,52
"1628",814,941,125,44,75
"1629",814,940,125,44,75
"1630",265,464,63,26,44
"1631",814,941,125,44,75
"1632",313,499,62,30,53
"1633",285,506,64,28,51
"1634",814,941,125,44,75
"1635",277,492,62,25,51
"1636",814,941,125,44,75
"1637",814,941,125,44,75
"1638",292,478,62,28,48
"1639",253,451,56,25,42
"1640",813,940,125,44,75
"1641",814,941,125,44,75
"1642",288,513,59,26,52
"1643",814,941,125,44,75
"1644",243,408,55,22,43
"1645",814,940,125,44,75
"1646",249,452,70,24,47
"1647",811,939,125,44,75
"1648",814,941,125,44,75
"1649",814,941,125,44,75
"1650",814,941,125,44,75
"1651",814,940,125,44,75
"1652",330,568,66,29,48
"1653",811,940,125,44,75
"1654",810,939,125,44,75
"1655",232,449,54,29,47
"1656",814,940,125,44,75
"1657",813,933,125,44,75
"1658",808,937,125,44,75
"1659",288,519,58,26,49
"1660",814,941,125,44,75
"1661",814,941,125,44,75
"1662",814,941,125,44,75
"1663",814,941,125,44,75
"1664",814,941,125,44,75
"1665",814,941,125,44,75
"1666",813,940,124,44,75
"1667",240,466,72,31,49
"1668",222,439,60,32,40
"1669",812,941,125,44,75
"1670",814,941,125,44,75
"1671",261,496,60,27,48
"1672",814,941,124,44,75
"1673",813,941,125,44,75
"1674",283,491,67,30,54
"1675",309,504,70,26,42
"1676",814,941,125,44,75
"1677",233,432,68,28,55
"1678",814,941,125,44,75
"1679",234,434,57,21,43
"1680",294,511,61,19,52
"1681",814,941,125,44,75
"1682",814,941,125,44,75
"1683",814,941,125,44,75
"1684",814,941,125,44,75
"1685",812,939,125,44,75
"1686",814,941,125,44,75
"1687",225,456,64,22,39
"1688",814,941,125,44,75
"1689",814,941,125,44,75
"1690",813,941,125,44,75
"1691",813,941,125,44,75
"1692",259,498,69,29,44
"1693",259,467,67,28,51
"1694",814,941,125,44,75
"1695",237,479,59,29,49
"1696",220,413,55,27,40
"1697",814,941,125,44,75
"1698",804,936,125,44,75
"1699",811,940,125,44,74
"1700",814,941,125,44,75
"1701",226,457,62,20,46
"1702",814,941,125,44,75
"1703",808,932,125,44,75
"1704",254,452,58,31,39
"1705",814,941,125,44,75
"1706",814,941,125,44,75
"1707",814,941,125,44,75
"1708",814,941,125,44,75
"1709",302,563,62,29,51
"1710",244,440,59,25,49
"1711",813,941,125,44,75
"1712",814,941,125,44,75
"1713",356,555,81,27,57
"1714",813,941,125,44,75
"1715",814,941,125,44,75
"1716",814,941,125,44,75
"1717",814,941,125,44,75
"1718",806,939,124,44,75
"1719",285,480,74,26,56
"1720",814,941,125,44,75
"1721",813,941,125,44,75
"1722",814,941,125,44,75
"1723",256,476,59,29,46
"1724",814,941,125,44,75
"1725",262,484,59,32,52
"1726",812,939,125,44,75
"1727",228,475,55,26,42
"1728",813,937,125,44,75
"1729",814,940,125,44,75
"1730",812,936,123,44,74
"1731",814,941,125,44,75
"1732",814,941,125,44,75
"1733",235,450,59,29,38
"1734",814,941,125,44,75
"1735",264,436,56,31,44
"1736",267,477,59,27,46
"1737",251,456,61,31,53
"1738",305,520,58,31,51
"1739",229,474,66,22,45
"1740",814,941,125,44,75
"1741",290,493,59,31,52
"1742",814,941,125,44,75
"1743",270,485,65,25,50
"1744",814,941,125,44,75
"1745",814,941,125,44,75
"1746",813,941,125,43,75
"1747",221,433,57,26,50
"1748",809,938,125,44,75
"1749",814,941,125,44,75
"1750",246,481,65,33,47
"1751",245,453,51,27,49
"1752",250,441,62,24,46
"1753",814,941,125,44,75
"1754",288,513,76,27,52
"1755",205,430,59,23,48
"1756",256,475,63,26,43
"1757",813,941,124,44,75
"1758",814,941,125,44,75
"1759",296,488,73,31,52
"1760",248,465,49,27,49
"1761",813,941,125,44,75
"1762",814,941,125,44,75
"1763",812,939,125,44,75
"1764",220,475,68,28,48
"1765",814,941,125,44,75
"1766",814,941,125,44,75
"1767",813,941,125,44,75
"1768",256,464,46,24,55
"1769",814,941,125,44,75
"1770",814,941,125,44,75
"1771",250,459,66,28,46
"1772",226,434,59,27,52
"1773",814,941,125,44,75
"1774",228,454,60,23,39
"1775",266,470,60,27,48
"1776",804,937,125,43,75
"1777",813,941,125,44,75
"1778",814,941,125,44,75
"1779",813,941,125,44,75
"1780",814,941,125,44,75
"1781",814,940,125,44,75
"1782",814,941,125,44,75
"1783",262,452,58,28,45
"1784",237,427,61,25,47
"1785",269,518,70,30,49
"1786",303,532,70,27,48
"1787",246,440,59,25,43
"1788",250,479,57,23,43
"1789",814,941,125,44,75
"1790",275,484,54,33,52
"1791",253,437,59,24,47
"1792",250,472,71,35,44
"1793",814,941,125,44,75
"1794",814,941,125,44,75
"1795",312,484,65,25,47
"1796",814,941,125,44,75
"1797",225,434,60,24,45
"1798",813,941,125,44,75
"1799",814,941,125,44,75
"1800",808,936,123,44,75
"1801",291,558,67,22,54
"1802",808,936,123,44,75
"1803",814,940,125,44,75
"1804",809,936,124,44,75
"1805",814,941,125,44,75
"1806",251,477,63,29,41
"1807",814,941,125,44,75
"1808",255,516,68,34,49
"1809",813,934,124,43,75
"1810",814,940,125,44,75
"1811",211,434,58,22,52
"1812",259,498,66,32,46
"1813",814,941,125,44,75
"1814",814,941,125,44,75
"1815",814,941,125,44,75
"1816",246,462,70,26,46
"1817",253,469,68,22,45
"1818",283,495,60,23,50
"1819",813,938,125,44,75
"1820",813,939,125,44,75
"1821",814,941,125,44,75
"1822",812,941,125,44,75
"1823",220,415,70,29,37
"1824",814,941,125,44,75
"1825",231,441,60,28,44
"1826",814,941,125,44,75
"1827",814,941,125,44,75
"1828",812,940,125,44,75
"1829",813,940,125,43,75
"1830",241,437,50,28,47
"1831",235,444,68,29,45
"1832",814,941,125,44,75
"1833",235,462,58,33,49
"1834",272,459,58,22,49
"1835",252,451,56,33,49
"1836",780,909,120,43,74
"1837",238,479,66,29,55
"1838",814,941,125,44,75
"1839",814,941,125,44,75
"1840",306,466,73,27,55
"1841",814,941,125,44,75
"1842",814,941,125,44,75
"1843",814,941,125,44,75
"1844",814,939,124,44,75
"1845",814,941,125,44,75
"1846",288,518,65,30,49
"1847",809,935,123,44,74
"1848",814,941,125,44,75
"1849",306,520,66,27,52
"1850",812,939,124,44,75
"1851",812,940,125,44,75
"1852",273,481,63,29,46
"1853",814,940,125,44,75
"1854",814,941,125,44,75
"1855",213,416,49,26,40
"1856",282,511,66,24,51
"1857",814,941,125,44,75
"1858",814,941,125,44,75
"1859",814,941,125,44,75
"1860",234,437,57,26,42
"1861",221,456,65,29,51
"1862",814,941,125,44,75
"1863",814,941,125,44,75
"1864",814,941,125,44,75
"1865",814,939,125,44,75
"1866",188,376,45,24,44
"1867",814,941,125,44,75
"1868",814,941,125,44,75
"1869",235,434,56,25,46
"1870",209,421,54,31,39
"1871",814,940,125,44,75
"1872",239,456,56,24,51
"1873",274,471,52,30,42
"1874",813,941,125,44,75
"1875",814,941,125,44,75
"1876",307,487,65,25,56
"1877",814,941,125,44,75
"1878",265,435,60,27,52
"1879",260,481,62,32,45
"1880",810,940,125,44,75
"1881",814,941,125,44,75
"1882",814,941,125,44,75
"1883",219,462,67,23,54
"1884",264,462,53,24,38
"1885",809,937,125,44,75
"1886",814,940,125,44,75
"1887",814,941,125,44,75
"1888",814,941,125,44,75
"1889",247,442,52,26,38
"1890",814,941,125,44,75
"1891",255,484,58,31,48
"1892",814,941,125,44,75
"1893",813,941,125,44,75
"1894",814,941,125,44,75
"1895",206,411,56,25,45
"1896",248,454,65,29,45
"1897",254,481,74,28,44
"1898",814,941,125,44,75
"1899",306,503,57,28,53
"1900",279,465,74,28,39
"1901",298,490,53,28,53
"1902",812,938,125,44,75
"1903",260,471,61,27,45
"1904",251,477,64,23,56
"1905",814,941,125,43,75
"1906",222,443,64,30,40
"1907",814,941,125,44,75
"1908",277,501,65,31,44
"1909",814,941,125,44,75
"1910",814,941,125,44,75
"1911",226,445,57,28,53
"1912",302,558,68,23,46
"1913",242,487,67,24,44
"1914",814,941,125,44,75
"1915",814,941,125,44,75
"1916",814,941,125,44,75
"1917",810,937,125,44,75
"1918",812,941,125,44,75
"1919",812,940,124,44,75
"1920",236,464,61,21,44
"1921",269,436,63,38,48
"1922",814,940,125,44,75
"1923",814,941,125,44,75
"1924",252,437,50,22,48
"1925",247,483,69,21,53
"1926",269,518,77,26,49
"1927",257,468,58,31,51
"1928",814,941,125,44,75
"1929",814,940,125,44,75
"1930",313,549,72,29,60
"1931",282,493,66,29,41
"1932",808,940,124,44,75
"1933",240,455,61,31,51
"1934",813,941,125,44,75
"1935",228,419,66,23,50
"1936",814,941,125,44,75
"1937",812,941,125,44,75
"1938",814,941,125,44,75
"1939",814,941,125,44,75
"1940",258,441,59,27,42
"1941",235,449,61,21,48
"1942",814,941,125,44,75
"1943",812,941,125,44,75
"1944",814,941,125,44,75
"1945",295,495,76,27,51
"1946",813,941,125,44,75
"1947",270,474,64,26,41
"1948",812,941,125,44,75
"1949",814,941,125,44,75
"1950",814,941,125,44,75
"1951",286,499,64,33,52
"1952",252,449,62,23,51
"1953",814,941,125,44,75
"1954",813,940,125,44,75
"1955",236,481,56,29,44
"1956",813,941,125,44,75
"1957",814,938,124,44,75
"1958",269,491,66,23,51
"1959",814,941,125,44,75
"1960",205,423,61,30,47
"1961",814,941,125,44,75
"1962",803,930,123,44,74
"1963",276,490,64,23,51
"1964",814,941,125,44,75
"1965",814,941,125,44,75
"1966",272,493,58,29,56
"1967",269,489,63,28,54
"1968",270,433,62,29,49
"1969",284,517,73,35,44
"1970",244,484,62,28,47
"1971",285,532,73,29,44
"1972",244,444,60,29,45
"1973",261,485,57,28,49
"1974",814,941,125,44,75
"1975",271,492,65,35,50
"1976",813,941,125,44,75
"1977",253,462,58,28,48
"1978",814,941,125,44,75
"1979",814,941,125,44,75
"1980",814,941,125,44,75
"1981",284,489,65,33,48
"1982",207,426,56,18,38
"1983",813,941,125,44,75
"1984",812,941,125,44,75
"1985",814,941,125,44,75
"1986",259,492,63,30,52
"1987",244,458,52,24,45
"1988",812,940,125,44,75
"1989",296,507,58,31,48
"1990",814,941,125,44,75
"1991",814,941,125,44,75
"1992",240,433,66,26,37
"1993",814,940,125,44,75
"1994",814,941,125,44,75
"1995",813,941,125,44,75
"1996",814,941,125,44,75
"1997",247,414,62,28,49
"1998",814,941,125,44,75
"1999",814,941,125,44,75
"2000",814,940,125,44,75
"2001",218,455,68,29,50
"2002",265,479,56,29,47
"2003",814,940,125,44,75
"2004",814,941,125,44,75
"2005",807,936,125,44,75
"2006",814,941,125,44,75
"2007",258,473,63,31,53
"2008",246,486,62,23,45
"2009",291,484,68,31,44
"2010",237,427,64,24,41
"2011",814,941,125,44,75
"2012",814,941,125,44,75
"2013",814,941,125,44,75
"2014",813,940,125,44,75
"2015",814,941,125,44,75
"2016",243,448,60,25,39
"2017",812,940,125,44,75
"2018",247,451,62,29,42
"2019",268,492,66,24,44
"2020",291,496,71,26,40
"2021",251,490,50,26,49
"2022",814,941,125,44,75
"2023",812,939,125,44,75
"2024",217,422,59,22,49
"2025",212,445,60,26,46
"2026",231,440,58,26,39
"2027",814,941,125,44,75
"2028",244,452,65,28,39
"2029",310,494,67,30,54
"2030",814,941,125,44,75
"2031",264,480,69,28,46
"2032",292,509,67,26,55
"2033",262,455,60,27,49
"2034",228,441,57,30,40
"2035",226,418,57,24,41
"2036",236,481,70,26,39
"2037",250,467,63,32,52
"2038",257,495,63,26,49
"2039",812,939,125,44,75
"2040",814,941,125,44,75
"2041",813,941,125,44,75
"2042",233,428,55,23,39
"2043",281,534,71,27,49
"2044",261,490,61,27,50
"2045",813,941,125,44,75
"2046",814,941,125,44,75
"2047",814,941,125,44,75
"2048",814,941,125,44,75
"2049",217,437,56,29,46
"2050",814,941,125,44,75
"2051",814,940,124,44,75
"2052",814,941,125,44,75
"2053",277,479,74,27,55
"2054",226,443,56,28,44
"2055",235,456,56,28,46
"2056",270,498,56,24,51
"2057",274,451,48,27,46
"2058",812,940,125,44,75
"2059",252,474,70,23,43
"2060",249,508,63,32,51
"2061",274,473,61,29,50
"2062",255,475,65,22,48
"2063",812,941,125,44,75
"2064",808,936,124,44,75
"2065",809,940,124,43,75
"2066",813,941,125,44,75
"2067",814,941,125,44,75
"2068",207,429,49,28,43
"2069",814,941,125,44,75
"2070",813,940,125,44,75
"2071",222,451,59,25,37
"2072",303,513,74,34,56
"2073",814,941,125,44,75
"2074",276,489,68,28,44
"2075",813,940,125,44,74
"2076",283,538,81,31,52
"2077",811,940,125,44,75
"2078",248,447,64,24,45
"2079",814,941,125,44,75
"2080",237,430,59,26,52
"2081",814,941,125,44,75
"2082",206,413,48,27,45
"2083",814,941,125,43,75
"2084",814,941,125,44,75
"2085",232,447,56,31,49
"2086",814,940,125,44,75
"2087",246,427,56,33,48
"2088",814,941,125,44,75
"2089",227,441,64,32,46
"2090",814,941,125,44,75
"2091",307,528,76,33,49
"2092",814,941,125,44,75
"2093",252,452,46,26,44
"2094",251,464,53,36,47
"2095",814,941,125,44,75
"2096",247,476,52,25,46
"2097",245,448,55,29,50
"2098",813,941,125,44,75
"2099",810,940,125,44,75
"2100",274,474,60,32,51
"2101",813,940,125,44,75
"2102",813,939,125,44,75
"2103",814,941,125,44,75
"2104",813,940,125,44,75
"2105",252,477,61,29,51
"2106",804,934,124,44,75
"2107",812,935,124,44,75
"2108",812,937,125,44,75
"2109",236,469,52,28,46
"2110",814,941,125,44,75
"2111",814,941,125,44,75
"2112",272,472,65,29,43
"2113",812,941,125,44,75
"2114",814,941,125,44,75
"2115",813,941,125,44,75
"2116",814,941,125,44,75
"2117",813,941,125,44,75
"2118",213,421,56,24,40
"2119",813,941,125,44,75
"2120",814,941,125,44,75
"2121",276,492,62,27,44
"2122",810,941,125,44,75
"2123",814,940,125,44,75
"2124",248,457,70,26,48
"2125",813,941,125,44,75
"2126",812,940,125,44,75
"2127",814,941,125,44,75
"2128",814,941,125,44,75
"2129",221,456,53,27,46
"2130",814,941,125,44,75
"2131",814,941,125,44,75
"2132",814,940,125,44,75
"2133",813,941,125,44,75
"2134",814,941,125,44,75
"2135",814,941,125,44,75
"2136",813,938,125,44,75
"2137",812,939,125,44,75
"2138",814,941,125,44,75
"2139",288,500,62,23,46
"2140",814,941,125,44,75
"2141",814,941,125,44,75
"2142",244,460,60,26,49
"2143",317,554,70,34,53
"2144",811,941,125,44,75
"2145",313,490,57,35,50
"2146",263,477,57,29,46
"2147",814,941,125,44,75
"2148",814,941,125,44,75
"2149",212,433,62,27,41
"2150",230,446,61,22,52
"2151",274,487,64,25,51
"2152",813,940,125,44,75
"2153",814,941,125,44,75
"2154",812,941,125,44,75
"2155",809,939,125,44,75
"2156",814,941,125,44,75
"2157",240,460,70,23,48
"2158",812,940,125,44,75
"2159",260,474,61,26,52
"2160",257,501,73,29,42
"2161",253,491,63,26,41
"2162",814,941,125,44,75
"2163",814,941,125,44,75
"2164",814,941,125,44,75
"2165",229,440,59,26,41
"2166",256,471,67,33,44
"2167",227,448,55,27,46
"2168",230,426,54,28,42
"2169",814,941,125,44,75
"2170",206,431,64,27,51
"2171",808,938,124,44,75
"2172",274,504,71,30,45
"2173",814,941,125,44,75
"2174",814,941,125,44,75
"2175",814,940,125,44,75
"2176",814,941,125,44,75
"2177",814,941,125,44,75
"2178",814,941,125,44,75
"2179",214,419,62,23,48
"2180",227,449,65,26,54
"2181",278,521,69,26,46
"2182",809,937,125,44,75
"2183",223,400,56,26,43
"2184",814,941,125,43,75
"2185",813,940,125,44,75
"2186",813,941,125,44,75
"2187",289,472,61,29,48
"2188",814,941,124,44,75
"2189",814,940,125,44,75
"2190",814,940,125,44,75
"2191",814,941,125,44,75
"2192",194,421,43,24,45
"2193",813,941,125,44,75
"2194",223,454,55,25,45
"2195",238,441,58,29,48
"2196",814,941,125,44,75
"2197",262,516,61,26,43
"2198",213,430,59,25,37
"2199",305,508,58,30,48
"2200",195,423,59,27,45
"2201",316,476,59,27,44
"2202",814,941,125,44,75
"2203",210,404,60,30,45
"2204",244,430,52,25,47
"2205",811,940,125,44,74
"2206",814,941,125,44,75
"2207",809,939,125,44,75
"2208",814,941,125,44,75
"2209",279,500,64,31,49
"2210",228,491,65,27,47
"2211",814,941,125,44,75
"2212",308,525,63,33,56
"2213",814,941,125,44,75
"2214",814,941,125,44,75
"2215",812,941,125,44,75
"2216",814,940,125,44,75
"2217",814,941,125,44,75
"2218",236,469,65,29,44
"2219",283,488,60,27,49
"2220",222,462,55,27,45
"2221",814,941,125,44,75
"2222",301,495,60,30,47
"2223",232,447,61,24,46
"2224",281,508,60,26,42
"2225",267,480,62,30,47
"2226",814,941,125,44,75
"2227",281,478,67,24,45
"2228",814,941,125,44,75
"2229",271,489,74,30,52
"2230",282,489,67,28,45
"2231",258,471,61,29,47
"2232",226,448,60,22,42
"2233",814,941,125,44,75
"2234",814,941,125,44,75
"2235",228,396,63,26,41
"2236",300,519,68,36,50
"2237",227,460,58,24,47
"2238",263,481,70,30,40
"2239",813,941,125,44,75
"2240",312,530,78,31,52
"2241",813,941,125,44,75
"2242",814,941,125,44,75
"2243",259,469,67,26,57
"2244",813,941,125,44,75
"2245",276,475,64,31,50
"2246",814,941,125,44,75
"2247",276,489,76,25,43
"2248",814,941,125,44,75
"2249",278,494,66,27,48
"2250",809,935,124,44,75
"2251",814,940,125,44,75
"2252",814,941,125,44,75
"2253",814,941,125,44,75
"2254",814,941,125,44,75
"2255",814,941,125,44,75
"2256",239,454,53,31,50
"2257",814,941,125,44,75
"2258",808,935,124,44,75
"2259",814,941,125,44,75
"2260",814,941,125,44,75
"2261",814,941,125,44,75
"2262",306,523,70,28,55
"2263",814,941,125,44,75
"2264",304,496,78,25,51
"2265",814,941,125,44,75
"2266",814,941,125,44,75
"2267",814,941,125,44,75
"2268",812,939,125,44,74
"2269",814,941,125,44,75
"2270",814,941,125,44,75
"2271",292,500,58,27,45
"2272",278,465,66,30,41
"2273",278,466,70,25,52
"2274",814,941,125,44,75
"2275",814,941,125,44,75
"2276",215,425,56,23,37
"2277",814,941,125,44,75
"2278",224,413,67,23,42
"2279",814,941,125,44,75
"2280",250,474,57,30,41
"2281",814,940,125,44,75
"2282",813,940,125,44,74
"2283",813,940,124,44,75
"2284",811,941,125,44,75
"2285",814,940,125,44,75
"2286",814,941,125,44,75
"2287",258,461,70,28,45
"2288",814,941,125,44,75
"2289",289,516,63,25,46
"2290",285,481,69,24,46
"2291",813,941,125,44,75
"2292",814,941,125,44,75
"2293",808,932,122,43,74
"2294",187,432,50,31,44
"2295",277,476,68,28,43
"2296",264,475,56,26,49
"2297",814,941,125,44,75
"2298",303,521,79,25,53
"2299",814,941,125,44,75
"2300",814,941,125,44,75
"2301",814,941,125,44,75
"2302",187,423,58,21,40
"2303",268,500,66,37,43
"2304",219,439,58,27,47
"2305",814,941,125,44,75
"2306",813,940,125,44,75
"2307",234,433,64,27,45
"2308",267,487,60,29,52
"2309",805,932,125,44,75
"2310",814,941,125,44,75
"2311",259,460,67,29,45
"2312",246,449,52,25,48
"2313",812,941,125,44,75
"2314",813,941,125,44,75
"2315",814,941,125,44,75
"2316",813,940,125,44,75
"2317",814,941,125,44,75
"2318",322,538,68,29,55
"2319",814,941,125,44,75
"2320",813,940,124,44,75
"2321",290,521,62,27,48
"2322",812,940,124,44,75
"2323",362,573,72,28,58
"2324",814,940,125,44,75
"2325",229,472,65,24,52
"2326",813,941,125,44,75
"2327",257,443,44,27,49
"2328",814,941,125,44,75
"2329",814,941,125,44,75
"2330",814,941,125,44,75
"2331",249,484,72,32,54
"2332",814,941,125,44,75
"2333",307,508,60,32,47
"2334",284,465,57,27,49
"2335",810,938,125,44,75
"2336",814,941,125,44,75
"2337",814,941,125,44,75
"2338",808,935,125,44,75
"2339",225,467,72,27,40
"2340",302,545,58,31,54
"2341",814,941,125,44,75
"2342",298,535,76,27,50
"2343",814,941,125,44,75
"2344",279,482,60,25,52
"2345",814,941,125,44,75
"2346",814,941,125,44,75
"2347",814,941,125,44,75
"2348",259,471,62,29,49
"2349",234,468,53,24,46
"2350",814,941,125,44,75
"2351",212,433,50,27,49
"2352",814,941,125,44,75
"2353",814,941,125,44,75
"2354",811,940,125,44,75
"2355",814,941,125,44,75
"2356",814,940,125,44,75
"2357",814,941,125,44,75
"2358",813,941,124,44,75
"2359",814,941,125,44,75
"2360",814,941,125,44,75
"2361",806,938,124,44,75
"2362",814,941,125,44,75
"2363",248,499,61,25,47
"2364",308,519,70,26,48
"2365",256,478,60,26,54
"2366",244,456,63,21,45
"2367",311,525,68,27,45
"2368",814,941,125,44,75
"2369",813,941,125,44,75
"2370",813,940,125,44,75
"2371",221,453,60,35,48
"2372",814,941,124,44,75
"2373",813,941,125,44,75
"2374",214,420,61,26,47
"2375",814,941,125,44,75
"2376",243,457,58,31,42
"2377",809,937,125,44,75
"2378",814,941,125,44,75
"2379",203,417,56,21,48
"2380",191,416,51,27,39
"2381",813,941,125,44,75
"2382",813,940,125,44,75
"2383",814,941,125,44,75
"2384",292,508,70,31,48
"2385",212,415,62,29,46
"2386",243,439,63,29,51
"2387",812,941,125,44,75
"2388",365,571,78,29,51
"2389",814,941,125,44,75
"2390",278,484,65,28,48
"2391",233,474,69,32,50
"2392",814,941,125,44,75
"2393",217,448,56,28,53
"2394",287,490,71,29,53
"2395",259,488,58,27,47
"2396",814,941,125,44,75
"2397",813,941,124,44,75
"2398",280,458,59,29,47
"2399",256,437,54,33,46
"2400",268,483,68,29,48
"2401",811,941,125,44,75
"2402",813,939,125,44,75
"2403",814,941,125,44,75
"2404",814,941,125,44,75
"2405",276,460,75,29,44
"2406",811,941,125,44,75
"2407",213,457,60,28,45
"2408",306,539,75,31,52
"2409",805,937,125,44,75
"2410",814,941,125,44,75
"2411",812,941,125,44,75
"2412",274,502,66,25,52
"2413",814,941,125,44,75
"2414",814,941,125,44,75
"2415",283,478,74,23,50
"2416",814,941,125,44,75
"2417",239,485,71,32,52
"2418",293,505,70,31,49
"2419",814,941,125,44,74
"2420",229,452,58,23,46
"2421",814,940,125,44,75
"2422",811,941,125,44,75
"2423",814,941,125,43,75
"2424",272,448,63,26,49
"2425",813,941,125,44,75
"2426",814,941,125,44,75
"2427",813,940,125,44,75
"2428",223,406,60,23,42
"2429",813,941,125,44,75
"2430",811,941,125,44,75
"2431",268,476,62,33,47
"2432",813,941,125,44,75
"2433",229,438,52,24,44
"2434",813,941,125,44,75
"2435",281,455,59,33,52
"2436",812,939,125,44,75
"2437",256,482,59,30,53
"2438",814,941,125,44,75
"2439",242,459,57,18,42
"2440",814,941,125,44,75
"2441",814,941,125,44,75
"2442",814,941,125,44,75
"2443",814,939,125,44,75
"2444",814,941,125,44,75
"2445",266,469,57,33,43
"2446",814,941,125,44,75
"2447",812,941,125,44,75
"2448",258,477,67,33,44
"2449",227,445,61,26,48
"2450",305,519,63,26,55
"2451",220,461,54,29,41
"2452",811,939,125,44,75
"2453",814,941,123,44,75
"2454",814,940,125,44,75
"2455",814,941,125,44,75
"2456",812,940,125,44,75
"2457",274,467,67,23,41
"2458",814,941,125,44,75
"2459",235,477,71,33,49
"2460",254,483,66,31,46
"2461",238,450,65,26,48
"2462",270,443,65,24,51
"2463",814,941,125,44,75
"2464",810,941,125,44,75
"2465",813,941,125,44,75
"2466",812,941,125,44,75
"2467",304,547,70,35,41
"2468",814,940,125,44,75
"2469",244,465,69,29,46
"2470",281,501,67,23,47
"2471",814,941,125,44,75
"2472",814,941,125,44,75
"2473",245,505,61,29,51
"2474",814,941,125,44,75
"2475",814,941,125,44,75
"2476",323,519,65,28,50
"2477",811,940,125,44,75
"2478",259,478,65,23,50
"2479",812,940,124,44,75
"2480",238,438,61,28,52
"2481",814,941,125,44,75
"2482",809,937,125,43,75
"2483",814,941,125,44,75
"2484",814,940,125,44,75
"2485",814,941,125,44,75
"2486",814,941,125,44,75
"2487",249,508,58,29,44
"2488",261,496,62,24,54
"2489",810,940,125,44,75
"2490",813,941,125,44,75
"2491",814,941,125,44,75
"2492",299,552,65,32,52
"2493",814,941,125,44,75
"2494",814,941,125,44,75
"2495",241,456,56,27,46
"2496",814,941,125,44,75
"2497",814,941,125,44,75
"2498",814,941,125,44,75
"2499",273,485,61,30,48
"2500",814,941,125,44,75
