"","age1.A","age2_no_comorbid.A","age2_comorbid.A","age3_no_comorbid.A","age3_comorbid.A"
"1",46.7596867834032,51.701616614859,52.9107580188851,35.8862848243038,50.0901074116831
"2",57.9072147912441,61.2748663596005,51.6439090633602,65.3466020829474,52.5688222510907
"3",0,0,0,0,0
"4",61.5333865051974,68.4170364300009,64.4145808471032,66.6450296554073,62.7389733684153
"5",0,0,0,0,0
"6",42.5756511872106,42.5756511872106,36.3146240670615,47.3861254263521,41.3464860202462
"7",62.2003865920949,62.4429991629571,70.6705904479133,66.5452258825248,59.433617430164
"8",0,0,0,0,0
"9",54.426891006417,61.3626902871843,52.8749823107699,65.8085615305195,63.8238641555257
"10",0,0,0,0,0
"11",0,0,0,0,0
"12",74.4773093487911,69.6392752655976,75.6317648677515,67.8851065703911,58.558793061893
"13",0,0,0,0,0
"14",49.4740186912055,49.8910813285903,42.1764704920647,57.771506084675,45.1242766772839
"15",55.7099041156127,62.4252555147265,48.8880821171551,71.567518343992,64.704568883494
"16",0,0,0,0,0
"17",0,0,0,0,0
"18",59.4071240282268,57.4792185981189,66.0490479088383,66.8312744373,65.3180066903391
"19",59.3792755760415,57.7881860356329,59.2555010378354,64.6267768579421,62.7396084141816
"20",47.7511452736283,46.2443619123109,49.1579324587691,47.6712604743452,52.7383366723943
"21",0,0,0,0,0
"22",0,0,0,0,0
"23",65.7855153860488,64.4005255302002,59.8855410031018,63.129642191022,64.5487295470745
"24",0,0,0,0,0
"25",55.4411469554667,58.872628226922,57.7386671507506,58.8929620226567,50.5578258100166
"26",53.6095829673032,57.3548291206884,67.3585560909675,40.9384541337101,46.0845714381556
"27",49.7798747475917,57.9891514984221,52.6538269463217,56.1145341347302,45.9190219804206
"28",54.1418955101747,50.929522689437,56.8969047900797,45.9472204240929,68.3662627381847
"29",55.262764322817,64.5811331556613,72.447649271031,55.3579137439407,63.1344719397947
"30",0,0,0,0,0
"31",0,0,0,0,0
"32",56.0834466959498,54.0766399098816,57.659732400859,50.194471469024,58.5382805030413
"33",41.8059820142951,53.7873279639656,48.0797270204083,31.2566554828107,30.522454864836
"34",0,0,0,0,0
"35",64.4778868703387,62.3691539087207,67.8404929595856,62.7170733215197,68.2240037205823
"36",45.967714870811,52.0090253793334,47.8965313874285,48.5201452749225,29.0176500402481
"37",52.9543867420726,57.0785164365775,50.2531818879602,49.2955271034429,44.5096905101442
"38",47.1143951925229,51.2455813925785,47.1364247913017,65.3596380764031,54.3401614555551
"39",47.5800879661382,50.3818641799279,59.0999120589981,66.4185724859038,47.9588874761826
"40",44.1557951109004,49.0080324962409,49.2307043073112,62.041664784722,54.4504269063301
"41",55.5340532659263,57.629158343187,51.9795316759148,61.552001856682,52.3448028583997
"42",0,0,0,0,0
"43",50.6784428772372,61.244086763023,54.7450662573894,59.8128281897091,44.24855353622
"44",0,0.120871177162532,0,0,0
"45",48.4287918270708,55.4380364766878,49.4690162533127,60.9672437294527,44.9139680888548
"46",0,0,0,0,0
"47",59.7429398818643,65.4664895332743,60.8464201604561,57.5713376048859,51.8319214231927
"48",0,2.27015415895049,0,0,0
"49",55.4710931143351,48.9529682292281,50.0978687386157,49.7883013042723,49.1468399115079
"50",52.2876829451622,57.5320246741138,45.1076978983337,56.6083312424511,33.1880269661071
"51",0,6.70734307314473,0,0,0
"52",57.6807555878207,62.4320834703284,48.3944300632886,65.0683349615211,59.9088845813495
"53",74.1790972309003,75.6081941967617,61.7685623604047,71.1040792778163,62.8614034327919
"54",45.7126954384979,47.539005137632,46.0117912921186,40.7791678672856,39.4307624173869
"55",0,0,0,0,0
"56",48.6222320242878,52.3464983540026,56.5417496523241,48.2223060836278,48.6409771094144
"57",47.4901702162539,48.4766508250256,56.9740770251363,49.6381473081284,52.1655117674317
"58",55.6412343093938,56.1114060926422,47.7761849712425,60.8027837510232,54.5074181082854
"59",50.498744720269,51.1862427761114,56.8393336772748,39.9066404284907,57.3383860396611
"60",48.2607353755978,54.4321661123689,55.9862408168655,62.236818195238,47.3603236485743
"61",0,0,0,0,0
"62",65.3732797242939,58.4513804673183,57.4864777238333,65.228014886022,55.5912730414645
"63",51.628476508691,61.2415329029327,52.8165091934842,76.3607556084228,51.0701575671333
"64",47.8589870836799,47.9782854820008,40.5923523145646,60.372420264412,52.2597134302481
"65",0,0,0,0,0
"66",52.6456356903842,57.7324561567008,53.5536335097878,40.4892882237516,62.4745532222199
"67",0,0,0,0,0
"68",52.215028553969,46.4142592926087,45.1570780897179,57.1875786085678,44.7877003150829
"69",61.1537651063569,59.366826026736,53.8821812962613,58.0305997636487,56.2954900297881
"70",62.7489068298227,67.4548999849462,77.9600441260727,77.471847447812,51.9911425740783
"71",61.9625478744059,63.3238069231654,46.0264833256703,87.0288518180135,74.2076483063488
"72",0,2.0323447199271,0,0,0
"73",50.4961062108024,52.0180523929621,58.2960226025512,62.0870159431914,63.6788004437686
"74",66.6921859100411,67.5428754836782,69.572775974353,71.5511865647461,68.3872140947347
"75",50.2703555614248,49.6006716208106,41.1267447025035,26.7709790495814,28.96461165012
"76",0,0,0,0,0
"77",55.2378315728204,54.2496067568895,64.3126649838326,49.8541706397643,52.97141558923
"78",65.981580759737,69.9324859061006,68.4383252520507,0,84.3751775457196
"79",53.4850222035926,54.0122653619446,50.7525690709204,39.5759173303505,43.3322418600522
"80",0,0,0,0,0
"81",46.7370279422747,52.4452491076841,46.1247736578731,44.8917358758774,54.6101003074365
"82",63.3361798575893,66.55261417409,76.6142057366713,51.4437035200652,69.1881063813503
"83",56.0660171688463,53.8429920122017,52.4760908288886,49.6915708582042,57.0467153043384
"84",55.6332340328995,53.2933620112257,59.5604077373485,50.9938368634804,37.0769963391528
"85",0,0,0,0,0
"86",47.6906568410856,47.9892478513195,56.1168285968514,51.4269516435592,54.7403067384978
"87",0,0,0,0,0
"88",52.0430731051835,58.392650675511,59.8987035126483,38.9500858942574,58.3897364738333
"89",0,12.6787064769416,0,0,0
"90",57.1575976685302,51.8317874782456,42.473035549386,47.8747472592069,52.7562023914
"91",0,0,0,0,0
"92",47.0687246206394,53.9334262765332,45.96322654341,46.8599356872736,44.8315240517427
"93",0,1.87559492257967,0,0,0
"94",51.2865904328142,59.5990789946818,47.7746763853291,50.6059810658285,51.804365636832
"95",46.3150615122338,53.1923979159232,50.5550650778641,47.804123634941,45.3559187501336
"96",50.2211200876196,58.5286721017764,49.3238360361898,49.7929026621273,50.2963509724614
"97",44.3995305523438,50.4596700117362,60.5688846856449,53.759772344612,52.6312951912226
"98",47.9907836982862,52.4463193425704,37.9682324291261,61.795029518544,45.6838435431821
"99",0,0,0,0,0
"100",76.2454284999586,71.0486611889782,79.3400940656262,67.0713476975904,82.0351233355395
"101",52.3686988821966,57.8951738478302,50.9902352042742,51.4142405091886,56.0222832778575
"102",56.6882836023983,67.3091520431724,63.2508528074208,51.9795205317231,74.2850006928737
"103",47.6663053138802,53.2994166281095,49.3929229884366,77.0397338622731,51.7393405594377
"104",0,2.97628621224686,0,0,0
"105",53.2212357141402,55.5068915558488,45.6575576676642,67.2611223633798,64.5235533965111
"106",0,0,0,0,0
"107",52.6303626733423,53.8034097690543,54.7557675206533,41.0932397071006,42.2916903613249
"108",51.3988025053407,57.7544325114149,70.603323642103,50.7306955230019,60.5050361336318
"109",66.4312703646607,65.7189745361832,71.6879977900702,69.1627256862386,69.6977872980021
"110",0,0,0,0,0
"111",48.8156055583345,40.6673696950814,38.7985472868682,45.8214290933888,39.9394552556121
"112",60.1193983101765,55.9676424589086,54.2537140858733,51.3025285800469,62.1417490563759
"113",41.8686452107638,51.1396571057792,54.0490361179006,44.7579149610538,65.0871862830014
"114",54.4841264047881,49.817666756484,44.0592181190744,52.9485421215152,54.2880245431604
"115",51.8402359943448,61.5499641413765,54.3653674517687,59.0328682289494,62.8683498967846
"116",43.7807563533628,51.5588792387196,46.7562389040899,56.5206676230984,48.7336162895519
"117",53.9013412282811,55.8307486181017,57.2396322438579,60.2207206716982,55.3250455260214
"118",72.1699002763374,84.2235121850433,73.445148949875,81.4019936017869,64.6304307581112
"119",0,0,0,0,0
"120",43.2364234544461,56.8359196851534,48.4120669932669,39.0972194636395,48.0299160954699
"121",0,0,0,0,0
"122",47.0517304727733,56.1623379023192,52.6113402859972,52.2985685289137,31.9097514383452
"123",60.0235194095587,63.2965628432061,60.9836621173493,66.0001759252703,66.5614253328038
"124",55.8504791765626,55.5929654272339,59.5013208815939,63.2288633274556,56.0185554783561
"125",44.181207944224,58.8971204555258,54.3871320292676,48.765422301865,49.273880990361
"126",20.5645528329509,23.4578269570342,0,0,0
"127",52.8687849503943,51.3923425609316,58.9269090773437,54.6522011828833,55.3509042833269
"128",0,0,0,0,0
"129",52.7346072858063,48.8142699977437,42.9100002830487,52.26167285404,53.2308336264513
"130",0,3.44299840522092,0,0,0
"131",0,0,0,0,0
"132",38.4696776264389,48.4679875320283,35.8533125936736,48.7099610952198,36.725389929994
"133",0,0,0,0,0
"134",0,0,0,0,0
"135",56.0619252827434,60.4712020823264,56.5988462750334,73.5451244050803,58.9574738587661
"136",49.0120612132655,49.7336515109065,37.9580713944974,40.8646397229844,49.8232844356354
"137",46.6645989194436,48.4530631361588,35.9290124221846,50.0744747153741,42.3554918802325
"138",51.5426610086042,49.6931474324352,57.9783388516046,50.0800540410766,46.1314273501143
"139",57.8455626428872,59.6555692244729,58.7940904587492,44.6383134379629,87.171714558352
"140",66.6440689125036,63.82175506755,63.1348837880309,65.9860094280484,67.3374018734312
"141",54.1320154133356,55.3652738573108,68.3342350688345,68.3743319843088,55.7778115893175
"142",61.7839669404625,58.4177249439586,73.5735185263926,42.1726749251105,53.5860912879262
"143",50.8920284903409,49.1878957837172,58.6853049575555,41.8442244780305,44.8966729224551
"144",56.0469419934485,52.4045062031967,59.9060877088978,60.7120834102881,68.2450829275906
"145",0,3.71777463387949,0,0,0
"146",50.97178039654,58.303176232556,46.0932238161395,63.6312333556867,46.5283054926258
"147",47.3606332720781,57.389031601126,50.8612954739995,62.6210830206119,44.0425383712457
"148",50.2058853647384,48.1388583887948,43.9510658953959,57.0463860259552,42.9169238076273
"149",54.2542446384797,57.9779529493631,47.6857849647145,61.0134029604183,53.9411933945872
"150",65.3367105651363,68.0691360354641,62.4644702820476,68.4320337159199,63.5149942360946
"151",58.9533862554309,63.6951989356508,64.5481929940771,54.0844200578307,49.8237371772082
"152",45.1905791833118,49.631552943649,47.1738139482218,57.7806906387994,55.526460385661
"153",61.4402135282809,55.962764959475,50.9781114492985,54.1261564015696,62.3519460814863
"154",47.0648996011451,49.6535952638767,59.6978526954924,65.4775595348875,50.9914707946585
"155",7.50312709795727,0,0,0,0
"156",57.07786570002,60.6140553461425,61.3757517343683,50.7847422775145,61.6275232313857
"157",0,0,0,0,0
"158",65.6895725239476,65.9176682418349,66.5960375955746,82.2339504233227,64.2323875963749
"159",54.7956843647531,59.6848398119381,56.9965377289669,66.9078152611495,58.1328803070491
"160",55.1680102177314,55.2526876862343,59.8540192337234,29.5270687002184,57.5716956559992
"161",45.2376237084378,44.4857824050702,49.0174443636536,63.5608241414076,44.9259367058552
"162",58.5478769640872,55.2830598560314,50.5761112577053,52.6055157391944,44.7974691530554
"163",0,0,0,0,0
"164",53.5653999572037,51.4005965637772,48.4062997110602,48.7145150362146,43.8102872541745
"165",60.5647303384499,59.2135532138837,71.4302923422989,56.2146014674448,49.7502818501373
"166",44.147949093469,44.6847047302397,45.4662155036958,51.7799294155654,38.1509192526666
"167",53.8735994867016,60.3529467872097,57.5261723072618,60.3529467872097,54.6382856626773
"168",0,0,0,0,0
"169",57.8383388479822,59.0936125899148,47.2101588558474,58.2863681239689,63.2280296573813
"170",49.111905603462,52.9094806981411,51.8425475436218,38.8298453089481,55.9501914299268
"171",52.5246239728319,57.9314219443015,53.3704892523789,75.2386691910041,53.9493386730126
"172",41.5173221296987,45.1071431767524,33.161469768689,57.2285613703406,36.6425684512113
"173",0,0,0,0,0
"174",54.6633212701009,62.12839463316,61.3575842901068,54.034795066508,59.0314650052046
"175",54.6567022173553,60.2627292766589,58.5845130185361,53.1977797271299,59.5769208836295
"176",101.478586613452,113.229937751254,98.1381107016461,71.639344275999,108.505188906962
"177",49.5794156503648,51.1219892509231,51.0870758915891,78.1859970224442,64.895023198679
"178",45.3816808830928,59.8579231694677,38.136538220808,50.8131225678186,53.8381129622285
"179",69.4066484496738,66.0700952900741,59.8116957829021,57.9399257432261,63.2312260994323
"180",52.7317178950702,57.5210378253715,65.8645069114127,56.8337988192631,49.8794844145579
"181",0,0,0,0,0
"182",55.1434806063041,59.8578344571874,75.9875044166517,71.1454277459213,51.9907016749356
"183",55.3736420948911,53.9102245077043,62.5985788958527,62.0927763296206,62.1870661503777
"184",48.5139965260781,50.0409481580847,54.6332378674482,62.6086768721842,47.4013830715666
"185",49.1049530177691,59.1770733234572,60.0774019386236,46.5182480841436,55.2472762790417
"186",54.969166616911,60.4153857444236,50.3855238333532,61.7629601980091,58.47111478368
"187",50.1115126427352,48.3130644385424,37.4873853326349,42.7099927583274,43.9809594076985
"188",51.7209132684343,53.0194763514971,60.9900710392915,58.503885585439,57.0145062369124
"189",51.6785243002878,48.6121411704309,53.0998694057315,51.6785243002878,54.8952596122885
"190",0,0,0,0,0
"191",53.2525185399184,57.582794256266,57.2321003198738,63.4941450549205,54.2807893729981
"192",0,0,0,0,0
"193",46.0085041171433,49.9152416707549,64.8366938668068,55.3920716755727,33.648592425825
"194",0,0,0,0,0
"195",47.0679507181466,52.2769316162578,57.3502891039215,60.4753095373595,65.404332080496
"196",55.0641752538524,55.0702898154781,56.5394897774278,53.92810459526,43.7268591753041
"197",0,0,0,0,0
"198",54.5454512177362,59.7232334559258,61.2373451735164,55.7656978663731,57.9440432126468
"199",64.5936018797475,69.3723001816658,74.3529217647682,82.109402643962,69.9223202994502
"200",50.20236126041,57.7879306021918,68.4770121128881,61.7601601448063,37.9147220917739
"201",47.9620033078492,45.6224230543134,57.8246275826494,47.2529786189037,46.0133230407269
"202",42.7397445317039,43.9065126155876,45.5985859793713,45.6295198571376,54.0715262148721
"203",51.2578930557239,53.5103301865625,50.8993033599383,42.9447808309482,60.9421904537432
"204",48.2625169562664,38.3885707773431,57.8110970265407,43.1976930370243,48.1601979746793
"205",0,0,0,0,0
"206",68.4379501770394,71.3438531142426,69.3984287743525,79.0013824014512,65.0807826695616
"207",50.2556094012099,55.4724140643985,53.5980244917656,53.1700591236456,42.7648304844912
"208",49.886646327703,59.0106804959229,47.0416755596643,47.2758778384648,44.7209457088215
"209",55.1969998525437,50.7094877868847,47.5869867745529,44.5437621207369,39.0157849649359
"210",52.3845015247286,51.2547724729942,44.9186868981359,64.3608430811051,49.2430872723908
"211",57.1226016975428,60.3957363584749,61.7101840639551,47.7512086540374,59.7072704571406
"212",0,0,0,0,0
"213",75.8114381559922,79.170464844138,69.7703800967011,81.8351429435727,67.7759000116989
"214",47.3704468439913,50.2309813535333,53.6695444046188,59.891930074223,56.5019205647822
"215",49.8671480358796,53.1147723305185,49.9595864868911,56.5015743136819,56.6100557856596
"216",46.7723521069811,62.1716769642273,57.3067204846694,49.3148086095374,68.5331567981666
"217",47.2695253754158,43.7898566328177,54.7083553083755,48.0946407983045,45.0898335440507
"218",57.2316981826885,56.15442382768,60.8028309920825,43.8524014546281,58.2281050330534
"219",48.6464046680134,51.0032675663841,39.3853860756601,31.4986400827683,61.3681528199875
"220",54.4713938198475,53.1064152233908,57.485994652128,50.5877819761959,43.6781510721307
"221",60.2362383755999,63.6231896059734,64.5594628702263,55.2495654241598,65.0489948864519
"222",0,0,0,0,0
"223",0,0,0,0,0
"224",44.6456749498307,57.3366436745621,54.5063494918215,56.5163611149437,65.8102291813726
"225",66.4347934650975,64.6635818847389,58.6913643995415,67.500170931322,74.7283788625698
"226",60.8833776880616,61.7681603901883,67.0066327452849,52.7551839816217,52.5377251788476
"227",76.3868808330151,77.3304452675298,78.7719593979715,43.8028048823605,72.6249838903586
"228",55.0439557363817,53.8971512877618,57.922922748078,27.4710823689337,54.2933126699485
"229",58.0712905191417,58.5114247419477,64.1287768571277,59.5090282932676,54.4053430388939
"230",97.5670979250522,94.6763852633132,86.3112724985275,99.5913373398749,98.8409794659401
"231",58.9498274063142,56.2258717035963,52.7834340376398,57.2650560277166,55.1140393037154
"232",63.4822703167873,58.8097439150365,58.4993360509509,63.125499097139,60.948977082814
"233",76.1985139899113,78.5884025928254,64.408260419398,61.4755879654154,76.9595149789546
"234",45.7683838048891,50.7692173685865,41.5040854104557,47.9489873266497,52.3540086236805
"235",69.0045482478313,71.8706796763237,72.8340615107207,60.2070216279024,66.8912869183972
"236",0,0,0,0,0
"237",50.5736143377353,58.6547953323098,55.6823060159759,41.8553076460967,56.0810964647434
"238",65.7814377094666,69.2346584168994,78.6705581043739,62.4126143023751,58.9261381511137
"239",0,0,0,0,0
"240",54.5029146567913,56.7356366280908,37.5018850338531,49.0348021624314,51.7614676096053
"241",53.3014284799328,58.8828923670637,53.9380156487147,48.5746798104793,58.3118922572337
"242",55.1756104078661,55.7385903869091,48.7809164785512,60.3854216669205,46.5004728734162
"243",53.2570928014355,56.1778315345485,60.6771089582513,57.32374573004,45.7307398375443
"244",50.5786897144747,47.504513036224,50.1636940084293,37.0868688002029,60.2443807016122
"245",56.1977336975739,52.5144085966961,48.1158414288737,56.1942872811991,70.6071706309313
"246",58.1513228420106,63.1876243362035,61.9248256898106,49.2667808742299,74.3041144303592
"247",54.8077147025515,55.8450771723264,51.837419761097,57.6312754237097,52.6154381140325
"248",0,6.73403037787221,0,0,0
"249",70.0803381808942,75.9343930771729,56.7232012678253,83.1201265024027,63.4324820204399
"250",62.4543548301468,61.3390161707189,64.8028304612127,59.7382942479796,70.2385091795897
"251",66.0299991936872,67.0273728006508,75.0469277227515,51.8716834917836,64.2232224828611
"252",47.5173358880591,52.5782700266625,48.0979696403184,59.6850643251226,47.0443069342071
"253",41.7781725550736,46.6604078275365,52.5802293734442,54.1887659535982,49.4851661395032
"254",51.6468073417092,58.1773554378883,57.9360340673751,55.4960450457912,35.2814885804553
"255",53.5257815273635,53.699410176229,51.9412565791694,61.206056294856,57.4943599281301
"256",53.8428101809734,57.795064352305,59.4321484398572,74.6826258903202,52.7108011552615
"257",51.5323473664388,58.2187280061493,60.9747124618617,52.2847101905487,70.7325703496247
"258",53.6310325386135,52.828046201052,67.2654480380042,63.1017032022249,55.0006147421892
"259",0,0,0,0,0
"260",50.3238049228474,47.7530611657129,48.9325136361098,32.1953947425246,57.4944503628631
"261",0,0,0,0,0
"262",61.219468515147,66.4905508658579,57.2350524177235,45.317706104087,56.4646726503532
"263",0,7.40115224864928,0,0,0
"264",44.0728884823389,48.2497830405099,45.3536734381079,43.5628689939808,42.3005247903624
"265",38.975402199863,42.4807212705635,51.1746081478638,32.3488983043603,44.6657290846939
"266",56.7896379280816,62.7484366364651,52.7914472981993,39.306679480272,56.7397489577201
"267",0,0,0,0,0
"268",52.3519919521415,49.0929364739434,62.8642015916766,40.785565736664,34.41369844521
"269",59.3259905829404,60.947348931677,51.9586840510617,55.2235274747678,66.3216555062104
"270",52.4051680381993,49.2059310608919,58.4161499387411,46.0608657180482,44.3342726025739
"271",56.4335864951523,62.191611992907,57.0353513230652,61.966515245107,63.0453936198104
"272",0,0,0,0,0
"273",0,0,0,0,0
"274",0,0,0,0,0
"275",52.8427194706999,54.8984239766741,60.8497320020417,58.0573685521441,71.73451329187
"276",66.5380713902803,68.1541062493607,65.5143319464613,52.9259194234468,65.5246904806755
"277",60.9588605405649,63.2662858237965,69.1691027285646,56.2181581195149,83.9413001338623
"278",60.5253324443431,57.008815812619,55.8875435195105,63.0387927761894,77.1199602004264
"279",54.103067926303,54.103067926303,49.2144289780973,53.4473287743423,50.0000993883492
"280",54.3984496839522,59.0996232468209,64.4583407342987,58.9157162256856,55.2834746101951
"281",53.0126997566762,46.0811622464206,52.5795509601298,51.6833756318564,60.9728086887619
"282",57.1840769274519,56.7932896040282,59.6966477959921,48.6574376875333,63.4347620542147
"283",68.839379824618,64.8137605842358,58.5218367250243,62.8730053470086,62.3200924488754
"284",57.2638950874176,64.696145698525,53.6845635659702,66.430033812644,65.209807496876
"285",72.4658920342654,73.6764086520113,72.6806083993083,59.2631009550822,68.9775657088426
"286",58.7302820059417,65.0024993820721,58.5512651187344,54.8345056371192,60.7594537814865
"287",53.3772542531999,53.6379614885394,53.7068861400552,55.7783324265114,55.8833966045839
"288",54.9828688026785,55.6095245085821,53.3875604090766,49.8916261829151,71.6141846980975
"289",67.2891762880121,60.395041704264,63.1254161678484,68.7807380507868,59.3356511967518
"290",51.9847202929768,59.1694232548684,58.2786649300887,43.3627515275172,58.6127591620771
"291",42.9258924572858,54.1678208056137,46.5240739526089,50.2809151671218,50.020960878153
"292",61.781942840565,76.7197429715431,64.681016012333,71.5875861573205,73.7050193269474
"293",0,0,0,0,0
"294",64.8928810138313,64.2935696240026,60.066321367445,71.1926292390202,46.9268981595477
"295",54.0281328760075,60.338182988753,52.5307214244925,27.4758027767204,43.2867897789997
"296",74.6096571562359,82.7156396445248,67.3949410822976,78.1970604949986,77.1375256570406
"297",50.6338592786864,57.0771546853002,61.0335467357587,49.9771516422051,52.0045266295582
"298",59.2741864997142,55.7800518701928,64.241449033718,56.6358254776552,56.4513361074715
"299",44.7300035325587,46.1689041271679,46.0802719331522,33.0786972377306,46.1255723204463
"300",50.0437938308665,58.5687354890031,58.0136017417773,77.983851214849,50.0845272345865
"301",52.0002961529144,52.0002961529144,54.3550107668018,27.7218550635218,54.2372047706203
"302",55.361280502443,61.0835055670114,62.3570764914033,36.6381102890486,64.6860335905703
"303",47.3308793934928,45.2878005070794,50.9029770730837,52.5829350397285,48.5011763332413
"304",0,0,0,0,0
"305",57.0464697542692,54.659723289013,44.180040346951,58.5032926443453,58.1911853864743
"306",0,0,0,0,0
"307",0,0,0,0,0
"308",57.3410337425833,61.2784759040576,61.6757928114695,64.0257358260309,60.6511960034315
"309",56.9271730435096,51.5407346454804,67.8416465990258,63.7227652332849,47.7908703480068
"310",52.3196298450091,49.141840725019,53.126017460543,46.2747794555882,60.5485933243851
"311",64.4315303318076,69.3945815639788,74.7282554515675,64.7116614785825,66.837389745699
"312",54.5415341073961,48.9306482811222,47.1066996349033,66.1824500664253,41.3649093619295
"313",51.0508652453725,47.8776295092841,47.3465671219419,42.9112525000981,56.369854337726
"314",54.2201030713332,55.1308239295016,50.4736207891037,68.5421851561138,61.6901918868011
"315",0,0,0,0,0
"316",0,0.402403427815358,0,0,0
"317",0,0,0,0,0
"318",62.2994221013266,64.933265402594,63.5407498019577,48.1713740789574,78.0568274800072
"319",54.0176441729569,53.4246895221574,54.5956407911193,47.7517172940698,43.7651214759656
"320",53.6091458478923,54.2963514631023,50.5089926026989,48.2969440413906,58.9123175444415
"321",57.4488726755136,62.1196825577101,55.2110272504575,66.81087367115,64.9240926409675
"322",48.5107806973577,54.3716584879626,58.2208919828758,35.0311882393023,49.5343140650839
"323",47.6867202256902,47.1286409567292,56.500517310024,45.0162261129531,53.0885869663136
"324",48.0816546922792,58.8242360760714,46.0450295746073,63.7438469210428,43.4682080137213
"325",53.940591037468,53.8316791917913,59.3391566735875,40.221302600163,59.9385464239574
"326",54.5197970937581,51.6225961656558,58.4858534491244,62.4792286427824,60.6487395665172
"327",52.2956879194554,54.8858816097029,57.0119502739556,65.2832376867328,52.2956879194554
"328",50.1987295941934,49.6493696092868,63.9081716283466,52.613410113412,53.651467944943
"329",48.834788324642,55.1183136780984,57.0366086994074,62.3617109357863,43.4751178110791
"330",44.2769375824033,41.5399006153896,50.7121251806306,61.7717733975501,38.4517625458314
"331",0,0,0,0,0
"332",55.8672814802084,55.722838954862,58.7266928938717,48.1702980283631,78.4214317540931
"333",52.9015148522434,59.5878096466501,64.7121396364601,61.7773104902687,68.9247366636116
"334",45.548886006523,51.1544979298601,50.4178744447503,56.474469540383,53.1512083291506
"335",46.4123227764773,51.9623513735163,53.0498056463888,44.2987033046769,51.9623513735163
"336",67.1422291732796,68.2205910413022,56.5227334741402,67.4018498153461,66.341425514463
"337",53.7734111073672,66.0330966465782,76.1391287186187,52.4326460517998,61.9964601471751
"338",51.3800534975638,56.2454029548522,51.1507726148031,63.3295553219306,58.0518450292309
"339",53.6982115181987,61.2027251208057,55.4972791522658,50.9143837999014,62.1365807668507
"340",0,0,0,0,0
"341",64.6312167315954,66.7457887774228,65.0824840918714,53.4802501312225,70.2284294811449
"342",0,0,0,0,0
"343",52.4854668534916,54.5361904637435,53.5404089833825,46.6886907035492,57.7469748417643
"344",48.0877645284906,54.2115413533675,52.1948782928466,61.9259968789924,44.1782425091501
"345",65.5392127422449,63.4607270625109,71.2738827243456,58.5753675462335,70.3124575141963
"346",0,0,0,0,0
"347",54.8596221312521,55.3542449940395,48.7945163160183,57.8797652228883,54.2097838670224
"348",46.7439260521206,49.3343074285955,42.4455695831244,51.7735008588317,48.0932089553626
"349",53.7621407309817,55.3548864997094,65.6363784250176,52.0002528564332,50.4496583862272
"350",54.2311049780443,61.9734777645558,65.9206270788372,62.0772403466014,53.9418013902542
"351",60.7563606419746,57.5238860752008,59.8616960484366,66.2047555639563,57.5752853326019
"352",50.5596534724102,54.2625260812219,50.3058527694262,62.9672757864727,39.9433926317631
"353",55.8399773943022,61.6734542190554,52.8225343606934,60.4729835906047,42.3847251956337
"354",0,0,0,0,0
"355",55.0297505504847,62.7390110793364,72.6484918799613,53.4742086377212,56.2861711806298
"356",50.9572296841295,61.5685138773603,67.572722286965,59.3832727484574,54.5185247940218
"357",57.2192818592399,54.615464523765,53.4710783384892,57.9717174759472,62.2555829785856
"358",52.0656410584905,53.8287830559422,45.9611205058552,69.6569712418525,49.836537310297
"359",0,0,0,0,0
"360",0,0,0,0,0
"361",50.8520780933029,56.1695842692338,61.9587429396405,49.1235451057776,67.1554381968583
"362",41.9537885642044,44.9935022139079,62.4273147605388,51.8350301637756,60.7698019382668
"363",0,0,0,0,0
"364",86.9812312600791,91.3530785986208,91.8331678975093,72.6306501393933,82.7217878343445
"365",63.4040051745751,80.2263698432251,68.4467652889187,65.1754841015714,90.0413847440102
"366",56.9762434591316,58.2381604951044,50.6076222357478,53.1761165805926,55.121884437561
"367",0,0,0,0,0
"368",52.6488323455825,54.9582437427305,52.075921647667,45.4095559187239,51.7687998734809
"369",48.1526101338959,46.5900990416528,50.6513387374624,70.110819127975,49.2377558974262
"370",62.1933587378644,68.5238180253139,59.5675088546618,72.9650289850265,68.9473489108129
"371",44.6552225251719,43.8782223086833,43.5919450596758,53.7655761711042,44.8024210978816
"372",0,0,0,0,0
"373",0,0,0,0,0
"374",56.2444900095796,57.0870556571458,63.2858065483775,56.9259349678721,50.0186990538075
"375",50.5203455089098,53.2869056534575,59.3368844975989,36.7326609672459,43.8027280412153
"376",42.6070778773347,49.6452453452104,50.8308641540858,34.2307846768671,52.7223559064745
"377",56.5778834637512,48.029488263757,60.1501539627279,62.1433499222031,33.9751034375126
"378",44.841145216009,54.7321994874653,54.784939824816,50.775890546141,58.8719255570839
"379",59.5378626721765,68.6863379350297,68.084197412569,43.222042999017,62.0360932590988
"380",46.4737931926613,54.4674795617431,47.5286721765817,48.4943712429149,62.0627920965976
"381",0,0,0,0,0
"382",49.2174040074251,51.2012501200226,51.4622559483048,54.4457783768536,51.2103254672521
"383",55.2910332918235,58.5164199711996,52.3101755698743,46.2219210494827,49.088600182558
"384",0,5.70362029109617,0,0,0
"385",72.2838732630241,69.1275565573065,71.2035601630569,66.2300952470187,55.3801408455642
"386",72.4822622875559,72.4822622875559,78.9265162730275,67.4063609434612,60.6447850128633
"387",71.5822858833202,74.8813315299581,64.896281717886,53.1809262619225,63.9477635503786
"388",63.2297711347866,63.8947003551664,72.0506899839743,60.8325286374544,71.4842049011499
"389",67.7160548779472,68.0629404946723,64.3270509165372,63.7905737189205,56.9338958865396
"390",0,0,0,0,0
"391",71.011234007007,73.8272969774426,67.2219352927686,70.7739563767372,63.8230257488601
"392",50.8413901639157,47.9845375444231,52.7905343387334,56.8222747445163,40.1501565163635
"393",66.5662009247,73.0397553264507,85.7834178060168,82.7667396645526,71.8623307689159
"394",68.7289842498723,72.6399654428328,75.6679722102134,76.8391615923089,68.4375538926133
"395",58.4741580309724,65.8038099700515,67.6243939293059,45.131459574876,53.6407260565775
"396",38.1277777477337,47.2210995290735,62.018477758645,54.5357723092771,48.8484960679351
"397",61.8330420697481,53.4599893814916,51.5308005237814,72.9613991449756,47.738520419111
"398",63.5875603247252,60.8381778512447,64.8129832652253,64.1979394648387,52.6311231625673
"399",47.8192320811396,46.9041087685812,44.7421632952948,46.648952195343,46.5876470725278
"400",0,0,0,0,0
"401",0,0,0,0,0
"402",49.6187980146275,63.3290010683571,61.5564058054439,38.6973860388193,35.8626845403464
"403",53.3380527199115,58.7975746455171,67.7154188957648,35.5568285272017,50.7376098047214
"404",0,0,0,0,0
"405",0,0,0,0,0
"406",51.791226791198,53.622924696916,44.3005073128617,47.8048320261113,44.9787740926253
"407",70.7342523310918,64.7412656998175,65.0254266587974,52.9961953415089,54.6367775403863
"408",57.424382130274,60.5479581331929,71.0111827525483,56.5118120565988,59.3705325252882
"409",75.8219556306875,80.6383434379035,74.4660330521923,85.1680693820869,100.363302049172
"410",0,0,0,0,0
"411",45.1002051205923,46.0895072476264,39.2507322296101,47.548708051529,39.3092558652741
"412",38.4846748014334,51.1907191781508,42.8675864162949,51.2755973585587,54.7314557265325
"413",0,0,0,0,0
"414",57.6178310847034,68.9202448251493,67.0592643720421,76.7633834602407,63.1192234459961
"415",48.5819451477816,53.4059352676778,48.6828625288603,24.6505477265477,40.0550753567005
"416",59.8917396019437,63.9459517210274,69.0736834765092,72.9797541239935,68.3169999483215
"417",51.5602432134092,52.632310681152,44.3361840325168,62.3974927736549,55.1414303797171
"418",61.0841770309867,66.184631049224,68.6819024583363,68.2420324916961,83.9598448676403
"419",44.3327938817153,53.2260152921618,53.4394052623375,53.8691962441873,50.127171888465
"420",60.4376155407373,63.4367636807048,59.6047729407913,49.1273867901535,52.8615047977729
"421",0,0,0,0,0
"422",53.1781760454775,62.3124646253087,70.9008313079375,57.4660128539943,61.6430681999141
"423",53.2261095173303,53.7479195108649,49.647458661655,35.0767569498807,51.0574846474504
"424",60.3562777525928,63.3063090858434,65.3622231051677,64.2076553390131,65.387331991139
"425",50.9746283168925,41.7402894618833,51.0015266161769,43.4433847185033,51.4618816419273
"426",0,0,0,0,0
"427",51.2219835240996,57.3345717416839,54.5581760086157,66.7956566593483,50.4671675363871
"428",47.2576302828215,51.8492162546144,52.3503242579674,51.8476786867051,59.3549017158227
"429",50.658460809736,58.7827848646415,46.6002735464689,37.0099552707301,55.458996103948
"430",53.1947067972092,49.7660593215763,41.7773069708343,47.6718165883167,60.3122380556485
"431",62.6512373980568,66.0106945512357,63.1889561909707,56.1611801392997,63.4197170621754
"432",51.1246997219513,56.4529857884742,57.6193705756558,48.1923232980687,50.5910527760609
"433",37.815717274977,45.1664577010933,45.4665189433688,26.6229473761556,43.9877232044478
"434",63.7153524467164,68.876219741906,64.0779454059576,59.9118134849104,76.9369591736254
"435",0,0,0,0,0
"436",40.4861677731413,53.5510138225482,48.102886945609,48.1394027093405,53.2710574627644
"437",45.1906222638718,49.1098186813725,50.0899159493661,50.5039442299242,47.4948839236768
"438",54.7693878225784,57.2433910151782,43.0158311848445,49.1382919291583,59.5763630028216
"439",83.0074799267751,82.7776171205733,86.7039674591136,80.2133914754617,95.4064973816239
"440",57.4241522251865,54.363936545281,60.2789768400603,47.5424930387553,35.2982021434747
"441",55.0438113786781,57.8908809486004,58.293349229106,55.0438113786781,59.6360537413604
"442",57.1455253992696,59.8225174755002,47.4301676284842,76.669300689411,48.1134241501351
"443",51.3015180897794,47.9462661046742,47.8208252857673,46.5806689039045,55.1686743913676
"444",49.0805231518717,46.1992248108086,49.5496212303171,57.4970462819364,52.143213336449
"445",64.2170581056227,62.6406836164701,60.4322030491844,49.0772013478182,65.1111873030528
"446",51.6614366611166,50.2309796053405,50.7044156692649,43.5383780593963,65.6060447056424
"447",54.3438117344162,64.5505642426528,57.5381996967484,61.5489919465123,53.8326861558025
"448",38.7699765550781,44.9479614694094,45.0651182957393,39.5581447844951,40.8778342436002
"449",49.0967542301284,51.6948343705997,46.8327779248393,42.1405517422251,54.2909923858244
"450",0,0,0,0,0
"451",49.0718120836098,46.4801888615485,54.4237322517824,53.2025179279071,49.9170657604607
"452",58.358253825197,57.9530421127551,67.1673289957488,53.7203187327517,64.8452478144575
"453",45.2650095503498,42.8244812657969,58.1140072231904,55.3840452019335,66.676769148126
"454",48.601063938721,49.988139871814,49.6926836775806,50.946818715849,47.4839914711382
"455",57.4867775629168,52.7881587653446,57.9162365458863,52.1160611081574,57.913816500451
"456",47.7993049303557,42.8970346855125,49.7390759974141,52.3425312021423,45.4091887107573
"457",0,0,0,0,0
"458",49.1882055444758,59.8672517581899,54.8464576318947,67.2503953845929,44.601600641612
"459",49.9100818412256,52.788563329269,59.7492545931103,43.7202042139486,39.0393807212031
"460",42.5941255087706,44.1335592909827,43.5587357432359,54.0643312050303,38.4559990760509
"461",0,6.27662151152726,0,0,0
"462",0,0,0,0,0
"463",55.4900890492174,57.9500982481707,51.0794300208388,53.6215103837277,61.0871816672379
"464",50.4517185863636,49.4806206366667,44.1109073784316,54.947888929057,56.2800374718555
"465",57.4312516351894,57.5803195212588,53.7262432518137,31.8052719529026,59.4826410722582
"466",63.0220426832451,62.8161233940387,54.2501111217613,49.3413207983964,63.3656571801003
"467",48.2787846836022,54.2182032253805,58.1271937801093,41.880475700499,56.9045749127021
"468",54.0101146006101,52.3488334258345,61.8697179169597,70.8305626035579,63.1575690043103
"469",0,0,0,0,0
"470",56.7540314691134,60.1602366221598,64.3193845308854,52.8236337675414,56.9564871766252
"471",52.6026288072714,50.8561355121042,40.4908115054661,55.7349662358241,36.4909163940152
"472",48.2631983120548,42.6105793235631,51.7034780781366,58.0446745431976,56.1298246076242
"473",57.6085027786526,58.2431013619582,65.7224668814718,57.358485701456,67.2297163321631
"474",70.7917801152151,82.6534203311916,80.4723791862796,80.5059106284015,84.7135991035029
"475",0,7.51488333388923,0,0,0
"476",10.3348951442973,0,0,0,0
"477",0,0,0,0,0
"478",21.925625983022,0,0,0,0
"479",0,0,0,0,0
"480",55.6145601137546,50.5522609295457,48.6163845726119,54.5807999308629,38.24950922546
"481",65.9444589728845,67.0269126085888,60.2434693451935,64.0650765399885,75.8657116982777
"482",58.0572258736492,58.1268744393291,65.8518403872477,57.1028795021755,74.4176297668424
"483",58.7467792946676,61.5143564309112,60.1168659010838,65.0147663484251,56.9418219610502
"484",58.8496575021747,57.8335565072964,62.0639924681799,75.3830552104418,65.4324144288245
"485",0,0,0,0,0
"486",62.3924793799103,74.5448192234812,68.078350193893,67.9324645992335,61.1630841429904
"487",55.8295618106495,53.3683190359703,60.0818699984644,39.966932058019,66.6976780061891
"488",53.3931102953706,57.6257105541244,50.1524036309789,60.2674069283106,37.8427706636277
"489",70.5986091320872,76.9276964770503,76.5333767243324,72.8853266637669,66.1907657943643
"490",0,0,0,0,0
"491",56.6309336734153,52.5781231072344,49.0114898646552,33.3740409470395,53.2606043351491
"492",55.5613540367272,58.5067344292319,51.2211759834959,67.6867114372112,50.7731600514193
"493",77.836070178212,76.4640606237553,68.8969873854738,66.0099225640229,57.9774180801575
"494",54.5419607786754,56.8403262064426,60.0296785718576,64.2656622084868,45.0567573416892
"495",50.7288515868548,49.4250584157683,46.3765270871775,48.6086960205388,51.1922561691876
"496",51.5560872234865,50.4123998975997,56.0808392074414,52.9437783522916,47.3592281962155
"497",61.0141469828033,67.5338420449017,62.4969679060033,51.0559966581277,55.1108788372746
"498",57.0103515700094,51.1601394673542,51.0520183502801,66.0586047581739,51.1601394673542
"499",61.8782589558328,54.1728911196461,50.593478305572,46.2452889675764,57.1086722849807
"500",48.156166331973,47.2383073455964,43.5738326438207,42.0748454022125,55.014209700516
