"","age1.I","age2_no_comorbid.I","age2_comorbid.I","age3_no_comorbid.I","age3_comorbid.I"
"1",129.250374785814,135.340424658715,19.2700621033892,5.72702170201795,11.3007527695216
"2",0.349285175765688,0.426188922838686,0.0320561679676844,0.00759583035672877,0.0127738848576823
"3",18.3445215155734,14.1985188943717,1.71670661312177,0.437739708145803,0.622913556425011
"4",15.3231407991954,11.8799641332027,1.48188190822974,0.365910349700173,0.555080371644671
"5",170.455534413292,182.609429308933,25.3753682585465,7.78464910543617,14.5272507961759
"6",7.11130359800805,5.25173426198428,0.688217139085713,0.167153353742387,0.274952571042946
"7",18.8386077976489,14.5494816726698,2.14670357319463,0.520332662960403,1.12349849131271
"8",7.51180226257558,5.56155269902245,0.708135554682291,0.171725962640075,0.268716786883542
"9",0.291952662705147,0.441187604663003,0.028655741653771,0.00661902766109469,0.0127116167579709
"10",121.139798606843,125.846013338166,15.5889289042497,4.69145595247864,7.01052013220239
"11",5.63499973638925,4.13501068575769,0.520039835443429,0.127294533452694,0.193857962792162
"12",135.725971891929,142.774566440376,20.0265511809399,6.05299324809629,11.5241638069346
"13",0.778024540175398,0.552215532620513,0.0751034900802042,0.0175357322843253,0.0312559169829985
"14",0.146463673206708,0.505829651891035,0.0141015102406324,0.00325668135829713,0.00599577746213311
"15",8.09349767366119,6.021854004223,0.829128086334188,0.199115345458369,0.363560671988655
"16",19.787461984742,15.4452662951827,2.15121098206089,0.52512441927907,0.986667530953679
"17",4.91765228727348,3.59508639098233,0.440670120129937,0.108285900788712,0.15781306241242
"18",8.07217321518833,6.01629988826632,0.811078481834926,0.19622603653292,0.342139205711514
"19",108.597263928063,112.513495188834,14.6816385509005,4.36601801171434,7.1407085974919
"20",141.571857337347,147.830476772115,19.6773419661885,6.07872904381087,10.2369946698298
"21",11.9058126416272,8.97321164930537,1.11659526204617,0.271606489402991,0.410328143722964
"22",0.797724982802282,0.566982024865914,0.0785807375254313,0.0183223077248153,0.0340101045665213
"23",2.23174620699743,1.60051115176093,0.220039793046657,0.0518968413494125,0.0944180249195748
"24",0.392674085602098,0.475941380653922,0.0360087005331736,0.00855974579647593,0.0144092045936102
"25",0.272240339519404,0.390496795685151,0.0248990247930948,0.00580113501342957,0.00962371695170285
"26",0.17821991300289,0.434446989700194,0.0157984584886667,0.00372375976321348,0.00586881151788602
"27",146.075164134247,152.455231172846,21.8351491873498,6.5109134057447,13.0258066602882
"28",0.555155187800239,0.391528091655323,0.0537134794383927,0.0125540759558717,0.0227420608324915
"29",9.57189364159685,7.20106172596327,0.918787407385527,0.227411607316418,0.355234824727211
"30",0.716110360865668,0.506393552152182,0.0703971433009624,0.0163021306009994,0.0305131744117155
"31",117.438936243657,124.14802660697,16.2558411787207,4.88964739113061,8.08590556119999
"32",0.133921822234776,0.352885863775193,0.0127879919893137,0.00295850710113488,0.00534558939747836
"33",182.407972291243,188.243986111302,25.5323370318033,7.74590836411218,13.6444086186552
"34",20.8900006103222,16.1692129310101,2.03020544793936,0.511730964358728,0.776959156352211
"35",0.268221186570768,0.421155131448694,0.0239546258089971,0.00558879990992405,0.00887763551544894
"36",0.186635857571849,0.386558436755681,0.0188734415439571,0.00433170394854332,0.00891415239550463
"37",0.13237935752544,0.448969584228284,0.0123778372323152,0.00288502974743668,0.00500735322923302
"38",4.1919728668267,3.02780995454239,0.371078776584306,0.0905760275015205,0.131998153171022
"39",0.124601025784988,0.392181189512471,0.0123183679280087,0.00283800554066773,0.00554218929772558
"40",106.425622934407,111.081771402218,13.0393820223557,3.97903814735137,5.4511871937125
"41",21.5694057104879,17.0733900291647,2.26512890491149,0.565655290822608,0.956501240379777
"42",0.377460300468539,0.536173693822358,0.0352399502921905,0.00819199691069332,0.0141419041730034
"43",17.9724355854308,13.5285599388564,1.75671885628251,0.439366046557713,0.704725089029234
"44",1.0219257022894,0.720829233169952,0.0978930119063736,0.0232161861418153,0.04093543265497
"45",119.5159406788,124.169725431928,16.5878035955928,4.94748338341903,8.4821486235884
"46",147.145261457756,151.962092166241,20.4520009960746,6.17630077257101,10.7135077699519
"47",3.73086385446173,2.64805566247925,0.315068671403598,0.0787950953049895,0.108078900694533
"48",0.323870297825687,0.336322733446708,0.0187434797864459,0.00460573766591133,0.00441347220684843
"49",0.751016298975333,0.529024682031682,0.0686298431438691,0.0162436777728564,0.026248165912071
"50",0.078927842236856,0.321156130460407,0.00754830998477876,0.00176648852881189,0.00322765228123784
"51",14.3529133324164,10.9658788441406,1.45237433674256,0.356719945383558,0.600418516627707
"52",45.9663911140714,46.8024563000978,5.95935934369837,1.73591598673511,2.71837642271449
"53",102.879457118276,106.963534434074,12.949341126538,3.93446418711563,5.64155755234142
"54",0.2501002274257,0.441475160875298,0.0227835542803761,0.00534804728278928,0.0088403658808675
"55",10.044341526063,7.5168654758959,1.08137908496092,0.258844792381312,0.523475906709096
"56",1.74511445636005,1.25634200642624,0.178916907297493,0.0415349745388789,0.0823208404600575
"57",4.74542136126727,3.48386387437432,0.454157864841162,0.108595765377508,0.177898511836581
"58",164.815367992146,169.830592658184,24.0289456140127,7.11951985038248,13.8585411011849
"59",10.2733903742894,7.83412050763525,1.14231263888935,0.273310097215171,0.573788767705647
"60",0.212652905458671,0.453504655279427,0.0197449260482134,0.00458549663942165,0.00782841456233588
"61",0.197329592848369,0.387499765500422,0.0186543666463004,0.00432507595416682,0.0076585475330175
"62",83.8459108392342,87.7693903526359,12.0424362088969,3.55635492637312,6.44432695962745
"63",6.58552863217982,4.82155130721469,0.555082755287166,0.139621405731894,0.183828503170231
"64",17.6622132206161,13.7091063045615,1.62148400960846,0.407926660923033,0.565947628952959
"65",0.193015947065527,0.378694020436677,0.0182788695618779,0.00424990374571567,0.00756090843205851
"66",4.97240685298361,3.61701311946722,0.429928172179787,0.105785069978425,0.146948743070614
"67",137.787494491484,144.786088647201,19.3241470681343,5.8365310392139,9.98163126925107
"68",139.395933848816,147.241586397265,18.1990980094096,5.58342756798288,8.27893106963298
"69",143.092359719419,153.063652489626,19.8843690301148,6.15150030899216,9.9515002294747
"70",4.045263835226,2.98032176584496,0.41599294429656,0.0979191241794736,0.185259071792097
"71",8.48388920178209,6.36056324801957,0.886528867149763,0.212883730642719,0.399757321765061
"72",0.358787317973838,0.40393784628366,0.0322590409823803,0.00757366307651711,0.0121032373797463
"73",1.4372191079377,1.00685516738674,0.115636182921482,0.0286069490010458,0.0374298996205167
"74",20.935925792962,16.336500888169,2.37758590502618,0.575185720069156,1.20202852187638
"75",0.114453731787909,0.37484748026061,0.0107847956756897,0.00252146597937232,0.00445693194971719
"76",18.602981813659,14.6287996728118,2.13742509573154,0.519974678740961,1.09720114913648
"77",138.754685364947,146.849358872287,20.0581345163842,6.05219039498185,10.895845336362
"78",16.4288549795374,12.6479553046517,1.66647948394343,0.409279504346248,0.683396264376611
"79",0.202062388203738,0.448497668673127,0.0199158800854979,0.00463035121125971,0.00902819427965659
"80",115.851844983814,118.6494690748,15.2199628562414,4.60507117140671,7.24778742280357
"81",116.820917015552,122.605651931803,15.0243556701339,4.55692254028644,6.69584271309208
"82",142.826346795917,147.225410995301,20.4020647337057,6.00449082478595,11.1427731949779
"83",7.55514310992768,5.42321585557141,0.571642388956002,0.150244063541105,0.17273692862482
"84",117.506970623395,123.568223681942,17.2383759933872,5.13813761538385,9.67524602778556
"85",103.233184824292,109.427328971962,15.0570477410996,4.51527163967893,8.23768805975839
"86",0.0868848327625687,0.405762007523661,0.00807321195269761,0.0018697215801177,0.00319355414823643
"87",5.21496034424498,3.83246994934776,0.481488080086211,0.117136439592559,0.178646092666174
"88",0.232630827896369,0.433186563548784,0.022165774750465,0.00512242267924799,0.00920578458753524
"89",0.0764848982636945,0.404149413937188,0.00746622601116172,0.00172796503080526,0.00328119801801193
"90",0.168752050415432,0.41540175040127,0.0158107664460931,0.00369931197027426,0.00646007925433727
"91",110.189075175854,118.833970007566,13.3899139481854,4.25841437201561,5.45287860057349
"92",80.1521910241823,84.5836116783968,10.8288385301996,3.27778204641178,5.15829635657624
"93",174.49830740976,183.326173816081,23.6952949844262,7.3873049014996,11.7917590633158
"94",0.114810167830829,0.350843736901417,0.00922762656786305,0.00218949795107837,0.00295044500365028
"95",0.545128342672791,0.412026331577322,0.0441589895082285,0.010553415738368,0.0141746674669487
"96",19.5012467457394,15.0520804235241,1.93776572993044,0.486917191457515,0.772156761864724
"97",13.5738365888977,10.2691407313065,1.37436060372222,0.338310622334212,0.579154778019718
"98",0.284808475483855,0.410508722806011,0.0267851033405452,0.00623232355719937,0.0109294003634649
"99",0.241716203379175,0.462644023917052,0.0195256372612345,0.00475447552539166,0.00650267548112017
"100",1.09789901368525,0.782834430267351,0.107951484980278,0.0251331118173322,0.0462081877501933
"101",151.160024718293,156.808124493023,20.9489824355599,6.32461102558362,10.8262533492192
"102",0.285551859101831,0.408154310087311,0.0243063743988838,0.00577589928413117,0.00850267597615683
"103",0.358513442897221,0.569013139966765,0.0350253060153915,0.00813045477676697,0.0155191055752726
"104",0.108647978329769,0.430874572886766,0.00885371494186445,0.00209458422945861,0.00288154398348907
"105",145.236236589398,153.929461538766,20.2256740857324,6.17508311605348,10.2750999544009
"106",13.7977813894273,10.5227534382057,1.55652200150809,0.371442869078527,0.809961823921309
"107",0.207007890184544,0.448169699625093,0.01845663919819,0.00434400705493124,0.00690849568928467
"108",8.82974902878838,6.59331397301936,0.833654810451635,0.207401227235533,0.317677893039654
"109",132.446390461553,139.642018739161,18.1598965764831,5.58035226464526,9.02264609509158
"110",0.0825832102445314,0.310697928539344,0.00595464731320588,0.00144865788223133,0.00170193099643378
"111",14.1265006728995,10.6622094029333,1.49180185848106,0.365423878979222,0.687658153281388
"112",115.545157256524,121.977002218013,16.4911462501,4.92987954320034,8.68459862087451
"113",189.228419219597,194.724271514095,24.2028447308368,7.36853325665895,11.0029476045802
"114",15.2124817242878,11.5642930147872,1.46133474337733,0.364847331173819,0.559839441897116
"115",197.54362538665,209.072009084925,27.499245101706,8.53922047659524,14.1738897320415
"116",0.213123248808622,0.421496413660116,0.0203866393581425,0.00470961105802677,0.00853628962800604
"117",12.6693955151771,9.6290685742629,1.29179356087385,0.313614488065304,0.543141524464533
"118",18.7392710402278,14.3941923713381,1.9013430121574,0.467153248384302,0.783222492676825
"119",2.24879860921668,1.61062966117807,0.172980227121824,0.0423553253123756,0.0515548832589008
"120",189.062992895081,197.402505090832,26.5912162931992,8.04200912114335,14.0405971460019
"121",0.14042309818438,0.335739928786477,0.0110507864902957,0.00261781886716949,0.00342635689748477
"122",17.7856670505086,13.6744721577182,1.88261052272637,0.457027991047971,0.836557567263308
"123",90.067146249887,96.1630754882402,12.0623708124136,3.71375627056603,5.63211253305695
"124",32.1567518225863,31.7375499769412,4.4106732703497,1.23352219837659,2.29819659879361
"125",0.0842051950852036,0.413030664494659,0.00690433022034183,0.00162549307366742,0.00225299732471395
"126",0.0699208723788874,0.339429500997238,0.00644131068663349,0.00149657545684421,0.00251745659174155
"127",168.637159396492,177.107641797439,25.6115503129109,7.63266899274376,15.7200814865582
"128",0.157586382970508,0.447736799606107,0.0158023044211795,0.00362988989277149,0.00732438245448919
"129",3.25684792936434,2.36319698889896,0.315049712125963,0.0745444986050807,0.127591530729914
"130",2.44513066172454,1.75113263980442,0.210738169608249,0.0508736794638271,0.0723451242494065
"131",5.74425678286363,4.15331850799486,0.530241842699007,0.133309822193431,0.20499329417971
"132",0.157435959507131,0.390378696399871,0.0139704553388976,0.00326017132883445,0.00512514485827887
"133",16.9391722209207,12.9204092849752,1.81322175376367,0.438831365998686,0.837192370485355
"134",0.122871468516094,0.350679234698069,0.0118451231334725,0.00274241190146126,0.00506358389597412
"135",15.0936241724943,11.5313636719159,1.54168891557035,0.372805743819367,0.64318105794096
"136",0.0624051565376137,0.361998027112782,0.00547996850109806,0.00128569395281476,0.0019848913297951
"137",0.273486131872493,0.501623513328738,0.0251112866017517,0.00584136606601864,0.00976218862791669
"138",10.0020071990009,7.46629964218362,0.812782765275402,0.201659932521258,0.250333173284454
"139",0.415604481332631,0.406919450281837,0.0366142050350925,0.008609631286005,0.0131600468190803
"140",0.253805451524554,0.40801765152453,0.0226464913827042,0.00537341858358643,0.00858372779191537
"141",157.066761240768,163.916279833775,20.1034760338214,6.34686949583757,9.18166681683633
"142",0.190746014021732,0.4139277045541,0.0172697988529356,0.00410876212533726,0.00675700570534254
"143",0.331698987209892,0.529860299824066,0.0305358491136892,0.00714284112864389,0.0120307128977492
"144",134.613966144941,139.202888507459,19.4557054198793,5.7598879673833,10.8754438981593
"145",15.2001587364616,11.5114750777657,1.47400094331983,0.363874911156767,0.573534321008458
"146",138.993424940759,148.241116801435,20.4329188205624,6.18950258120483,11.3416245960655
"147",79.2462076221453,82.8455850435182,10.6900157227066,3.18022782341598,5.11344290296623
"148",1.06053784468639,0.758046324100722,0.103214754590119,0.0240721414181143,0.0430904655319968
"149",105.503100401349,112.814494945448,15.7718639871346,4.80347973380187,9.05947152226353
"150",0.221872077479579,0.397175556942706,0.0203865833671464,0.00478131404819947,0.00803467441089652
"151",12.9710142206416,9.84826324693509,1.17198006821216,0.292796720044207,0.408887446418381
"152",0.156512570716364,0.407920474596994,0.0153819149437645,0.0035568653445382,0.00686013668247874
"153",128.638141578555,133.492341072617,18.3643492144002,5.54097862524899,10.0316421076386
"154",116.319556352046,120.934305478853,16.4409286414527,4.96554098671617,8.80239530496439
"155",159.040923429844,164.18756120726,16.7895165644823,5.21290613786681,5.95409943641613
"156",0.242178043769044,0.395281852556471,0.022447050298767,0.00529055355050277,0.00906944928663715
"157",10.9374008889606,8.3221519459626,1.10335354942742,0.268235141230484,0.453911840257943
"158",4.70708658656968,3.45132744615034,0.506396568496775,0.11928560678853,0.254053725568976
"159",140.960743051838,150.067702670337,19.0036693148004,5.87030288491902,9.0615774721914
"160",0.104762943175944,0.372641213516081,0.00994231150392574,0.00231189789783992,0.00413643455351269
"161",94.9738612391142,101.85585485947,12.8809193688621,3.92652136023334,6.08590186415681
"162",0.151397907305932,0.393017759041736,0.0151127363573396,0.00347280953643734,0.00692256554626204
"163",0.329425413979319,0.516397360609494,0.0319207999115943,0.00739050845215575,0.0137938351069422
"164",0.237309358817483,0.413487346238562,0.0219884211698743,0.00511907044425627,0.00871365794212718
"165",0.232707276517657,0.436411854873118,0.0217241125950734,0.00506829441943975,0.0087725173654073
"166",17.9276481623518,13.6408099188976,1.78603601025783,0.450389629846426,0.732841171086332
"167",2.5131536739964,1.79413551699735,0.228167597924558,0.0551769366714892,0.0855383670746024
"168",0.250920414356515,0.48227503941579,0.0251759850280813,0.00578857266894692,0.0117124055508351
"169",93.3748689976854,100.482337668092,13.6435315404406,4.14034428748584,7.33564510430668
"170",98.9138821065797,103.642963880025,14.3644370878046,4.28690486181926,7.92312224292893
"171",2.69043003032157,1.9451563646836,0.277719567160085,0.0652312746351886,0.129603334132517
"172",77.69282155293,81.5567432220231,11.0796857312282,3.31888545699287,5.85445129009717
"173",85.7579124503163,93.9893525998969,13.593451648028,4.07532258056234,8.35041553443668
"174",12.1697409596856,9.2585198330997,1.21004685864911,0.294972129566175,0.485437178612135
"175",151.453001689923,160.437038520417,23.0137744431105,6.97726358930413,14.0177373424185
"176",132.338802394644,142.135723109791,19.6391349420532,6.10787440814071,11.1836593239213
"177",7.15843598321011,5.31711122768425,0.741312878744356,0.176696224658652,0.332354249655146
"178",0.237711106290289,0.398690814227975,0.0220096608935537,0.00514611517976404,0.00876603716967575
"179",6.97564264308363,5.203496518663,0.670284967654792,0.1622174762333,0.259709916119916
"180",0.367572481980002,0.474287121052597,0.0332410096831746,0.00774842162857188,0.0125824020225111
"181",0.0856692476182284,0.427027849106812,0.0084074270260237,0.00194710265084801,0.00374277478701553
"182",21.1057494345901,16.4479461098754,2.3844499389098,0.579632820275552,1.19699104503789
"183",112.369301379497,118.921430329811,16.4986371401095,5.02512891616071,9.29115141596378
"184",88.9132584422832,93.5448891264056,10.4791182892605,3.21070656932101,4.12403265251225
"185",165.266765710762,176.183358499414,24.7797863506618,7.60471499444153,14.558558471195
"186",135.524880644302,137.917101115877,18.2813616303923,5.56129322679914,9.27256985019519
"187",0.150206566355712,0.419655259915469,0.0145021724061207,0.00337297134816301,0.00627616603174112
"188",0.215391799483011,0.488518388378685,0.0179880241800685,0.00424993696977338,0.00607426965122486
"189",5.44142852772472,3.95878438868443,0.478480626147327,0.116452842476233,0.166657367028856
"190",9.57357222001526,7.25469913431089,0.890410240533846,0.220760726193705,0.323921763979291
"191",0.720432158343859,0.571958148160353,0.0722127411038707,0.0166897989169533,0.0329024100075669
"192",154.96808218862,162.207681321875,22.9413777324472,6.88202338145766,13.3217522168604
"193",10.0362984882559,7.58127780307866,0.908556582247572,0.222682320177133,0.316628085973234
"194",142.560108504088,147.572374727028,21.3409764110031,6.28795214260533,12.8674190371965
"195",0.167524063508208,0.427421388333993,0.0149805104130171,0.00352066200033497,0.00562953340784377
"196",8.09478949323531,6.06983418441323,0.891336362757392,0.21175066341958,0.452399237667234
"197",11.5297107890598,8.79024663044506,0.991015101076166,0.247188552862703,0.32133771127067
"198",9.44362147776174,7.06470731618906,0.892218496276917,0.217962281873555,0.336110647301361
"199",115.935832591762,124.366289599739,15.7976236550977,4.89703788631901,7.6189338749904
"200",18.9760323232383,14.6499443358143,2.04550015841173,0.503248517754156,0.945587660181309
"201",15.9398729041341,12.1251804819363,1.3634157107326,0.343596479876746,0.442555764070454
"202",0.318134566374271,0.476484443620562,0.0306993341759008,0.00709651727540369,0.0131175005948066
"203",2.26385393310253,1.63795914583554,0.215914327249542,0.0511852653168586,0.0856251936107855
"204",0.248212654483801,0.448708931239415,0.021946819225856,0.00517172436546778,0.0081066923980911
"205",36.4819951105791,36.6523072346214,4.88183648654987,1.38440908167233,2.36382297091238
"206",139.675959758381,144.641024687798,19.1695911680361,5.75256852419592,9.70709962670622
"207",0.199620769127182,0.404023924521027,0.017275320896866,0.00404953727086017,0.00610165823983908
"208",113.824391688946,121.151053312543,15.6076774122093,4.81507249250365,7.67958712916313
"209",175.998230158144,184.153370218905,23.968374059545,7.41316744984178,11.9967546395301
"210",15.9386726966586,11.7847106117526,1.29346057115534,0.342560770253482,0.414496836071469
"211",152.561794623365,161.310763721357,21.5327625302381,6.63112966248233,11.3087421347556
"212",0.206393741601907,0.433881194191686,0.0202713918791884,0.00467443772263054,0.00897811153697004
"213",7.10296335173831,5.28825562524501,0.774384071443858,0.184046955990964,0.389814852037913
"214",160.520176522922,164.463937185154,20.8804235621128,6.28791387182687,9.74325143571104
"215",0.250690516851377,0.401504848607984,0.0237626370542679,0.0055259659238775,0.00985430015900733
"216",0.255978465573948,0.472709531846358,0.0210514592477293,0.00497205508453331,0.00692800344491325
"217",0.315018099066034,0.43900650309161,0.0259372820400094,0.00615988193823381,0.00860727671631872
"218",0.478864380533376,0.534911432494639,0.0389229609481006,0.00945843326531585,0.0130398069330912
"219",4.00456229138851,2.9280033596913,0.389155692838135,0.0931855641604221,0.158021564095259
"220",5.08270740709919,3.67048277151228,0.436375749342007,0.109587617530138,0.150502451853978
"221",23.5896912004183,18.5126066609357,2.53928772525006,0.640883038038435,1.15209051140015
"222",19.7966608932509,15.3629541326555,1.75319421619736,0.440486010648418,0.582248144270216
"223",7.90468989177079,5.91378660932074,0.749533556973056,0.181400763634862,0.282635885093705
"224",79.2714119421666,84.126278899367,11.8610348597792,3.48758555726528,6.73398739445711
"225",0.271222364053442,0.448066364331466,0.02469114355763,0.00574419591323227,0.00944317205871814
"226",20.4623979833138,15.8143276902911,2.03685719921493,0.505214100862583,0.80681192652642
"227",19.2670617776985,14.8186774749403,2.01398131795202,0.492622029530846,0.875363181684889
"228",192.387169004321,205.24759515334,25.5810176413026,8.04183353822772,12.1309517297493
"229",0.190302290051479,0.460023457522096,0.0191703148712464,0.00440870300037809,0.0090102600574438
"230",138.535769619991,145.347470257791,20.4411117543306,6.22615513086618,11.887159480627
"231",0.44337835780986,0.483836570970604,0.0415788475611845,0.00962733150557048,0.0165928682951006
"232",135.128131866029,140.525283364872,19.6308830989923,5.85640354096622,11.0240102934989
"233",110.881958888709,117.035883064791,16.1287531237291,4.89832507921499,8.94722681837016
"234",0.335996880324547,0.484472055340965,0.0316636010929371,0.00735820562985418,0.0129466816048745
"235",0.321981652668995,0.467964293588093,0.0285307236342572,0.00667771766862305,0.0104722785810828
"236",0.428645625824046,0.505317434600935,0.0428573944445938,0.00984886438349289,0.0196785137340683
"237",0.163612559180952,0.38601486886859,0.0137944573847739,0.0032592011322378,0.00471504301562305
"238",127.07162614966,133.666596308082,15.5183806424382,4.82376815064009,6.5043719284189
"239",8.00521734646649,5.96985099474508,0.839581642791232,0.200916489267004,0.38502777213222
"240",0.373078400732809,0.521774580562952,0.0367661748729118,0.00849005340401023,0.0164626375736163
"241",0.308567704320385,0.481417094200305,0.0272463719900634,0.00644279976301591,0.010081217833714
"242",7.65014997792075,5.7324753633908,0.65608924612632,0.16147728983468,0.214494975830799
"243",58.7426991082616,64.258317793108,8.58981130289292,2.59514594323059,4.45717636625793
"244",108.097997477691,115.819550029619,15.7649231464968,4.76210321517697,8.48974564952471
"245",143.446734120392,145.842392369311,19.1753084799913,5.75830470375655,9.5109419515595
"246",0.180418580199769,0.446818364308568,0.0160976516534478,0.00377454429407402,0.00600599061056655
"247",87.2953615875834,92.6753622949595,11.045568027854,3.34898634676074,4.70779364561969
"248",0.167656712831475,0.372082056070437,0.0158093157271304,0.00367495843467618,0.00648385110191249
"249",2.71519027357234,1.95855022986685,0.236469087987908,0.0565612658630069,0.081321531385155
"250",18.1444169904831,14.1140850568662,2.00749649733643,0.486494916797468,0.960583329800031
"251",6.08272082849263,4.50624894660531,0.541943543235559,0.132152208314077,0.188413873954929
"252",15.9031971485471,12.0146915720062,1.5104549832657,0.379638360015396,0.574930481022206
"253",15.2350950484374,11.4293180264295,1.33043873252505,0.338287362487208,0.452526998620283
"254",0.810233604061861,0.575486995408984,0.0820140444661276,0.01906674579557,0.0377316968708013
"255",100.851089306302,106.93040530526,14.6261404687722,4.38021303615672,7.88456477346707
"256",8.68229564880901,6.53876474844245,0.906159041443471,0.218038262585174,0.404438751896662
"257",118.310970263863,122.133779687065,16.2143051994973,4.82809576033055,8.15555280424187
"258",5.22456047538561,3.82537307623498,0.483622639746064,0.116109939610315,0.179869634436163
"259",0.352530010083192,0.446378571902844,0.0297487264726282,0.00699266909316585,0.0101131147272085
"260",100.949233212765,104.263785369526,13.9370810244086,4.17415852519518,7.13947514212566
"261",22.7269257541725,17.6991899449202,2.45680039547578,0.61128019871659,1.13091225684712
"262",0.329483934905186,0.467421668472574,0.031203627322862,0.0072135430866886,0.0127860082736436
"263",21.4669413669358,16.7367584039629,2.33380068179232,0.580465239254127,1.08508420386491
"264",0.12393513036924,0.340143674391692,0.0111919439593467,0.00261073090400382,0.00423631662328059
"265",106.5511805613,109.414168910139,14.9352921454073,4.36228222213888,7.83065697718343
"266",0.296259291411524,0.425651797284458,0.023162827492953,0.00557663993647423,0.00726214782629396
"267",16.9117253879908,13.063689755286,1.66709800862032,0.411614224142718,0.648073668953292
"268",0.207690443312459,0.476607332532575,0.0183802559569657,0.00430678167417438,0.0067544383412097
"269",182.128645101612,189.670008054676,26.196553245441,7.93962452924088,14.5771110553222
"270",0.113542597550852,0.343964032857708,0.0101830051893306,0.00238083579403454,0.003818587389212
"271",0.0695902612441883,0.38413015593732,0.00554342789995737,0.00130921005211767,0.00174198248480606
"272",0.142168384721438,0.40435893191913,0.0128981786749706,0.00302489374003081,0.00495969462778069
"273",91.5223208618814,96.5392782716856,11.5314621120607,3.57962392039687,4.9906788236734
"274",137.505714137532,141.856212340573,14.992687924199,4.74626581392273,5.58678744552863
"275",141.462574133108,150.13670034186,19.3944935841987,5.85951224170095,9.45063881872813
"276",139.3496692609,146.485988544428,19.5855797919067,5.89217484373179,10.1089229988908
"277",0.139506603797199,0.382759878028082,0.0123892916155515,0.0029239397724177,0.00461671059296208
"278",0.268893832525218,0.444051421931624,0.0270431720533949,0.00620314053330072,0.0125871580684867
"279",57.5188344538559,61.7410218081813,6.47942506276238,2.00011047216759,2.37161916053498
"280",107.041737167275,111.103806024285,14.994512454256,4.45964827700163,7.81006802317481
"281",0.511168228341603,0.556281025368307,0.0509196625602449,0.0117893483615634,0.0234898268700996
"282",0.17846252155489,0.452052095376725,0.013987701068734,0.00333968052584457,0.00436423745228361
"283",20.4686179310874,16.1491207863501,2.27812667089427,0.561804596268531,1.08437662398995
"284",12.1711174250154,9.31195946384371,1.19304325496764,0.293391106348139,0.464810547890987
"285",73.742015567116,80.1173931962725,10.8330836763853,3.24566279239352,5.70935944997509
"286",0.381790205716689,0.476511111938167,0.03638285730653,0.00845146681857679,0.0152173308164179
"287",4.55233656216675,3.29367837096655,0.431247926165793,0.10429309273144,0.170788229840425
"288",109.550054276457,118.172980552521,14.6491833042942,4.52327356794765,6.75275535945559
"289",5.2250880852203,3.86059535123638,0.545760207325499,0.129723218921511,0.251747549437596
"290",10.0340978837982,7.55673779359085,0.960886855789398,0.236474279191771,0.368296810697283
"291",3.59319880295205,2.6280767397763,0.369677205927597,0.0871650367935369,0.1674254361761
"292",140.103907668172,150.7067997558,20.4969947815831,6.29895508409381,11.2408011882027
"293",65.5263647900173,75.8431644791441,9.35426651383071,2.96361654849048,4.39576520502969
"294",0.256423026932306,0.516136665587019,0.0235121996788027,0.00551580277886869,0.00923355759668797
"295",9.23207324415679,6.91408770893127,0.869189175505577,0.210027428487566,0.323099075122033
"296",0.0824473131919377,0.377424628512683,0.00789704184551781,0.00182998021545185,0.0033329001825086
"297",17.8453602507533,13.7657023667378,1.51323767776662,0.381850522890842,0.479668649629578
"298",0.204456490361697,0.381722047522976,0.0177292484303087,0.00420499257643204,0.00638186971775179
"299",97.0430270797658,99.2763640845678,12.7900540793154,3.80757192836685,6.06134580362198
"300",107.290913781015,115.109371382082,15.7944230780001,4.81346229188984,8.70591534447584
"301",125.631427174957,132.69368969939,17.7888399102386,5.37341998059851,9.28286524904526
"302",14.9100583952284,11.3166557018175,1.41391872840715,0.346272969435026,0.525822786983876
"303",128.562422723709,132.138525849467,17.5635025845212,5.25318109930805,8.89830302175599
"304",18.475234703906,14.4668644937045,1.80348879236987,0.451103230711473,0.681338732158395
"305",1.01638320498082,0.713589877755553,0.0802910450728723,0.0196018294144782,0.0251506897874171
"306",9.04603684894205,6.74211182150042,0.937591273496434,0.224943269932716,0.419986789506201
"307",0.108253596615246,0.382070171739775,0.00946269299011587,0.00225976604932553,0.00348759334390819
"308",0.369543661267321,0.471842282330982,0.0330709896433096,0.00777589985204285,0.0124324418923287
"309",6.33520083267106,4.66460668771526,0.541834215879768,0.132745562773203,0.179458790511081
"310",16.9368296677411,12.8182705752392,1.57244619031773,0.38918842776282,0.570870449279636
"311",1.82746716641625,1.31046885548622,0.143280517947354,0.034745706219529,0.0434122265729334
"312",0.404418002687235,0.479296728900549,0.0309514457929574,0.00741925861485689,0.00938917233463315
"313",11.0585767781692,8.3561673539913,1.12470887994775,0.274151192102774,0.476450572142012
"314",3.33868624920089,2.4156219286371,0.323484062064055,0.0776420854001184,0.133157553414558
"315",0.202290176680357,0.36063858696722,0.0166288779705592,0.00392039669438697,0.00545328775157505
"316",0.294614510221297,0.463293582571001,0.0291616529012749,0.00671434228241884,0.0131312566256455
"317",100.473238424937,103.803452619979,14.7819329872676,4.36688535716538,8.61308998909728
"318",104.945776653642,109.870562256403,14.9059850521531,4.50925075612949,7.93230105355481
"319",2.26701369638159,1.61713686837905,0.206556149351515,0.0499420649352184,0.0779961971605792
"320",2.43732811023721,1.74057047851668,0.221861882444941,0.0536193803574966,0.0834788479090964
"321",20.2233867694204,15.5044986780418,2.06432840973964,0.50337180363853,0.859141469941112
"322",25.4298838309288,20.187418303657,2.77615120601428,0.707032472243255,1.2760790352831
"323",10.0681345688701,7.60760515096192,1.03179987570071,0.250963207491584,0.443315194659972
"324",5.51686634358357,4.06288395168813,0.551584633396595,0.131582549001408,0.2334458708793
"325",0.195125339852407,0.417047575376813,0.0173419902263494,0.00405331739691182,0.00638523695261342
"326",156.417195353906,160.190545355824,18.5396689000699,5.7142184605041,7.59120958707
"327",121.340025072326,124.999729803284,16.001848768675,4.78157674149234,7.55063799548515
"328",0.0678857730806847,0.327830631700133,0.00582263398287735,0.00136892004871868,0.00203525388696771
"329",0.315979633109274,0.432972580246679,0.0318386641645379,0.00731572408752005,0.0149240683564793
"330",0.154758326170725,0.418845411335947,0.0155496174484022,0.00356191482758531,0.00720538357856508
"331",0.288163038553067,0.443623926068753,0.0258254934439462,0.00603733298489697,0.00966313314997683
"332",0.556835188652603,0.48886532192063,0.0495632447192235,0.0117013574950562,0.0182375852151504
"333",2.26426922963361,1.63970377453496,0.226513318501753,0.0533807200371952,0.0983470890667147
"334",0.212535964151994,0.387121491790237,0.0208413292668523,0.00480574092698165,0.00919373080293462
"335",0.264945244636668,0.468640622819845,0.0251966703402083,0.00583108042133479,0.0104458960740489
"336",21.6385326774209,16.9808838737401,2.34400658138884,0.575894265298536,1.05984197338514
"337",17.0929013945946,13.257480900931,1.6951269737056,0.423467435656294,0.666189549442229
"338",0.138887804570266,0.351438916629117,0.0111144792814596,0.00264131000859506,0.00353976893825365
"339",2.36136895462692,1.6935568723818,0.234059826199833,0.0560526286580904,0.102493298281459
"340",182.661076443907,192.942322369929,26.1528956713689,7.99847833658076,14.1498191568315
"341",149.119285002323,154.023625521753,20.6087902676927,6.21405973932567,10.6548269202004
"342",0.524688083845172,0.547979047226441,0.0490744328326105,0.0114603763553455,0.0198253573258784
"343",0.212273057034438,0.42558255155304,0.0187644607729445,0.0043696842574972,0.00680759188317867
"344",0.154579348900033,0.424759563344099,0.0140744012398661,0.00329701669918722,0.0054405380358271
"345",0.362483337657584,0.479368373323869,0.0341095228729869,0.00794097706107675,0.0139455884628215
"346",160.491816190153,172.080409760041,24.738081060914,7.5590022858895,15.283784562213
"347",17.1227172990815,13.1976939037263,1.57310792563542,0.391589737819197,0.551114227415011
"348",5.22771873124095,3.86575592947507,0.497121809589766,0.119434328612206,0.190874339698715
"349",12.9364747587767,9.91504666982442,1.42608174653165,0.344405017251505,0.697085185366856
"350",0.124361460034842,0.406727965864183,0.00875921593632313,0.00211988420776766,0.00242898967494539
"351",0.356269055259594,0.489773022870054,0.0306021987665524,0.00725707918480264,0.0108413933813629
"352",143.306952161633,150.842650268481,21.2861930677148,6.40781544971953,12.3562097581616
"353",131.49627897463,137.797945284007,19.4566048855805,5.79923339090041,11.2452238912043
"354",100.068286632957,107.626306537793,13.8865450869633,4.24311727097155,6.80167199593846
"355",17.5651483328252,13.3642557499609,1.71654614226954,0.434440792291695,0.681542430556153
"356",175.827125915433,180.75814294924,23.5697321458977,7.22559192440141,11.7242455472529
"357",114.191557388683,121.037907707806,16.7688236293578,5.05738663956207,9.37414109471561
"358",128.262819355068,137.977368680184,17.850676112078,5.49404270277188,8.86382252537311
"359",15.9004165923427,11.9831234330209,1.56498406114228,0.387761397971508,0.631267270868796
"360",0.222053373734713,0.424621050695555,0.0212903345856856,0.0049581697709729,0.00907526334540812
"361",0.274375761427923,0.468020158601409,0.0262597441596973,0.00608100545581485,0.011048141015117
"362",94.0085573108161,99.9594099683748,12.995446143829,3.91891589139972,6.38916617158168
"363",0.194676673271827,0.459546971107461,0.0184788101675402,0.00430775293791496,0.00772256384469823
"364",0.788948277079093,0.554592825769352,0.0699287643702355,0.016589359383879,0.0254807730536832
"365",19.9514796474563,15.7831485506865,2.08411114497863,0.518507367420343,0.870211933574929
"366",5.32774094588218,3.91793182992656,0.582737725421144,0.137019388518675,0.302948234411724
"367",14.8366581184297,11.2222353057124,1.46369926872377,0.356434046651232,0.583803586919715
"368",3.50399013040116,2.54286820870783,0.26596916015767,0.0652299914785119,0.0772811934967695
"369",103.266127612165,111.436152592238,15.3066728133492,4.63929595361165,8.41691273290095
"370",2.72532057892445,1.96081470434242,0.258163979666232,0.062702122209457,0.103422705976964
"371",14.6376126541095,11.2398614972478,1.46527237684107,0.359127973019969,0.588207322198753
"372",175.830227826488,181.256631924371,24.4498449127956,7.26206144198932,12.7168124787433
"373",131.396565172772,133.761018205545,19.2179531108618,5.56997970876008,11.2438697587933
"374",0.865495239417988,0.610676050122217,0.0728623102301708,0.017386641660689,0.0244622747341573
"375",16.4040514962451,12.5505040472085,1.54657576907085,0.38925573383594,0.572191915713121
"376",0.211812561160916,0.354355226417778,0.0180305971155663,0.00435308510191946,0.00644261284668
"377",125.972427542534,132.823231786862,17.6276176233288,5.45539432076314,9.16746542720158
"378",1.2248124660818,0.856725147859659,0.0970007153052215,0.0239424198688815,0.0307677496432642
"379",0.153311442928028,0.408867844593126,0.0139965443630114,0.00327378835216073,0.00542654436562877
"380",99.3489873339995,105.42752854881,14.604213696443,4.35050902685869,8.0706612173734
"381",16.3848263799392,12.7250827396099,1.88791222828321,0.453926655657316,0.998503424662511
"382",152.480009490113,162.0933580515,22.2988330521875,6.84772689368151,12.4695997749892
"383",0.226394164983231,0.419916165135265,0.0206344602261852,0.00483096979904772,0.00798477281857161
"384",19.387819370196,14.7395840432077,2.06292438664144,0.501098610216492,0.94820820901463
"385",18.2653515291826,13.9032488899714,1.83221413417893,0.445130041140323,0.745000849649179
"386",0.299872591959363,0.463518750525562,0.0285682537201649,0.00659272511321207,0.011827884683511
"387",19.6843025924237,15.4168662478213,2.13164710376647,0.523077833617044,0.966209488867445
"388",17.2109387845632,12.9538019279131,1.56639739746508,0.407262419122947,0.570070037302788
"389",6.31138545819406,4.68159762467245,0.643998816615614,0.153543515138299,0.280440933366013
"390",13.8741320274183,10.5171987462101,1.46071948578175,0.358476586711127,0.663806277518858
"391",1.50307329519417,1.07757455779126,0.148910045668171,0.0350793667648499,0.064551774521783
"392",0.0450876522581733,0.365330990877075,0.0041242463378362,0.000960608269172485,0.00159550113601682
"393",0.385324954399892,0.536794063878684,0.0346981641004434,0.00828283973290272,0.0134955968318469
"394",0.227850856265822,0.485701591634774,0.0214422607809354,0.00502420741816564,0.00885988111081442
"395",0.39022788864257,0.484454122655262,0.0365184382029608,0.00850095165501542,0.0147503232495924
"396",61.8670159245832,64.6398584664466,8.51394658648265,2.54448025820922,4.2092652266215
"397",0.236194654497437,0.426316860956794,0.0189996241276104,0.0045373658023551,0.00613602400049988
"398",5.79778319416357,4.29450504076778,0.572710097645904,0.137375054030025,0.234993406764986
"399",0.083044377794485,0.377115600248511,0.00780010593898998,0.00182452861009526,0.00320284935063326
"400",0.196011136830198,0.465997410399905,0.0178070514564236,0.00416856687246031,0.00685196631172678
"401",0.106305012109061,0.394355291116731,0.00964312849487633,0.00226103382286551,0.00370620182208038
"402",0.102214834443207,0.298808744320955,0.0086802203194985,0.00207844755069828,0.00305663908471801
"403",15.5089347741173,12.2472813744138,1.74612179986013,0.425502291542937,0.845883449247018
"404",0.0677271299114898,0.422667512659544,0.00640458960312672,0.00149629994033099,0.00266710038910235
"405",190.048879689082,196.230924576412,25.2569718127221,7.73782499845039,12.2632943354453
"406",0.156028412171412,0.315670384836865,0.0113132702290281,0.00269564097720088,0.00318797090055902
"407",3.13266663948929,2.27304730883207,0.313709486708478,0.0739993730785763,0.136064298515784
"408",1.00234231064089,0.702471002238312,0.0857134595639107,0.0207216787092666,0.0299099735625188
"409",79.6531009438244,84.7785198955739,12.2763259090039,3.60524913533523,7.42373785168392
"410",0.233349636237607,0.387263664300275,0.0193306620709544,0.00455477315835425,0.00641005770216505
"411",75.8162550205766,78.3956288860867,9.89198240616732,2.9299762738143,4.51586480110401
"412",15.2712090893025,11.7167257000099,1.65431290408838,0.403245082871147,0.778824219744707
"413",10.0347062591496,7.46990899076582,0.954889286521403,0.235018822042259,0.368296500664682
"414",0.445157000774412,0.519871921240884,0.0407604622511243,0.00946228523154777,0.0156883063889857
"415",0.188780482766019,0.321907439274199,0.0136147449095589,0.00338142387338135,0.00398806006755969
"416",118.896368548028,127.279536470816,17.3934333199128,5.34530420202466,9.56117641888403
"417",0.0643829060997619,0.313754237301154,0.00587790684534858,0.00137045896700487,0.00226851486681589
"418",155.109266786374,161.605991124117,19.1310665943999,5.94278758483336,8.1973082036375
"419",142.015836191232,151.517639520861,20.8530320878208,6.41129137987487,11.6892267459132
"420",0.540829284734071,0.546213443258221,0.0509617673983703,0.0118931668784175,0.0207206062380577
"421",5.46389203060784,4.01428096251398,0.541709752415412,0.129953272721955,0.227112579358236
"422",119.16484023601,126.08350799691,16.6095469009985,5.04448048477556,8.41253727255994
"423",9.52803076340665,7.24787167538106,0.971106241571729,0.237378470100647,0.408986426927782
"424",101.045953638835,108.264729112529,15.1033496454789,4.64188516907287,8.66784795555898
"425",128.99885542215,134.342340293785,17.7510804668295,5.41662088862644,9.02950808228053
"426",0.158103882774366,0.392100287376781,0.0136546201673011,0.0032065988003747,0.00481715005966117
"427",185.716809589356,195.236632916611,25.813000475665,7.86550150492466,13.205632963587
"428",135.835403868419,143.75832044265,19.2799025727206,5.97123492081959,10.2592633861597
"429",81.2157278114805,91.4632126622058,12.8407124188263,3.95410821668749,7.53474083282823
"430",14.0018547700995,10.5037699951389,1.27733593029026,0.322328596267655,0.461182223321822
"431",0.397218461169345,0.487944522901371,0.0319921527424314,0.00769357135213941,0.0104441374382584
"432",16.8702333493195,13.2513145909178,1.6820465095041,0.416751574716429,0.65189796566385
"433",0.0601368186549622,0.362507506151117,0.0055476423108256,0.00129674743898594,0.00219393805530537
"434",0.235555545947147,0.373941560829461,0.0220237075569951,0.0051116351897358,0.00884531484316599
"435",111.966111684979,114.608517997842,15.1084688635101,4.51487765688276,7.49191734664619
"436",0.165331132726604,0.378351344822467,0.016229643171993,0.00373982661267982,0.00716792670447851
"437",144.415850215692,154.649068140735,20.1429413520503,6.23390063269765,10.1458391994224
"438",5.65443787267597,4.17329086834606,0.528469654929434,0.127528351084719,0.19801143749925
"439",158.91626402036,168.058775562306,23.1778087723446,7.02538873554784,12.9345924687415
"440",0.243701194230549,0.337921784359228,0.0249129756782571,0.00568983989170019,0.0119828310150667
"441",154.187814062061,161.56086940911,22.3596054746824,6.72955664967212,12.414823456568
"442",3.30661635461679,2.42053785675516,0.344512145660441,0.0808354719793782,0.159869981951697
"443",175.110917824616,186.660451061395,24.9986945390032,7.77365561722457,13.3712105048358
"444",0.233702364415383,0.451908130125248,0.0198614353767374,0.00472015257777949,0.00693059307284056
"445",1.64738524162641,1.17869137394439,0.170624735615949,0.0398597671892935,0.0819056300318358
"446",17.7568524514024,13.6256113270183,1.78623489439498,0.437829843901371,0.724272145812206
"447",178.117681228266,187.823702193855,24.4772301480294,7.45024958258689,12.1894350989458
"448",0.110802707098656,0.398084618669309,0.0102959041992134,0.00240779432207669,0.00413395054926209
"449",0.971104074213466,0.688753839043705,0.0959483709513244,0.022474429273213,0.0420925132004226
"450",0.046181675515957,0.314260699512646,0.0038568381711484,0.000926174475220469,0.00132673408684878
"451",19.5924827394853,15.1555023735298,2.04977319559153,0.513086692168676,0.895379151328641
"452",14.8717099633655,11.4410337394243,1.62078864731304,0.392723528665406,0.766552905369895
"453",11.8984108565327,9.04389403310875,1.07613373058944,0.266443425008495,0.37371224060045
"454",3.11125041435124,2.2595117120026,0.308033532427228,0.0729807792494397,0.130564009096137
"455",142.337430379601,149.420025961931,18.3409737211591,5.70832991295296,8.3431898659502
"456",0.218812922481641,0.403590195751537,0.0216438196273931,0.00499682017208758,0.00977095825310122
"457",159.382691860522,165.939973339835,22.3542752006725,6.76907905715507,11.7816795119785
"458",7.8119599294067,5.74402012852916,0.69290734613438,0.172284505583225,0.244012217324363
"459",140.863566570215,144.843692771565,19.1956109198656,5.72951018732636,9.65613219993359
"460",185.099870223642,195.357429424244,25.3387346268397,7.83784825263215,12.6517024480662
"461",84.8061938691642,90.1888777186881,12.2040561432068,3.63083343224179,6.40834674365311
"462",0.261726570912696,0.508049252683835,0.0253841751855803,0.00586664063850245,0.010959267965038
"463",14.2461929723571,10.9091831311363,1.22687710119592,0.307679570774501,0.398042617982757
"464",0.341079179957336,0.402645840903924,0.0246283117586616,0.00614086808333503,0.00726693868871434
"465",0.134856629736342,0.38420455463152,0.0118250544169602,0.00283341882957162,0.00440697306654361
"466",5.48676803831185,4.05241537594016,0.599401734119437,0.141609643195279,0.308173060382015
"467",160.36537008698,170.063915786921,25.2263859988316,7.58535113982739,16.639637463092
"468",113.662568338435,120.893643539496,14.9070327839084,4.55728628420751,6.74841323247176
"469",20.704394318768,16.0767933731516,2.07364997846321,0.517970638513983,0.827562458987322
"470",185.210463618272,191.533150895621,23.3449952644773,7.26027784106662,10.4454712015644
"471",16.8936650210873,12.7246973043998,1.47857742357679,0.374575742545952,0.501215699032481
"472",0.73395887491526,0.514230517214109,0.0706003997753611,0.0166851492473333,0.0300959685287158
"473",137.356763410844,143.67471587697,15.4049956160324,4.8740516578114,5.85657002197295
"474",1.81887338901558,1.30414673657629,0.1822788347297,0.043049232437631,0.0811323058691087
"475",14.7411722315504,11.2824840116384,1.47233400907745,0.36471758429031,0.595208508421078
"476",115.936187601292,122.089828471593,16.6705852408785,5.00663929557129,9.00317019357111
"477",144.430883935613,153.893760369927,21.8004746659037,6.57788273828597,12.8442313486133
"478",122.255575181498,127.037843093141,15.3217598101579,4.64211842213831,6.63195061349447
"479",91.5562391176667,95.9114732165801,12.9240061494442,3.83814310078187,6.68742929482009
"480",14.6585615821378,11.155696104181,1.55265831301676,0.376266955278383,0.704061508450427
"481",84.949803790399,92.7759675218745,12.9491259046738,3.93483376552143,7.39959289926717
"482",108.58944788658,115.275079933904,14.9280099031967,4.56275406166608,7.35753960027372
"483",0.801711256500324,0.551125310794085,0.0659479914745264,0.016470812190264,0.0226162134724203
"484",148.195491637227,151.974543559894,20.701209893901,6.10726039417703,10.9099311979348
"485",19.447831454543,14.9606428918989,2.08650617803146,0.511278584248298,0.959110287777707
"486",0.251771861363053,0.436456687022933,0.0217440200756593,0.00521186998302474,0.00788950288108431
"487",15.523821055237,11.9446699334699,1.56658364342052,0.390336545182885,0.64212761179712
"488",159.381404489977,169.280902401361,23.3045764429882,7.08606782569868,12.9380860425308
"489",23.6658026263398,18.4876546934338,2.70560094243115,0.653783775076407,1.38610361299361
"490",21.8247926789774,17.2422528674157,2.42204154607773,0.594490534123455,1.13902059271482
"491",165.801892378041,175.060979044703,23.6608479946548,7.17648522821118,12.628470701164
"492",102.24323650451,105.030382698254,13.4384024280812,4.0320353411153,6.33985672686529
"493",14.3739556657323,10.9599174803646,1.44700085977679,0.352531819775985,0.591598552927494
"494",21.9414604216876,17.1339000558334,2.29383862015845,0.575764387283359,0.985536210350281
"495",13.8161303662161,10.5482037316032,1.51304419019997,0.36355735661245,0.73184346979911
"496",8.3737661955889,6.28215583945057,0.93065938666361,0.21948789707826,0.481182971078791
"497",160.12961953528,171.576187056892,22.2611574267458,6.84942470056115,11.1104617930402
"498",0.38240359994487,0.470778349288023,0.0377428941504181,0.00872386280442508,0.0169695364389133
"499",0.296308115634001,0.502227324840858,0.0273691056522204,0.00636342331364245,0.0107570180778976
"500",144.591306638691,153.122338177621,20.0079097672901,6.11035035343828,10.0471460338561
