"time" "age1_orange.S" "age1_green.S" "age2_no_comorbid_orange.S" "age2_no_comorbid_green.S" "age2_comorbid_green.S" "age3_no_comorbid_green.S" "age3_comorbid_green.S" "age1_orange.E" "age1_green.E" "age2_no_comorbid_orange.E" "age2_no_comorbid_green.E" "age2_comorbid_green.E" "age3_no_comorbid_green.E" "age3_comorbid_green.E" "age1_orange.P" "age1_green.P" "age2_no_comorbid_orange.P" "age2_no_comorbid_green.P" "age2_comorbid_green.P" "age3_no_comorbid_green.P" "age3_comorbid_green.P" "age1_orange.A" "age1_green.A" "age2_no_comorbid_orange.A" "age2_no_comorbid_green.A" "age2_comorbid_green.A" "age3_no_comorbid_green.A" "age3_comorbid_green.A" "age1_orange.I" "age1_green.I" "age2_no_comorbid_orange.I" "age2_no_comorbid_green.I" "age2_comorbid_green.I" "age3_no_comorbid_green.I" "age3_comorbid_green.I" "age1_orange.H" "age1_green.H" "age2_no_comorbid_orange.H" "age2_no_comorbid_green.H" "age2_comorbid_green.H" "age3_no_comorbid_green.H" "age3_comorbid_green.H" "age1_orange.R" "age1_green.R" "age2_no_comorbid_orange.R" "age2_no_comorbid_green.R" "age2_comorbid_green.R" "age3_no_comorbid_green.R" "age3_comorbid_green.R" "age1_orange.D" "age1_green.D" "age2_no_comorbid_orange.D" "age2_no_comorbid_green.D" "age2_comorbid_green.D" "age3_no_comorbid_green.D" "age3_comorbid_green.D"
0 752 62 847 94 125 44 75 0 0 1 0 0 0 0 0 0 0 0 0 0 0 0 0 0 0 0 0 0 0 0 0 0 0 0 0 0 0 0 0 0 0 0 0 0 0 0 0 0 0 0 0 0 0 0 0 0
3.38795555623904 752 62 847 94 125 44 75 0 0 0 0 0 0 0 0 0 1 0 0 0 0 0 0 0 0 0 0 0 0 0 0 0 0 0 0 0 0 0 0 0 0 0 0 0 0 0 0 0 0 0 0 0 0 0 0 0
4.69631728952788 752 62 847 94 125 44 75 0 0 0 0 0 0 0 0 0 0 0 0 0 0 0 0 0 0 0 0 0 0 0 1 0 0 0 0 0 0 0 0 0 0 0 0 0 0 0 0 0 0 0 0 0 0 0 0 0
6.74195910380391 752 62 846 94 125 44 75 0 0 1 0 0 0 0 0 0 0 0 0 0 0 0 0 0 0 0 0 0 0 0 1 0 0 0 0 0 0 0 0 0 0 0 0 0 0 0 0 0 0 0 0 0 0 0 0 0
12.8688998833793 752 62 846 94 125 44 75 0 0 0 0 0 0 0 0 0 1 0 0 0 0 0 0 0 0 0 0 0 0 0 1 0 0 0 0 0 0 0 0 0 0 0 0 0 0 0 0 0 0 0 0 0 0 0 0 0
13.0332496018255 751 62 846 94 125 44 75 1 0 0 0 0 0 0 0 0 1 0 0 0 0 0 0 0 0 0 0 0 0 0 1 0 0 0 0 0 0 0 0 0 0 0 0 0 0 0 0 0 0 0 0 0 0 0 0 0
14.0444109065432 751 62 846 94 125 44 75 0 0 0 0 0 0 0 1 0 1 0 0 0 0 0 0 0 0 0 0 0 0 0 1 0 0 0 0 0 0 0 0 0 0 0 0 0 0 0 0 0 0 0 0 0 0 0 0 0
14.2333292236942 751 62 846 94 125 44 75 0 0 0 0 0 0 0 0 0 1 0 0 0 0 0 0 0 0 0 0 0 1 0 1 0 0 0 0 0 0 0 0 0 0 0 0 0 0 0 0 0 0 0 0 0 0 0 0 0
15.2275723959444 750 62 846 94 125 44 75 1 0 0 0 0 0 0 0 0 1 0 0 0 0 0 0 0 0 0 0 0 1 0 1 0 0 0 0 0 0 0 0 0 0 0 0 0 0 0 0 0 0 0 0 0 0 0 0 0
15.304227492664 750 62 846 94 125 44 75 1 0 0 0 0 0 0 0 0 0 0 0 0 0 0 0 1 0 0 0 0 1 0 1 0 0 0 0 0 0 0 0 0 0 0 0 0 0 0 0 0 0 0 0 0 0 0 0 0
15.3233015875119 750 62 846 94 125 44 75 1 0 0 0 0 0 0 0 0 0 0 0 0 0 0 0 1 0 0 0 0 1 0 0 0 0 0 0 0 0 0 0 0 0 0 0 0 1 0 0 0 0 0 0 0 0 0 0 0
16.4919398116583 750 62 846 94 125 44 75 1 0 0 0 0 0 0 0 0 0 0 0 0 0 0 0 1 0 0 0 0 0 0 0 0 0 0 0 0 0 0 0 0 0 0 1 0 1 0 0 0 0 0 0 0 0 0 0 0
21.216328123355 750 62 846 94 125 44 75 0 0 0 0 0 0 0 1 0 0 0 0 0 0 0 0 1 0 0 0 0 0 0 0 0 0 0 0 0 0 0 0 0 0 0 1 0 1 0 0 0 0 0 0 0 0 0 0 0
21.5665758622807 750 62 845 94 125 44 75 0 0 1 0 0 0 0 1 0 0 0 0 0 0 0 0 1 0 0 0 0 0 0 0 0 0 0 0 0 0 0 0 0 0 0 1 0 1 0 0 0 0 0 0 0 0 0 0 0
21.6636954737802 750 62 845 94 125 44 75 0 0 0 0 0 0 0 1 0 1 0 0 0 0 0 0 1 0 0 0 0 0 0 0 0 0 0 0 0 0 0 0 0 0 0 1 0 1 0 0 0 0 0 0 0 0 0 0 0
21.8915869979971 750 62 845 94 125 44 75 0 0 0 0 0 0 0 0 0 1 0 0 0 0 0 0 1 0 0 0 0 1 0 0 0 0 0 0 0 0 0 0 0 0 0 1 0 1 0 0 0 0 0 0 0 0 0 0 0
21.9048828771435 750 62 845 94 125 44 75 0 0 0 0 0 0 0 0 0 1 0 0 0 0 0 0 1 0 0 0 0 0 0 0 0 0 0 0 1 0 0 0 0 0 0 1 0 1 0 0 0 0 0 0 0 0 0 0 0
22.047682644582 750 62 845 94 125 44 75 0 0 0 0 0 0 0 0 0 0 0 0 0 0 0 0 2 0 0 0 0 0 0 0 0 0 0 0 1 0 0 0 0 0 0 1 0 1 0 0 0 0 0 0 0 0 0 0 0
31.28608978744 750 62 845 94 125 44 75 0 0 0 0 0 0 0 0 0 0 0 0 0 0 0 0 1 0 0 0 0 0 0 0 0 0 0 0 1 0 0 0 0 0 0 1 0 2 0 0 0 0 0 0 0 0 0 0 0
31.6164685070192 750 62 845 94 125 44 75 0 0 0 0 0 0 0 0 0 0 0 0 0 0 0 0 0 0 0 0 0 0 0 0 0 0 0 0 1 0 0 0 0 0 0 1 0 3 0 0 0 0 0 0 0 0 0 0 0
35.0974024647891 750 62 845 94 125 44 75 0 0 0 0 0 0 0 0 0 0 0 0 0 0 0 0 0 0 0 0 0 0 0 0 0 0 0 0 0 0 0 0 0 0 0 1 0 3 0 0 0 0 1 0 0 0 0 0 0
365 750 62 845 94 125 44 75 0 0 0 0 0 0 0 0 0 0 0 0 0 0 0 0 0 0 0 0 0 0 0 0 0 0 0 0 0 0 0 0 0 0 0 1 0 3 0 0 0 0 1 0 0 0 0 0 0
