"","age1.P","age2_no_comorbid.P","age2_comorbid.P","age3_no_comorbid.P","age3_comorbid.P"
"1",14.0836176811082,12.0815486561532,12.1072529801123,10.2286933720046,10.2286933720046
"2",4.57522151628285,3.87919970870507,3.88745284799141,3.25687823510096,3.25687823510097
"3",9.35825377840401,7.91725603290769,7.93410105436133,6.61455764193605,6.61455764193603
"4",9.21444376667704,7.66053226885567,7.67683123760802,6.30507839905531,6.3050783990553
"5",13.0864968279374,11.4741706503816,11.4985803441924,9.96538851393829,9.96538851393828
"6",9.55561925764545,7.87447907490829,7.89123327169027,6.43424616795227,6.43424616795226
"7",10.6633338098664,9.04935255816303,9.06860641386055,7.59764807355479,7.5976480735548
"8",9.62417184819988,8.11582830689135,8.13309599178983,6.77279676109806,6.77279676109806
"9",5.95449939930765,4.83841115833169,4.84870564769271,3.90554742489548,3.90554742489549
"10",12.8892656194192,11.0017096686536,11.0251172379048,9.30462112140803,9.30462112140803
"11",6.36827185705456,5.54805102227685,5.55985015883902,4.77911073254446,4.77911073254445
"12",12.584111119963,10.9045052946558,10.927705209156,9.33193366096634,9.33193366096635
"13",5.85458979388074,4.88494753684813,4.89534099840814,4.03996236596832,4.03996236596833
"14",2.78899379382849,2.2611845401351,2.26599557103581,1.82595430653732,1.82595430653732
"15",8.89071847001565,7.51304179111507,7.52902695534514,6.28120857116295,6.28120857116295
"16",10.0875034818342,8.46346871728421,8.48147607528123,7.03061471904525,7.03061471904524
"17",7.6088949043819,6.42547710851244,6.43914796818415,5.36098277167298,5.36098277167299
"18",7.99848482283401,6.77404640325834,6.78845921044424,5.6773140471351,5.67731404713511
"19",13.5188478263857,11.3830564974981,11.4072752400739,9.51480519669951,9.5148051966995
"20",13.3338473575383,11.50958062691,11.5340681420274,9.8261354250095,9.82613542500949
"21",11.3811115995001,9.6085779386125,9.62902165410855,8.04037887741717,8.04037887741716
"22",4.63087907289436,3.92719022988408,3.93554552403967,3.29292334819674,3.29292334819674
"23",9.24112603559052,7.69087338386545,7.70723693937018,6.34355717677712,6.34355717677712
"24",6.12096458859713,5.12445521137766,5.13535827247363,4.2495081169202,4.2495081169202
"25",3.75334539877548,3.18457410851412,3.19134916407667,2.67005130735089,2.67005130735089
"26",3.69343215851039,2.88826595383214,2.89441120052964,2.26276253988177,2.26276253988177
"27",15.0482923392606,12.9645502075004,12.9921322255016,11.0519485249495,11.0519485249495
"28",5.02950596991184,4.2906932466423,4.29981887614568,3.61686072455426,3.61686072455427
"29",7.62585288682829,6.43777963300564,6.45147671334521,5.37474067787784,5.37474067787785
"30",7.93681960351564,6.63254516718516,6.64665694893119,5.48938067851409,5.48938067851411
"31",12.2919846907142,10.588399429709,10.6109274562376,9.00531136494972,9.0053113649497
"32",2.30363929366632,1.88639990010749,1.89041340953317,1.53339575916508,1.53339575916508
"33",19.8826987548321,17.0385391404253,17.0747655657329,14.4298474143546,14.4298474143546
"34",8.30319433853018,7.20378482937025,7.21911092609947,6.16307300128309,6.16307300128308
"35",4.00592710114003,3.36452074605669,3.37167915489552,2.79658320073322,2.79658320073322
"36",3.4627129862257,2.90613969404058,2.91232245564912,2.41410310891185,2.41410310891186
"37",2.38472403732558,1.9412404152094,1.94537071254957,1.57266889243196,1.57266889243196
"38",8.6484161383606,7.35236544901143,7.36800862440607,6.18053800679724,6.18053800679723
"39",1.27466396617363,1.0445461141562,1.04676854095851,0.850527179994349,0.850527179994347
"40",12.2655249099261,10.5973200719171,10.6198661143672,9.03884663626665,9.03884663626665
"41",9.10023412917532,7.71709216659614,7.73351127734146,6.47132300212092,6.47132300212091
"42",7.21888968155911,5.90907916042619,5.92165166923034,4.80713917093474,4.80713917093473
"43",11.4160345464675,9.81408479974936,9.83496565191749,8.32298152021877,8.32298152021877
"44",6.70912525318824,5.65997571484061,5.67201817483236,4.72717568710633,4.72717568710633
"45",12.7602866061217,10.8406467054625,10.8637116338473,9.1302357835445,9.1302357835445
"46",16.8340124391774,14.5013473377183,14.5321955692126,12.3195602208415,12.3195602208415
"47",7.98556825541759,6.69701519194819,6.71126415659654,5.56096771295384,5.56096771295383
"48",4.97498289240038,4.18263904397047,4.19153816930783,3.4868459743677,3.4868459743677
"49",7.22353715846707,6.13215480979783,6.14520124199939,5.13897469120751,5.13897469120751
"50",0.120244504214473,0.1007641503636,0.100978489290748,0.0836109384513544,0.0836109384513608
"51",8.11613330390066,6.98916876935391,7.00403864579997,5.94424973756525,5.94424973756525
"52",8.75801327688803,7.51491224349475,7.53089718367788,6.36773141258652,6.36773141258652
"53",11.9959768037601,10.3156318344368,10.3375791408936,8.75829709285,8.75829709285
"54",5.08642644639777,4.26472910908651,4.27380292257842,3.5360083382238,3.53600833822379
"55",9.2309977383233,7.85514738987263,7.8718604217123,6.63219139789515,6.63219139789515
"56",8.54929935832133,7.20704851966807,7.22238252343164,6.00112851312408,6.00112851312408
"57",8.90348741694573,7.42988742337193,7.44569568656282,6.14026876257167,6.14026876257168
"58",17.2180635713154,14.601409588724,14.6324699851372,12.2570861268828,12.2570861268828
"59",6.30109383173776,5.38717135132593,5.3986324392903,4.55047221535769,4.55047221535769
"60",3.18309102120062,2.64750798194262,2.6531409722693,2.18375336739503,2.18375336739502
"61",3.45613892796303,2.85814469485049,2.86422576883441,2.34424443412802,2.34424443412803
"62",11.2844772684521,9.57660865717719,9.59698430692107,8.03803635309496,8.03803635309496
"63",7.76916334862288,6.44056740353319,6.45427070315936,5.29281420408264,5.29281420408263
"64",8.48509215649859,7.12383578438335,7.13899282695979,5.91767761927024,5.91767761927023
"65",3.38809120311253,2.73026648131689,2.73607555441125,2.18910468451716,2.18910468451716
"66",7.58981372259423,6.35220759466178,6.36572290548879,5.26413286811895,5.26413286811896
"67",12.9376695773783,11.1274509466101,11.151125888335,9.46398489845593,9.46398489845594
"68",13.5410016349813,11.6481764171111,11.6729591740702,9.91756253606687,9.91756253606687
"69",11.326568054829,9.79749267653877,9.81833805436194,8.39078930275865,8.39078930275866
"70",7.38660231643005,6.21412740860964,6.22734886663316,5.18095743307612,5.18095743307611
"71",7.31749984955549,6.24257713736343,6.25585899066461,5.27002832263957,5.27002832263956
"72",5.08590381097016,4.28255372018462,4.29166529015161,3.5654673684333,3.5654673684333
"73",6.09242506002671,5.1298967592932,5.1408113561782,4.27498070084965,4.27498070084965
"74",8.2810866506893,7.1537047848956,7.1689251483782,6.11455379611729,6.11455379611729
"75",1.79741926931448,1.49843789326775,1.50162583982403,1.23789918783212,1.23789918783221
"76",8.25515081844471,7.10690590615268,7.12202443493517,6.04194276416344,6.04194276416344
"77",12.4067773987029,10.7267295317283,10.7495517629725,9.17361486975791,9.17361486975792
"78",10.4386409991359,8.76666654911057,8.78531898692365,7.28733299602035,7.28733299602036
"79",3.9021519120997,3.15470860776437,3.16142075277261,2.53694306125024,2.53694306125024
"80",13.1659565734184,11.1899288070941,11.213736809703,9.40850807033464,9.40850807033463
"81",11.8541852964053,10.1745223947734,10.1961699504587,8.65161993264646,8.65161993264646
"82",15.4184348954397,13.0095153993168,13.0371934469802,10.909414295764,10.909414295764
"83",6.60132771322101,5.57770144137604,5.58956833741515,4.65876338481027,4.65876338481027
"84",11.7126448069977,10.0448737426006,10.066245549534,8.52019724867043,8.52019724867044
"85",10.273654081171,8.85505788510246,8.87389747971854,7.54506150058922,7.54506150058921
"86",0.456091589938802,0.38620328245823,0.387024959619102,0.323655940162143,0.32365594016214
"87",6.97549614996062,5.8400575134487,5.85248313796074,4.84691123333066,4.84691123333067
"88",4.47385789988181,3.74852569183858,3.75650110143107,3.11469979831357,3.11469979831357
"89",0.756710451699843,0.619843635518546,0.621162441020468,0.504019875683925,0.504019875683926
"90",3.3737057225421,2.6694612685628,2.67514097300512,2.11020393431362,2.11020393431362
"91",10.5869335917444,9.12564424410066,9.14506026723091,7.79789460990917,7.79789460990917
"92",10.3475793659308,8.90436482838546,8.92330917542935,7.56700339816329,7.56700339816329
"93",16.8643979990033,14.7484542912589,14.7798277495541,12.7526726825937,12.7526726825937
"94",2.18977456921896,1.80216253856705,1.80599684763171,1.47046376057606,1.47046376057606
"95",6.69563685073263,5.74600206488542,5.75822638048237,4.88128648897843,4.88128648897843
"96",8.02932883425718,6.90265079324007,6.91733704758021,5.85574996359207,5.85574996359207
"97",8.92337603663215,7.6160886284323,7.63229286533778,6.43198748200738,6.43198748200738
"98",4.1961415903381,3.55379719375524,3.56135781546444,2.97555421390685,2.97555421390685
"99",4.47863501975196,3.75769926228743,3.76569431367877,3.12235853264035,3.12235853264035
"100",7.26159360411005,6.04919956531095,6.06207019248264,4.99322727462615,4.99322727462615
"101",16.2644807019488,14.0070218799121,14.0368205054995,11.8995111013046,11.8995111013046
"102",5.60688478333689,4.76616253193488,4.77630161617449,4.008820384672,4.00882038467201
"103",6.67020346069562,5.56405942297843,5.57589784614034,4.60166915889482,4.60166915889481
"104",1.86068343549713,1.44073330809328,1.44379869810933,1.12120515134275,1.12120515134275
"105",14.2494840816262,12.4971440477768,12.5237295354078,10.806576630325,10.806576630325
"106",10.6867530655702,8.96080359853949,8.97986910254329,7.44028873766418,7.44028873766417
"107",3.96179235963429,3.24297337759676,3.24987331658503,2.63546912769633,2.63546912769633
"108",6.8293080467325,5.78207843849196,5.79438026143418,4.83602331269095,4.83602331269096
"109",11.6040568911605,9.98676617695967,10.0080144457285,8.4829640922618,8.4829640922618
"110",1.81260574478404,1.45297525488102,1.45606668817434,1.16102872095033,1.16102872095033
"111",9.40633159181542,7.87292891514,7.88967982390055,6.51407974500556,6.51407974500556
"112",11.5030615677201,9.90321838474148,9.92428849234249,8.42647618368717,8.42647618368717
"113",19.9224465647426,17.0268890093512,17.0630892746829,14.3902425175425,14.3902425175425
"114",9.92147278138753,8.42985546860622,8.44779121135477,7.08298585132376,7.08298585132375
"115",21.7436924332145,19.1327900869512,19.1734366512578,16.6274111350428,16.6274111350428
"116",4.1765623853993,3.50711084576469,3.51457265687279,2.91891643942206,2.91891643942205
"117",9.06366615487399,7.72497861493411,7.74141456076815,6.50719884944075,6.50719884944076
"118",9.95611302362625,8.49361751102044,8.51168899918786,7.17764138971184,7.17764138971185
"119",6.84741807661478,5.72715244972232,5.73933780194522,4.74140559884373,4.74140559884374
"120",18.6379585795077,16.034782269066,16.0688870357948,13.6563937282756,13.6563937282755
"121",2.11632255049708,1.75258265168506,1.75631142082598,1.43820429441369,1.4382042944137
"122",10.7284353272185,8.99805932794311,9.01720410894662,7.46340198050177,7.46340198050177
"123",9.72815957880955,8.41064491292357,8.42853828907018,7.18367638083952,7.18367638083953
"124",10.8702896583442,9.15135985082414,9.17083078919084,7.63064026526178,7.63064026526179
"125",1.25925107022051,1.03144022535469,1.03363477623402,0.838801786313093,0.838801786313109
"126",0.207456066429513,0.170702318812576,0.171065508067198,0.139357825818805,0.139357825818812
"127",16.2211942343433,13.9673556443896,13.997069991199,11.8848590588515,11.8848590588515
"128",2.79821681567404,2.3254961664157,2.3304439922713,1.91876323126757,1.91876323126757
"129",8.26305365016242,7.06295655441557,7.0779839964888,5.97201362362801,5.97201362362801
"130",8.59079122018997,7.12588272134627,7.14104417087063,5.85946797737246,5.85946797737246
"131",6.08284496141145,5.18508715819186,5.19611873655344,4.37053938254781,4.37053938254781
"132",3.56233618641828,3.00548711731008,3.01188095211329,2.50829192128956,2.50829192128955
"133",10.1811079399794,8.67670060610934,8.69516164586405,7.32387861181444,7.32387861181442
"134",2.73931780008639,2.27662249889085,2.28146594628238,1.87465993474264,1.87465993474264
"135",9.84074970532896,8.32728321527324,8.34500081911244,6.99709004235469,6.99709004235468
"136",0.21779339500668,0.174843025635432,0.175215030701558,0.139750114130989,0.139750114130992
"137",5.9372873063207,4.82749540045021,4.83776666718714,3.90175944259574,3.90175944259574
"138",10.3544786602411,8.57443114296247,8.59267459488418,7.03575018273768,7.03575018273768
"139",3.66721301054555,3.09527498026197,3.10186045349166,2.58486773480534,2.58486773480534
"140",4.76353303230408,3.9126751648256,3.92099998562434,3.19064379421659,3.19064379421659
"141",15.1482967222679,13.2115197277731,13.2396249664735,11.4202030789964,11.4202030789964
"142",3.08164402710373,2.54922042500556,2.55464425691889,2.09248070551316,2.09248070551316
"143",6.775373493878,5.38169050195241,5.39314090723984,4.27387584275234,4.27387584275233
"144",14.3515532563689,12.1119791325915,12.1377483227975,10.1376783137184,10.1376783137184
"145",11.5754851741467,9.66995612362637,9.69053040720105,8.00866251496395,8.00866251496395
"146",11.5392737292036,10.0202365717606,10.0415552888359,8.59713783600323,8.59713783600323
"147",10.057624357772,8.64382234748783,8.66221200833081,7.3263024417718,7.32630244177181
"148",6.19796529596936,5.15691359845975,5.16788572528806,4.24615234979934,4.24615234979934
"149",10.694898732432,9.31515108290814,9.33496514935869,8.00307755502523,8.00307755502523
"150",3.79117095314904,3.13595233296455,3.14262451359651,2.5708558882777,2.5708558882777
"151",9.09538922998862,7.74506299683807,7.7615414012435,6.51321960410791,6.5132196041079
"152",2.48353212369931,2.03810551534291,2.04244189783106,1.66008274535489,1.66008274535488
"153",11.5363548293266,9.87087403690411,9.89187577844452,8.32986382573043,8.32986382573042
"154",12.9827971452256,11.2502524258792,11.2741861302515,9.62219293942952,9.62219293942953
"155",16.9865891439498,14.5240994797381,14.554997663076,12.3274662950018,12.3274662950018
"156",4.11600228177464,3.41695603212071,3.42422605265254,2.809524581921,2.809524581921
"157",7.12182451441289,6.10187073958731,6.1148528112559,5.16678959062182,5.16678959062183
"158",8.27799047394262,6.91770601223453,6.93242453017987,5.72582424463702,5.72582424463701
"159",11.9774232180793,10.3710790364671,10.3931447322658,8.88205444488832,8.88205444488835
"160",1.04453533441446,0.858094977603711,0.859920693656831,0.699462397370539,0.699462397370538
"161",9.75436607755538,8.43239909215833,8.45033924502666,7.20383795993822,7.20383795993822
"162",2.3368868612156,1.91197465904569,1.91604267704862,1.55435737210443,1.55435737210443
"163",6.19099010588073,5.18574014362101,5.19677362263033,4.30408174524704,4.30408174524705
"164",4.74260740127881,3.82514237552396,3.83328097547706,3.06994672694479,3.06994672694479
"165",3.89440045805378,3.28960038606449,3.29659921011433,2.74880379039655,2.74880379039655
"166",11.0262644994628,9.17780318954241,9.19733038619302,7.56981335602443,7.56981335602442
"167",7.63058286914463,6.47189248931837,6.48566240726191,5.43678929528414,5.43678929528414
"168",4.43549836570806,3.65201920829358,3.65978946057086,2.9838841940799,2.9838841940799
"169",7.82559775094229,6.76221462621014,6.77660068247694,5.77923139622376,5.77923139622377
"170",10.9710687232182,9.38443680261864,9.40440345204544,7.92667145586627,7.92667145586627
"171",8.90600127633189,7.34352177806995,7.35914628832816,6.0035553360369,6.0035553360369
"172",10.6813314490467,9.11111882941985,9.13050396486375,7.68353417365065,7.68353417365064
"173",10.8518103264665,9.29466984549586,9.31444564237766,7.86028230441809,7.8602823044181
"174",7.36953077173674,6.34895386800996,6.36246174862032,5.40513097371695,5.40513097371694
"175",12.1303082938582,10.536364106318,10.558781114492,9.05036979663718,9.05036979663718
"176",11.2383167659185,9.9150774239333,9.93615583608186,8.63514016018654,8.63514016018653
"177",9.2731377625809,7.72787652348214,7.74431880863672,6.38317342588794,6.38317342588795
"178",4.31936514284157,3.67528915191351,3.68310734913226,3.08770491464132,3.08770491464132
"179",6.49413256984353,5.59147897123047,5.60337467871187,4.75851973719743,4.75851973719743
"180",7.22714182047265,6.00318767363912,6.0159604010272,4.9401913632868,4.94019136328681
"181",1.54605125092703,1.15936507742144,1.16183181162794,0.881294220548953,0.881294220548954
"182",10.6487686129778,9.04254954002992,9.06178892791549,7.59603230601381,7.59603230601382
"183",9.98823561002757,8.66111181902778,8.67953756802136,7.41298995702177,7.41298995702177
"184",10.5043056079285,8.98585219612528,9.00497088918231,7.59651618368962,7.59651618368962
"185",15.6940093501931,13.8731623520394,13.9026700438271,12.0846651943878,12.0846651943878
"186",15.2945580733998,13.0116080352115,13.0392901331433,10.9526896781156,10.9526896781156
"187",3.19544840152676,2.54112146007735,2.54652810055621,2.01724674110725,2.01724674110725
"188",5.24364666627925,4.22338347324307,4.23236939552319,3.39137612399927,3.39137612399927
"189",9.66262255709794,8.14765778660716,8.16499322382081,6.78655867390353,6.78655867390353
"190",6.93239807960202,5.8059339125825,5.81828648690414,4.80756625556551,4.80756625556551
"191",8.60391067216157,7.10110941417396,7.11621815663353,5.81825038025685,5.81825038025686
"192",14.3945030908451,12.360122045285,12.3864192852344,10.466594970695,10.466594970695
"193",8.64207371288051,7.37061906785584,7.38630110014427,6.21817592306543,6.21817592306544
"194",15.141453985953,12.8056980762817,12.8329427963004,10.7479850921044,10.7479850921044
"195",3.69366486394441,2.980957714805,2.9873001759502,2.39523678917076,2.39523678917075
"196",8.79581218460169,7.28172799295396,7.29722102007591,5.97680419260581,5.97680419260581
"197",7.74785030120756,6.69942922114131,6.71367946397261,5.7156286079856,5.7156286079856
"198",9.00707080567214,7.64157635766158,7.6578349250525,6.41269348481602,6.41269348481602
"199",9.45427708682449,8.29188698109157,8.30952141047998,7.18353659199874,7.18353659199876
"200",10.1377661988374,8.56722611263988,8.58545420201448,7.16172821219077,7.16172821219077
"201",9.49425609577242,8.0322514712397,8.04934136277962,6.73517471153748,6.73517471153748
"202",6.73782151362507,5.38152419823367,5.39297424967767,4.28741883467772,4.28741883467772
"203",5.61028081482692,4.7083151549526,4.71833274167068,3.9095769852041,3.9095769852041
"204",5.05648014475532,4.07682025916918,4.08549434466592,3.27095083374648,3.27095083374648
"205",9.91516911932144,8.50340857497003,8.52150002443033,7.20104853955547,7.20104853955548
"206",15.5392232422891,13.3151045498037,13.3434322387064,11.2676111115055,11.2676111115055
"207",4.31035501269057,3.59955466879023,3.60721312472357,2.97704687825894,2.97704687825895
"208",10.8635430422626,9.5085016628694,9.52872342645863,8.22801264567482,8.22801264567482
"209",15.4006475249901,13.3689315774688,13.3973740789977,11.4544793882491,11.4544793882491
"210",8.48552574089618,7.26500073324236,7.28045766240592,6.14442528613698,6.14442528613698
"211",12.6866176327624,11.0643594516145,11.0878993435414,9.51018674932615,9.51018674932613
"212",3.14784133483328,2.68707057709224,2.69278725436226,2.27041079440791,2.27041079440791
"213",7.8216303015506,6.67789574385614,6.69210354738135,5.63471223679906,5.63471223679905
"214",15.8933839158095,13.3593118956137,13.3877325039857,11.1037193684438,11.1037193684438
"215",4.55294143054654,3.78699702867515,3.79505427472497,3.11946884149639,3.11946884149639
"216",5.77566747134237,4.88376302350239,4.89415392815179,4.08725022101591,4.08725022101591
"217",6.84886337241423,5.78025061438515,5.79254894008159,4.82309449900067,4.82309449900067
"218",8.38409379719513,6.85313449690592,6.86771563328191,5.57338294729843,5.57338294729843
"219",7.29406158898684,6.22415442738383,6.23739646192678,5.24306771235238,5.24306771235237
"220",6.55389179962578,5.58918181073547,5.60107249187535,4.71653935595687,4.71653935595686
"221",8.86736601275967,7.712538686963,7.72894419265475,6.62426695319268,6.6242669531927
"222",9.35033300051123,8.03699320386528,8.05409240178099,6.81658632413922,6.81658632413922
"223",7.80347113138491,6.63655390857966,6.65067403368401,5.58238438594998,5.58238438594998
"224",10.3733717824244,8.83788418188181,8.85668805843057,7.44818271420406,7.44818271420406
"225",5.05302865106619,4.18956933433493,4.19848330269819,3.44368520894807,3.44368520894808
"226",10.2939629843129,8.73514718753704,8.75373256165888,7.35419744186803,7.35419744186803
"227",10.495907605171,8.97514273627184,8.99423872200124,7.595841786863,7.59584178686299
"228",19.4628219670698,17.2356627531107,17.2723087716429,15.0490402831084,15.0490402831084
"229",3.84938639049307,3.09356590320888,3.10014795787853,2.47497632638289,2.47497632638289
"230",13.7830244690923,12.0108646192867,12.0364162201187,10.3387321376835,10.3387321376836
"231",6.55941226398838,5.47140598370745,5.48304726571402,4.52265610186418,4.52265610186418
"232",13.9030979157626,11.8286843383616,11.8538511767402,9.92701207280815,9.92701207280815
"233",10.3465754774836,9.01795384135553,9.03713581268914,7.7583923739305,7.7583923739305
"234",6.25431293535365,5.13132985968469,5.14224758236915,4.17972713825679,4.1797271382568
"235",6.79954612706409,5.50543715804876,5.51715085406035,4.44011802235397,4.44011802235398
"236",6.43551541262262,5.46165835651757,5.4732787856396,4.58604778475285,4.58604778475285
"237",3.17471638927784,2.55624796122129,2.5616867844529,2.05067781164103,2.05067781164103
"238",13.609524759831,11.9187099334161,11.9440643713721,10.2926187671318,10.2926187671318
"239",9.14573725257551,7.67772353052189,7.69405908261688,6.37997712187319,6.37997712187319
"240",6.44442981937819,5.33146119273906,5.34280472660727,4.37589885806343,4.37589885806344
"241",5.70627492415705,4.82731186113643,4.837582662731,4.04309475877061,4.04309475877061
"242",7.37728676639647,6.20217868339288,6.21537475267711,5.15990808374535,5.15990808374535
"243",8.69434289464482,7.49928526445732,7.51523931507359,6.39015445405191,6.39015445405191
"244",10.1368634244988,8.75226141310395,8.77088274460418,7.45789703219756,7.45789703219755
"245",16.8947976996251,14.3389551782354,14.3694580997286,12.031326785209,12.031326785209
"246",3.36777371488024,2.77623652610766,2.78214340519048,2.26943687309602,2.26943687309602
"247",11.1083999866138,9.47336944582353,9.49352545197821,7.98913178446867,7.98913178446865
"248",3.27770344832941,2.75760483034294,2.76347150331866,2.29458389851727,2.29458389851727
"249",8.43603076800736,7.11871130026427,7.13385747933672,5.94314926858616,5.94314926858615
"250",9.66567251022114,8.27095771369897,8.28855518097041,6.9937710478119,6.9937710478119
"251",7.95114275908565,6.55865236059466,6.57260693760331,5.36643188751844,5.36643188751844
"252",10.2116548085432,8.59449777609731,8.61278391601981,7.15759953350352,7.15759953350353
"253",9.61942056407585,8.1864292917515,8.20384716985465,6.87736640427429,6.87736640427429
"254",5.60359626709693,4.78408098161956,4.79425847716934,4.03596450414442,4.03596450414442
"255",11.2181132406979,9.55295949814504,9.573284871412,8.04417512820221,8.04417512820221
"256",6.73433015612285,5.75754153629653,5.76979110449604,4.86684210635225,4.86684210635225
"257",12.6881812274609,10.7114994311722,10.7342896273352,8.97218751060735,8.97218751060737
"258",9.50966535836482,7.99900995235071,8.0160291131682,6.66004135375991,6.66004135375991
"259",5.4873495308166,4.52923426626627,4.53887092919503,3.706556164197,3.70655616419701
"260",11.2726300164608,9.66864646745519,9.68921727081688,8.18758032380815,8.18758032380816
"261",9.62311368102507,8.17646940723608,8.19386608832257,6.86695521481795,6.86695521481795
"262",7.05227549544872,5.89076091996786,5.90329443303526,4.86931074807818,4.86931074807818
"263",8.93446830061875,7.63269391700165,7.6489333989715,6.44765179504485,6.44765179504484
"264",2.19512055747292,1.8582709003765,1.8622236255807,1.55546454654071,1.55546454654072
"265",13.7634474656887,11.451106593495,11.4754699463799,9.43669668654043,9.43669668654045
"266",5.51440971455519,4.51406015498378,4.5236645345664,3.66586801076738,3.66586801076737
"267",8.95306787631671,7.72694120288729,7.74337997075297,6.58179158445317,6.58179158445318
"268",3.64478366156806,3.00121835293074,3.00760392290475,2.453546715705,2.453546715705
"269",17.5557918556256,15.1436649477803,15.1758779134072,12.9026500138725,12.9026500138725
"270",1.21816763396721,1.0178780350681,1.02004354429979,0.842117023850764,0.842117023850753
"271",0.721397509902623,0.602896226346943,0.60417896147529,0.498810786559944,0.498810786559944
"272",2.39184797200544,1.97193000872005,1.97612557095957,1.61195143025023,1.61195143025023
"273",9.95881297060638,8.51568266007897,8.53380099396533,7.2114395284847,7.21143952848469
"274",14.7215385624369,12.7683296370416,12.7954945928943,10.9509635095009,10.9509635095009
"275",12.9346308674017,11.102347904028,11.125969679081,9.43809439026903,9.43809439026902
"276",13.9377195538486,11.8866998307862,11.9119901096774,10.003830064934,10.003830064934
"277",2.56092797073161,2.06754847797579,2.07194751115952,1.6601530983716,1.6601530983716
"278",5.54141897907897,4.52031825693695,4.52993595091224,3.66269699734794,3.66269699734795
"279",10.3632478325929,8.85305655205553,8.87189270336595,7.47686668976449,7.47686668976448
"280",11.9472102910292,10.2113902785482,10.2331162209221,8.63119557361113,8.63119557361112
"281",9.41933059367329,7.58078266370814,7.59691197830814,6.08243847815927,6.08243847815928
"282",3.84748080911464,3.04851826570956,3.05500447467494,2.41307569362887,2.41307569362887
"283",7.75773417207285,6.66699397934817,6.68117776652277,5.65855075775547,5.65855075775546
"284",5.83589934170641,5.03585904371182,5.04657245939875,4.2982756301538,4.29827563015382
"285",9.26618349335382,7.92255708747357,7.93941346901599,6.71879985080095,6.71879985080095
"286",6.14565779604982,5.08859450091203,5.09942129320462,4.17766104158718,4.17766104158718
"287",9.77674479401901,8.03631767865895,8.05341622065625,6.56410346248951,6.56410346248952
"288",10.1297189724346,8.82224136412772,8.84100976778711,7.5777095974029,7.57770959740291
"289",7.73211276435217,6.44328157484423,6.45699066664234,5.31982069237968,5.31982069237968
"290",8.07492145007466,6.79629959978603,6.81075964436808,5.66565495861171,5.66565495861171
"291",6.81802100594058,5.75568184668083,5.76792786426098,4.80704239763128,4.80704239763128
"292",12.6178215129772,11.1944758293654,11.2182644482828,9.80966906076465,9.80966906076465
"293",7.9152392107672,6.95003570313617,6.96481459979005,6.02596986823513,6.02596986823512
"294",5.28704621020785,4.23090713865843,4.23990906874005,3.37885862570961,3.37885862570961
"295",9.50900473331298,8.11652084646506,8.1337899471142,6.84480342835956,6.84480342835957
"296",1.29212887347839,1.06109469355988,1.06335230248809,0.865368743703555,0.865368743703565
"297",10.4425947453517,8.84893708393801,8.86776450720481,7.41636476824834,7.41636476824834
"298",3.9405981561655,3.22098456312053,3.22783768122906,2.61339089080749,2.61339089080748
"299",12.0775615990202,10.1757567217882,10.1974071247056,8.49526078806952,8.49526078806952
"300",9.8535311929777,8.53784969227553,8.55601377250674,7.31010004082649,7.31010004082648
"301",11.6885980465243,10.079502392331,10.1009477324973,8.58747377351419,8.58747377351419
"302",10.9101447860191,9.27147472653355,9.29120121460712,7.78668889234784,7.78668889234786
"303",15.7618157208736,13.4482079343015,13.4768182849741,11.3379888241007,11.3379888241007
"304",8.07991119281167,6.90593770086168,6.9206303965601,5.83235740377569,5.8323574037757
"305",6.45304163172601,5.45245012030834,5.4640504509468,4.55524393622675,4.55524393622675
"306",9.43363766114308,7.80457356210461,7.82117903521563,6.4179642636661,6.4179642636661
"307",2.12429573697438,1.64923597713427,1.65274498976579,1.28542371692964,1.28542371692964
"308",6.80260879035153,5.61066320434548,5.6226007789245,4.5925691715826,4.5925691715826
"309",7.80261069494421,6.62961094721837,6.64371632935518,5.57676991914269,5.5767699191427
"310",13.9401362457105,11.4264611481508,11.4507713101593,9.30181609363469,9.30181609363467
"311",6.82566993489271,5.69616244978955,5.7082819146322,4.70251969325905,4.70251969325905
"312",7.06174514785671,5.82287780898608,5.83526690930941,4.763376835763,4.76337683576299
"313",9.09977608768028,7.59817715058739,7.61434346706041,6.283314058707,6.28331405870699
"314",7.47833873379824,6.23016321836198,6.24341887701019,5.14346774862178,5.14346774862179
"315",3.51210991950209,2.97462400845531,2.98095255161683,2.49423767269652,2.49423767269652
"316",5.65164700641924,4.69268127869978,4.70266568068268,3.8654503444228,3.8654503444228
"317",11.9301944899833,10.2223730316007,10.2441220524733,8.64935581388138,8.64935581388137
"318",10.6790498187431,9.16749769849809,9.18700259218647,7.77201681181414,7.77201681181415
"319",6.88639517454632,5.80607610099423,5.81842940570555,4.84334697511986,4.84334697511985
"320",7.05267296475012,5.96227721045351,5.97496282561727,4.99534854703866,4.99534854703866
"321",12.8190318826324,10.7580668270038,10.7809561108782,8.9336936635421,8.93369366354209
"322",8.70080343718792,7.47532772056064,7.49123212176671,6.35303022303283,6.35303022303283
"323",8.21702080371656,6.93792009878016,6.95268150827013,5.78916496479625,5.78916496479625
"324",7.75260522774131,6.61001773933014,6.62408149676116,5.57015884842593,5.57015884842593
"325",3.46140770349271,2.88006986648426,2.8861976103295,2.37804087389974,2.37804087389974
"326",15.6714942796149,13.3328105790159,13.3611756326006,11.2444487345161,11.2444487345161
"327",15.1453150917392,12.8861300280046,12.913545508966,10.8378148043806,10.8378148043806
"328",0.0462163216665763,0.0370561927600739,0.0371350542049098,0.0296207676729991,0.0296207676729975
"329",5.70626490014967,4.60866849702044,4.6184741741253,3.70723653447194,3.70723653447194
"330",2.12990742667896,1.77705491806474,1.78083583728799,1.47052109494721,1.47052109494721
"331",5.86933682731756,4.82270258203476,4.83296364889067,3.93451703128779,3.93451703128779
"332",6.49123874472402,5.4648692052492,5.4764965638182,4.55577872707287,4.55577872707286
"333",5.85483497989318,4.94038890158578,4.9509002094361,4.12493414444771,4.12493414444771
"334",4.41035727430287,3.62347012378455,3.63117954211743,2.95228526987701,2.95228526987701
"335",5.14124806967935,4.21534340624425,4.22431221830437,3.43259531168438,3.43259531168438
"336",9.49790753178386,8.15597958856994,8.17333227262701,6.9163288929001,6.9163288929001
"337",7.50256364138064,6.47720046271055,6.49097961782708,5.52375779435859,5.5237577943586
"338",1.83962601593493,1.57113999897972,1.57448076031218,1.32468515285276,1.32468515285281
"339",6.20073022495202,5.26185502430496,5.27305002646592,4.42129969667287,4.42129969667287
"340",20.7422238158325,18.1154329647332,18.1539329076154,15.689524040907,15.689524040907
"341",15.3368489127429,13.0830691193991,13.1109033464608,11.0689140947582,11.0689140947582
"342",8.48290289203993,7.03588140382734,7.05085136314925,5.78572700479208,5.78572700479208
"343",4.84172414748091,4.03146125904693,4.04003879392409,3.32440511383499,3.32440511383499
"344",3.39613418665264,2.76137893884116,2.76725420906848,2.23193053027924,2.23193053027924
"345",6.71946667114288,5.50864208703763,5.52036260149099,4.4816732697979,4.4816732697979
"346",13.8960312795857,12.2578358964338,12.2839086221911,10.6968315359729,10.6968315359729
"347",8.98493334117168,7.70693303552073,7.72333052937734,6.52317879550872,6.52317879550873
"348",5.84478048133486,5.00627633449276,5.01692753094589,4.24048591095596,4.24048591095596
"349",7.1192199399615,6.09416650903887,6.10713218448431,5.15481147819917,5.15481147819917
"350",2.40818532681624,1.88176121536986,1.88576496257607,1.4734754670429,1.4734754670429
"351",6.47169883062771,5.2912531350786,5.30251112036343,4.29890630356788,4.29890630356787
"352",12.2172514323393,10.5074014401275,10.5297572247982,8.96615243768087,8.96615243768087
"353",12.1977431486216,10.5022169358968,10.524561761571,8.91712188832861,8.9171218883286
"354",9.78690394992176,8.49661538016517,8.51469079809313,7.28147903345684,7.28147903345685
"355",8.9138067064446,7.61944927732829,7.63566060573342,6.43804030251188,6.43804030251188
"356",17.7848891734032,15.2396606812421,15.2720778032988,12.9274914284428,12.9274914284428
"357",9.89782045627144,8.61042388076483,8.62874010060384,7.40133418153826,7.40133418153827
"358",9.67009211856949,8.43727676986833,8.45522618788984,7.27653144026092,7.27653144026092
"359",11.9631481086171,10.0125114532816,10.0338145556168,8.30054186396571,8.30054186396572
"360",1.65208820216124,1.36141755876316,1.36431419052586,1.1138905855476,1.11389058554761
"361",4.13997168650844,3.4586816801017,3.46604056598365,2.86404024415303,2.86404024415303
"362",9.46322359285473,8.16517529016731,8.18254676538702,6.95698355533106,6.95698355533106
"363",3.64151679334673,3.00108045771458,3.00746572862187,2.45287988695643,2.45287988695642
"364",7.2991247839541,6.17279083090721,6.1859243876317,5.16272267320791,5.16272267320791
"365",8.97702660481804,7.7084551164175,7.72485401388634,6.53716642555402,6.53716642555403
"366",8.74796640816964,7.38138483138876,7.39708987023558,6.16024623032122,6.16024623032123
"367",11.5697511485404,9.57497182297564,9.59534404320382,7.88217588762601,7.882175887626
"368",7.54517305174372,6.40861862378675,6.42225381098689,5.38158090235196,5.38158090235197
"369",10.1763543247129,8.76860077389205,8.78725685684278,7.4735365576404,7.4735365576404
"370",6.40230669939287,5.38130936128701,5.3927584758536,4.47330243639795,4.47330243639795
"371",8.07379378477701,6.95668848249558,6.97148916736971,5.92144964360718,5.92144964360719
"372",17.1268536113628,14.4150723948953,14.4457352743292,12.014314431428,12.014314431428
"373",15.2094875899155,12.7292901492305,12.7563716613378,10.5513125516953,10.5513125516953
"374",7.22949734724458,5.90566887301894,5.91823412431073,4.79274570760231,4.7927457076023
"375",9.11989920852511,7.7536050539607,7.77010198848514,6.52028764410855,6.52028764410855
"376",3.11035075097874,2.71345500971449,2.71921380555473,2.33635815133772,2.33635815133772
"377",11.6264729118056,10.1513070530515,10.1729010721275,8.75219807763994,8.75219807763994
"378",7.21725805381144,5.86164195380889,5.87411352742124,4.72921275004163,4.72921275004163
"379",3.70570004513486,2.97841648101149,2.9847535327626,2.38270225803112,2.38270225803112
"380",9.49099622545365,8.15942950618102,8.17678951553308,6.93073447509911,6.93073447509911
"381",8.20429197312793,6.99552644923399,7.01041030645112,5.89832039539724,5.89832039539723
"382",12.1712138564715,10.6286216112844,10.65123393175,9.15809277902262,9.15809277902263
"383",5.04380616602349,4.20624657491398,4.21519595520631,3.47409109083451,3.47409109083452
"384",13.6955657385005,11.3869338662066,11.4111607151263,9.37525757211966,9.37525757211966
"385",13.1195469763435,10.899018781363,10.9222078025612,8.97160391402371,8.9716039140237
"386",5.52860783184683,4.52921581029292,4.53885243719097,3.68658702044226,3.68658702044226
"387",8.93715800663143,7.67325502835871,7.68958007396069,6.51290693021229,6.51290693021228
"388",8.56680009986465,7.27751927595907,7.29300314648567,6.11339287957791,6.11339287957792
"389",7.93862801563381,6.78445963215822,6.79889435442626,5.73403104821752,5.73403104821754
"390",8.70848700173914,7.35739639687899,7.37305040373891,6.14827736834455,6.14827736834456
"391",5.12573536371059,4.32787302196843,4.33708103090542,3.61698081659689,3.61698081659689
"392",0.0896429742429658,0.0724109857050746,0.0725650501412845,0.0581620736919699,0.0581620736919686
"393",6.99314081685282,5.78979717256561,5.80211588930673,4.75831257807473,4.75831257807473
"394",4.15181666740401,3.4944825031544,3.50191752175254,2.91264885943526,2.91264885943525
"395",6.57869335998292,5.54559350675731,5.5573925315315,4.62475777770077,4.62475777770077
"396",11.9892737835178,10.0476986404112,10.0690766073234,8.35378417984113,8.35378417984114
"397",4.26599645434373,3.5638582229392,3.57144081125864,2.94730564023213,2.94730564023213
"398",6.96807091832817,5.90113015576012,5.91368555461583,4.94243150679299,4.94243150679299
"399",1.11197453088928,0.894683967391132,0.896587543040124,0.717067377641568,0.717067377641567
"400",4.46902125500689,3.57695444320717,3.58456498406102,2.85604443681173,2.85604443681174
"401",0.968650037879542,0.826965918670387,0.828725131022051,0.697937860641725,0.697937860641726
"402",1.49173461434429,1.19945822087642,1.2020102106125,0.960019866824756,0.960019866824757
"403",7.20110473702934,6.1818135603575,6.19496068719467,5.23915067625179,5.23915067625179
"404",0.754823707584298,0.630329266201765,0.6316703575565,0.521303492768137,0.521303492768136
"405",18.8147351903399,16.0949140084815,16.1291451403573,13.650536908758,13.6505369087579
"406",2.9699630465108,2.50683980655177,2.51217195623911,2.09103211486899,2.09103211486899
"407",8.9016282149976,7.33028270399396,7.34587904693202,5.9888312296848,5.98883122968481
"408",6.8024969688201,5.75463136361392,5.76687508335159,4.81431687668979,4.81431687668979
"409",9.660533239864,8.28293332941528,8.30055594619007,7.01554714856476,7.01554714856476
"410",4.32455962337832,3.59497330981758,3.60262213313207,2.96393699998016,2.96393699998016
"411",9.63633102602518,8.19055369934631,8.20798022556978,6.88160074238463,6.88160074238464
"412",10.3484123297376,8.74057445524697,8.75917130266581,7.29634471819575,7.29634471819575
"413",10.670145668815,8.70800580310717,8.72653342664497,7.06291455588417,7.06291455588418
"414",7.53171860735454,6.21406430046972,6.22728571343074,5.0866481274364,5.08664812743639
"415",3.80506077899518,3.10010053953691,3.10669627468382,2.50811302470553,2.50811302470552
"416",10.4224778845572,9.07272297558376,9.09202388377434,7.79873254836495,7.79873254836495
"417",0.135322123299156,0.113150718775627,0.113391416636382,0.0936410180660483,0.0936410180660464
"418",16.6366623659391,14.4314434340376,14.4621440776389,12.3666474828384,12.3666474828384
"419",12.2772315471892,10.7859070278654,10.808849409648,9.35224487370734,9.35224487370732
"420",6.63090941419252,5.6850600516411,5.69715581143344,4.81029904054157,4.81029904054157
"421",8.8838890508075,7.50458458511366,7.52055170161014,6.26820608847486,6.26820608847487
"422",11.8687503341694,10.3121811373719,10.3341193896475,8.84605570323237,8.84605570323239
"423",7.37859032886531,6.18822909726514,6.20139521790985,5.13300425801787,5.13300425801787
"424",8.65916915863567,7.50866315676282,7.52463655238342,6.43729758510489,6.43729758510489
"425",11.9246941431883,10.254463039141,10.2762805838279,8.73344586311667,8.73344586311667
"426",3.45288013420467,2.85495702808671,2.86103136345263,2.34268016850873,2.34268016850873
"427",16.7977912812757,14.5312633743222,14.5621764275939,12.4038688139615,12.4038688139615
"428",12.5374391529835,10.9857417773787,11.0091093125887,9.50577498542233,9.50577498542233
"429",8.31435704209011,7.25753156160473,7.27296787964043,6.26066004720234,6.26066004720233
"430",9.61261964169932,8.131531957232,8.14883305031097,6.80322694461506,6.80322694461506
"431",7.36778958789139,6.04737893612348,6.06024569802891,4.92696542129566,4.92696542129566
"432",7.02768792185268,6.05253699816924,6.06541129864985,5.15337072107875,5.15337072107874
"433",0.839338353314088,0.658968167742243,0.660370226687556,0.517867258860421,0.517867258860422
"434",3.33173900636213,2.81468579633951,2.82067391850278,2.35295505351051,2.35295505351051
"435",13.9541621019799,11.8134990229999,11.8386332504914,9.89524761670906,9.89524761670905
"436",3.3307730826183,2.76576513590249,2.7716494198658,2.27614989583049,2.2761498958305
"437",8.59289732589256,7.48555848552378,7.50148461217623,6.43830405116247,6.43830405116247
"438",7.5178926605633,6.28625683345696,6.29963184034944,5.20833324381435,5.20833324381435
"439",15.9279207107011,13.8866528635718,13.9161930057607,11.9967032978665,11.9967032978665
"440",4.32137916902649,3.56934510454485,3.57693882849113,2.92022853292513,2.92022853292512
"441",13.8184615432348,11.854675801356,11.8798980233606,10.0401896840012,10.0401896840012
"442",7.39094307849211,6.24169435434576,6.25497427483787,5.20798637578566,5.20798637578566
"443",16.2806491705543,14.3973506173878,14.4279733647345,12.5453019265486,12.5453019265486
"444",4.53917725385821,3.78685359996712,3.79491065562134,3.12888732915798,3.12888732915798
"445",6.51611558886783,5.56794224583842,5.57978879831404,4.69954306497324,4.69954306497324
"446",10.0534167861588,8.57463327482643,8.59287714778791,7.22909602984645,7.22909602984646
"447",16.1079252192584,13.9242837224697,13.9539074350654,11.9111784216737,11.9111784216737
"448",1.82204254201202,1.50549297929002,1.50869611974945,1.23432722617311,1.23432722617315
"449",6.97276992253186,5.81483548669678,5.82720743747837,4.80458113263975,4.80458113263976
"450",0.296923643421957,0.247539426736026,0.248066014430588,0.204362739831925,0.204362739831924
"451",9.14000992379638,7.80125566099583,7.81785375525128,6.58133759505199,6.58133759505197
"452",8.12664250192276,6.95834691177979,6.97315146584908,5.88576559374692,5.88576559374692
"453",7.94263221201316,6.79795478192856,6.81241797215779,5.74684227738243,5.74684227738243
"454",7.21069704702025,6.08714690882253,6.10009818333397,5.08381263088409,5.08381263088409
"455",14.8818847832026,13.0703267884609,13.0981272598943,11.3282266298881,11.328226629888
"456",3.84126661182761,3.16305402491852,3.16978388323469,2.58548696636136,2.58548696636136
"457",15.7008665855454,13.5033044449089,13.5320320384545,11.5144847862849,11.5144847862849
"458",7.81614891720786,6.73664342276285,6.750976065698,5.73368470662962,5.73368470662962
"459",15.1022859520198,12.8169609500872,12.84422920494,10.7981027490299,10.7981027490299
"460",17.5433525526308,15.3636620065382,15.3963428689228,13.3049635030116,13.3049635030116
"461",10.4854053114548,9.03169287913327,9.05090749900096,7.67903935507321,7.6790393550732
"462",5.13607090240005,4.32167626426995,4.33087128207305,3.60026693515499,3.60026693515499
"463",9.02559802995596,7.50529622912209,7.52126493560218,6.18534223156015,6.18534223156015
"464",6.08533819763758,5.00345657541604,5.0141021943916,4.07655323169694,4.07655323169694
"465",1.70710131417569,1.41389153909115,1.41689970591466,1.16191891522518,1.16191891522518
"466",8.978781969389,7.28483931004771,7.30033896399355,5.87433156160528,5.87433156160528
"467",15.0473958902288,13.1707714278383,13.1987908337593,11.3553845407692,11.3553845407692
"468",9.81554299838726,8.46026043536348,8.4782607733919,7.19911025593621,7.19911025593621
"469",10.2119790919625,8.66636453837572,8.68480354590418,7.2776918236372,7.27769182363722
"470",18.5960779747619,16.0394175495937,16.0735320327796,13.6727330655803,13.6727330655803
"471",10.8143993493395,9.19239363417068,9.21195188358288,7.73514821046037,7.73514821046037
"472",7.68770105776614,6.38885060267532,6.40244389494571,5.26356416193437,5.26356416193437
"473",12.8648610666589,11.2408726233918,11.2647883389081,9.67403859656145,9.67403859656144
"474",7.37396261402795,6.12496838823757,6.13800020243807,5.03493273804848,5.03493273804847
"475",8.97723481472628,7.65403727338582,7.67032179421386,6.45825911188729,6.45825911188729
"476",11.7483558013335,10.1770686515104,10.1987203324145,8.71032591009513,8.71032591009514
"477",12.6824112393865,10.9641274376401,10.9874547102938,9.37329757616265,9.37329757616268
"478",12.2119822044611,10.4303380438448,10.4525300396814,8.83596750063242,8.83596750063241
"479",10.8524911941133,9.20416860964231,9.22375185214506,7.74303265728193,7.74303265728192
"480",10.7238581470896,8.9388410572214,8.95785984242296,7.38132890604925,7.38132890604925
"481",8.74203118590996,7.61522990410346,7.63142661859662,6.54862235794433,6.54862235794433
"482",10.6744812740504,9.28149033672397,9.30123421914459,7.9692070911587,7.9692070911587
"483",5.12713177831609,4.28182447151563,4.29093458466067,3.53738424227386,3.53738424227386
"484",16.2562673157764,13.6986038528238,13.7277460047005,11.431805668813,11.431805668813
"485",10.0885923708374,8.65287081140977,8.6712809532004,7.35854841722633,7.35854841722633
"486",3.25970467817953,2.77070722883233,2.7766020096712,2.33075402188602,2.33075402188602
"487",8.07906371498328,6.95728009992143,6.97208058151937,5.91179654401997,5.91179654401997
"488",12.7961824062619,11.0861849312624,11.1097719298289,9.50724259899259,9.50724259899261
"489",11.0531665679605,9.39894859027975,9.41894629556739,7.90131776358407,7.90131776358407
"490",8.7604920708559,7.5020169922629,7.51797822526519,6.34789255710025,6.34789255710025
"491",14.6760551544874,12.6899335026436,12.7169322601337,10.885173671191,10.885173671191
"492",12.1339563138006,10.3199891511421,10.3419463506738,8.67763360727938,8.67763360727938
"493",8.71679866267569,7.42669667041843,7.44249813439921,6.2610690038428,6.2610690038428
"494",7.52059270100716,6.46148368136208,6.47523102670938,5.4797249304695,5.4797249304695
"495",9.03692496694837,7.67884762026442,7.69518553151417,6.45092698584272,6.45092698584272
"496",8.39414257993518,7.09871446982265,7.11381808694891,5.93814453515961,5.93814453515961
"497",12.8909661940646,11.1600524276293,11.1837966910907,9.58455276428952,9.5845527642895
"498",6.51630234437262,5.35594661166304,5.36734224079767,4.37012731809749,4.37012731809749
"499",6.39423728694315,5.17477238486341,5.18578253883641,4.16677383337225,4.16677383337225
"500",14.1371940512313,12.3786590623783,12.4049925594226,10.6915001615118,10.6915001615119
