"","age1.I","age2_no_comorbid.I","age2_comorbid.I","age3_no_comorbid.I","age3_comorbid.I"
"1",23.5850682178266,20.6798386674002,22.0642917434116,18.6845315308153,21.4681996507092
"2",18.0473478165073,15.4817986031709,15.4997198187841,13.2255539379185,13.1362436942261
"3",16.1979304356957,13.7604330497621,12.7021802363252,10.88283970043,9.31758631209502
"4",15.2021193108241,12.8391938751865,12.167134223521,10.0373370650945,9.09379113464028
"5",26.1354180466271,23.5900592689302,24.6239680301928,21.4566056098911,23.5201088439096
"6",16.5995091919998,13.8329291248348,13.6860997248043,11.2706513387608,10.9845843872013
"7",21.2708368095929,18.4434141951691,20.0500433823904,16.7664773182566,20.1686343003334
"8",19.8021327851926,16.9676644209157,16.4154710715444,13.8180721603521,12.9336845922059
"9",13.811071127976,11.3766210165197,12.0503428714743,9.62744045634221,10.8919098007236
"10",21.8428397139492,19.0467796402876,17.8787548942113,15.304080887089,13.5837105066787
"11",21.4943474017047,19.0182295594752,18.2212250574854,16.0275746522339,14.6739978885713
"12",22.4303320033504,19.8864981168707,20.9236523676465,18.0009529824746,20.0729445302476
"13",15.87744848244,13.4727176095105,13.7515007991484,11.3262377541594,11.8064459774322
"14",16.2128550094625,13.3914908486011,14.0393155141657,11.2047829015706,12.3956270119943
"15",20.6196665076861,17.759816575844,18.2886606553571,15.3308952958421,16.2514082288849
"16",18.6505403872253,15.9840414731241,16.627893112907,13.7423520229949,14.9263834233876
"17",15.8665353689571,13.4708273186265,12.5748073371719,10.7088988407503,9.36796357187777
"18",19.488113824934,16.7891985820553,16.9985519975961,14.343430800098,14.6716775393901
"19",22.3814491372967,19.2592833396708,18.9585580125905,15.9975093177895,15.4884130693367
"20",24.0287023232974,21.0328444776289,21.0854008673705,18.4707723005946,18.3531325572618
"21",21.1276432462237,18.227609283208,17.3159951544095,14.5761004329117,13.2556670723994
"22",17.7668882068872,15.3683482188624,15.9145278009703,13.3041162930945,14.3117749453626
"23",19.5619004749919,16.5761835902696,17.0491936191208,14.0807158554653,14.883579258243
"24",18.5336882234557,15.6552854539471,15.6925436300121,13.2622879053614,13.1833270701199
"25",16.3113458316643,14.0680544714931,13.9343129532829,11.706313655278,11.4845278171599
"26",10.4454717444613,8.19696450773357,7.85188691205321,6.19675726785574,5.68644168537913
"27",22.8821635360191,20.2545657054931,21.7352190660951,18.4913748502854,21.5869257901266
"28",15.9620219978217,13.8149874873785,14.2084266213561,11.9549605761652,12.6495606119382
"29",15.8989032020768,13.5411385212386,13.0948626917349,11.087581856409,10.33083064913
"30",18.9136637114539,16.1390907919611,16.748804855991,13.7678542811094,14.9057204762486
"31",21.0560027853022,18.5386843272346,18.308589104032,15.6109449498074,15.2417927744852
"32",11.8586054139963,9.84163665249521,10.1673552749151,8.17352846390402,8.75050975968403
"33",26.501822395577,23.3577932035614,23.8331292679704,20.5980097633735,21.3641861709022
"34",23.1252341565191,20.370309121374,19.5151406347126,17.0750095257144,15.612413499359
"35",16.7412908499684,14.3013764931118,13.8513848209841,11.5516558844366,10.8720006330821
"36",15.2255599627728,13.0073665739792,14.1817079625146,11.608458956093,14.0940409560915
"37",14.8175597666129,12.2235521781483,12.4031617313062,10.0282025012203,10.3078463928608
"38",20.706173599805,17.7937764777901,16.6973504689255,14.3449601933541,12.6390501798582
"39",13.9176962969407,11.6051020423501,12.4504680971032,9.99254542082876,11.6626666409057
"40",18.7240492590378,16.4261823103041,14.6276745929895,12.686437772007,10.342315022749
"41",16.5253207768302,14.2309954941136,14.2272187975118,11.964832955382,11.9375946266252
"42",18.1921196336585,15.160952774627,15.2917513612099,12.4409038810801,12.6577978713189
"43",25.8492360870943,22.548449810197,22.1866203839578,19.3433240236759,18.5295203569447
"44",19.8674450656787,16.9994704482254,17.3095811776689,14.6320682857186,15.0943701719046
"45",21.8126299088455,18.9668761373512,19.0774626021032,16.1555940478856,16.3243688317873
"46",22.577149813936,19.8474626578143,20.0994191850508,17.3008723311078,17.673312041345
"47",20.3671007655893,17.1004346927195,15.6742860405023,13.5992980734034,11.4056463771734
"48",11.971267057572,10.0670969621631,6.57039927688644,5.70722804456191,3.28939031654187
"49",17.4805512790904,15.0099404804109,14.7251604813916,12.4372204565869,11.9416631700977
"50",13.5909914766997,11.4977855217579,11.9777453105928,9.97433233563197,10.7964604458733
"51",21.5612699985405,18.9161175207307,18.8896880100484,16.2145335096731,16.1192221810285
"52",16.0188013494022,13.941799025272,13.4421405559253,11.4668577548019,10.6633675029783
"53",19.1204179581018,16.6662041497142,15.3038738702994,13.2164487712079,11.2725002251351
"54",16.8881090935373,14.3177076723096,14.1644728880115,11.8409988039023,11.5462877280161
"55",23.3395531878959,20.3644797235674,21.6326881183873,18.2713517341964,20.8099902864437
"56",18.1005240298006,15.5553317740491,16.481068742423,13.5578208892794,15.3880190628752
"57",17.1414677833077,14.5284243186705,14.3185039951897,11.846307401498,11.5041069351435
"58",25.7957876186544,22.5569743327434,23.9239383055506,20.2085723491552,22.9534286503128
"59",18.7140431383734,16.3484639428185,17.6273738560817,14.7484134590409,17.4173699360593
"60",17.1642596265715,14.5438318209434,14.5900636472216,12.0064716164383,12.092710278121
"61",13.8000060908732,11.5846897960708,11.8351813062283,9.63749508088675,10.0706944725975
"62",19.8316066706031,17.1655643207326,17.6874785498693,14.8684159116099,15.7883263533859
"63",14.6277808630374,12.105006288682,10.6920795926124,9.09290805226531,7.23825254964062
"64",16.8820431084433,14.3598468889124,13.0306167302938,10.9840287484947,9.22249663904757
"65",11.116488785018,9.05241955328296,9.28386255099909,7.40244383590207,7.78543505915212
"66",18.1006523081814,15.2732486309624,13.946795203869,11.8355533091072,9.97539976564162
"67",23.9265282786671,21.0742679188458,21.1784666110546,18.1732409774473,18.3199064619654
"68",24.5002332354703,21.5626578775734,20.1867603640531,17.4860455144544,15.4192936388733
"69",25.2936575141657,22.3926387348859,21.9644244068756,19.1414527868943,18.333614664495
"70",16.6577245204755,14.3162789365099,14.9269704516211,12.3066086031668,13.4679066063797
"71",20.3879937586057,17.7759678349361,18.46711861484,15.5853790339846,16.8877275355054
"72",15.6714804031109,13.3684010984931,13.0327039780499,10.9189381182248,10.3785550891519
"73",17.1820742097695,14.4445518232115,12.8092312047784,11.1084535633439,8.85572912769689
"74",25.2691623229758,22.5115093973447,24.057941590582,20.5270112023051,23.8312754471669
"75",14.6737987224459,12.3640130019272,12.6679377721678,10.4851039917354,10.9725540260348
"76",18.5934456040873,16.35149276865,17.6934118632615,14.8771273537359,17.7384595604727
"77",23.1798293759254,20.5821275491485,21.1388243869818,18.1260255897557,19.1557395273474
"78",18.3146178075815,15.6669175352858,15.5740759567829,12.9845065169074,12.8200676483859
"79",13.9216880567961,11.375140934124,12.2307392483958,9.79341426148302,11.4390121774285
"80",20.7720879595482,17.9094604307216,17.3442858667308,14.9223798286102,13.8998506765496
"81",20.8414757366714,18.2844022917879,16.9975766976198,14.6100144786591,12.7511938261793
"82",23.8238544678168,20.706756755034,21.5454887374176,18.0458502242424,19.6378997589106
"83",17.3985927612978,14.4126878209865,11.8371616191705,10.6298056865334,7.49874831406554
"84",21.1091949672251,18.5593953590481,19.4134171562069,16.4397113466465,18.1268479248842
"85",20.8633840024562,18.3806756074391,18.9841641538455,16.2015041092839,17.32486420009
"86",17.9854814711288,15.5640500492752,15.6057998091315,13.0333643247114,13.1355823003347
"87",16.6848221097442,14.1597924054733,13.5298408385789,11.3641001296665,10.3825089190324
"88",16.9615595542414,14.4993060281533,14.8952112284591,12.2857855876561,13.012784298555
"89",14.6074060498595,12.1354783119033,12.9136074487725,10.3972109909976,11.8769776250523
"90",10.9685634890338,8.73339652373287,8.90100380767567,7.03133889350592,7.27691882178579
"91",24.0853129903021,21.0571964481225,18.1456901799429,16.1002947130447,12.3956224783027
"92",19.5463591012851,17.0533044172043,16.5057361616999,14.2127255324382,13.2844190241066
"93",25.8073860896934,22.9955058452346,22.3956017704686,19.8435346752587,18.7402379462319
"94",11.8506550080856,9.80443118803471,8.48696113778158,7.03114524697046,5.50562969475093
"95",17.2707067451435,15.0016301922492,13.3382997488977,11.5317221958348,9.37366616120232
"96",21.8637602360705,19.0719747582613,18.6327665396996,16.1337272436402,15.2990248588464
"97",21.5993847539306,18.7515484068664,18.8780872928681,16.1485192839985,16.2721141645736
"98",17.1768934240896,14.7957886731044,15.0259930761012,12.5946213061047,12.9794457734098
"99",18.748945903646,15.6832290136816,14.0056759310298,12.1709867830121,9.79026330386579
"100",17.7625579189915,15.105646813355,15.5803140534981,12.7782239953919,13.6445219034918
"101",23.4464512026858,20.6522882151365,20.7749972168036,17.8624956693056,18.0260941766583
"102",17.042092939312,14.6132796458126,13.6498904930501,11.6796837727795,10.2386379433365
"103",22.4694234157867,19.1237063705978,20.1823915274661,16.7134145891764,18.6827730805578
"104",9.25532142702476,7.19796018411315,6.17334122269755,4.86141110103975,3.76965765939364
"105",22.0055582714137,19.77527013865,19.5865500731724,17.0116060143805,16.7116344434991
"106",19.9449852866569,17.1028388577239,18.6455966463995,15.3082854977276,18.5836480290593
"107",15.2213840123789,12.5675093442902,12.1532054195375,9.96422302151495,9.30051177479759
"108",16.6955938492716,14.2113176240806,13.6497883273483,11.663856591628,10.6846408613398
"109",24.0374289246309,21.0509732233058,20.6572418725849,17.9344254738622,17.1522206563746
"110",7.77166559724829,6.15780487135911,4.75760999215908,3.96147311622235,2.66548816729435
"111",21.2958452227291,18.1223681417163,18.8606755030994,15.7943684310795,17.1079632317714
"112",21.2582454512106,18.7507572975931,19.0716299967775,16.2214828513549,16.8096495177535
"113",27.2986961531749,24.0204391177775,22.5693008701264,19.5676524739953,17.3180503263159
"114",19.5794963509813,16.8186887024732,16.1667889352617,13.8375291780283,12.7305412511447
"115",27.2579364925196,24.6803095587237,24.4657954020773,21.642699487692,21.2013245119245
"116",16.4024755052827,14.0432204149291,14.4994246762595,11.969366642439,12.8035879239049
"117",20.7564629937712,18.0481495382029,18.207264224209,15.3768450664225,15.6434792528604
"118",24.0528919144696,20.9992344094938,20.9269374116081,17.8329492527178,17.6766973518419
"119",15.6541962632243,13.1706493360563,10.9738740795416,9.32598859480422,6.9026729968381
"120",27.519209421694,24.4529672156948,24.791647115271,21.3538894837285,21.9282879867452
"121",11.8702649584254,9.91502017847069,8.45244483871424,7.0287804158759,5.40004401864715
"122",21.3211942936712,18.2964101958118,18.8210941981033,15.610636956257,16.5640951952419
"123",20.274911435605,17.7708870945208,16.8826384637128,14.6920608067207,13.2554179865138
"124",20.2557528281701,17.4095925595342,18.0665787775937,15.0847550813712,16.2598391384895
"125",13.713601330838,11.367235232335,9.91167810885482,8.12850707278138,6.45622118553853
"126",11.9917647961733,10.0022753944111,9.95047758583479,8.07393492501811,8.00270068330194
"127",26.1001092178222,23.1875958611938,25.1167285188647,21.3152434447776,25.5511527093781
"128",17.279595806236,14.6637192253655,15.9671022206047,12.978172800547,15.6996643346865
"129",22.2905869214882,19.4898777047207,19.561333920622,16.5925582630073,16.7173105297054
"130",17.5689025911436,14.7369155442031,13.5802140694693,11.3488552494462,9.756012686901
"131",19.6435554075742,16.7548680459456,16.247230913487,14.2408765226196,13.1592450039014
"132",15.9081007542363,13.6310694957896,13.067790156749,10.9159640358776,10.0831297122914
"133",25.7758821251451,22.5827659150798,23.4989839305206,19.9538213913112,21.7277927489166
"134",12.7676562165635,10.7519073490022,11.230261585153,9.16404298889706,10.0463740796398
"135",23.0775979922794,20.0586748216899,20.1761365651358,16.9446192539502,17.1687204167882
"136",11.1761032136705,9.04809091370883,8.54021862162677,6.84939783168053,6.15329391537834
"137",16.0952118140038,13.279416069932,13.1710487980252,10.6079348861237,10.4436852923877
"138",18.0512392181842,15.1269468789896,12.8157545009516,10.7420142977313,8.15170980263171
"139",16.7137823774762,14.3361565755207,13.6953997043597,11.4986413989061,10.5419822587194
"140",13.7450038618402,11.3408421018017,11.05131234439,9.15498151792061,8.63240650981321
"141",23.8319864166641,21.043972193726,19.5368781957619,17.4825498469888,15.0237194619205
"142",15.2680144873989,12.6860245211159,12.5650093696914,10.5261412312729,10.2007536545515
"143",14.9871618905282,12.0499156796744,12.0263196976858,9.57379584569867,9.50859306055481
"144",24.3306725298066,21.05354088979,22.0819948385575,18.5763704470489,20.5024640464541
"145",20.0326339281984,16.9915598532281,16.5037570575133,13.8401204580048,13.0236527509512
"146",23.7355614718987,21.1598920976021,21.8963561700222,18.8166909971581,20.2459621476889
"147",16.6057119624043,14.5205571798751,14.1378040975178,12.010626838309,11.4276301839596
"148",15.399731969867,13.033539859921,13.3159180414565,10.8773871209864,11.3867623849431
"149",20.4782318670835,18.1528302308426,19.0458359280548,16.4462812847325,18.1501901633781
"150",14.1174974845404,11.788920661302,11.7633943062044,9.69321394027673,9.60829066880162
"151",18.0600020378037,15.5280962008662,14.1635492330406,12.1345004441364,10.2336043575964
"152",14.009757495267,11.6652891244658,12.4490429310501,10.0477760962555,11.561477181528
"153",23.0348180595898,20.0895669690909,20.7407037018078,17.8067518858121,18.912165014347
"154",19.1142147016541,16.8637420252231,17.2441264353428,14.8569184309479,15.5014308712288
"155",24.0794174396906,21.0323666379794,16.396750448651,14.368947339708,9.77356952610995
"156",14.3706501822258,12.0190980693877,12.1287774898116,10.0792873724702,10.187167937433
"157",19.2842300206262,16.8633877045438,16.8506971471465,14.3148615337127,14.292557240518
"158",19.3423558859465,16.4931404362353,17.825042262718,14.6648904751113,17.4421403967103
"159",25.1319527207459,22.1962486466789,21.2540034101226,18.5509665011532,17.0026761058973
"160",13.1732477985331,10.96334804262,11.291253235052,9.16770630407,9.72898951252533
"161",19.4088296328632,17.11049476592,16.365785930468,14.080724869729,12.9428627134771
"162",13.1536047805595,10.9487937804428,11.8457459254634,9.46722500787133,11.2867285848662
"163",20.3590790452603,17.4022323125162,18.1643660585953,15.0462723258552,16.4898467753603
"164",12.1016290037536,9.87326198428974,9.89630723502029,7.91074409710466,7.94362226307667
"165",18.3771167634038,15.7985103226043,15.9740377071953,13.3961264933785,13.6642900008336
"166",18.1296565976069,15.1801799504363,15.0137865764483,12.669342603024,12.2447686210647
"167",21.3152971358913,18.3330813761806,17.7281887744463,15.2062137602349,14.135950536533
"168",17.053849938042,14.3001176908425,15.5072956502695,12.5159397487209,14.9724524905137
"169",20.6493932990514,18.2439626825587,18.620927996723,16.0099993546678,16.6523736451006
"170",20.702307053737,18.0390931749472,18.7573991600694,15.92247022143,17.2194736802721
"171",16.6859098836873,13.9812123861089,14.8456552360515,12.0474365560915,13.7051198852092
"172",20.1763500709442,17.4657232055967,17.8194781544709,15.2079692424808,15.7611868223238
"173",24.129196520013,21.1980922375268,22.7732973519879,19.2777427029157,22.641642449489
"174",21.9521681837398,19.3411424612659,19.1170652496214,16.3919115377279,16.0102284684775
"175",24.0734808617728,21.4795177434407,23.0749099979165,19.9018346772673,23.3029086445625
"176",22.4026319393294,20.0907110175943,20.8638117256204,18.4072579745179,19.7771214789458
"177",18.6482617724069,15.8558660269874,16.4988913400293,13.5811307623517,14.7421187029358
"178",17.0750567541691,14.7283124120221,14.7843798693684,12.4826885395144,12.5384622701135
"179",19.8744254472141,17.4413366341371,17.0394928312643,14.6035473010796,13.9337117445939
"180",16.9960470222185,14.3477629472094,14.0544186792599,11.5764065871267,11.1249940822668
"181",7.1744222204529,5.41967989313745,5.87303166215656,4.39001875407835,5.23695712794901
"182",21.1194100802076,18.3507521871148,19.6760363078548,16.4468561167804,19.1581805626619
"183",21.1640183897043,18.6870619883503,19.4687263789385,16.8456816582458,18.2421185450735
"184",17.9779355808464,15.5903471288778,13.3102415953654,11.4887258580984,8.8174249031143
"185",24.0295864333776,21.8155631154915,23.0087836489551,20.1119442466797,22.5984975048835
"186",22.6832890063357,19.5267440787344,19.4978649127937,16.8752119782794,16.6109040503098
"187",11.4896935909667,9.22174943640107,9.72426263980051,7.66328641913588,8.55763882851609
"188",14.144036063718,11.4990502247528,10.2637211857602,8.34728883803628,6.83886708306154
"189",22.3929033660829,19.1779368957061,17.8304069340391,15.163727389799,13.2307883428855
"190",14.0765221104704,11.8870389530912,11.0963273398516,9.30431196430962,8.17299191177936
"191",20.7395766538488,17.4896088678042,18.444742057241,15.0408344080136,16.8341725414233
"192",25.4086484618203,22.414627867288,23.7219110662746,20.2489666044653,22.9073208436438
"193",18.6172120826057,16.1697037066315,14.8569583983819,12.6588564134816,10.8761241174969
"194",24.8292622542975,21.6043837697437,23.3274392115779,19.5793270312781,23.2357020520869
"195",12.8410110654991,10.4420047734691,10.0997247246999,8.16130867528268,7.63018504917195
"196",16.3920309602163,13.8274926045454,15.0317627223154,12.1913733285698,14.678712019857
"197",17.9497114140101,15.7285124396234,13.6901292488046,11.8948276627894,9.38721013432479
"198",19.7949033228899,17.0672030836524,16.3989084167021,13.9033949791154,12.8474208942066
"199",19.8397125827721,17.7349397845906,17.0151288964711,14.9086992707121,13.7531851616908
"200",20.1047186028636,17.2988330096275,18.0213032827417,15.1326383452114,16.4086069273708
"201",20.8967711309287,17.9296502514485,15.7320589877211,13.5488982061031,10.7353138291156
"202",13.3892777268167,10.8451636191083,11.3077678418574,8.90905131445013,9.73564255145187
"203",16.9117672314519,14.4227872359389,14.3453475723046,11.9169373178489,11.7833047709364
"204",13.3429799966371,10.8314824054833,10.3865537048132,8.4104643151624,7.73515530975043
"205",19.2042606450247,16.7723121541054,16.8226433051006,14.2660395582463,14.3522568775712
"206",22.1139433117436,19.394345709993,19.3659371105792,16.5293443791718,16.4568696384374
"207",15.0901926848989,12.7721072030612,11.9614938737718,9.93664032085264,8.80366918419097
"208",19.3865438032344,17.2905134862532,16.8039970303904,14.6873812232175,13.8664122119596
"209",26.7714984699676,23.7347620222229,23.2799196247391,20.4479147485241,19.5759092514204
"210",21.272151914505,18.0141050762698,15.4208970949409,13.9430723445728,10.4222281457978
"211",24.4139414370324,21.7329612724872,21.8457822666115,19.0990484271166,19.204843622192
"212",19.7279417798262,17.2190335808692,18.1883539490587,15.293893906191,17.2306184748674
"213",20.2245774714382,17.6358842115933,19.0531187737679,15.9961312182719,18.9749646089907
"214",26.6321714087905,22.9462971796566,22.0203060353534,18.7844617374091,17.2865979280364
"215",14.8470226902667,12.5198789915606,12.8296033393615,10.5382879505648,11.063443971784
"216",19.0807057800469,16.3762407320164,14.6064896635605,12.3895823116994,10.1426885389572
"217",16.677320995179,14.1959662647822,12.8200333737446,10.8943414040284,9.05398517617699
"218",18.2512850979335,14.9293336266922,13.5985813969237,11.4636890508572,9.55520636491249
"219",18.2211226574319,15.7876698767534,15.8072062648824,13.3773401658037,13.379412537251
"220",18.6099086833648,15.8920357174174,14.4988459551833,12.733931393994,10.6231285083225
"221",21.7451024085319,19.1952446083151,19.7113434146161,17.2027733857152,18.0134390690778
"222",21.2864496508037,18.5945017593125,16.4367416224048,14.1811615486642,11.4573800835341
"223",19.367360560703,16.7955291458441,16.1847280431189,13.6749554887741,12.7453699088265
"224",20.1174743306193,17.5455956854966,18.4889180463669,15.5050371630529,17.3951123498215
"225",15.955125230361,13.4607579967854,13.2459108216656,10.8765115527374,10.5529362325295
"226",22.1166384402751,19.1668938861939,18.7187545917885,15.9275295176128,15.191346914707
"227",24.217524295313,21.2174455877322,21.6084609933109,18.4036514219846,19.0782063445221
"228",26.6513878936763,24.2740295452293,22.8383982266534,20.407048881496,18.2179241574801
"229",13.7302059908253,11.2034464177456,12.3282925905954,9.68990080121113,12.0348746498292
"230",21.8092269649021,19.3955859773151,20.4591708190532,17.7696654868691,19.8677536175378
"231",18.0076477704214,15.3316476741763,15.4212420234814,12.7009584032032,12.8723970404796
"232",24.7967276066721,21.5841048975439,22.5940453225783,19.1654829828911,21.0680999767679
"233",19.0602080661503,16.9099980818128,17.5159527528484,15.1555008235062,16.2406142411194
"234",16.3177639555739,13.5910304760185,13.8369701823554,11.2471191145277,11.6506840550981
"235",14.1429909141983,11.6092606219209,11.1453687075677,9.00531899307879,8.33273780371833
"236",21.4016753201798,18.581366855537,19.7147252495301,16.4805348631791,18.7252851417186
"237",11.0846157340852,8.97996230072222,8.16210056326068,6.6116092152446,5.56956527968395
"238",19.7994897058133,17.6057906379544,15.5086560382364,13.6745286674757,10.9553895101358
"239",18.7853521948992,16.0756494523628,16.8379204447764,13.9554656608529,15.3965309136266
"240",19.1031549906379,16.1169258387786,17.0574604269411,13.9358064663709,15.7031397907293
"241",19.869610903784,17.0316844850211,16.4201463919083,13.9812999705136,12.9535406979592
"242",15.7547014467951,13.4151834453699,11.8324630488301,9.97878759474378,8.02750986112109
"243",18.8455060181217,16.5805200278119,16.6846611542508,14.2589824928481,14.4223771408754
"244",21.6557300738676,19.1131408227303,19.5567840669072,16.7108535000741,17.5063471954792
"245",22.6326090444361,19.5811310130608,19.4051386856681,16.5976612000484,16.1897371022283
"246",15.7809381011837,13.1585655793956,12.7029015179597,10.444434325183,9.74185081067795
"247",20.4900180966842,17.8083045360477,16.1528474859597,13.8196866282366,11.6201053801283
"248",14.6615129007071,12.5114048436279,12.7683804958007,10.5950401566849,11.0324582849745
"249",20.4936206265871,17.6169428437683,16.3321301716714,13.7779698910209,12.0116752256899
"250",20.3783160798449,17.8706410437307,18.8839668084818,15.8540959563691,17.8939131749514
"251",14.5751397161819,12.1625292739021,11.178380137836,9.23252193669077,7.91547088499892
"252",20.3264556449056,17.2675268471127,16.5384414612838,14.1299830346262,12.8682632760572
"253",21.8735901563901,18.7245327544497,16.8609027252155,14.6922129978557,12.0542565593233
"254",17.819587742962,15.4970471453592,16.425724999517,13.7806403329319,15.605156923877
"255",22.572571410639,19.6615589346489,20.1942945516569,17.1237546149719,18.0505169846805
"256",19.3780168680428,16.9028572114245,17.4863113682322,14.7802598653691,15.8715237871976
"257",22.883582761179,19.7387065507319,19.7396537049708,16.7250702555003,16.6690953567406
"258",20.8221050805341,17.8578416032819,17.1882318422182,14.4265698803577,13.3930141360489
"259",15.5790400566483,13.0333085384993,12.05788503876,9.93630311884521,8.62911048972635
"260",18.6487937288945,16.2609496595889,16.3651392274597,13.9922373274308,14.1067138381945
"261",20.9960232772063,18.1438226617501,18.8016332542506,15.9530190654814,17.0872063756521
"262",17.0223773237754,14.467874495242,14.7618368515903,12.1181488856097,12.6476357299134
"263",20.4398072858053,17.7570599416685,18.4579925268562,15.7383300148196,17.0052899067638
"264",14.0468963968744,12.0588345304075,11.77720994918,9.85990504857907,9.42025956171014
"265",22.7196123997375,19.3937702567271,19.8758441664788,16.4982571997757,17.3465768267331
"266",13.930493414602,11.3956457116495,9.84460182757603,8.22780853975505,6.370459693794
"267",20.9006524792409,18.3958138613932,17.8178423273097,15.3045648333894,14.3834540571229
"268",16.9290177903938,14.1515269780758,13.5465243515442,11.1387199777979,10.2405373467869
"269",26.7279876463048,23.7322930642548,24.5987661998441,21.2672825192388,22.8820214941381
"270",13.5617281628113,11.4836766100119,11.1434961411107,9.23831385014305,8.71693351930359
"271",14.789761115278,12.5157923415939,10.6345186884259,8.91745813563222,6.8315668701325
"272",14.4500729171715,12.0325695112883,11.8305354317766,9.71812488110191,9.36638205257806
"273",20.8064993604872,17.9848314638687,16.3614848118526,14.2901823900212,11.9250410936508
"274",21.2777545942947,18.5963889001282,14.9592498975785,13.4166488711094,9.41643057467163
"275",25.6089269442887,22.5578510679752,22.0224789487618,18.8428515764303,17.9838303504509
"276",25.9776465011967,22.7325299985555,22.8799684124011,19.50000049303,19.713291702379
"277",11.4533286785033,9.28722752907398,8.93653512031247,7.24757288875251,6.70153249693085
"278",14.3320101692639,11.8914652365338,12.8902968971206,10.2706503588775,12.3148304140834
"279",16.6770661986238,14.388697264411,11.6017595782494,10.034107211136,7.14812294950187
"280",19.9813069586697,17.4421748309606,17.7120519651441,15.0164111863489,15.4690722017923
"281",17.2513579319373,14.1010730871464,15.0342231314712,12.0137610112549,13.7709072954302
"282",12.2246570445586,9.70757755285497,8.09282083702896,6.54986902644914,4.86311941377113
"283",18.7548734088698,16.4280810685295,17.2692513021964,14.6276087719675,16.2414793305565
"284",20.3173390108286,17.9074780402306,17.4186054897494,15.0150072326087,14.2100131447131
"285",22.7240392482716,19.9309131231172,20.2501236587088,17.2236411687947,17.7828155552287
"286",17.1605875698615,14.4378679584638,14.8175679045892,12.1529104352341,12.7915309688559
"287",19.0389994122908,15.8615075994852,15.694308204076,13.0076230680169,12.6476450544303
"288",22.1845027874401,19.6635581997371,18.4811926988385,16.1094797655418,14.3021750052147
"289",16.1905792725101,13.7165586153352,14.4560436298829,11.8556879547547,13.2472892351165
"290",17.0476331331041,14.5450997342435,14.0345013912715,11.8179742702132,10.9928251841567
"291",18.4706713199277,15.9267535391619,16.6840801292393,13.8588360906121,15.3086252262779
"292",21.5131309316402,19.5792128666532,20.0249156516797,17.5186146691196,18.4051815096871
"293",21.5296191586609,19.2733821225954,18.0861260316407,15.8917770849328,14.0981169257092
"294",15.186783646002,12.2830533776575,12.2225136476577,9.81271202825493,9.67396450055696
"295",21.7629970850746,18.9771018099739,18.1884040502781,15.4187709687879,14.2343889045072
"296",13.2038120796877,10.9945388364423,11.4396194025478,9.24121568048199,10.0381498881663
"297",18.6414446605154,16.0087278591765,13.6576147508425,11.6825152483841,8.94797321262051
"298",12.4870252438369,10.2423669767308,9.67393320168824,7.96507678155099,7.11073243439348
"299",20.1801104735537,17.2799012978251,16.8077023407063,14.2470401643706,13.4500882296892
"300",21.6770076774939,19.1555534003491,19.7281526845633,17.0337944496627,18.0679113896032
"301",22.1597090357058,19.5439174716569,19.7220553850255,16.8957918655351,17.1987850836979
"302",23.0700682792572,20.0225443131704,19.0925107300211,16.2003218967372,14.8360110920634
"303",21.2089960170011,18.4487007874097,18.4706403593835,15.7188478249688,15.7054174996305
"304",17.6685277819847,15.3541664531623,14.5628994019766,12.4275736141859,11.2441220434881
"305",15.774360600289,13.3621754578382,11.5757561646514,9.96813890947249,7.74874876457177
"306",20.2630235506759,17.1433633745838,17.7691124930711,14.6339712647765,15.7425569208999
"307",8.3242593719102,6.41864617060691,6.08587017144534,4.85370592772887,4.3347705542396
"308",16.5146845539383,13.7780282522794,13.4289151664257,11.0665996286048,10.4912891086281
"309",20.5739366144115,17.7662305209222,15.9710772713404,13.68140243844,11.2849774855526
"310",19.703317501152,16.4163304453273,15.4154748805676,12.7619935139687,11.2925981122695
"311",14.1602669822335,11.9151149295626,10.0536098464989,8.45921277896352,6.39666247104882
"312",16.6365113169526,13.8144992047015,11.8381716077647,9.91806883988519,7.62689810322392
"313",17.2013281141678,14.5957260706222,14.7663189038031,12.2526876675599,12.5050808941085
"314",17.4098474367165,14.7078263960645,14.8167614953741,12.3386123842234,12.454142399705
"315",14.3673811212744,12.3302198823751,11.0472103264943,9.35681535420954,7.72587919326969
"316",17.0242614652783,14.3983857718254,15.3432656876598,12.4988535397342,14.3363170497789
"317",18.3678915437549,16.0328681662445,17.118882069855,14.4568274035682,16.6337919801467
"318",21.3782087341801,18.6358614655184,19.0054354360569,16.3651366246478,16.9247402563002
"319",19.5467288052668,16.6654395739557,16.1605780640085,13.7548272304171,12.8597430016019
"320",20.9004536239993,17.9143605907665,17.3528123400584,14.8234462229247,13.8323202850633
"321",23.9720703083828,20.6618886583679,20.7158658679478,17.3297949923474,17.4194618023318
"322",22.2885164581396,19.4736217181363,20.0125012297978,17.3127988465929,18.1594182430136
"323",17.068317878801,14.6145279986666,14.8826867976483,12.4460936199932,12.8752416575983
"324",21.4461754042162,18.6656898044011,18.9966152988877,16.0623854308387,16.6461087577931
"325",15.7439534247482,13.3157899492923,12.7996141502757,10.5815178891925,9.82077838741099
"326",25.2948902452139,21.8739742477779,19.2027699853533,16.7827472017431,13.2942727554879
"327",21.4419910999986,18.6015406001783,17.9851264843344,15.2927474107097,14.2965575822031
"328",9.8407155260882,7.95043503803785,7.33016420298188,5.88474449010507,5.08036293366055
"329",13.0027892043641,10.6656782912807,11.5307966588358,9.13044134963545,10.848545470564
"330",16.5636603496777,14.1229816300835,15.3343673649087,12.4765144825384,15.0140814404346
"331",14.6643806165262,12.2123001532923,11.8588254718032,9.68764989737548,9.15331648777858
"332",19.3801424088449,16.5789173381982,16.0222632797642,13.4967930406026,12.5993995569877
"333",17.0074466142571,14.6011385368548,15.0927188411445,12.5596837165152,13.4319878975089
"334",12.9650187144143,10.8029380504864,11.4367564853138,9.1956277112984,10.4004915087407
"335",16.0041026993161,13.3576094536864,13.7165772118155,11.0874828315192,11.7296021431775
"336",20.7513280016518,18.220528291579,18.8026060992925,15.9295397700342,17.0016873354438
"337",19.421704289382,17.0523569069538,16.5406729399678,14.3048120717613,13.4367847552617
"338",16.2579342884005,14.0303858101345,12.2676067160248,10.5441306394092,8.36046430567976
"339",18.9959714705417,16.338557604063,16.8712371331546,14.3351801278645,15.2234395127876
"340",25.7551987205907,23.1754198318994,23.6541669955367,20.5900962325923,21.4810140049185
"341",24.0300029301492,20.9628009990758,21.1215542261833,18.109892752295,18.2953796314483
"342",20.0422812117291,16.9084762979453,17.0635919864299,14.104646065148,14.33548048688
"343",15.294731180107,12.9465185934114,12.3283950981246,10.1541597812333,9.29106317977972
"344",13.3220295699107,10.9377686519094,10.7797081283892,8.73519883976158,8.46847585444353
"345",15.9932546010654,13.2817871256964,13.5096755959147,10.9811539276344,11.3428958456618
"346",23.6605719021169,21.5284624760354,23.1781984769623,20.1627904234564,23.8230324362647
"347",21.0951387184592,18.4070387290916,16.8873665200667,14.4962609400726,12.3993398870284
"348",20.0350215518918,17.5248593255873,17.1003558825453,14.5642532468903,13.8871714176177
"349",19.9656448671187,17.4692002927104,18.5947098042959,15.6739551960426,17.9669040289183
"350",9.61717962933882,7.46525335630928,5.51718916369831,4.48277508632684,2.88829424448385
"351",16.323502694201,13.4580339521433,12.6667489218138,10.4550716937374,9.27738609391977
"352",24.1265427980221,21.3173458659458,22.5522679810805,19.2987934127408,21.7207919561804
"353",22.2299099559887,19.6218028054784,20.7630289473393,17.6225769478087,19.9707162809581
"354",20.5637003002515,18.2016552689543,17.7308807476584,15.3275483255839,14.5444540872343
"355",21.2308692737992,18.3128627947838,17.8491095847042,15.506659201346,14.5668404322881
"356",26.2953402464391,23.0075966384157,22.6126824447044,19.7114868152243,18.9094146429803
"357",19.8869012842596,17.7082865266847,18.4172393070243,15.8209655323867,17.2085493224753
"358",22.3100101514173,19.9409845720526,19.4755675313806,16.9376238850271,16.1665068127952
"359",21.5194312343156,18.2552178061316,18.0223124257903,15.2152995196172,14.7326737952551
"360",15.7826909328782,13.2066256774826,13.6911993945881,11.2248781085971,12.0569585311999
"361",18.1928647782581,15.5026430390241,15.9973833142696,13.2160594734543,14.0930195652675
"362",19.0688975033143,16.8100541619362,16.4915362727569,14.1112792505287,13.6037701153669
"363",16.4063491339413,13.6997770070219,14.125692925232,11.5461752169878,12.264310596656
"364",20.5713404833204,17.6675351357278,16.9690918851442,14.3709869678804,13.267776610108
"365",16.7119748177074,14.588218987554,14.5253835473948,12.3193234080988,12.2107185252344
"366",20.8658288268283,17.9868715421797,19.6228177625935,16.2633782200361,19.8269981925726
"367",21.9147754013648,18.5543069049176,18.3071079260863,15.1546544884856,14.7547935281255
"368",17.667861830032,15.1695863600747,12.3886177564672,10.658554143188,7.71456691296584
"369",23.5916141489956,20.7841163645737,21.4297845554331,18.3918703335179,19.534775117097
"370",15.1235997653348,12.7751870214918,12.68827469759,10.7266697155906,10.4737796551222
"371",21.1185581134984,18.5879557537993,18.3256810187202,15.6980497221283,15.2606612065081
"372",27.7388663230598,24.1424117106486,24.499740755203,20.6599680973954,21.2993861544386
"373",22.8626576881949,19.6833656486548,21.1243935381289,17.4937247595588,20.5081592627386
"374",14.7636847181434,12.1908921429715,11.1198933194582,9.13386673152306,7.74332503138384
"375",18.9947130706302,16.3179363430275,15.3648565983038,13.2033424344052,11.703861370494
"376",18.1907814955107,15.9103812647128,15.0118787818426,13.388368531512,11.830826475908
"377",21.1220871769635,18.7088976983349,18.7052851436669,16.4331300158627,16.2935968079277
"378",12.664491854199,10.2122844542977,8.86214666390685,7.41912536579075,5.74605042083818
"379",11.7558682296613,9.52506790525835,9.41101594850373,7.5252798825387,7.33370420318501
"380",20.0378098977115,17.6317093537042,18.3284924390789,15.5319362700731,16.8558172591652
"381",19.8969577327584,17.3782398574463,18.9819396875519,15.8242922012625,19.2985564040037
"382",24.7884392763721,22.1476135417409,22.8837296826153,19.9508918258181,21.3312074864715
"383",15.3096348744786,12.9245505777054,12.7717878413791,10.5912272650068,10.3221743005578
"384",24.1089474149623,20.5385694691452,21.3610414600129,17.7450852574688,19.2607117936396
"385",24.0785196143026,20.5611866554839,20.4576368398816,16.9757224917462,16.805547855586
"386",15.6068240111052,13.0294896419115,13.3639909568337,10.7717833478588,11.3813541905899
"387",19.7895309385718,17.3677123423015,17.9495437102812,15.1909045343107,16.2916834856294
"388",19.6660633110711,16.6533805202433,15.4350692771896,13.6019055833173,11.5581220610414
"389",20.2823792767394,17.704154977025,18.2118865614973,15.356814802228,16.3027312197985
"390",20.4850109645219,17.584771667071,18.2322754336756,15.3918191785137,16.4856194429177
"391",17.2568666629248,14.8443753506734,15.3353663831653,12.8219883409279,13.7027063348212
"392",11.992172373332,9.79792811867882,9.67179406497016,7.72853818814484,7.54063796734948
"393",20.1056229815663,16.7750055410207,16.5691981206336,13.9633882770844,13.4518161342194
"394",20.2494695200955,17.3029886504165,17.6957859037364,14.8919893208237,15.500817071751
"395",19.4405637663994,16.6680569385833,16.8454858084581,14.0619686093374,14.3496168423859
"396",21.4366144360717,18.2390611065449,18.1198481019275,15.3459706434223,15.0205483878403
"397",16.384980892117,13.7723938872068,12.1372752067867,10.2760087651473,8.21219569601921
"398",18.5184456268057,15.9836396520206,16.0476870244671,13.4674864416441,13.5654031518591
"399",11.5789436934587,9.38337836387005,9.59437667132009,7.68738144076717,8.00831386879221
"400",13.6380429323171,11.021168151131,10.8293093600389,8.65364251861434,8.34061196310794
"401",18.6944040374114,16.2050547397808,15.9408902777274,13.5951314620565,13.1250515340891
"402",8.71965384275481,6.97618987353655,6.45800131409467,5.29274077218949,4.54654904740291
"403",15.0089607568268,13.1443895274192,13.9739273684892,11.6727404678481,13.3732175411945
"404",17.5881429527973,14.8886292477384,15.3350855015785,12.7305470846839,13.4827003529272
"405",27.7300113143987,24.3638627923563,23.6584852400901,20.5954965913553,19.3108714951417
"406",12.4370786670411,10.5932889831583,8.39251097729407,7.13187606370245,5.0005091917402
"407",16.9851131291833,14.2267076283208,14.6933296677852,11.9457896259303,12.7589462581241
"408",19.6485684666487,16.7563018039929,15.663918862176,13.4303619976064,11.7430845923835
"409",19.2142022975036,16.8721836984878,18.2227380600326,15.2712446050971,18.1506312866621
"410",13.7578755060299,11.5767387596046,10.4364879511342,8.67649485227883,7.23032310521738
"411",18.192438246267,15.7291643885486,15.0362250929329,12.7377123036074,11.676535524981
"412",18.3196201758282,15.7339979733462,16.5562898656323,13.801235403497,15.3567087534023
"413",16.4126369903654,13.5193612865985,13.1007816517924,10.7755867681184,10.0715716925417
"414",18.296005213338,15.3857060300423,15.2270979228455,12.4485640818667,12.2139072580943
"415",10.3603200335533,8.26627003018558,6.66625867535005,5.71502761468598,3.98208747024482
"416",22.5319365512248,19.973935360138,20.5019082611742,17.8505453840176,18.7618573555349
"417",12.7042438524853,10.7560963151134,10.6168905973759,8.77137826577066,8.54860861319469
"418",22.8318843149393,20.1991338503862,18.0780307646846,15.9342950372708,13.0453608577503
"419",22.602907098138,20.282601009764,20.9792897939921,18.3413085236921,19.6295134174953
"420",24.7421776792248,21.701014077403,21.9375799735457,18.7388034280846,19.1188716234332
"421",18.8611297442703,16.1686246941773,16.393043199645,13.7476704910619,14.0932265140355
"422",20.9475705254869,18.5602557570528,18.430769930164,15.9183580676379,15.6677128329121
"423",13.7540624963812,11.6698081815134,11.7665684558276,9.76050676265324,9.90021653651715
"424",21.6653122631073,19.1031311476922,19.9684099414198,17.3852393630534,18.971699682018
"425",21.9737695304239,19.2379219105176,19.1534450022632,16.611985294976,16.3457947689402
"426",13.4155708897347,11.2155941068165,10.4479632231518,8.61688611301256,7.56692398608533
"427",27.918756620044,24.8957706405033,24.7980502651577,21.474955011704,21.2845891352403
"428",22.1134809080327,19.6947333123829,19.8831953949498,17.4906716855928,17.7134731392503
"429",22.772712831705,20.3570349610774,21.3584429211095,18.4814457890451,20.4613224869235
"430",20.3984982172216,17.378282900395,16.2002272658629,13.9764348390371,12.1162285062318
"431",16.7436268888066,13.7819667444593,12.3196335243292,10.3149935647141,8.38295603760039
"432",17.5815401462978,15.4572645119082,14.8911010565181,12.7008994390833,11.8553764138941
"433",8.92910582016524,7.05360145117283,7.05317582166209,5.52797736595679,5.51367377020105
"434",15.1807005425367,13.0387467967671,13.1587821592781,10.97045551519,11.177709152034
"435",21.9870834266334,18.8933693302475,18.7724014339122,15.989507914138,15.6698894316356
"436",13.926749873939,11.7505962066447,12.4688085012174,10.1239615378937,11.5070916253084
"437",24.6765958306504,21.9571338459082,21.5816083458593,18.894389128764,18.1965853751872
"438",17.8423457653529,15.1814321093332,14.6113185059092,12.1842218381292,11.3127119114532
"439",23.8120351949572,21.3758167191319,22.1727983031685,19.1508330911162,20.6875834658718
"440",11.5978486394001,9.73115402417006,10.6186672563902,8.50873411138337,10.375686056742
"441",25.7058188242306,22.6183453920531,23.4902005591868,20.0747521014729,21.6881833109867
"442",16.7793258689017,14.4420234263727,15.3014031879568,12.6335093372079,14.3325343261247
"443",25.4266583876747,23.0187305530296,23.2120525686515,20.521858890163,20.8112587093495
"444",17.5378647791367,14.7567503180454,13.6674218375587,11.5210257607831,9.95512738233014
"445",22.8087564885358,19.9243072062876,21.2645142220161,17.9727627803935,20.6527300623526
"446",23.42643138414,20.4680734714887,20.2830250158444,17.2526657761802,16.9249549709443
"447",26.763917339936,23.7983645338345,23.3954107111845,20.2215036865513,19.5526057989728
"448",14.5101500819945,12.1290324403081,12.2353277445465,10.0498459103557,10.1915187410535
"449",17.0932045132921,14.4910804552664,15.0731106791212,12.4399593747017,13.489960075166
"450",12.2870889857172,10.2087928704607,9.2714059782701,7.88593442709114,6.55789268001455
"451",19.7249961978732,17.0587227931944,17.3254906038178,14.8381435022998,15.1881799552743
"452",20.6912821406728,18.1225696107494,19.0772701023917,16.0929031030457,17.956128738195
"453",19.0579377905741,16.5717972267366,15.1547765799733,12.9873321379566,11.0454577694863
"454",19.0128558692136,16.3557065588096,16.7144038785704,13.965550964091,14.5767027074117
"455",21.5052407447191,19.2034003104668,17.8322052713132,15.788742543481,13.6813983833654
"456",13.9749261648443,11.6848570223839,12.4849183031848,10.0915206509465,11.6397049241136
"457",24.6542414859554,21.7275123020309,22.0372328322574,18.9959448505933,19.4766169580656
"458",21.9009258573025,19.0583349468958,17.6930416135283,15.5002190707705,13.3618506106579
"459",23.2184011496931,20.1853805266392,20.1517621554809,17.1354487408665,17.0412794503061
"460",26.6429180159933,23.9052805054776,23.400200143777,20.6154114260226,19.6839322522478
"461",19.6667198892454,17.3104380717041,17.6157666284866,14.9472085667785,15.4987267921847
"462",20.9366705121673,17.9996066884113,18.8551935048208,15.6430214185348,17.23738273867
"463",16.0601149009292,13.5118240751509,11.7396703121,9.84581122437882,7.73637040979679
"464",13.6957525893059,11.0590170996379,9.12548710617502,7.88274384265475,5.64395725998147
"465",14.9320334896118,12.3776753406438,11.8939195540796,10.0419151952417,9.16611160836821
"466",14.3728486141737,11.8423864693303,12.9670842077316,10.3307196129443,12.6582606399326
"467",24.2083130460749,21.7902491442685,24.1743787676984,20.7298674310589,26.3656475032351
"468",21.7137990080553,19.103677000707,17.8516859193492,15.4058676215827,13.5895118177865
"469",19.7383167420215,17.0238736510749,16.6359370983157,14.1395897173744,13.4613229890126
"470",26.9783836794656,23.7400144365228,21.9127099079358,19.3665910415493,16.5237249241825
"471",22.990088397291,19.7887270382801,17.8217691535856,15.5121867301477,12.7585671865838
"472",18.30841708488,15.4022107496489,15.8266691621991,13.1569114731814,13.8347720415116
"473",21.0956313150717,18.5939165681422,15.1617581221718,13.5561386369847,9.69909767925925
"474",15.6364651868575,13.1466423505757,13.7257026639847,11.2766669954929,12.3114439409759
"475",18.7664497899207,16.2437496012959,16.0208622977262,13.6421484821595,13.2172285943759
"476",19.8912916025665,17.6265345271991,18.0958144225795,15.4673073643173,16.3582007850732
"477",25.3929876058178,22.5229597794951,23.9316173346331,20.4983221096435,23.3048427824651
"478",20.893852791536,18.250257290559,16.7007721201619,14.355519635838,12.2038876488649
"479",21.6647568465123,18.7866549874079,19.0382625079972,16.1049182530126,16.5047797037028
"480",19.9027951454338,16.9256245390691,17.5817215916988,14.5212718288788,15.7015496158941
"481",20.5346870223508,18.2373386240442,19.0832002993895,16.4388713644407,18.0423931151941
"482",20.2180736012189,17.9058246288556,17.5009920868946,15.1773540089979,14.4811522263575
"483",16.1297088417531,13.3218803567029,12.2069197238629,10.6217207807123,8.84133394954153
"484",24.6024206318974,21.3230767523454,21.8394722074896,18.3291638059994,19.257266590515
"485",24.1300059456126,21.19483216634,22.0138999046163,18.8289870897988,20.3111708056504
"486",19.7203590995538,16.8964830083618,16.0913929343618,13.9416917280247,12.5489935030523
"487",18.7685773342509,16.3600233228056,16.199307102351,13.9580573013536,13.6101652935635
"488",25.8057141482486,22.9977538169197,23.7636919094863,20.5177951194521,21.9983139077946
"489",23.7501659220261,20.7499294330999,22.35026004847,18.6693430150848,22.0118367835296
"490",19.485494877431,17.0757969470439,17.8699452564199,15.0439097760193,16.605194462895
"491",25.9000204062031,23.027752382957,23.4318323068828,20.1942516983124,20.9095680655603
"492",19.7613783669998,17.0642696280001,16.5064757158391,14.098537934158,13.1497075062193
"493",22.8723988839745,19.9887987852256,19.9156764853037,16.9123674393337,16.7796113959423
"494",21.3614521349631,18.6432735713277,18.7725910702277,16.1721523025428,16.2960522646841
"495",21.523608456229,18.7248389193215,19.8848075867971,16.6347429967139,18.9404605658091
"496",20.5049039465462,17.7782561229663,19.3503398802528,16.0059950234782,19.3911831255654
"497",27.4253257540551,24.3956969905717,23.9048785257767,20.7596143204981,19.9046811458424
"498",16.0297104081436,13.3954071053255,14.1604026478872,11.4897769872933,12.9295127048683
"499",15.6006152544841,12.8139057398717,12.7888790316001,10.2572050416439,10.2247252871555
"500",22.4139914688074,20.100899312867,19.7994395872914,17.1914541300232,16.7046500842636
