"","age1.A","age2_no_comorbid.A","age2_comorbid.A","age3_no_comorbid.A","age3_comorbid.A"
"1",12.3901341388784,12.51739576503,1.66716649512472,0.501835144103028,0.850838676138315
"2",15.8607181980804,15.8175910086556,2.10674969415039,0.626091416784247,1.06150953845693
"3",14.801021825978,14.6694679645631,1.95383739651008,0.577572265761015,0.979247523312991
"4",15.2794928397784,14.8886902780251,1.98303682697452,0.576657792282151,0.977697075096556
"5",19.2034921493034,19.9683088866772,2.65944064153673,0.824182474035581,1.3973639218876
"6",11.5879610035842,11.1866998350794,1.48996538017285,0.430084857096671,0.72918932589572
"7",13.863666650265,13.8462289826417,1.84417052696643,0.549035441191775,0.930864634384238
"8",12.6670828437488,12.5530955560208,1.67194253582955,0.494728639963117,0.838789921392011
"9",10.0803474527472,9.55932649892828,1.27321930155558,0.362367300313321,0.614377286440313
"10",19.0690794444291,19.241332294687,2.56269557576657,0.770239845174048,1.30590664659055
"11",13.1809692350483,13.5478096009796,1.80441116254977,0.552309680710558,0.936415958659262
"12",19.5457812602634,19.9952265804203,2.66311226073166,0.811030831379592,1.37506590956631
"13",15.3488265026773,15.0035355963985,1.99833397250587,0.584343628608532,0.99072806123174
"14",11.5742275516626,10.9864674628014,1.46329802615957,0.41731057152353,0.707531105355803
"15",15.1895945475848,15.0963838295567,2.01067687598922,0.596492010601665,1.01132509070192
"16",18.3934739237476,18.1304881195404,2.41479834823861,0.711271885729435,1.205929151714
"17",11.3140413724942,11.1821305656641,1.48935872068564,0.439272621594516,0.744766762976157
"18",16.7866143809232,16.7136939666829,2.2260920586387,0.661992191232877,1.1223776696812
"19",16.808418604069,16.7255314578209,2.22762674214656,0.66132523712047,1.1212468792997
"20",15.3317697752152,15.6296318823248,2.08166752020387,0.632468503888604,1.07232159977477
"21",13.2638669166699,13.2041205416417,1.75864113387334,0.522436967300517,0.885768130923147
"22",17.0472155819485,16.9821503033442,2.2618580523053,0.672164941716997,1.13962510572927
"23",13.0422879896547,12.75596435335,1.69896714988364,0.496413066751001,0.841645790446016
"24",14.4090953754498,14.1730084766544,1.88770862622231,0.55410739541322,0.939463902223322
"25",15.9666464006943,15.8896099344657,2.11634696170536,0.628212226455629,1.06510527485432
"26",8.67790477739772,7.89620754581156,1.0517072442096,0.289936378504219,0.491573950827607
"27",21.6069759507877,21.99692025679,2.92969569138339,0.888802770720032,1.50692469762987
"28",10.6540419423815,10.6395032118658,1.4170828165722,0.422209820239715,0.715837558860972
"29",14.2793799238395,14.1256039988598,1.88140143088595,0.555313818870249,0.941509338357287
"30",11.7966828046913,11.5801042464026,1.54235843043848,0.451823014849082,0.766045384266854
"31",16.4498126365925,16.6947086305664,2.22354694341274,0.672603510628887,1.14036867938443
"32",10.5186490755596,10.0426545163518,1.33759510745369,0.383036727743138,0.649421361128138
"33",21.9510685644211,22.4112445017585,2.9846931934453,0.904871928300239,1.53416922389086
"34",17.4235431860867,17.8338470560183,2.37523480988168,0.723811338841424,1.22718922449023
"35",16.1570741873,15.9287639834466,2.12156065347175,0.624328210725863,1.05852010273067
"36",10.6561558805711,10.4621015696039,1.3934589688175,0.408823270603197,0.693141272431786
"37",10.9934692830659,10.4661631981558,1.39400103574292,0.398555750719136,0.675733159173808
"38",11.4033827820144,11.4002130535616,1.51838718635881,0.452923906703701,0.767911896365819
"39",14.2602539007507,13.6659208750975,1.82018081978743,0.522866654892702,0.886496646704443
"40",17.2993071914971,17.5992302661598,2.34402657241698,0.710306961458331,1.20429316647253
"41",16.9370926580165,16.8384251149531,2.24271921336196,0.665868999100288,1.12895062120185
"42",14.8915036232526,14.3102117221119,1.90597715138939,0.549090818711969,0.930958524452565
"43",11.6186097013607,11.8027892538253,1.57196860883198,0.475215388810047,0.805706091027944
"44",15.4940203772592,15.3657683200366,2.04656341902853,0.606135868959036,1.02767581418964
"45",20.0275341009107,20.0991014649002,2.67695194607514,0.801220426901806,1.3584328147017
"46",20.506569603524,20.8651141509953,2.77893242614322,0.840980200324627,1.42584370327766
"47",17.2594796538497,17.0427530001009,2.26990773419686,0.669169146252112,1.13454587069108
"48",16.8483222392788,16.6318115331688,2.21520395242449,0.653065123638505,1.10724223235074
"49",8.36517242700349,8.31535179832981,1.10752837410352,0.328306659285952,0.556629017789365
"50",12.4834817168179,12.2274334533503,1.62858500089684,0.476974762412129,0.808689028998776
"51",16.0715546441475,16.2990867735555,2.1708497253305,0.656473810238713,1.11302150554109
"52",13.3650498899335,13.4485303507754,1.79121703632943,0.536950884272048,0.91037581742488
"53",16.7745664897865,16.9891531461635,2.26277286530204,0.68213205720463,1.15652389698785
"54",11.0228816750425,10.8203238786626,1.44116908283312,0.422639296442614,0.716565716241341
"55",15.3453006448248,15.431328585705,2.0552716343154,0.616375689059131,1.04503696372298
"56",8.10120727026829,7.9942511963994,1.06476110746944,0.313559402945804,0.531625714994477
"57",13.7837109034637,13.4759309326357,1.79486852409766,0.525093033626396,0.89027137064839
"58",19.9767096569424,20.1141010297258,2.67883106156385,0.802436032015567,1.3604938179173
"59",17.2146747637976,17.2780061044271,2.30125497034813,0.689456376998858,1.16894194827534
"60",17.6602080032484,17.2366352949921,2.29575488803413,0.670224321695476,1.13633487269278
"61",12.6312503900355,12.2116996113064,1.62649156095578,0.470554426546858,0.797803641372629
"62",17.0203962377739,16.9861892527545,2.26237897067267,0.674086975464464,1.14288382658293
"63",13.5476053163485,13.1405630196362,1.75020554057325,0.507892731253573,0.861109039807193
"64",19.0948541275417,18.8255893801387,2.50738048262273,0.737297531396451,1.25005445095853
"65",12.7697267447433,11.9942464047971,1.59753069242214,0.451183121638797,0.76496047441487
"66",15.7615718605869,15.4889368539621,2.0629701592322,0.60535949975961,1.02635951550152
"67",17.8202411089403,18.1231319976295,2.41374512173636,0.731127252738551,1.23959302396127
"68",14.2380061558496,14.4978332247064,1.93089854748791,0.585941397182904,0.993437005223743
"69",17.7451958892301,18.1948227456652,2.42327596189401,0.740274562531639,1.25510187192864
"70",13.9390194589596,13.7601934126577,1.83273141649204,0.540326705712531,0.916099369230792
"71",16.9321173856215,17.0175359118599,2.26655587650075,0.678904277955321,1.15105134398788
"72",14.5812671541694,14.3801727637999,1.91530841681845,0.563964345054941,0.956175912297694
"73",16.246864173281,16.0641135684666,2.13958687540563,0.631770703613245,1.07113851112609
"74",20.8250534974962,21.3352372747515,2.84154018975152,0.866695181360157,1.46944228476063
"75",10.4270134942037,10.161213530327,1.35338369072354,0.394658468495958,0.669125494313643
"76",13.0612112152879,13.1929825490026,1.75717472763703,0.529536814740603,0.897805599537476
"77",19.4173567143298,19.8546663849289,2.64438053096024,0.805573199153851,1.36581274220176
"78",15.0813539526525,14.8874934188127,1.98286747680298,0.583796535372013,0.989800489517095
"79",11.3038937395595,10.66803333057,1.42088927406385,0.402750148936016,0.682844570696064
"80",19.6286555846603,19.6870218281265,2.62207819397254,0.783813509626513,1.32892017768495
"81",19.9990858618653,20.2832389079643,2.70148129951697,0.816576082133518,1.38446763016274
"82",20.4504498389413,20.4476563467222,2.72331553105887,0.811885401659221,1.37651479463132
"83",14.7186764264188,14.6020683714986,1.94485292079753,0.575239053915714,0.97529166868437
"84",19.6391237300617,19.8730433687424,2.64686030175009,0.798044734106116,1.35304857191628
"85",17.3600091908373,17.6382798190172,2.34922116906458,0.710604392039188,1.2047974465028
"86",13.5521927552588,13.4896056002159,1.79668730587094,0.533845136188768,0.905110162720044
"87",17.8315868691197,17.5356394002284,2.33558037226536,0.685393380396507,1.16205332221772
"88",11.4128526147396,11.22246473578,1.49472929580865,0.438927328269249,0.744181333838317
"89",9.62708305392834,9.21040884156906,1.22674581198964,0.351920899189288,0.596665888170929
"90",8.85186946491047,8.15483955223824,1.0861548638149,0.30195985553711,0.51195920961519
"91",16.6650575751637,17.0181562626414,2.26656391423334,0.690287052584929,1.17035032097354
"92",13.7884167248765,13.9450744150236,1.85733833459193,0.559216814440692,0.948126689938083
"93",16.8260048557457,17.4283451523554,2.32116941939329,0.716021427773069,1.2139817843607
"94",10.1719732185503,9.7716953530908,1.3015052408119,0.374458887439169,0.63487802279459
"95",10.305353598996,10.3930280707276,1.38425303764817,0.416536027496428,0.706217901164398
"96",20.6349868499819,20.9085215270217,2.78475806913975,0.840527840071004,1.42507674702947
"97",15.4185144092985,15.5121642010822,2.06604905352588,0.619502607050151,1.05033851104412
"98",14.3996030408679,14.3141057027419,1.9065033842537,0.564978425477713,0.957895239559939
"99",12.8886745718558,12.6949236121526,1.69083851398524,0.497838096109441,0.844061862949189
"100",14.4457301248216,14.1340111871476,1.88251634063468,0.549862104630609,0.932266204669168
"101",19.6834668560649,20.0386453927725,2.66885366143805,0.808656683470249,1.37104064970183
"102",8.29956495208427,8.27487800084167,1.10213650618526,0.327771548483496,0.555721761747018
"103",13.2905906126073,13.0493948432254,1.7380353218357,0.509875852989221,0.864471332568088
"104",9.02543808451621,8.13215533545954,1.08313353148034,0.296330065504811,0.502414156514975
"105",21.6258718836623,22.392461903043,2.98236045907086,0.918485421626746,1.5572502830308
"106",13.5135131933162,13.314495854064,1.77335549021824,0.521429925220387,0.884060736850928
"107",12.2261250550308,11.6990754880211,1.55821244152807,0.447100697798079,0.758038910357653
"108",15.3707906167434,15.2432142052434,2.03025357354936,0.601025423894901,1.01901128687636
"109",19.0455334718258,19.3670219762937,2.57942132547895,0.781437691751317,1.32489208646928
"110",8.08839020108762,7.53987004492693,1.00424647532918,0.282359868061777,0.478728321759285
"111",20.6312139910943,20.3345820147807,2.70832362632257,0.79655957762369,1.35053055660744
"112",18.4598221982891,18.7398722828416,2.4959337284818,0.754833685987342,1.27978620396945
"113",24.4018599956249,24.9044698797271,3.31660224545327,1.00653780960957,1.70653910447441
"114",13.78140617732,13.759619521253,1.83264315394097,0.546413539169333,0.92641931868255
"115",22.3756760579771,23.4225829437893,3.11931029320299,0.97165999479256,1.64740535480739
"116",11.7797465057609,11.5971744246069,1.54463868583111,0.45472973249904,0.770973591918827
"117",14.504486499882,14.5440530709306,1.93711408345707,0.579403902505489,0.982352980157036
"118",17.9847482166462,18.1386157885966,2.41582092518519,0.726267407754094,1.23135337769217
"119",14.0686997920888,13.8139390853397,1.83988703055722,0.538757019504302,0.913438037614112
"120",21.7911516105513,22.3298326854446,2.97384609427912,0.907441343558552,1.53852555066973
"121",14.0386841476234,13.5880585100162,1.8098103757921,0.524137046037247,0.888650537144979
"122",17.3278703652224,17.1215273576297,2.28038553106413,0.672130727857213,1.13956709768518
"123",15.3695917494119,15.6427489664675,2.08344062848641,0.631962937534798,1.07146443500218
"124",18.8233577717344,18.6601773668929,2.48533235399541,0.735321557125235,1.24670427639869
"125",10.4345164281748,9.99240393353002,1.33090037996535,0.382006464254699,0.647674596213645
"126",11.769587397096,11.3044071708457,1.50564945232026,0.433409695199315,0.734826437769793
"127",17.7270348304703,18.1045401649138,2.41122492125083,0.732802873840284,1.24243396337466
"128",11.7197103462914,11.4282546217256,1.52213907759265,0.443785848362775,0.752418733815068
"129",13.5862486012164,13.691323642379,1.82353161350609,0.548072349843061,0.92923175677937
"130",13.5875081709873,13.2236180061136,1.76125730339072,0.512283807644231,0.868553910233174
"131",16.6175903257783,16.6569431643705,2.21853277382759,0.662493433238774,1.12322750271846
"132",7.79675209532893,7.70633200735698,1.02641375807991,0.302674730308178,0.513171247295229
"133",18.3128986284157,18.4990778110439,2.46379776846431,0.74169493716156,1.25751005255119
"134",7.35063591231825,7.12833387934645,0.949432352761438,0.275500642448195,0.467098816514439
"135",18.4516506257818,18.4583153263962,2.45841189530806,0.733694023966993,1.24394486790767
"136",9.7323300718845,9.10527897804141,1.21274491060108,0.341354109530479,0.578750376613053
"137",10.9991434211009,10.4548096762528,1.392486014534,0.397556192453229,0.674038453568429
"138",15.2079971882968,14.8090657871904,1.97240581042612,0.573829584020243,0.972901976543411
"139",19.4462492855718,19.2667407938523,2.5661429620201,0.759576790319378,1.28782792176877
"140",12.2315995089581,11.7438477814629,1.56417819024638,0.449812356723483,0.762636404808451
"141",17.4365431451903,18.0148218168037,2.39931647118722,0.738652755796689,1.25235217232802
"142",13.774555581585,13.344786388098,1.77740625906958,0.515231898175586,0.873552263724971
"143",14.5368485976959,13.510653619291,1.79949273160381,0.504418328814334,0.855218348398847
"144",18.3181830592478,18.289373319856,2.43586568767605,0.726431352878903,1.23163133919923
"145",14.1155566693276,13.8757294682664,1.84809821825978,0.542404001464936,0.919621329756459
"146",18.6677613979449,19.1620212837605,2.55211738753222,0.779825018851031,1.32215787287016
"147",17.355232872883,17.4940983564363,2.33004533235918,0.699793593833339,1.18646822954471
"148",14.9381359968332,14.5410249363846,1.93673373503237,0.563494660573237,0.95537958360826
"149",11.6621455641912,11.9407096270482,1.59037760303621,0.485244020957599,0.822709180987202
"150",13.6465143818501,13.191372656704,1.75697458728106,0.508425535402422,0.8620123850232
"151",11.8369380825391,11.8161832277658,1.57379941846013,0.468900766652311,0.794999936187782
"152",13.2405089120903,12.696885135489,1.69111413016339,0.486178998977452,0.824294393720862
"153",23.5636932852634,23.8134066936704,3.17161907337353,0.953962903674866,1.61740074123057
"154",19.7646108246609,20.1699282705125,2.68641488998458,0.815300816808644,1.38230547577102
"155",20.7481702918399,21.110577920595,2.81144968617776,0.855029049329766,1.44966288818183
"156",13.34220085375,12.9534619396992,1.72528711129531,0.500967140566124,0.8493670155962
"157",17.3187059553365,17.4664415624192,2.32635010695241,0.699516594890524,1.18599859042803
"158",16.2446922301261,15.950837195627,2.1244924309912,0.622910116785351,1.05611578891334
"159",16.0849793235071,16.4778775376374,2.19461418071391,0.66989146604928,1.13577053107446
"160",12.9727381144681,12.4529479452732,1.658624348021,0.477082715050522,0.808872057790202
"161",16.8226147072974,17.1168182263762,2.27977599882449,0.691515739291941,1.17243350343588
"162",13.1082395201454,12.5255530963503,1.66829514447409,0.478079985750374,0.810562884931318
"163",12.6064720378673,12.4164446833097,1.65374501614719,0.486365994556526,0.824611436225385
"164",12.1004456145369,11.3843119546328,1.51629219619714,0.428910499629662,0.72719825619029
"165",13.1971616977908,13.1047436379466,1.74542540000027,0.516592591281164,0.875859257035791
"166",15.4497994061469,15.0916807286972,2.01006312687536,0.586525787509084,0.994427812458583
"167",14.4346653624969,14.4355742889089,1.92266141057185,0.573372121799779,0.972126370142354
"168",14.7873403049537,14.2548770575112,1.89861734506235,0.548386165211923,0.929763816472943
"169",22.027498722164,22.468074605726,2.99248542951393,0.90932937284008,1.54172661849705
"170",18.1044509373867,18.2246501356255,2.42732449944657,0.728017205318629,1.23432007992658
"171",12.1425311682422,11.7173249883676,1.56064116972398,0.450845299505207,0.76438771234292
"172",15.7210150876716,15.7716290943291,2.10061453588038,0.628185915624044,1.06506066603531
"173",16.3628117198647,16.5458999123003,2.2037037751195,0.663991128597178,1.12576677712158
"174",18.1428447173775,18.4461239818919,2.45680150194696,0.744276408706159,1.26188682021544
"175",23.2282410332922,23.8744294640923,3.1797358945864,0.973839708325706,1.65110096002495
"176",10.8418514568584,11.2653233410017,1.50040154455139,0.464809766262095,0.788063830980734
"177",15.9734421533346,15.6369307251667,2.08268543333873,0.60965004480159,1.03363393959542
"178",10.3251156988756,10.29605390652,1.3713382462143,0.407767839299666,0.691351836630798
"179",16.5072726034189,16.72529579946,2.22763294932943,0.674079248971463,1.14287072666525
"180",10.4789680750162,10.2059594230157,1.35934031810483,0.395441538347476,0.670453153652768
"181",3.59869714838078,3.13021960529093,0.416918608246959,0.111271388711264,0.188655581769553
"182",15.3462533837268,15.3421399325211,2.04340679819739,0.608979180141911,1.03249651905879
"183",18.4006251803817,18.793974669062,2.50314499300994,0.761952152674516,1.29185524067088
"184",19.5434389451618,19.6910320370589,2.62263705251301,0.78766524735856,1.33545062393065
"185",21.0400678830914,21.9889141783848,2.92857678183266,0.910210543332534,1.5432206030138
"186",17.5937007894897,17.6623742664105,2.35240208802615,0.704100161736689,1.19376981967175
"187",7.56296661428663,7.00488849298414,0.932991242180059,0.260529894724519,0.441716594237479
"188",10.1481933889342,9.55550201253222,1.27270848195605,0.36072559244586,0.611593845374117
"189",16.6609677104459,16.5728580735236,2.20729446723537,0.654860393519165,1.11028603083022
"190",13.6989654716077,13.4155191455948,1.78682721716651,0.522452729929576,0.885794855744236
"191",15.1715432504668,14.7253042608072,1.96125047056032,0.569374540037931,0.965348651973402
"192",18.4709273263106,18.7790856845829,2.50108709618335,0.756489519119306,1.28259359377955
"193",15.543484640219,15.5887726052854,2.0762654704728,0.621323347224761,1.05342549324926
"194",16.7912737870919,16.813179396419,2.23926943454371,0.668363745282438,1.13318034995613
"195",8.78600244563285,8.27453488156167,1.10209669792755,0.311874356306505,0.528768795010572
"196",14.1758912548897,13.7582944593902,1.83247920771003,0.531265947911124,0.900737266231132
"197",11.762665648203,11.9470508014827,1.59122564427943,0.481738293782601,0.816765379913228
"198",13.6233109608204,13.5905252299078,1.81011660519475,0.538395803888348,0.912825612956153
"199",19.1410720400108,19.7838732538057,2.63497450550236,0.812255410054362,1.37714212704672
"200",16.09383532087,15.9912874716995,2.12987457064658,0.631680614774546,1.07098576959503
"201",22.1489656696268,22.1469736693386,2.9496969801991,0.880264594803992,1.49244860846313
"202",10.8208883736496,10.0859104998102,1.34335534180778,0.377120571263367,0.63939078673289
"203",16.9813024468514,16.699856910069,2.22426063577687,0.653815209763822,1.10851396928139
"204",12.099043048116,11.3867424777679,1.51661459961262,0.428940829314584,0.727249678792454
"205",13.4711518947148,13.5615037813504,1.80625347228705,0.542605980252124,0.919963775609284
"206",20.9465999053599,21.2019707660114,2.82380693319983,0.851095603627394,1.44299390978644
"207",9.88670433872235,9.6653203836784,1.28733477388014,0.376034547791578,0.637549483301177
"208",15.5919419440981,16.0843649439058,2.14225970332416,0.657604303536502,1.11493820554143
"209",19.9237356504468,20.5139213389299,2.73208543649532,0.836491210694084,1.41823282540406
"210",15.1100840116651,15.2383490421783,2.02957194920054,0.609501462604769,1.03338202523445
"211",19.2184615232084,19.8086013108928,2.63822027759383,0.809678139048325,1.37277248120466
"212",13.9743768035684,14.036189554005,1.86947813144349,0.559698934713479,0.948944102946033
"213",13.2257877435168,13.2707095363077,1.76752604054975,0.529163536417429,0.897172723107731
"214",20.7525674810512,20.7482020499401,2.76319980591174,0.823414654950319,1.39606211952941
"215",11.3156170598173,11.0094323223714,1.46635909899865,0.426268077539615,0.72271814964671
"216",9.67442677478592,9.61363417608313,1.28044080784317,0.379468309639763,0.643371270434689
"217",9.83919429097779,9.72988440338294,1.29593228389259,0.382761779893422,0.648955199546574
"218",13.8117067083401,13.260248708709,1.76613165440881,0.507976229475283,0.861250607246729
"219",11.4653651703513,11.4768054496577,1.52860140921767,0.456140347600675,0.77336522570478
"220",13.5838699333364,13.6254452345737,1.81477295357328,0.542001470063257,0.918938856061794
"221",12.8728400276341,13.1786061052423,1.75523996089009,0.536180776032928,0.909070133910375
"222",13.8113263696588,13.9791395891954,1.8618479883473,0.561217668889898,0.951519047708782
"223",15.2867318216411,15.2911659643307,2.03662404914106,0.60712409169507,1.02935130091937
"224",17.6687939716653,17.7229404889611,2.36050674530201,0.705583407119584,1.1962845947982
"225",14.4750623733517,14.0753183378262,1.87470429400838,0.544833992675303,0.923741269399492
"226",18.2884880664763,18.3359237849327,2.44212315986893,0.730273786902485,1.23814601143012
"227",16.2488281145791,16.4242899231756,2.18750170646698,0.659122965749959,1.11751302829425
"228",21.8319306742891,23.0328077208327,3.0674554545718,0.961611373667786,1.63036837444584
"229",9.88343708906809,9.26580676365032,1.23412509331026,0.347986502718586,0.589995297791056
"230",18.8881748211182,19.4211515794816,2.58665734606078,0.791407140074158,1.34179483294391
"231",15.7375406652321,15.4227854408539,2.05416620358759,0.601390870953396,1.0196308857528
"232",16.8991324956635,16.9874675321851,2.262484904379,0.677150613454938,1.14807808553951
"233",20.1484350979662,20.6523506968444,2.7506638871045,0.840623493741514,1.42523892347993
"234",14.092863725607,13.5354115903542,1.80279319568811,0.519097322870563,0.880105915594183
"235",12.5866086017886,11.9243179231549,1.58821333781142,0.452021105415031,0.766381237817303
"236",13.6743394604215,13.6599247717798,1.81935596602998,0.541909595244156,0.918783086482137
"237",11.9023173184869,11.1751303678895,1.48843137702651,0.420477061745555,0.712899745595872
"238",19.9816100344472,20.6283319251252,2.74744020717026,0.84465950379003,1.43208179506219
"239",13.7437283197972,13.557906933842,1.80578191094923,0.531312739365427,0.90081659901502
"240",15.2977418703265,14.8620896686109,1.97948130134126,0.575356392102411,0.975490610246362
"241",12.6143110284404,12.5518280559661,1.67177744489501,0.496154235014643,0.841206953002099
"242",17.7571643518077,17.5280698728622,2.33457330908548,0.687725380949338,1.16600712315501
"243",15.4242572547822,15.6578615723331,2.08546890701818,0.630291545026269,1.06863066497636
"244",18.1514722319921,18.4590739069323,2.45853703505661,0.745453073215436,1.26388180140617
"245",21.8316077242146,21.915175990631,2.91876677412403,0.872515635059103,1.47931059944112
"246",12.7575196074127,12.3030592531423,1.63865651987448,0.473377394099995,0.802589854542265
"247",17.1761487836537,17.2790970838658,2.30137439798379,0.690030638679907,1.16991558285275
"248",10.178746795014,10.0159548641401,1.33403661405295,0.392159824874254,0.664889157627712
"249",14.4554284831102,14.3630810042177,1.91300323660955,0.566999488257927,0.961321859637302
"250",14.4795142494292,14.5899807081121,1.94323527649646,0.583309107231677,0.988974077260979
"251",16.8445525819286,16.2561461048288,2.16517121576783,0.626137329586864,1.06158738152682
"252",16.1610222257978,16.0060905591644,2.13183578956528,0.629840088943563,1.06786524170886
"253",16.2286502042388,16.2723948166883,2.16728363287762,0.647221594819151,1.09733479485247
"254",12.1677852320872,12.1837200237692,1.62275676518969,0.484833666396412,0.822013443481189
"255",18.2394042740337,18.3396620183988,2.4426179617352,0.732080858361491,1.24120981894925
"256",17.0998011876064,17.1897136078399,2.28949222983808,0.686323970137968,1.16363109482483
"257",20.957435169432,20.9107135033864,2.78502322880621,0.829902635256863,1.40706219523096
"258",14.3825223229706,14.2488884132248,1.89779397380058,0.561054975481517,0.951243208430027
"259",16.2418049679655,15.6939359434597,2.09028542425354,0.604426996066725,1.02477849787677
"260",20.4191530129185,20.6100452978184,2.74504117251593,0.824625977624751,1.39811586206378
"261",18.8315778344913,18.8371326903414,2.50889346506138,0.748005579015605,1.26820945896737
"262",9.19983664267008,8.99482086261449,1.1980292997006,0.350133448784029,0.593635347256558
"263",17.2906816690136,17.3871796627238,2.31578618378278,0.693766449742525,1.17624948069982
"264",10.3204089914251,10.221763479532,1.36144739675177,0.402559878839606,0.682521976396241
"265",20.1163916231619,19.8023627872293,2.63737711044218,0.775370574704047,1.31460556529368
"266",13.5913518181583,12.9991242887881,1.73136762980931,0.49624697446631,0.84136418852697
"267",12.9348933790781,13.1461809749236,1.75092732167967,0.529755714377502,0.898176733921855
"268",15.5007748042109,14.9690720176098,1.9937376033537,0.576416420931493,0.977287840942939
"269",24.0870071859944,24.7059621853488,3.2903247892538,1.00375945164024,1.70182852482641
"270",13.4076669412392,13.1064888516736,1.7456681053576,0.510075478045071,0.864809787776416
"271",10.6599104236885,10.4329949795021,1.38958127571747,0.406565150474165,0.689312732394833
"272",11.8921703547853,11.4584183622728,1.52616021875988,0.440384251414508,0.746651480807328
"273",19.1251854680788,19.313445691937,2.57232633307247,0.774289661317605,1.31277292577939
"274",21.5618300064515,22.1319557076879,2.94765541190223,0.901088218084828,1.52775411520746
"275",17.0522849632772,17.3148493199609,2.30606895326493,0.698648899923919,1.18452745305282
"276",15.1358778513462,15.3014698673118,2.03791471725347,0.612718938912865,1.0388371100659
"277",10.6278882734223,10.0030074118673,1.33231473681292,0.376861950914468,0.638952307686803
"278",10.0706987037001,9.59498884749551,1.27796903794931,0.365029653897625,0.618891185926428
"279",15.4688169620892,15.5237935199697,2.06761471142499,0.619013456364921,1.04950917829143
"280",19.2922974602879,19.4293797965273,2.58777873261701,0.77624227819878,1.31608349894611
"281",12.4833188650209,11.7721808176368,1.5679403507727,0.444547061261681,0.753709335684579
"282",8.76884679314292,8.10540744115813,1.07956942572526,0.301030273738096,0.510383145928681
"283",17.3639086476249,17.5212661573985,2.33365333144744,0.702896782457204,1.19172954480244
"284",20.5625613923251,20.9409278886242,2.7890887373955,0.84633622365882,1.43492459738518
"285",20.231095360542,20.456594463164,2.72456028233838,0.821163326575023,1.3922450946022
"286",15.169741954992,14.7218561532061,1.96081390800049,0.569510238421369,0.965578722414411
"287",15.9573774635193,15.4304328776229,2.05517108866371,0.59480884020255,1.00847135179796
"288",14.920442398199,15.3141827806041,2.03966261108861,0.623766899771895,1.05756842552235
"289",14.9779755437366,14.6138718006619,1.94643547558256,0.568225601308269,0.963400678581746
"290",14.5605022013855,14.3909814041725,1.91674252291323,0.564830455546144,0.957644363266872
"291",15.7894699404532,15.6657317515266,2.08652371200593,0.617485741820196,1.04691900772242
"292",15.5229806391402,16.2476615302285,2.16396795444562,0.674090915111505,1.14289050607542
"293",14.0274382785802,14.5220360004101,1.93415161841132,0.597666812389141,1.0133169137325
"294",12.7709714065565,11.9582680096122,1.59273266492832,0.448830163921555,0.760971141557908
"295",13.6071569128382,13.6820802220961,1.82229443888607,0.545991424051636,0.925703641687547
"296",8.50612963346504,8.15384805783862,1.08602221024314,0.312186466639189,0.529297963892803
"297",14.2063561644722,14.1618900452135,1.88621268424344,0.560392857926167,0.950120618211183
"298",11.0205642129823,10.5130102835768,1.4002420647492,0.400254188299265,0.678612782889209
"299",20.7645060983194,20.6229366247014,2.7467364691019,0.813874495480233,1.37988721279149
"300",16.4000453019757,16.7511322201962,2.23105692973152,0.678543274291115,1.15043927868448
"301",19.2244682304071,19.5532489815735,2.60424476305156,0.789726365547381,1.33894515613261
"302",13.8607633453537,13.9029514783561,1.85169747176641,0.553416241672365,0.938292082471784
"303",16.793984931302,16.8911513428095,2.24969278720131,0.673989838795839,1.14271913577658
"304",17.1513668567634,17.2469946433032,2.29712824179246,0.687688028524143,1.16594379381593
"305",10.5214240731878,10.4151034507411,1.38719675008225,0.409771241017902,0.694748513180352
"306",20.413039011006,19.9178541807438,2.65282922479477,0.773846520483338,1.31202160063766
"307",6.60323862424517,5.95611395077375,0.793303662498401,0.217290606545224,0.368406346551675
"308",11.2534312742674,10.8691539583606,1.44767173653566,0.418470681274493,0.709498018706299
"309",14.6692998272667,14.6997787648524,1.95784442047874,0.584632600791586,0.991218000433007
"310",16.099432238585,15.5429918965841,2.07013147544725,0.598961765961546,1.01551244865298
"311",14.7153980074216,14.3714784164076,1.91415158615305,0.55854493080066,0.946987541766574
"312",14.2330330923145,13.7764933248028,1.83489602815677,0.530973668886259,0.900241720429883
"313",15.6900617834216,15.3855412934332,2.04920868927888,0.5995706764733,1.01654482874791
"314",16.2628584895574,15.9159108873177,2.11984860325004,0.619398608357352,1.05016218598769
"315",14.4453305137698,14.3436314018476,1.91044271179133,0.56659394030267,0.960634271513164
"316",11.2476501395316,10.9435521584442,1.45758146787098,0.424189485837001,0.71919399189637
"317",19.1983196987659,19.3122952069522,2.57220411936884,0.772034534202358,1.30894946026127
"318",18.1775319952252,18.3779643538868,2.44773105833772,0.737029431479151,1.24959989973511
"319",16.001992910785,15.8709108495602,2.11384361371474,0.625306087090943,1.06017804765873
"320",15.6230438276098,15.5670765483215,2.07336564772778,0.616091408301808,1.04455497862079
"321",16.8155800360295,16.7068301366175,2.22510355558572,0.659186434462232,1.11762063661097
"322",18.2735401926777,18.5381189864925,2.46905831839595,0.74617385532474,1.26510385470967
"323",14.6806940949041,14.5172797642253,1.93356721086464,0.571100458974439,0.96827486907939
"324",15.9172035920768,15.9761785598173,2.12784763729266,0.637044767104149,1.08008044604476
"325",13.2195541838577,12.8995980493129,1.7181087269491,0.501178293954952,0.849725016569076
"326",19.8492613606989,20.0310940975947,2.66774402242011,0.803421671653012,1.36216492512079
"327",14.2256291938372,14.2724970675094,1.90092245878367,0.568164174792253,0.963296532715955
"328",11.664706017733,10.8973851795943,1.45143839037805,0.408194629364392,0.692075439785994
"329",13.2586862208212,12.5042351087535,1.6654557698566,0.472111877501926,0.800444228673721
"330",14.4224760989984,14.1081793071394,1.87908010815018,0.549921942332324,0.932367656772531
"331",12.5904307981033,12.1072214437293,1.6125746925627,0.464519841038167,0.787572275941984
"332",16.1012732899956,15.9402626594345,2.12307818913496,0.627646621030632,1.06414631656557
"333",16.3271289389419,16.1508457345857,2.15114042047837,0.635938535718082,1.07820488101293
"334",9.1859924525118,8.80447398392831,1.17267994843521,0.336725055539134,0.570902025982258
"335",12.2613468108557,11.7778921961668,1.56870875503359,0.450964567150745,0.764589925214671
"336",15.8333902038949,16.0091177616998,2.13224288171591,0.642189044993289,1.08880233537499
"337",16.5435707662672,16.829407767198,2.24149883465142,0.678672028833899,1.15065757615929
"338",12.1818462446113,12.2022626559242,1.62521948141622,0.485324327393947,0.822845336899743
"339",14.6708012483517,14.6397452685835,1.94987027919151,0.579739308763411,0.982921646221601
"340",20.3631217989676,21.1113566373534,2.81162839271361,0.86894756658658,1.47326110153089
"341",20.0749356420855,20.270612644077,2.69974759128167,0.813453214779568,1.37917295051263
"342",13.4637529004089,13.1245021702085,1.74804597701205,0.509449077768637,0.863747754580462
"343",9.99745362520605,9.74227478077777,1.29758467586229,0.378056854542983,0.640978212475149
"344",9.04977158459351,8.59173753242062,1.14434522654005,0.326040976673246,0.552787655905095
"345",13.0007398004207,12.4607451645542,1.65965873162457,0.477032563625145,0.808787028328087
"346",22.3961508824732,23.3985658464766,3.11634082722162,0.970301106988442,1.64510142230313
"347",17.0057075282537,17.1783681957622,2.28795173973081,0.688211482429903,1.16683128611979
"348",18.7311886006262,18.9022961993723,2.51757602708468,0.757210458283925,1.2838159133632
"349",17.8905525566877,18.0236442767463,2.40056019399903,0.720373783353519,1.22136100541301
"350",9.06823736928803,8.25093019073666,1.09895285782075,0.302689799859443,0.51319679703442
"351",15.3137491180927,14.6765801940963,1.95478309048263,0.561606653713299,0.95217855379573
"352",21.6174145735171,22.0113261684765,2.93160424159151,0.889836081036889,1.50867662830345
"353",22.866046965544,23.2220062669036,3.09286892745238,0.935128972289612,1.58546866665466
"354",15.5790240790493,15.9365783672927,2.12257538336617,0.646824985934109,1.09666236251556
"355",16.1571528404908,16.2654348728098,2.16637437814391,0.649736409538199,1.10159854889886
"356",21.372367804504,21.7444793529911,2.89594411721118,0.877639255215824,1.48799746452501
"357",21.6647998438732,22.2186688346297,2.95926799860951,0.903129828660526,1.53121557313808
"358",20.2685262765121,20.8908239690814,2.78237624878316,0.855363849073052,1.4502305259284
"359",14.933965789584,14.7162906289574,1.96004108623366,0.576867408008588,0.978052469032743
"360",24.0369477319039,23.2372487304744,3.09497783101609,0.896015765547122,1.51915400249581
"361",17.9618486639971,17.6269339434276,2.34773649873789,0.689210938982199,1.16852581927436
"362",19.3150054703607,19.6275049662896,2.61417357927569,0.790843501846021,1.34083920994803
"363",12.4267305996236,11.9849758692491,1.59629066294418,0.461050880637367,0.781690811262444
"364",14.1299611414664,14.0565062964015,1.87217818143805,0.555570947314369,0.941945287946634
"365",12.5544257774251,12.6379598160956,1.68325792544393,0.505154676298788,0.856466792088401
"366",13.5916382101069,13.4829389653347,1.79578927445043,0.531296335847288,0.90078878759563
"367",18.6423085323941,18.2297930782991,2.42796459364564,0.708991009862973,1.20206203035859
"368",14.301958577613,14.2922538911353,1.9035830536539,0.566915659217371,0.961179731309453
"369",16.7724594802694,17.0621519836598,2.27246580106528,0.689079777589253,1.16830344109451
"370",11.8270228112834,11.6291758794981,1.54890277855974,0.454781971906314,0.77106216145934
"371",16.4454082319311,16.7001250003774,2.22426960016895,0.673025585336062,1.14108428786523
"372",20.6248715388251,20.6978108812779,2.75644996425746,0.823136045425631,1.39558974974437
"373",22.1859060309834,21.9571903239416,2.9243601538868,0.862910679075392,1.46302583315964
"374",13.4287208431318,12.8440287193584,1.71070806895413,0.489932567763226,0.830658398980378
"375",17.2507586002956,17.2436081809641,2.29667376504759,0.685742881823642,1.16264588600099
"376",10.2031838954913,10.4567036974019,1.39271570982797,0.425350722911513,0.721162816572702
"377",16.5551547305965,17.0285013185085,2.26799548544438,0.695201281785952,1.17868217320982
"378",10.4936710461888,9.94541496296048,1.32464291560809,0.376522578158829,0.638376916605651
"379",6.39549134193916,5.98648458012853,0.7973485099839,0.2245632243424,0.380736739453251
"380",21.366042648859,21.629783363477,2.88084298207046,0.869572815874522,1.47432118327817
"381",17.7414172287222,17.7894696049926,2.36937142157628,0.708780942125636,1.20170587005846
"382",18.1244036553377,18.7230808721659,2.49364184557395,0.766170406958113,1.29900709906989
"383",9.33730389172067,9.1132800754214,1.21380878602638,0.354151203016582,0.600447266932661
"384",15.4227414284905,15.1708948473157,2.02053524527213,0.593356084446323,1.00600827044763
"385",17.5366607643258,17.2602135668251,2.29877965296608,0.675629836604575,1.14549967751594
"386",13.531118699529,12.985462083225,1.72954615503024,0.496933501989526,0.842528164736786
"387",14.6183022694844,14.7736406196488,1.96769673555804,0.591883629593644,1.00351179017468
"388",16.4289457191475,16.4103022162287,2.18568038871636,0.650697988523273,1.10322886235991
"389",13.5927611266998,13.6662307968222,1.82020159763722,0.545192586078037,0.924349248214128
"390",18.3528871740758,18.2413206209114,2.42954485772414,0.720375805634072,1.22136443409777
"391",17.4003687127237,17.2683960291457,2.29998613054785,0.680329085161796,1.1534670398425
"392",7.37898551718713,6.94824196717188,0.925446074143026,0.261814973044783,0.443895386116829
"393",13.3274314948996,12.9767260406451,1.72836733180256,0.503160468863972,0.853085704028461
"394",12.9776646388808,12.8357636927579,1.70959620966563,0.505558647901146,0.857151707577853
"395",11.3280035823201,11.2093278415077,1.49297203397543,0.440515868390107,0.746874631406863
"396",17.8798307955875,17.6746186660377,2.35405072133323,0.694849578405117,1.17808587611413
"397",13.3407374358686,13.0603715405312,1.73951946634124,0.509018657550306,0.863017996664836
"398",16.1038592659595,16.035020895249,2.13570658708083,0.634059228985423,1.07501860187074
"399",8.77596189045551,8.22735433854871,1.09581311439031,0.309106727760505,0.524076406612129
"400",6.84211142886666,6.39049389592363,0.851158424522861,0.239363573743493,0.405830059119651
"401",13.130466659402,13.1718313505225,1.75435773580337,0.525388906422176,0.890773009524871
"402",10.0188170521799,9.36802490007639,1.24774090098645,0.351305126637293,0.595621873798682
"403",12.089638400519,12.1518944418293,1.61852049747672,0.484809034452609,0.821971681140105
"404",8.58608269966605,8.40363696754492,1.11928786162588,0.327336901303351,0.554984837209772
"405",21.4740332661708,21.908370605645,2.91768880466342,0.887479579533734,1.50468128711856
"406",11.4246246948723,11.2828406296901,1.50277235125869,0.442850841362309,0.750833471946097
"407",13.3505018421386,12.8801909652696,1.71552174218535,0.49553793699198,0.840162047718222
"408",13.0237449020131,12.9589527574814,1.72600098023868,0.511951243417507,0.867990062703319
"409",17.2095409321185,17.3440841313526,2.31005721572062,0.694391741223402,1.17730963398331
"410",14.1619098577805,13.7839915165151,1.83590589398607,0.534594864404603,0.90638129283144
"411",21.1076988504943,21.0919482860151,2.80922141679053,0.837519086010857,1.41997554128205
"412",11.6720503060768,11.5618493160771,1.53992979456239,0.455042350605955,0.771503621709188
"413",14.3099114395536,13.688784830477,1.82321510729848,0.522488824703274,0.88585605279237
"414",14.7206186814271,14.2631438847967,1.89970986815591,0.550494716530765,0.933338769390796
"415",9.0227999725506,8.56516525426054,1.14080641648712,0.324880032064415,0.55081932709103
"416",14.9237243544517,15.3153939241859,2.03982496992723,0.623454208139387,1.05703827107269
"417",10.8326907904432,10.5800090594821,1.40916398713066,0.41138027228646,0.697476552558397
"418",24.5385769559335,25.2629651718746,3.36460324052767,1.03053349281953,1.74722269464402
"419",16.5738184488275,17.1745165439201,2.28742313447072,0.706126346704267,1.19720512418496
"420",15.5060919171535,15.7036942878861,2.09152340119515,0.630899305836181,1.06966109580407
"421",11.3620236465359,11.2522936902452,1.49869855202534,0.443481910362313,0.75190342075065
"422",15.2095283047059,15.5599088992257,2.07239938407215,0.632034017262588,1.07158494744975
"423",13.2918220941012,13.0266744781929,1.73503883215243,0.50784167531133,0.861022476777845
"424",18.1568794342808,18.5770033361556,2.47423996399644,0.753697669243158,1.27786013921681
"425",22.2650340707112,22.6264346921831,3.01355696863599,0.912699245011032,1.54744008358689
"426",10.4178675951219,10.0642469844204,1.34047035532877,0.388091607361744,0.657991679754229
"427",18.2740279404872,18.8244105637163,2.5070299135346,0.766233132438463,1.29911344727066
"428",14.7052355587331,15.1920651141625,2.02339622947205,0.622371270091375,1.05520219883674
"429",15.0573632435395,15.5206122769667,2.06715699391378,0.634705071447654,1.07611359840898
"430",15.8862748463237,15.8142035309295,2.10627819184055,0.625195511097422,1.0599905710879
"431",11.351640067253,10.9250362621151,1.45511251303225,0.418903125010322,0.710231207403864
"432",16.1431675786163,16.3634067648618,2.17943972622627,0.657405312980431,1.11460082609864
"433",6.02980155900993,5.50330990813111,0.732994000701072,0.202484652509521,0.343303524482055
"434",15.5542823084247,15.3947689198739,2.05044264956494,0.606086040870172,1.02759133292988
"435",14.7212555182195,14.6850315687133,1.95587130295451,0.581603470688585,0.9860822480311
"436",9.23106033504013,8.95148906471876,1.19226010244707,0.346043328258572,0.586700733820216
"437",27.4023736467436,28.2287287597873,3.7596098284261,1.15560683074099,1.95927885393813
"438",18.1784565681934,17.8659522689579,2.37956642549842,0.698243341120029,1.18383984653532
"439",19.3099035408602,19.9403882270874,2.65577133484229,0.816936000302119,1.38507785505768
"440",9.78534672343095,9.42014190086028,1.25468165849035,0.361610595734006,0.613094328221745
"441",19.4413908457092,19.7336442111858,2.62821163180254,0.794210505073361,1.34654781087438
"442",11.5217807332444,11.3944148679026,1.51763282331823,0.447789875381544,0.759207379624163
"443",17.0764213299592,17.8672629017419,2.37962764519007,0.74142437801783,1.25705133182114
"444",11.3404642728277,11.1073991599736,1.47940079637336,0.432419655049111,0.733147869696901
"445",16.5398758968742,16.6518818807336,2.21783489213915,0.665477166727184,1.12828628722382
"446",18.7353637261433,18.900124863647,2.51724380047155,0.756264261402808,1.28221167956022
"447",20.2817711014327,20.7992204393777,2.77006777352155,0.847857846662164,1.43750444002267
"448",10.407048452171,10.0581745638262,1.33966088474739,0.387548579561247,0.657071000801604
"449",12.9153448948858,12.6371767886359,1.68315572701843,0.491474067776097,0.83327194218402
"450",7.3449296926248,7.14511158228087,0.951666573771971,0.277193123560586,0.469968341309537
"451",15.821503644825,15.876004669163,2.11452319819817,0.633097877671818,1.07338867441631
"452",16.6176920198989,16.7556136790874,2.23166923265989,0.670373076053555,1.13658707894535
"453",15.8710318993173,15.9850481372193,2.12904057655242,0.638694789198088,1.08287798350403
"454",14.5306817983502,14.4143312036364,1.91984746609872,0.568295004440581,0.963518348437893
"455",19.2630948440566,19.9683757477857,2.65951946213952,0.82092734209114,1.39184499363634
"456",12.8600408895692,12.3727904642303,1.64794778575779,0.475145099220973,0.80558691822465
"457",21.2128679384061,21.6097113047569,2.87805449457121,0.874762785159116,1.4831205402925
"458",14.5568600519029,14.7848976244018,1.96917984157147,0.596185000085281,1.01080456832641
"459",21.3379442290626,21.4386246112435,2.85531044838827,0.855391457129936,1.45027733413394
"460",22.6532095134605,23.5134212911322,3.13148123890512,0.970048324306893,1.64467284075669
"461",13.2805842132896,13.4561040179932,1.79221438870841,0.540676727254272,0.916692814844742
"462",11.6004100962136,11.4729593507486,1.52808236110413,0.451639594634494,0.765734403630301
"463",19.1363536482509,18.6806093827861,2.48807223461523,0.725448548866254,1.22996503966869
"464",11.0480470920457,10.6104185555936,1.41321450782548,0.406253186123752,0.688783811018908
"465",12.8425476432332,12.4536329715201,1.65871212553572,0.481220740615125,0.815887892042918
"466",14.532263891292,13.7778150888548,1.83508254536223,0.522028648502028,0.885075844960255
"467",19.6540463871901,20.3071726761559,2.7046222607382,0.831359471577967,1.40953219499355
"468",22.4361523649079,22.8446673786559,3.04260756667221,0.922301142912987,1.56371966502975
"469",16.7506459369203,16.7329388718075,2.2286504371224,0.663746320977173,1.12535171692948
"470",21.2526085610408,21.8510438808915,2.91007929846754,0.888751858617026,1.50683837847341
"471",17.1655967941362,17.2530285773718,2.29787135773679,0.688672549774194,1.16761300484443
"472",12.9115220309478,12.594522832699,1.67747099291538,0.488761048465472,0.828672141261913
"473",25.1377045022478,25.9578298519738,3.45719718462923,1.06315226282622,1.80252633651899
"474",11.7673995234712,11.4268427884822,1.52195386487563,0.441806248017076,0.749062411410769
"475",12.6880677221934,12.720845471972,1.69429160430983,0.505872413485263,0.85768368286365
"476",19.1865667679654,19.5772015318889,2.60746435792632,0.791773688146065,1.34241629853856
"477",15.0337359700681,15.3724971409821,2.04739774481532,0.623493135161247,1.05710427006884
"478",24.839324076367,25.0921068856826,3.34193799878261,1.00663478281346,1.70670351813374
"479",19.220789565265,19.2513512021737,2.56405065692464,0.765507528311049,1.29788321845464
"480",17.0182830380256,16.68649235668,2.22245878352632,0.650897155888148,1.103566541574
"481",14.0683140691457,14.4122655461097,1.91955332552239,0.586465497543254,0.994325593561972
"482",15.2358970154439,15.6039395931262,2.07827157870432,0.633211296491896,1.07358097087035
"483",15.0685094639476,14.7333268197199,1.96234390197315,0.573098374935869,0.971662244777634
"484",19.3915815168222,19.3714399657625,2.57994474752134,0.767422037274576,1.30112918137917
"485",14.3617471811072,14.5657936870411,1.93998328724352,0.586369336067986,0.994162556151632
"486",16.6205490400767,16.634536330186,2.21554407245959,0.660955628141685,1.12062022407658
"487",13.0596685595077,13.2015488253076,1.75831568850305,0.529897507346618,0.898417137455858
"488",19.6160094531296,20.1562951044472,2.68449515440039,0.821553371445754,1.39290639795121
"489",17.2832993539541,17.3569262315431,2.31171515135955,0.691620113050519,1.17261046439929
"490",17.6584242733494,17.8007858597413,2.37088075121735,0.711756764249517,1.20675124120486
"491",19.2639213805797,19.7365535089299,2.62856915158923,0.803927668695995,1.3630228201073
"492",19.3451160113085,19.3753929852171,2.58058418433942,0.770090272020412,1.30565305210734
"493",21.1426085670258,21.3104101495494,2.83826488526132,0.852483581646327,1.44534716342764
"494",21.0095905653005,21.2650585774706,2.83224823421656,0.853923212634813,1.44778799233084
"495",16.7395916119279,16.7513188490935,2.23108735077191,0.665502750315836,1.12832966303549
"496",16.7970611116765,16.714945228483,2.22625716952904,0.660931555690502,1.12057941032981
"497",15.0099326679244,15.4161521651549,2.05316111029766,0.629062411709104,1.0665467253068
"498",13.983793428319,13.4708568264394,1.79419624421929,0.517018677791209,0.876581667346006
"499",10.9878023015896,10.3996497401095,1.38513971242568,0.393731511337629,0.667553880586071
"500",18.0663572526952,18.6739208727783,2.48711235661479,0.764868626864173,1.29679999009244
