"","age1_orange.H","age1_green.H","age2_no_comorbid_orange.H","age2_no_comorbid_green.H","age2_comorbid_green.H","age3_no_comorbid_green.H","age3_comorbid_green.H"
"1",7,0,9,0,0,0,0
"2",0,0,0,0,0,0,0
"3",0,0,0,0,0,0,0
"4",0,0,0,0,0,0,0
"5",11,0,8,0,0,0,0
"6",9,0,10,4,4,4,8
"7",0,0,0,0,0,0,0
"8",5,0,11,0,0,0,0
"9",0,0,0,0,0,0,0
"10",0,0,0,0,0,0,0
"11",0,0,0,0,0,0,0
"12",0,0,0,0,0,0,0
"13",8,1,8,2,5,2,9
"14",9,0,8,2,5,1,6
"15",8,1,11,2,7,4,5
"16",6,1,9,2,6,2,7
"17",10,2,10,1,4,1,7
"18",0,0,0,0,0,0,0
"19",8,0,7,2,6,2,8
"20",4,1,8,1,11,1,8
"21",8,0,10,1,8,2,10
"22",9,1,10,1,6,2,8
"23",0,0,0,0,0,0,0
"24",7,1,10,0,0,0,0
"25",9,1,13,1,7,3,7
"26",15,1,11,2,6,1,6
"27",9,0,9,1,6,4,8
"28",10,1,8,3,9,1,7
"29",9,1,8,1,5,3,8
"30",9,2,12,2,7,1,9
"31",0,0,0,0,0,0,0
"32",7,2,11,1,10,2,9
"33",8,4,7,2,10,5,6
"34",0,0,0,0,0,0,0
"35",8,0,8,1,5,1,8
"36",11,1,12,0,4,2,8
"37",0,0,0,0,0,0,0
"38",7,2,10,2,7,2,5
"39",13,3,13,1,4,2,10
"40",0,0,0,0,0,0,0
"41",6,0,12,3,5,3,8
"42",10,0,14,0,0,0,0
"43",11,1,10,3,5,1,6
"44",11,1,10,1,7,3,8
"45",0,0,0,0,0,0,0
"46",5,2,9,1,5,5,10
"47",8,2,5,3,8,3,9
"48",0,0,0,0,0,0,0
"49",4,0,14,1,5,3,8
"50",10,0,10,2,10,2,7
"51",7,2,10,2,9,4,5
"52",7,1,9,2,9,3,4
"53",8,2,10,1,7,2,6
"54",12,0,11,0,6,1,9
"55",6,1,11,1,9,2,7
"56",10,0,6,0,0,0,0
"57",10,3,9,3,6,0,8
"58",10,1,9,1,7,1,4
"59",7,1,9,2,3,1,9
"60",7,1,10,1,4,4,10
"61",0,0,0,0,0,0,0
"62",9,1,10,1,7,2,6
"63",0,0,0,0,0,0,0
"64",11,0,14,0,0,0,0
"65",4,0,9,0,0,0,0
"66",6,0,12,0,0,0,0
"67",0,0,0,0,0,0,0
"68",8,0,9,0,0,0,0
"69",7,1,8,2,5,2,9
"70",7,2,13,1,5,3,7
"71",13,2,11,1,6,1,4
"72",7,2,11,1,7,4,8
"73",11,1,7,2,6,2,13
"74",13,0,13,2,8,2,10
"75",9,1,10,1,7,3,7
"76",6,1,6,2,7,3,12
"77",11,2,9,3,6,2,8
"78",6,1,7,2,5,2,11
"79",6,0,9,0,0,0,0
"80",9,0,8,1,8,1,12
"81",5,1,9,2,6,2,9
"82",7,0,13,0,7,5,9
"83",7,1,11,1,6,2,8
"84",6,2,7,3,5,2,10
"85",8,0,10,0,0,0,0
"86",9,1,12,1,6,2,11
"87",7,0,10,2,11,4,5
"88",10,1,15,1,6,3,10
"89",9,0,15,0,0,0,0
"90",6,1,6,0,5,5,7
"91",10,1,10,1,4,1,9
"92",9,1,7,1,6,2,8
"93",15,1,9,1,9,2,9
"94",10,0,7,0,0,0,0
"95",8,1,8,2,6,2,4
"96",10,1,10,3,10,3,10
"97",12,0,11,0,0,0,0
"98",9,0,9,2,8,2,13
"99",6,1,11,1,4,1,10
"100",0,0,0,0,0,0,0
"101",6,1,7,2,4,4,6
"102",7,0,10,0,0,0,0
"103",10,0,10,1,7,2,7
"104",11,0,8,0,0,0,0
"105",4,1,8,1,6,1,10
"106",7,1,7,1,6,2,6
"107",8,0,12,0,0,0,0
"108",9,1,12,2,5,2,5
"109",6,1,9,2,8,3,9
"110",0,0,0,0,0,0,0
"111",10,2,12,1,5,2,6
"112",8,0,12,0,0,0,0
"113",9,0,9,2,6,5,9
"114",7,4,6,1,8,2,7
"115",11,4,9,1,6,3,10
"116",9,2,10,3,8,1,6
"117",6,1,9,2,5,1,6
"118",13,1,9,2,7,2,5
"119",12,1,7,1,9,2,8
"120",9,3,11,1,7,2,7
"121",10,1,13,1,5,1,8
"122",8,1,13,1,4,3,9
"123",8,1,10,2,7,1,12
"124",7,1,5,1,8,3,6
"125",16,2,15,2,5,3,11
"126",8,1,12,2,5,2,9
"127",10,0,21,0,0,0,0
"128",9,1,9,1,8,1,8
"129",9,1,10,1,8,2,6
"130",8,0,7,0,0,0,0
"131",11,1,9,1,7,3,7
"132",6,0,9,0,0,0,0
"133",14,3,16,1,6,1,9
"134",9,1,14,1,5,2,7
"135",11,0,7,0,0,0,1
"136",5,1,6,3,4,3,12
"137",6,1,11,4,5,2,11
"138",8,1,7,2,4,5,7
"139",8,0,8,1,6,3,8
"140",10,0,7,0,0,0,0
"141",10,1,4,1,5,5,12
"142",9,2,13,1,5,1,7
"143",5,0,9,1,7,2,5
"144",5,1,9,1,7,2,11
"145",0,0,0,0,0,0,0
"146",15,3,12,1,7,2,5
"147",10,1,12,1,11,1,8
"148",9,1,4,1,9,1,8
"149",0,0,0,0,0,0,0
"150",7,1,10,1,4,2,12
"151",8,1,13,1,9,3,9
"152",8,1,6,2,8,2,10
"153",8,2,13,1,7,3,8
"154",8,1,9,1,6,3,10
"155",0,0,0,0,0,0,0
"156",7,1,10,2,4,2,12
"157",5,2,9,2,5,2,6
"158",12,0,13,0,0,0,0
"159",9,1,9,1,5,1,12
"160",8,2,7,2,6,1,5
"161",6,2,10,2,5,2,8
"162",5,0,6,2,6,4,8
"163",7,2,16,0,8,1,11
"164",9,0,13,2,4,2,8
"165",7,2,8,2,6,1,7
"166",12,2,14,1,5,1,8
"167",13,1,9,1,8,2,9
"168",8,1,9,2,5,3,9
"169",8,2,10,1,9,3,11
"170",6,1,6,1,8,4,5
"171",9,2,7,2,6,1,12
"172",6,1,17,2,5,4,5
"173",0,0,0,0,0,0,0
"174",7,0,7,0,0,0,0
"175",9,0,9,0,0,0,0
"176",7,1,13,1,6,3,9
"177",6,0,14,0,0,0,0
"178",8,0,11,0,0,0,0
"179",10,1,10,1,5,1,12
"180",12,2,12,2,6,2,7
"181",8,0,16,0,0,0,0
"182",7,1,9,1,7,1,5
"183",7,2,12,1,9,3,6
"184",11,1,8,1,5,2,7
"185",7,1,7,1,8,3,5
"186",12,0,13,0,0,0,0
"187",10,1,10,2,6,2,9
"188",10,2,15,1,5,1,6
"189",7,2,13,1,4,2,7
"190",10,1,14,1,5,3,7
"191",10,1,11,1,7,1,9
"192",7,1,8,0,7,4,7
"193",10,1,7,1,8,3,7
"194",9,1,11,3,9,1,6
"195",14,1,9,1,9,4,6
"196",13,0,10,0,0,0,0
"197",6,1,8,2,8,2,8
"198",5,1,7,3,6,4,9
"199",9,0,9,2,5,2,8
"200",11,1,8,1,9,2,9
"201",0,0,0,0,0,0,0
"202",6,1,17,2,8,4,8
"203",8,1,10,0,5,2,16
"204",8,2,8,1,6,1,6
"205",0,0,0,0,0,0,0
"206",10,0,9,0,0,0,0
"207",8,0,8,0,0,0,0
"208",0,0,0,0,0,0,0
"209",7,0,13,0,0,0,0
"210",10,1,9,2,4,5,6
"211",0,0,0,0,0,0,0
"212",8,0,13,0,0,0,0
"213",8,2,8,1,6,2,12
"214",15,2,9,3,4,3,12
"215",9,2,9,1,3,2,8
"216",7,0,10,0,0,0,0
"217",8,0,10,1,5,1,7
"218",11,1,10,1,6,2,9
"219",9,1,14,1,7,2,6
"220",12,1,8,1,6,2,5
"221",9,2,9,1,5,2,4
"222",6,0,14,0,0,0,0
"223",11,1,13,1,5,3,9
"224",0,0,0,0,0,0,0
"225",9,1,10,2,6,2,6
"226",8,1,13,1,5,4,8
"227",7,2,6,1,5,2,6
"228",13,1,5,2,8,3,9
"229",14,2,11,2,6,4,9
"230",5,0,14,2,6,1,4
"231",13,0,10,2,3,3,5
"232",6,1,10,2,7,2,9
"233",7,0,8,0,0,0,0
"234",0,0,0,0,0,0,0
"235",6,2,7,1,9,2,7
"236",0,0,0,0,0,0,0
"237",9,2,8,3,5,2,9
"238",10,2,11,1,8,3,5
"239",0,0,0,0,0,0,0
"240",11,1,8,1,8,2,8
"241",10,0,11,0,0,0,0
"242",0,0,0,0,0,0,0
"243",8,3,7,1,5,1,6
"244",6,0,9,0,0,0,0
"245",11,0,6,2,7,2,9
"246",11,3,14,1,8,2,9
"247",7,1,8,1,5,2,10
"248",6,1,10,2,9,3,7
"249",8,2,10,1,7,2,6
"250",12,1,9,2,8,3,7
"251",6,1,12,1,8,1,4
"252",9,1,10,0,4,3,4
"253",11,1,10,2,5,4,9
"254",10,2,13,3,7,2,11
"255",7,1,7,1,6,3,7
"256",7,1,11,1,8,3,9
"257",11,0,13,1,11,3,6
"258",10,0,6,1,4,2,10
"259",16,1,9,2,8,2,7
"260",11,2,15,2,6,4,9
"261",8,0,7,1,7,3,8
"262",0,0,0,0,0,0,0
"263",0,0,0,0,0,0,0
"264",12,0,7,2,5,5,4
"265",8,0,8,3,6,5,12
"266",0,0,0,0,0,0,0
"267",11,2,11,1,6,1,8
"268",0,0,0,0,0,0,0
"269",14,0,9,0,0,0,0
"270",8,1,11,1,8,2,11
"271",8,0,11,2,6,3,9
"272",13,2,8,1,10,2,5
"273",7,2,10,2,8,3,10
"274",9,0,8,2,6,3,7
"275",7,0,12,1,5,3,12
"276",9,1,10,0,5,1,6
"277",5,1,9,2,6,2,5
"278",6,1,12,0,5,1,8
"279",15,1,12,1,5,0,5
"280",9,0,7,0,0,0,0
"281",7,2,12,2,6,2,8
"282",10,0,14,0,0,0,0
"283",6,1,11,1,9,3,8
"284",10,0,10,0,0,0,0
"285",10,1,10,2,5,3,7
"286",6,0,6,2,7,2,5
"287",9,3,6,1,9,2,7
"288",9,1,10,1,7,2,7
"289",16,2,13,2,7,2,8
"290",9,0,13,1,9,2,6
"291",7,4,10,1,9,4,10
"292",8,1,8,1,6,2,11
"293",0,0,0,0,0,0,0
"294",6,1,10,0,8,1,7
"295",12,1,9,1,8,2,7
"296",6,0,10,1,5,2,8
"297",11,1,11,1,10,1,10
"298",12,1,6,2,9,4,7
"299",10,1,8,1,5,3,6
"300",8,1,9,0,9,2,4
"301",8,1,13,1,5,5,9
"302",0,0,0,0,0,0,0
"303",9,1,6,1,7,3,9
"304",15,2,13,2,8,2,8
"305",0,0,0,0,0,0,0
"306",5,0,13,2,5,2,6
"307",8,0,9,1,4,2,8
"308",8,2,7,4,5,1,7
"309",0,0,0,0,0,0,0
"310",8,1,11,2,6,2,7
"311",8,1,8,2,5,3,5
"312",9,1,12,2,12,4,5
"313",6,0,14,0,0,0,0
"314",9,1,9,1,7,2,4
"315",7,1,10,3,7,3,10
"316",9,1,6,2,5,3,5
"317",9,1,9,1,4,3,10
"318",8,2,9,0,7,3,10
"319",10,1,13,3,7,3,5
"320",7,0,15,0,0,0,0
"321",11,1,7,1,3,3,12
"322",0,0,0,0,0,0,0
"323",7,1,10,3,8,1,7
"324",6,4,8,3,7,2,5
"325",8,1,18,1,5,1,7
"326",8,1,11,1,7,1,5
"327",6,1,10,1,5,4,8
"328",7,3,15,1,11,3,7
"329",12,1,14,1,7,1,10
"330",13,1,8,2,6,2,7
"331",10,2,12,1,6,3,11
"332",11,0,8,0,0,0,0
"333",8,2,12,2,3,2,8
"334",10,3,10,1,7,1,10
"335",15,0,10,2,7,2,7
"336",10,0,10,0,0,0,0
"337",8,1,12,2,6,4,11
"338",0,0,0,0,0,0,0
"339",8,1,13,2,6,2,9
"340",9,1,10,1,9,2,13
"341",9,0,9,2,5,2,8
"342",10,2,6,1,5,2,4
"343",0,0,0,0,0,0,0
"344",8,1,9,1,7,1,7
"345",10,0,10,0,1,0,0
"346",12,1,8,1,7,2,6
"347",6,2,10,1,5,2,7
"348",6,1,11,1,5,3,4
"349",4,1,15,1,5,2,7
"350",7,1,11,2,11,2,6
"351",14,0,11,0,0,0,0
"352",12,1,9,2,5,3,10
"353",0,0,0,0,0,0,0
"354",0,0,0,0,0,0,0
"355",5,3,7,3,7,3,8
"356",10,1,8,1,4,4,7
"357",9,1,11,1,5,5,6
"358",6,3,10,2,4,2,5
"359",7,3,13,2,7,1,8
"360",9,0,8,0,0,0,0
"361",7,3,9,2,9,2,13
"362",9,1,9,1,5,3,8
"363",13,1,13,2,5,1,8
"364",11,1,10,1,5,3,7
"365",9,2,12,1,9,4,8
"366",7,1,13,2,6,2,9
"367",4,1,8,2,7,1,9
"368",6,1,8,3,6,2,9
"369",4,2,8,1,8,3,9
"370",6,1,8,2,5,3,8
"371",12,1,10,3,5,1,9
"372",11,2,9,1,11,2,9
"373",0,0,0,0,0,0,0
"374",0,0,0,0,0,0,0
"375",10,0,11,0,0,0,0
"376",10,1,9,2,9,2,11
"377",7,2,11,1,7,1,9
"378",0,0,0,0,0,0,0
"379",7,3,8,0,7,3,9
"380",0,0,0,0,0,0,0
"381",7,1,6,1,4,4,7
"382",9,2,16,2,9,2,6
"383",8,1,8,0,7,2,9
"384",7,0,8,0,0,0,0
"385",7,0,9,1,6,3,8
"386",8,1,8,1,5,3,7
"387",7,1,8,2,6,2,5
"388",8,1,8,1,6,2,7
"389",10,1,13,0,8,3,7
"390",5,1,5,1,6,4,8
"391",10,1,11,1,9,4,8
"392",7,0,9,2,9,1,11
"393",0,0,0,0,0,0,0
"394",9,2,8,2,5,1,6
"395",6,1,8,1,5,4,7
"396",8,1,7,2,8,1,8
"397",0,0,0,0,0,0,0
"398",8,1,6,2,4,3,5
"399",8,1,12,2,4,2,6
"400",6,0,12,0,0,0,0
"401",9,1,9,3,5,2,9
"402",9,1,15,1,4,1,7
"403",5,0,7,0,0,0,0
"404",9,0,13,1,6,2,5
"405",7,1,10,1,7,1,5
"406",9,0,10,0,0,0,0
"407",11,0,9,0,0,0,0
"408",0,0,0,0,0,0,0
"409",13,1,10,3,3,2,7
"410",0,0,0,0,0,0,0
"411",6,1,9,2,10,3,5
"412",12,1,12,2,9,2,5
"413",4,1,8,2,8,3,5
"414",6,1,10,1,4,2,6
"415",7,0,10,0,0,0,0
"416",9,1,13,1,6,3,8
"417",8,0,9,0,0,0,0
"418",9,2,9,1,7,2,11
"419",0,0,0,0,0,0,0
"420",8,1,9,1,9,2,5
"421",7,0,7,0,0,0,0
"422",8,1,12,2,8,1,6
"423",10,1,9,0,5,2,10
"424",0,0,0,0,0,0,0
"425",11,1,8,1,9,3,5
"426",7,1,9,1,5,4,7
"427",6,2,13,1,6,3,6
"428",6,0,7,1,5,1,8
"429",8,1,15,3,8,2,9
"430",7,1,12,1,6,1,6
"431",9,2,9,1,4,3,6
"432",9,1,9,2,8,3,10
"433",7,2,7,1,6,2,8
"434",6,1,11,2,11,2,7
"435",11,1,12,1,5,1,10
"436",7,4,6,2,5,3,7
"437",6,1,8,2,11,3,11
"438",7,3,7,1,5,4,8
"439",13,0,10,0,0,0,0
"440",7,1,9,0,10,2,7
"441",9,1,8,1,3,3,9
"442",7,1,8,2,7,1,8
"443",11,2,9,3,6,5,5
"444",6,1,11,1,7,2,10
"445",11,1,10,1,5,7,6
"446",10,3,8,1,8,2,8
"447",8,0,8,2,5,2,6
"448",0,0,0,0,0,0,0
"449",7,2,4,2,7,4,5
"450",7,2,12,0,7,2,6
"451",6,0,9,1,6,3,8
"452",9,1,11,1,9,2,9
"453",10,1,13,1,8,4,7
"454",0,0,0,0,0,0,0
"455",10,0,11,2,4,2,7
"456",5,1,8,2,8,3,7
"457",11,0,10,2,7,2,8
"458",9,1,12,2,8,3,6
"459",0,0,0,0,0,0,0
"460",10,1,7,2,7,2,9
"461",13,2,10,2,5,3,5
"462",6,1,12,2,7,3,8
"463",8,2,7,1,3,2,6
"464",11,1,10,3,8,2,13
"465",0,0,0,0,0,0,0
"466",10,1,12,1,6,3,12
"467",10,1,6,1,7,3,6
"468",0,0,0,0,0,0,0
"469",9,1,12,2,6,4,11
"470",13,3,10,2,8,1,9
"471",7,0,12,3,8,2,6
"472",0,0,0,0,0,0,0
"473",12,1,9,2,5,2,9
"474",12,0,6,0,0,0,0
"475",4,1,5,1,5,2,9
"476",7,1,10,1,6,1,5
"477",0,0,0,0,0,0,0
"478",9,0,9,0,0,0,0
"479",6,3,8,2,6,2,6
"480",9,0,8,0,0,0,0
"481",8,1,13,1,5,4,7
"482",5,1,6,1,8,3,6
"483",7,1,10,2,8,1,6
"484",0,0,0,0,0,0,0
"485",13,1,9,1,8,2,9
"486",0,0,0,0,0,0,0
"487",5,0,13,1,7,3,15
"488",7,1,10,1,8,2,9
"489",12,1,10,1,9,4,5
"490",9,0,7,1,4,2,7
"491",7,1,13,3,8,2,7
"492",8,2,9,2,10,2,5
"493",4,1,6,3,7,3,8
"494",6,2,9,0,4,2,11
"495",13,0,8,1,6,4,9
"496",13,1,10,3,8,3,9
"497",10,1,10,2,5,2,9
"498",5,1,12,2,6,3,6
"499",10,2,6,1,12,2,10
"500",5,2,6,1,5,1,5
"501",13,1,16,1,9,1,10
"502",14,2,14,2,13,2,9
"503",11,0,9,0,0,0,0
"504",7,2,6,2,6,3,8
"505",7,1,11,1,6,4,7
"506",10,1,13,1,6,1,8
"507",7,2,9,2,6,4,8
"508",7,1,12,0,4,3,7
"509",0,0,0,0,0,0,0
"510",12,1,8,3,8,6,8
"511",8,0,11,2,6,4,7
"512",9,1,7,1,7,1,11
"513",10,1,9,1,3,1,5
"514",9,1,7,2,7,4,6
"515",10,1,9,3,7,3,5
"516",0,0,0,0,0,0,0
"517",12,1,10,2,5,2,6
"518",12,2,10,2,7,3,5
"519",8,1,10,1,5,2,9
"520",10,1,8,1,7,3,10
"521",9,2,7,1,6,4,9
"522",8,0,4,0,8,2,7
"523",11,1,7,1,6,2,5
"524",13,1,10,1,6,4,8
"525",5,1,9,1,6,5,8
"526",7,1,9,0,6,3,6
"527",13,0,16,0,0,0,0
"528",9,1,8,1,7,1,9
"529",8,1,9,1,5,2,12
"530",0,0,0,0,0,0,0
"531",0,0,0,0,0,0,0
"532",0,0,0,0,0,0,0
"533",8,2,6,1,5,2,7
"534",7,2,13,0,7,2,11
"535",7,1,8,1,4,3,5
"536",7,2,10,2,3,2,6
"537",8,2,12,2,6,3,7
"538",7,1,8,1,8,4,8
"539",0,0,0,0,0,0,0
"540",10,1,9,3,6,4,11
"541",8,1,9,1,4,4,9
"542",11,0,8,0,0,0,0
"543",0,0,0,0,0,0,0
"544",0,0,0,0,0,0,0
"545",8,1,10,1,6,3,8
"546",7,0,10,1,7,4,6
"547",0,0,0,0,0,0,0
"548",0,0,0,0,0,0,0
"549",13,1,12,1,7,4,4
"550",8,1,9,2,8,4,6
"551",9,2,10,1,5,1,13
"552",8,1,11,2,2,4,5
"553",14,1,11,2,5,4,9
"554",8,1,11,1,6,1,10
"555",8,0,8,2,4,2,8
"556",11,1,9,1,9,3,6
"557",7,0,13,2,8,1,8
"558",7,1,8,1,6,2,9
"559",8,1,9,4,6,4,7
"560",12,0,11,0,0,0,0
"561",10,1,8,1,8,2,10
"562",8,0,13,0,1,0,0
"563",6,0,15,0,0,0,0
"564",9,2,13,1,7,1,5
"565",10,1,8,2,5,3,7
"566",11,2,11,1,9,1,7
"567",9,1,6,2,6,4,8
"568",13,1,8,0,0,0,0
"569",11,0,10,0,0,0,0
"570",10,1,8,1,7,3,10
"571",0,0,0,0,0,0,0
"572",11,0,9,1,11,2,5
"573",8,1,13,1,6,5,7
"574",9,2,10,2,7,2,4
"575",9,0,12,0,0,0,0
"576",9,1,9,1,4,4,10
"577",11,1,11,2,7,2,11
"578",9,0,12,0,0,0,0
"579",10,1,12,3,5,3,9
"580",0,0,0,0,0,0,0
"581",8,1,8,1,8,1,6
"582",8,0,6,0,0,0,0
"583",0,0,0,0,0,0,0
"584",6,2,9,3,6,2,4
"585",7,1,9,1,4,2,7
"586",8,0,9,0,0,0,0
"587",6,2,10,2,5,2,7
"588",8,1,11,1,4,3,11
"589",8,2,8,2,8,2,7
"590",8,1,10,1,5,3,9
"591",8,1,11,1,6,2,8
"592",11,1,10,2,3,3,4
"593",12,2,14,1,9,2,7
"594",7,1,9,2,7,1,11
"595",9,1,9,1,9,3,6
"596",10,1,11,1,3,3,8
"597",14,0,12,0,0,0,0
"598",9,1,4,2,6,2,5
"599",7,2,10,4,6,3,8
"600",11,2,12,2,6,2,6
"601",8,0,11,2,4,1,6
"602",8,1,10,1,3,2,6
"603",9,1,12,2,5,1,9
"604",0,0,0,0,0,0,0
"605",0,0,0,0,0,0,0
"606",7,1,11,1,8,2,11
"607",6,0,7,1,5,1,10
"608",7,2,9,2,8,3,4
"609",8,0,11,0,0,0,0
"610",8,2,11,1,7,2,5
"611",7,1,9,4,7,3,6
"612",0,0,0,0,0,0,0
"613",9,1,9,1,6,2,8
"614",6,0,10,0,0,0,0
"615",8,1,12,1,4,2,10
"616",10,1,14,1,9,2,11
"617",15,1,9,1,5,3,11
"618",5,2,9,3,8,2,12
"619",6,0,13,1,7,2,8
"620",7,1,13,1,10,3,6
"621",7,1,8,1,6,2,8
"622",8,0,11,1,6,3,8
"623",0,0,0,0,0,0,0
"624",13,0,6,0,0,1,0
"625",9,1,7,1,8,3,10
"626",11,0,6,0,0,0,0
"627",9,1,10,1,7,3,12
"628",12,1,11,1,6,4,6
"629",9,0,11,1,5,2,7
"630",12,0,8,4,8,3,10
"631",11,0,11,2,4,2,6
"632",8,2,11,3,4,2,7
"633",12,1,12,1,8,1,10
"634",9,1,9,1,9,1,8
"635",0,0,0,0,0,0,0
"636",8,1,9,1,8,3,8
"637",11,3,8,1,6,3,9
"638",9,1,7,2,5,3,11
"639",9,1,9,1,10,1,8
"640",8,1,13,4,4,3,4
"641",9,1,14,1,7,2,8
"642",12,1,11,1,6,1,10
"643",8,2,12,1,3,1,6
"644",7,1,7,0,5,2,6
"645",10,1,8,2,5,2,10
"646",0,0,0,0,0,0,0
"647",8,1,8,1,8,1,9
"648",10,2,9,2,5,1,9
"649",7,1,6,1,7,1,14
"650",14,2,12,0,4,2,9
"651",0,0,0,0,0,0,0
"652",11,1,13,1,4,2,11
"653",9,0,6,2,8,2,7
"654",6,2,9,3,7,1,7
"655",9,0,13,1,6,3,11
"656",11,1,10,1,9,2,8
"657",10,0,8,0,0,0,0
"658",13,2,8,1,10,1,11
"659",9,1,8,3,6,3,10
"660",11,0,10,1,5,2,7
"661",7,1,11,1,6,2,7
"662",6,0,8,1,7,2,9
"663",12,1,11,1,5,0,4
"664",7,1,10,1,5,2,10
"665",11,1,11,2,5,2,10
"666",11,1,11,1,4,2,12
"667",10,0,10,0,0,0,0
"668",10,2,8,2,5,2,9
"669",10,2,6,1,6,2,5
"670",5,1,9,1,6,3,7
"671",8,2,9,2,7,1,6
"672",9,0,8,0,0,0,0
"673",8,0,10,0,7,2,9
"674",7,1,9,0,9,4,10
"675",0,0,0,0,0,0,0
"676",0,0,0,0,0,0,0
"677",12,0,11,0,0,0,0
"678",8,1,8,2,8,2,10
"679",10,1,14,1,5,4,6
"680",10,1,9,1,11,2,13
"681",0,0,0,0,0,0,0
"682",8,1,6,1,6,2,8
"683",8,1,8,1,7,3,11
"684",8,1,9,3,8,1,10
"685",12,1,13,1,8,2,9
"686",10,1,11,1,7,2,7
"687",11,2,10,2,7,2,9
"688",7,2,6,3,5,3,5
"689",4,0,7,0,0,0,0
"690",10,0,9,0,0,0,0
"691",12,1,10,2,9,3,11
"692",13,1,10,3,6,2,4
"693",11,1,8,2,7,2,6
"694",8,0,10,2,9,2,7
"695",10,2,9,1,4,2,5
"696",9,1,9,1,6,2,7
"697",0,0,0,0,0,0,0
"698",9,1,11,2,7,2,9
"699",6,1,8,1,6,2,11
"700",7,1,7,1,9,2,7
"701",11,1,7,1,6,4,10
"702",7,0,10,0,0,0,1
"703",9,2,9,1,5,5,5
"704",8,1,9,1,10,2,6
"705",5,1,9,1,7,3,11
"706",12,0,9,2,7,3,6
"707",9,2,6,2,5,1,5
"708",12,0,9,0,4,3,10
"709",6,1,11,2,9,1,5
"710",0,0,0,0,0,0,0
"711",8,2,9,0,6,2,6
"712",8,0,6,2,7,4,6
"713",9,0,11,1,6,2,9
"714",8,2,10,1,6,1,7
"715",9,2,10,2,7,2,7
"716",0,0,0,0,0,0,0
"717",4,0,12,0,0,0,0
"718",8,2,7,1,5,2,12
"719",8,2,15,2,7,2,10
"720",8,1,10,1,11,4,8
"721",9,0,9,0,0,0,0
"722",12,1,7,1,6,1,7
"723",8,1,9,3,10,3,11
"724",8,0,8,0,0,0,0
"725",8,0,7,0,0,0,0
"726",11,2,13,2,7,2,12
"727",11,0,19,1,8,3,7
"728",7,1,12,1,8,2,11
"729",9,1,10,1,5,1,9
"730",14,0,9,1,10,3,7
"731",11,1,14,1,6,3,7
"732",0,0,0,0,0,0,0
"733",8,1,8,2,9,1,10
"734",10,0,12,1,6,2,11
"735",6,1,12,1,5,2,11
"736",10,0,11,1,4,2,6
"737",8,1,7,1,10,3,7
"738",9,1,14,1,9,3,9
"739",8,1,10,1,5,3,6
"740",8,2,10,2,5,3,7
"741",16,5,10,0,6,1,9
"742",14,2,12,3,6,3,6
"743",12,1,11,2,5,2,6
"744",0,0,0,0,0,0,0
"745",8,1,4,2,6,2,7
"746",0,0,0,0,0,0,0
"747",8,1,12,2,8,2,11
"748",7,3,7,2,6,3,7
"749",11,0,14,2,5,2,7
"750",12,2,10,1,8,5,7
"751",13,1,7,0,4,1,8
"752",9,1,9,2,7,4,6
"753",10,1,7,2,4,2,7
"754",0,0,0,0,0,0,0
"755",9,1,10,3,6,3,6
"756",12,5,7,2,8,3,9
"757",6,0,13,0,0,0,0
"758",9,1,7,2,8,2,8
"759",8,1,7,1,5,3,7
"760",6,1,10,4,7,2,8
"761",7,2,7,2,6,1,7
"762",11,1,13,3,5,2,10
"763",10,2,12,1,4,1,7
"764",10,0,20,1,6,3,9
"765",9,2,8,2,8,2,10
"766",8,1,12,1,6,2,7
"767",14,1,15,3,5,2,9
"768",14,1,13,1,8,3,9
"769",7,0,9,0,0,0,1
"770",9,3,11,2,6,2,7
"771",9,1,10,1,5,3,7
"772",7,2,11,1,6,2,10
"773",12,2,7,2,6,1,9
"774",0,0,0,0,0,0,0
"775",9,0,10,0,1,0,0
"776",9,1,7,2,5,3,6
"777",10,0,8,1,8,3,7
"778",9,1,15,2,7,2,4
"779",13,1,11,2,7,3,10
"780",9,1,10,1,8,3,11
"781",8,1,15,1,5,2,7
"782",11,1,11,1,8,1,7
"783",9,0,17,1,5,4,8
"784",14,1,12,3,7,3,7
"785",6,1,11,1,5,2,12
"786",9,1,12,2,6,2,6
"787",7,1,7,2,8,2,8
"788",7,1,8,1,9,3,9
"789",11,0,12,2,4,1,7
"790",12,0,9,0,7,2,6
"791",7,2,6,1,7,3,6
"792",8,0,9,2,8,4,5
"793",7,3,9,1,6,1,9
"794",0,0,0,0,0,0,0
"795",11,0,7,1,5,1,9
"796",9,1,6,1,7,2,6
"797",5,0,11,0,0,0,0
"798",9,1,11,3,9,3,4
"799",7,2,11,1,5,2,8
"800",11,0,7,1,8,4,11
"801",10,3,11,1,6,5,7
"802",9,1,14,2,6,1,6
"803",0,0,0,0,0,0,0
"804",13,2,8,1,6,2,8
"805",14,2,14,3,8,4,3
"806",0,0,0,0,0,0,0
"807",5,2,7,2,8,1,6
"808",9,1,6,2,3,2,10
"809",8,1,12,2,6,4,9
"810",7,2,9,2,8,3,8
"811",6,2,18,1,4,2,8
"812",8,2,12,1,6,2,7
"813",9,2,5,1,7,2,10
"814",0,0,0,0,0,0,0
"815",0,0,0,0,0,0,0
"816",0,0,0,0,0,0,0
"817",9,1,9,2,8,2,7
"818",5,2,8,1,5,1,7
"819",10,1,11,2,7,3,8
"820",8,0,9,0,0,0,0
"821",10,2,11,2,5,2,7
"822",10,0,7,0,0,0,0
"823",10,0,8,0,0,0,0
"824",0,0,0,0,0,0,0
"825",4,1,9,1,11,3,12
"826",10,1,9,1,6,1,8
"827",12,0,5,0,0,0,0
"828",8,0,9,0,0,0,0
"829",7,1,9,2,6,2,7
"830",0,0,0,0,0,0,0
"831",17,1,14,1,7,3,9
"832",10,0,9,0,0,0,0
"833",4,2,9,1,8,2,8
"834",8,1,8,1,5,3,10
"835",0,0,0,0,0,0,0
"836",6,1,8,2,6,3,9
"837",6,3,9,2,7,2,11
"838",9,1,7,1,6,4,9
"839",11,2,12,1,5,2,6
"840",17,0,13,0,0,0,0
"841",10,1,11,4,9,4,7
"842",5,1,5,1,8,2,8
"843",9,1,12,2,5,4,7
"844",11,1,12,5,8,1,9
"845",8,1,13,2,13,2,13
"846",7,1,7,1,7,2,6
"847",8,1,9,2,5,1,10
"848",6,1,9,1,5,1,5
"849",12,0,12,1,6,2,8
"850",9,2,7,0,5,1,8
"851",0,0,0,0,0,0,0
"852",11,0,10,1,7,3,7
"853",8,0,11,0,0,0,0
"854",7,1,10,2,5,3,6
"855",10,0,12,0,0,0,0
"856",10,2,7,1,6,2,12
"857",11,0,8,0,0,0,0
"858",13,1,6,1,7,4,7
"859",15,1,11,1,7,2,11
"860",11,1,8,1,10,4,8
"861",11,0,8,2,8,3,7
"862",8,1,8,2,6,1,7
"863",15,1,8,3,4,2,11
"864",9,2,11,2,8,2,5
"865",8,0,11,3,7,2,5
"866",17,1,6,1,5,3,8
"867",0,0,0,0,0,0,0
"868",9,3,10,1,6,1,7
"869",12,1,7,1,5,2,9
"870",8,1,7,2,5,2,8
"871",0,0,0,0,0,0,0
"872",5,0,10,0,7,2,10
"873",9,1,8,1,6,2,11
"874",9,1,15,1,4,2,11
"875",12,1,12,0,5,4,8
"876",11,2,11,1,10,2,11
"877",4,1,13,2,6,1,6
"878",6,2,7,2,8,5,7
"879",14,0,9,2,4,2,7
"880",11,1,12,1,8,3,10
"881",7,2,10,2,5,1,6
"882",8,0,11,1,8,3,7
"883",8,3,13,1,4,3,11
"884",12,0,17,0,0,0,0
"885",8,2,11,4,8,2,7
"886",9,3,16,4,5,2,6
"887",0,0,0,0,0,0,0
"888",0,0,0,0,0,0,0
"889",8,1,10,0,9,4,7
"890",10,2,13,3,7,2,10
"891",10,2,7,1,5,2,8
"892",12,2,6,2,4,2,10
"893",10,1,10,4,5,4,6
"894",12,2,12,1,6,2,8
"895",11,1,13,3,5,3,9
"896",9,2,8,1,8,1,10
"897",0,0,0,0,0,0,0
"898",13,0,11,0,4,2,8
"899",13,1,11,2,5,3,6
"900",11,0,8,0,0,0,0
"901",10,3,7,2,7,2,7
"902",9,0,13,1,5,2,10
"903",8,2,12,2,9,3,6
"904",0,0,0,0,0,0,0
"905",8,1,7,1,6,3,10
"906",13,1,15,1,8,2,10
"907",9,2,11,1,11,3,8
"908",10,1,13,1,5,2,9
"909",9,3,9,1,7,3,8
"910",9,2,8,1,10,1,7
"911",11,1,12,1,8,1,10
"912",4,3,10,1,7,3,9
"913",7,0,11,1,5,4,9
"914",10,1,8,2,5,2,5
"915",10,2,10,2,8,5,11
"916",6,2,9,2,7,2,10
"917",0,0,0,0,0,0,0
"918",0,0,0,0,0,0,0
"919",0,0,0,0,0,0,0
"920",12,0,10,0,0,0,0
"921",10,1,11,2,6,2,6
"922",8,0,8,1,7,3,6
"923",0,0,0,0,0,0,0
"924",0,0,0,0,0,0,0
"925",6,1,8,1,8,1,7
"926",7,0,7,0,0,0,0
"927",9,2,8,2,8,3,10
"928",0,0,0,0,0,0,0
"929",12,0,14,0,0,0,0
"930",9,2,10,0,7,4,8
"931",10,1,11,2,6,3,12
"932",5,1,13,4,8,2,5
"933",6,2,16,1,5,1,7
"934",8,2,8,1,7,4,9
"935",13,2,8,1,5,2,7
"936",9,1,10,1,7,2,8
"937",10,0,9,3,9,3,11
"938",9,0,9,0,0,0,0
"939",8,1,11,1,6,2,7
"940",9,1,6,1,6,1,10
"941",8,2,7,1,5,2,9
"942",0,0,0,0,0,0,0
"943",0,0,0,0,0,0,0
"944",9,1,13,1,6,3,7
"945",11,1,15,1,4,1,6
"946",8,1,11,3,4,2,7
"947",12,1,8,2,7,2,11
"948",10,0,8,0,0,0,0
"949",7,1,11,1,8,2,7
"950",7,1,9,1,9,2,8
"951",9,0,14,0,0,0,0
"952",10,2,7,1,7,2,8
"953",7,2,13,0,4,4,7
"954",0,0,0,0,0,0,0
"955",9,0,9,2,5,3,6
"956",6,1,13,2,6,3,4
"957",9,0,7,3,8,5,7
"958",10,1,7,1,4,3,10
"959",9,1,13,1,6,2,7
"960",12,2,11,1,6,3,9
"961",7,1,8,2,5,3,6
"962",8,1,12,1,7,1,6
"963",10,2,10,2,7,4,5
"964",7,1,6,2,3,3,11
"965",0,0,0,0,0,0,0
"966",10,1,8,1,6,3,7
"967",10,2,7,2,7,2,6
"968",13,0,7,0,0,0,0
"969",8,1,9,2,10,2,8
"970",6,1,10,3,6,2,10
"971",19,3,8,1,9,3,6
"972",0,0,0,0,0,0,0
"973",12,0,9,2,5,3,7
"974",16,1,13,4,10,2,8
"975",10,1,5,0,7,2,9
"976",10,1,8,2,4,5,11
"977",8,3,9,1,8,4,10
"978",8,1,10,0,7,4,10
"979",8,1,13,2,7,1,8
"980",16,3,12,2,8,2,9
"981",5,1,9,1,8,4,7
"982",11,2,11,1,6,4,7
"983",10,0,13,1,3,2,9
"984",9,1,14,1,8,2,6
"985",10,0,11,0,0,0,0
"986",9,1,9,2,5,3,6
"987",0,0,0,0,0,0,0
"988",11,2,11,2,5,3,8
"989",7,1,11,1,4,2,10
"990",10,0,14,0,0,0,0
"991",11,1,11,2,10,1,7
"992",0,0,0,0,0,0,0
"993",4,0,9,0,0,0,0
"994",14,0,8,0,0,0,0
"995",9,1,11,2,9,3,8
"996",0,0,0,0,0,0,0
"997",0,0,0,0,0,0,0
"998",9,1,8,2,8,2,10
"999",10,2,6,1,7,1,7
"1000",14,1,10,1,4,2,6
"1001",10,0,7,0,0,0,0
"1002",9,1,11,1,6,2,6
"1003",12,2,9,2,6,2,13
"1004",11,1,10,0,4,2,7
"1005",0,0,0,0,0,0,0
"1006",10,2,8,1,10,1,8
"1007",9,0,7,2,6,3,6
"1008",9,1,15,1,10,1,11
"1009",12,1,12,1,4,3,6
"1010",0,0,0,0,0,0,0
"1011",7,3,11,4,11,2,10
"1012",11,1,9,2,6,1,6
"1013",6,0,11,0,0,0,0
"1014",6,2,11,0,8,2,9
"1015",8,2,8,3,8,6,9
"1016",7,1,9,3,5,3,5
"1017",10,1,8,1,8,3,10
"1018",9,2,8,2,3,3,9
"1019",10,1,9,1,6,3,7
"1020",15,2,10,0,5,2,7
"1021",0,0,0,0,0,0,0
"1022",9,3,9,1,4,2,7
"1023",8,1,15,1,8,1,7
"1024",0,0,0,0,0,0,0
"1025",9,1,8,2,9,1,9
"1026",0,0,0,0,0,0,0
"1027",0,0,0,0,0,0,0
"1028",10,1,11,1,9,3,9
"1029",11,1,9,1,8,3,11
"1030",4,1,12,1,11,3,16
"1031",5,2,6,1,4,1,7
"1032",10,2,8,1,8,3,9
"1033",7,1,11,1,4,3,7
"1034",9,1,8,2,9,2,8
"1035",10,1,13,3,7,2,8
"1036",8,2,13,1,7,3,12
"1037",8,2,11,1,4,2,9
"1038",4,0,10,2,8,4,7
"1039",8,1,9,1,8,3,8
"1040",11,1,13,1,8,2,6
"1041",5,0,13,0,0,0,0
"1042",10,1,9,1,5,3,12
"1043",12,0,15,1,3,3,4
"1044",0,0,0,0,0,0,0
"1045",9,2,11,2,4,2,6
"1046",9,1,12,3,6,1,12
"1047",10,1,8,1,5,2,8
"1048",8,1,9,1,5,2,7
"1049",0,0,0,0,0,0,0
"1050",9,2,7,1,7,4,8
"1051",14,1,15,3,8,2,8
"1052",10,1,8,3,5,3,7
"1053",8,0,12,0,0,0,0
"1054",6,1,6,3,8,3,5
"1055",5,1,9,4,5,2,9
"1056",9,1,9,2,6,4,12
"1057",7,1,9,1,7,2,11
"1058",9,0,6,2,6,2,8
"1059",0,0,0,0,0,0,0
"1060",9,0,7,2,6,4,7
"1061",10,0,11,0,0,0,0
"1062",7,2,9,3,10,2,8
"1063",5,1,9,2,5,3,9
"1064",8,1,11,2,10,3,11
"1065",6,1,11,1,8,2,6
"1066",13,2,7,2,5,2,10
"1067",13,1,11,1,9,3,6
"1068",10,0,10,1,7,4,10
"1069",8,1,10,2,4,2,9
"1070",8,1,11,1,7,3,4
"1071",7,0,13,1,5,4,9
"1072",11,1,12,2,5,0,13
"1073",9,2,11,2,6,3,8
"1074",12,1,7,2,8,2,8
"1075",17,1,8,1,7,3,12
"1076",10,1,16,1,5,2,9
"1077",10,2,15,2,5,1,9
"1078",14,0,11,0,0,0,0
"1079",7,0,9,1,5,2,8
"1080",9,1,9,1,9,3,10
"1081",0,0,0,0,0,0,0
"1082",11,1,10,2,8,3,10
"1083",10,0,10,0,0,0,0
"1084",8,0,10,1,9,3,7
"1085",6,2,9,1,7,3,9
"1086",14,0,9,1,9,3,7
"1087",8,2,11,2,9,4,11
"1088",9,1,7,2,9,2,8
"1089",13,1,12,1,9,3,10
"1090",13,1,13,2,3,1,6
"1091",11,1,9,1,5,1,7
"1092",10,1,7,1,7,3,9
"1093",14,1,13,0,11,2,5
"1094",9,1,8,1,8,3,7
"1095",11,1,15,1,5,3,8
"1096",11,1,11,1,6,3,7
"1097",9,0,13,0,0,0,0
"1098",6,0,11,0,0,0,0
"1099",7,1,6,1,9,1,11
"1100",7,2,5,1,4,4,8
"1101",11,1,12,3,9,3,9
"1102",10,1,11,1,5,3,12
"1103",0,0,0,0,0,0,0
"1104",8,2,4,1,9,5,9
"1105",12,1,8,2,4,2,12
"1106",12,1,10,1,6,2,9
"1107",10,0,9,3,5,2,8
"1108",0,0,0,0,0,0,0
"1109",9,1,13,1,6,3,10
"1110",7,1,6,1,5,3,8
"1111",5,0,9,0,0,0,0
"1112",6,2,11,2,9,3,6
"1113",9,0,9,0,0,0,0
"1114",0,0,0,0,0,0,0
"1115",9,1,12,1,6,2,7
"1116",7,1,11,1,10,3,12
"1117",9,2,8,1,6,2,8
"1118",10,1,10,1,6,3,10
"1119",7,3,11,1,5,1,11
"1120",13,1,8,1,7,2,6
"1121",9,2,11,2,6,2,9
"1122",0,0,0,0,0,0,0
"1123",5,3,6,2,4,2,8
"1124",15,1,9,2,10,2,6
"1125",0,0,0,0,0,0,0
"1126",7,0,9,0,7,2,8
"1127",7,1,8,2,5,3,12
"1128",0,0,0,0,0,0,0
"1129",7,1,7,1,4,3,6
"1130",9,2,9,0,7,1,10
"1131",6,1,11,0,9,2,13
"1132",0,0,0,0,0,0,0
"1133",7,1,8,1,6,2,11
"1134",9,1,13,1,5,4,8
"1135",12,2,11,2,6,4,10
"1136",9,2,10,2,5,2,9
"1137",13,2,9,1,6,2,7
"1138",8,1,9,1,8,3,14
"1139",8,0,10,0,0,0,0
"1140",8,3,9,2,8,2,7
"1141",15,1,9,2,6,2,11
"1142",6,0,6,0,7,2,8
"1143",13,3,8,2,10,5,8
"1144",9,2,8,2,8,2,10
"1145",7,0,12,0,0,0,0
"1146",8,0,8,0,0,0,0
"1147",12,1,9,1,6,1,6
"1148",8,1,13,1,7,2,7
"1149",6,2,7,2,6,3,8
"1150",0,0,0,0,0,0,0
"1151",10,1,8,2,9,3,5
"1152",7,2,8,3,5,3,8
"1153",0,0,0,0,0,0,0
"1154",9,1,11,2,6,3,12
"1155",13,1,8,3,6,1,7
"1156",0,0,0,0,0,0,0
"1157",8,1,9,3,11,3,8
"1158",0,0,0,0,0,0,0
"1159",10,1,10,2,8,2,9
"1160",8,0,9,0,0,0,0
"1161",0,0,0,0,0,0,0
"1162",9,1,13,1,9,2,5
"1163",12,0,7,0,0,0,0
"1164",0,0,0,0,0,0,0
"1165",4,1,7,1,8,2,4
"1166",10,1,11,3,6,2,8
"1167",10,1,13,1,3,2,10
"1168",12,0,11,0,0,0,0
"1169",10,1,10,2,7,3,9
"1170",9,1,7,1,5,2,9
"1171",8,2,6,1,7,3,8
"1172",10,1,10,1,6,1,7
"1173",11,0,9,0,0,0,0
"1174",9,1,7,3,8,3,7
"1175",9,0,7,1,8,4,6
"1176",8,1,4,3,6,3,7
"1177",7,2,9,1,6,2,11
"1178",9,1,10,2,5,2,6
"1179",0,0,0,0,0,0,0
"1180",6,1,11,1,7,3,13
"1181",6,1,9,4,8,1,6
"1182",11,2,9,2,7,1,11
"1183",8,2,9,1,8,3,9
"1184",12,2,8,1,5,3,3
"1185",10,2,9,5,10,1,9
"1186",8,2,13,2,5,3,6
"1187",6,0,4,1,9,1,5
"1188",13,1,12,1,5,3,12
"1189",10,1,16,1,6,1,5
"1190",8,2,10,2,8,4,5
"1191",6,2,9,1,6,4,6
"1192",7,0,9,1,8,2,7
"1193",12,1,13,2,6,3,9
"1194",0,0,0,0,0,0,0
"1195",8,2,14,2,9,4,9
"1196",11,0,11,0,0,0,1
"1197",10,1,6,1,7,2,7
"1198",7,1,9,2,5,2,10
"1199",5,2,6,1,8,3,6
"1200",0,0,0,0,0,0,0
"1201",0,0,0,0,0,0,0
"1202",12,2,12,1,6,2,6
"1203",11,1,9,1,6,3,6
"1204",8,1,11,1,7,0,8
"1205",0,0,0,0,0,0,0
"1206",7,1,7,3,5,3,8
"1207",14,2,12,1,6,2,4
"1208",0,0,0,0,0,0,0
"1209",8,1,8,1,6,1,9
"1210",6,2,10,1,12,3,8
"1211",0,0,0,0,0,0,0
"1212",12,1,12,2,5,1,12
"1213",12,1,7,3,8,3,7
"1214",8,2,7,1,4,2,7
"1215",9,1,11,1,10,2,10
"1216",10,0,11,1,5,2,8
"1217",9,1,9,1,9,2,11
"1218",5,2,10,1,6,1,9
"1219",8,2,9,1,8,1,6
"1220",10,1,7,0,5,4,7
"1221",8,2,11,2,6,4,8
"1222",9,1,8,3,11,1,7
"1223",0,0,0,0,0,0,0
"1224",5,0,11,0,5,3,8
"1225",9,1,11,1,10,2,8
"1226",10,0,9,2,8,5,5
"1227",10,1,9,1,4,2,9
"1228",8,0,11,1,6,2,9
"1229",8,0,5,1,8,2,6
"1230",6,0,7,3,5,3,11
"1231",0,0,0,0,0,0,0
"1232",7,0,7,0,0,0,0
"1233",9,0,10,1,6,2,6
"1234",11,0,9,2,5,2,10
"1235",9,1,12,1,5,2,10
"1236",10,2,5,1,9,3,7
"1237",7,1,10,2,9,1,9
"1238",9,0,10,0,0,0,0
"1239",0,0,0,0,0,0,0
"1240",0,0,0,0,0,0,0
"1241",8,1,11,1,6,2,8
"1242",10,0,15,1,6,3,7
"1243",7,1,11,1,3,2,9
"1244",10,1,9,1,6,3,11
"1245",6,1,6,2,5,3,12
"1246",0,0,0,0,0,0,0
"1247",7,1,11,1,5,2,7
"1248",9,1,8,2,4,3,9
"1249",7,1,7,1,10,2,10
"1250",11,0,14,2,5,2,8
"1251",6,1,11,2,5,3,5
"1252",6,0,9,1,6,2,9
"1253",11,2,8,2,8,2,7
"1254",6,1,6,1,5,2,5
"1255",0,0,0,0,0,0,0
"1256",11,1,10,2,4,2,9
"1257",10,1,8,2,5,2,8
"1258",11,2,6,1,5,3,11
"1259",0,0,0,0,0,0,0
"1260",8,0,8,0,7,3,6
"1261",11,1,8,1,5,4,10
"1262",8,1,5,2,5,3,6
"1263",9,0,7,1,9,2,7
"1264",7,1,10,1,6,3,10
"1265",8,2,10,1,7,1,9
"1266",0,0,0,0,0,0,0
"1267",12,0,9,1,5,3,7
"1268",6,0,7,1,6,2,5
"1269",8,1,12,2,6,1,8
"1270",9,1,7,2,9,5,8
"1271",6,0,9,1,6,4,10
"1272",5,0,7,1,11,1,7
"1273",8,0,9,2,6,1,5
"1274",0,0,0,0,0,0,0
"1275",12,1,11,0,6,1,6
"1276",9,1,13,1,6,2,8
"1277",6,1,11,1,5,2,8
"1278",8,1,12,1,6,4,8
"1279",0,0,0,0,0,0,0
"1280",6,1,10,2,6,3,6
"1281",9,1,11,2,7,3,10
"1282",9,2,18,0,5,2,14
"1283",6,2,11,2,6,2,11
"1284",11,0,14,1,0,0,0
"1285",7,1,10,1,5,2,5
"1286",7,1,11,1,6,3,10
"1287",8,2,9,1,5,3,8
"1288",9,1,14,1,5,2,7
"1289",6,3,7,2,8,1,8
"1290",7,1,11,2,5,3,5
"1291",12,1,13,1,8,3,12
"1292",11,2,11,2,5,2,8
"1293",10,1,10,2,6,3,11
"1294",8,1,13,1,8,1,10
"1295",8,1,10,1,8,2,8
"1296",9,2,11,1,5,3,8
"1297",0,0,0,0,0,0,0
"1298",0,0,0,0,0,0,0
"1299",7,1,11,2,4,2,6
"1300",9,1,14,3,8,3,10
"1301",7,0,13,2,5,2,11
"1302",10,0,9,2,3,2,12
"1303",12,1,9,2,6,1,9
"1304",11,1,9,1,3,2,6
"1305",0,0,0,0,0,0,0
"1306",16,1,12,2,5,3,6
"1307",7,0,9,0,5,1,8
"1308",9,2,9,1,5,6,12
"1309",12,1,8,0,6,4,6
"1310",10,0,10,2,7,2,6
"1311",9,1,11,1,7,2,6
"1312",10,1,13,1,6,3,5
"1313",8,1,9,2,8,2,6
"1314",10,1,17,1,4,3,4
"1315",0,0,0,0,0,0,0
"1316",9,1,9,2,7,2,7
"1317",0,0,0,0,0,0,0
"1318",7,1,10,0,8,2,8
"1319",0,0,0,0,0,0,0
"1320",6,0,10,2,9,4,8
"1321",8,2,14,2,4,3,9
"1322",0,0,0,0,0,0,0
"1323",11,1,10,1,5,2,7
"1324",10,2,13,1,6,2,6
"1325",10,1,10,2,4,4,5
"1326",0,0,0,0,0,0,0
"1327",7,2,11,4,5,4,12
"1328",10,0,11,2,4,5,9
"1329",9,1,7,1,3,2,5
"1330",9,1,12,1,5,2,7
"1331",13,1,9,1,6,4,11
"1332",9,0,7,0,0,0,0
"1333",7,1,11,2,8,4,8
"1334",10,1,11,1,4,2,9
"1335",11,1,14,1,3,3,6
"1336",9,2,13,2,5,2,7
"1337",7,1,12,1,5,3,7
"1338",7,1,6,0,8,2,6
"1339",7,1,6,1,8,3,6
"1340",6,3,7,3,9,4,6
"1341",0,0,0,0,0,0,0
"1342",14,2,8,2,6,1,5
"1343",10,0,12,2,6,2,9
"1344",12,0,10,0,0,0,0
"1345",6,2,10,3,6,2,6
"1346",7,0,11,2,7,4,4
"1347",10,2,12,1,5,2,6
"1348",7,0,8,1,9,2,9
"1349",6,1,8,2,7,1,4
"1350",6,1,6,3,12,2,8
"1351",8,0,9,1,9,3,7
"1352",0,0,0,0,0,0,0
"1353",9,1,9,1,5,4,6
"1354",9,0,11,1,3,2,12
"1355",11,0,8,0,0,0,0
"1356",6,0,13,2,8,2,6
"1357",9,1,15,3,10,3,9
"1358",4,1,11,2,8,2,9
"1359",9,1,7,1,7,4,6
"1360",8,2,10,1,6,3,9
"1361",7,2,13,2,8,4,6
"1362",7,1,9,1,5,4,13
"1363",11,1,11,1,5,4,7
"1364",8,1,6,0,3,3,9
"1365",11,0,9,0,0,0,0
"1366",11,1,10,2,7,4,9
"1367",9,2,9,0,9,2,4
"1368",0,0,0,0,0,0,0
"1369",6,1,11,2,6,1,4
"1370",3,1,10,2,7,1,13
"1371",0,0,0,0,0,0,0
"1372",8,1,11,0,8,3,7
"1373",6,1,8,2,6,2,6
"1374",10,1,15,0,4,2,7
"1375",0,0,0,0,0,0,0
"1376",8,0,12,2,6,1,11
"1377",9,2,5,1,8,3,5
"1378",0,0,0,0,0,0,0
"1379",11,0,6,0,0,0,0
"1380",0,0,0,0,0,0,0
"1381",8,1,10,1,4,1,3
"1382",7,1,8,1,8,2,9
"1383",6,1,6,1,9,4,11
"1384",6,1,11,2,6,3,8
"1385",9,1,11,1,6,1,12
"1386",6,1,6,2,6,1,8
"1387",7,1,7,1,5,2,8
"1388",15,0,11,0,0,0,0
"1389",8,1,8,3,14,4,14
"1390",8,1,13,3,5,2,4
"1391",15,0,8,0,0,0,0
"1392",9,1,6,1,5,2,8
"1393",9,1,12,2,5,2,6
"1394",7,0,11,0,0,0,0
"1395",8,1,6,1,7,4,13
"1396",9,1,7,2,8,2,10
"1397",0,0,0,0,0,0,0
"1398",0,0,0,0,0,0,0
"1399",7,1,11,1,6,1,6
"1400",9,0,12,2,3,1,14
"1401",9,2,9,1,7,2,5
"1402",9,0,8,0,7,2,11
"1403",7,2,10,1,4,3,7
"1404",13,1,10,2,6,4,8
"1405",13,1,8,1,9,2,9
"1406",9,3,9,1,7,1,6
"1407",7,0,8,4,6,2,7
"1408",12,1,13,0,5,2,8
"1409",9,2,10,3,5,3,11
"1410",6,1,10,3,6,2,6
"1411",0,0,0,0,0,0,0
"1412",11,1,9,0,8,2,4
"1413",11,1,10,2,5,4,7
"1414",9,0,8,0,0,0,1
"1415",9,1,10,1,5,3,9
"1416",0,0,0,0,0,0,0
"1417",7,0,7,0,0,0,0
"1418",9,0,13,0,0,0,0
"1419",0,0,0,0,0,0,0
"1420",0,0,0,0,0,0,0
"1421",5,1,13,5,9,2,9
"1422",8,2,13,3,7,3,9
"1423",8,1,7,1,5,1,5
"1424",7,1,12,2,7,2,13
"1425",9,0,8,0,0,0,0
"1426",4,2,9,2,4,1,8
"1427",16,3,12,0,8,1,10
"1428",9,2,11,1,8,4,4
"1429",8,3,11,1,10,1,7
"1430",5,1,17,2,7,1,12
"1431",0,0,0,0,0,0,0
"1432",0,0,0,0,0,0,0
"1433",13,1,11,5,6,1,10
"1434",10,2,12,0,6,2,5
"1435",0,0,0,0,0,0,0
"1436",16,0,12,2,9,2,10
"1437",7,1,9,1,9,3,6
"1438",7,2,8,2,5,2,6
"1439",9,0,6,1,10,4,8
"1440",10,1,12,1,4,3,8
"1441",4,1,10,1,6,1,11
"1442",7,0,10,0,0,0,0
"1443",11,1,14,2,7,2,8
"1444",7,2,10,1,2,2,11
"1445",0,0,0,0,0,0,0
"1446",5,1,10,2,7,3,8
"1447",11,0,13,1,6,1,6
"1448",0,0,0,0,0,0,0
"1449",9,2,11,2,10,2,9
"1450",14,2,9,1,11,2,10
"1451",9,0,13,1,6,3,6
"1452",5,4,9,1,7,2,6
"1453",9,0,12,2,5,3,10
"1454",0,0,0,0,0,0,0
"1455",9,2,10,2,7,2,8
"1456",0,0,0,0,0,0,0
"1457",14,1,11,1,10,7,7
"1458",9,0,12,4,9,2,8
"1459",7,1,8,2,5,1,7
"1460",6,1,10,2,4,2,7
"1461",10,1,8,2,7,2,10
"1462",8,0,8,1,6,4,6
"1463",11,1,8,1,6,2,7
"1464",14,0,13,0,8,2,9
"1465",9,2,9,1,3,1,6
"1466",0,0,0,0,0,0,0
"1467",0,0,0,0,0,0,0
"1468",10,1,7,1,11,3,8
"1469",6,2,9,4,4,2,6
"1470",8,1,10,2,5,3,7
"1471",12,1,8,1,5,2,8
"1472",10,1,14,0,7,4,6
"1473",0,0,0,0,0,0,0
"1474",0,0,0,0,0,0,0
"1475",10,2,10,2,7,5,7
"1476",7,2,12,1,6,3,12
"1477",6,2,13,3,7,3,7
"1478",0,0,0,0,0,0,0
"1479",8,1,11,1,5,2,11
"1480",12,1,12,2,6,4,6
"1481",13,1,9,1,6,1,7
"1482",6,0,9,0,0,0,0
"1483",12,1,13,1,8,3,4
"1484",7,2,7,1,6,5,6
"1485",10,0,8,2,5,3,9
"1486",7,1,12,1,7,1,7
"1487",11,1,10,1,6,1,9
"1488",6,0,10,0,0,0,0
"1489",7,0,13,0,0,0,0
"1490",6,0,10,0,0,0,0
"1491",8,3,11,2,4,3,7
"1492",6,1,9,1,5,3,8
"1493",7,2,9,3,7,3,8
"1494",9,1,11,1,7,2,11
"1495",9,1,11,1,10,2,11
"1496",0,0,0,0,0,0,0
"1497",8,0,10,0,0,0,0
"1498",10,0,9,2,6,2,7
"1499",10,0,11,3,5,3,10
"1500",7,1,7,2,12,2,7
"1501",7,1,13,4,6,4,10
"1502",0,0,0,0,0,0,0
"1503",14,1,11,3,4,2,7
"1504",0,0,0,0,0,0,0
"1505",9,0,11,2,11,2,6
"1506",11,0,10,1,10,4,6
"1507",11,0,8,2,3,3,5
"1508",5,2,14,1,5,2,9
"1509",5,1,10,2,7,2,6
"1510",8,1,7,1,7,3,9
"1511",10,1,11,2,6,3,6
"1512",10,1,9,2,7,1,8
"1513",8,2,10,2,10,2,7
"1514",8,0,12,0,0,0,0
"1515",9,1,11,2,8,4,13
"1516",8,1,7,0,7,2,6
"1517",7,1,12,1,7,3,8
"1518",7,1,6,1,4,2,9
"1519",10,1,8,1,4,3,8
"1520",0,0,0,0,0,0,0
"1521",10,0,10,2,8,3,6
"1522",9,2,15,3,8,2,6
"1523",8,1,5,1,6,3,5
"1524",9,0,9,0,1,0,0
"1525",8,2,11,2,8,0,7
"1526",9,1,9,2,3,2,8
"1527",8,1,6,2,6,1,10
"1528",11,1,7,0,7,3,11
"1529",6,1,9,1,7,1,5
"1530",7,2,10,2,10,1,13
"1531",8,1,9,1,9,1,9
"1532",7,0,7,2,7,3,7
"1533",8,0,12,0,0,0,0
"1534",8,0,8,0,0,0,0
"1535",8,1,10,2,11,2,6
"1536",7,0,14,0,0,0,1
"1537",7,0,10,0,0,0,0
"1538",13,1,10,2,7,2,7
"1539",9,1,9,1,6,3,12
"1540",12,2,10,3,6,2,6
"1541",12,0,11,1,3,2,9
"1542",11,0,11,2,5,3,13
"1543",7,0,12,0,0,0,0
"1544",11,2,12,1,8,2,9
"1545",0,0,0,0,0,0,0
"1546",6,0,12,0,11,2,10
"1547",11,1,7,2,7,3,8
"1548",8,1,7,1,9,2,6
"1549",13,0,15,1,7,2,8
"1550",0,0,0,0,0,0,0
"1551",8,1,12,3,9,2,8
"1552",11,2,9,1,4,1,9
"1553",12,0,12,1,5,2,9
"1554",6,2,12,1,5,2,7
"1555",0,0,0,0,0,0,0
"1556",0,0,0,0,0,0,0
"1557",7,0,10,0,0,0,0
"1558",8,2,19,4,6,1,6
"1559",9,0,5,0,0,0,0
"1560",9,2,8,1,4,2,7
"1561",8,1,9,2,6,2,8
"1562",9,1,14,2,6,3,8
"1563",0,0,0,0,0,0,0
"1564",10,0,6,0,1,0,0
"1565",7,1,10,1,7,4,10
"1566",9,1,12,4,4,3,11
"1567",11,2,10,2,8,3,7
"1568",0,0,0,0,0,0,0
"1569",6,1,10,2,3,3,8
"1570",7,1,8,1,9,3,3
"1571",10,2,9,1,9,3,9
"1572",9,1,12,1,4,2,6
"1573",0,0,0,0,0,0,0
"1574",0,0,0,0,0,0,0
"1575",13,2,9,2,6,4,8
"1576",9,2,10,2,9,1,6
"1577",10,0,8,0,1,0,0
"1578",9,0,9,1,7,3,6
"1579",10,3,8,1,6,1,6
"1580",10,0,11,1,6,1,8
"1581",11,2,9,2,5,2,10
"1582",10,0,14,1,7,2,7
"1583",0,0,0,0,0,0,0
"1584",8,0,10,2,8,2,13
"1585",9,2,14,1,6,2,7
"1586",9,2,9,2,9,1,15
"1587",9,0,14,1,8,2,7
"1588",11,1,12,1,5,2,8
"1589",8,1,11,1,5,2,8
"1590",8,1,8,3,4,3,6
"1591",7,3,10,2,7,5,5
"1592",12,2,10,2,9,1,6
"1593",0,0,0,0,0,0,0
"1594",8,0,9,0,0,0,0
"1595",11,1,9,1,7,1,6
"1596",11,0,5,2,7,2,8
"1597",7,0,14,0,0,0,1
"1598",8,0,9,1,6,2,6
"1599",7,1,13,2,4,4,10
"1600",0,0,0,0,0,0,0
"1601",7,1,9,1,7,2,7
"1602",7,2,12,2,7,2,7
"1603",7,1,14,2,7,2,7
"1604",9,1,8,1,7,2,5
"1605",8,1,8,3,5,2,9
"1606",4,2,11,2,5,2,8
"1607",9,0,12,0,0,0,0
"1608",5,3,10,3,7,2,6
"1609",9,0,7,0,0,0,0
"1610",9,1,17,4,7,4,8
"1611",7,1,9,1,4,4,7
"1612",5,0,12,0,0,0,0
"1613",9,0,11,2,6,2,8
"1614",9,1,8,1,4,3,6
"1615",0,0,0,0,0,0,0
"1616",10,1,6,2,6,3,9
"1617",11,1,15,0,5,1,8
"1618",8,1,11,2,4,6,13
"1619",10,2,9,1,7,3,10
"1620",0,0,0,0,0,0,0
"1621",10,2,8,1,6,3,8
"1622",6,2,11,1,7,2,5
"1623",11,1,11,1,8,3,12
"1624",5,1,8,3,7,2,10
"1625",6,1,9,0,4,2,10
"1626",8,1,8,2,6,1,6
"1627",10,2,8,0,6,1,6
"1628",9,3,10,4,7,3,9
"1629",8,1,8,1,10,2,5
"1630",8,1,8,2,6,2,6
"1631",8,0,8,0,1,0,0
"1632",7,0,10,1,5,2,8
"1633",9,1,8,2,6,1,10
"1634",8,3,11,2,9,3,9
"1635",14,0,12,1,9,3,7
"1636",9,2,10,3,9,1,11
"1637",8,0,10,1,6,3,9
"1638",8,2,12,1,7,4,10
"1639",10,0,13,0,0,0,0
"1640",5,1,8,1,7,2,12
"1641",12,0,8,1,10,3,8
"1642",15,2,9,3,7,2,10
"1643",0,0,0,0,0,0,0
"1644",9,3,6,2,4,1,14
"1645",7,0,10,3,11,2,9
"1646",13,1,9,1,7,2,12
"1647",7,1,8,1,7,1,7
"1648",16,0,12,3,9,3,6
"1649",7,2,13,3,5,4,6
"1650",7,1,13,1,7,4,6
"1651",9,1,9,2,5,3,8
"1652",8,0,14,0,0,0,0
"1653",9,1,11,2,9,3,11
"1654",10,1,14,1,6,2,7
"1655",0,0,0,0,0,0,0
"1656",7,1,7,0,9,3,7
"1657",0,0,0,0,0,0,0
"1658",0,0,0,0,0,0,0
"1659",6,1,7,0,9,3,11
"1660",8,1,12,2,4,1,10
"1661",6,0,8,3,8,3,14
"1662",6,1,12,1,9,2,8
"1663",0,0,0,0,0,0,0
"1664",10,1,11,1,8,2,6
"1665",11,0,7,1,9,5,10
"1666",11,2,12,2,9,2,7
"1667",14,0,11,0,0,0,0
"1668",16,1,9,0,10,4,8
"1669",10,1,7,1,5,2,9
"1670",17,0,13,0,0,0,0
"1671",8,1,6,1,6,2,9
"1672",8,0,7,2,7,3,7
"1673",8,2,7,4,7,4,9
"1674",9,1,13,1,6,2,9
"1675",0,0,0,0,0,0,0
"1676",7,3,10,1,8,2,5
"1677",9,1,11,2,6,3,8
"1678",7,1,11,1,6,2,6
"1679",16,2,11,2,7,1,9
"1680",4,1,10,2,5,2,9
"1681",0,0,0,0,0,0,0
"1682",11,1,14,2,4,2,10
"1683",9,0,12,0,0,0,0
"1684",8,1,10,2,6,1,7
"1685",11,1,9,1,4,2,6
"1686",5,2,8,3,8,1,7
"1687",9,2,9,1,6,4,8
"1688",6,1,9,2,7,2,6
"1689",13,1,3,3,5,2,6
"1690",9,1,15,3,10,4,7
"1691",13,1,9,1,6,1,12
"1692",10,1,16,1,6,3,10
"1693",0,0,0,0,0,0,0
"1694",9,2,14,1,7,2,9
"1695",6,0,9,1,5,2,10
"1696",6,0,8,2,7,2,7
"1697",9,1,6,4,6,4,12
"1698",9,1,14,1,5,2,10
"1699",11,0,9,2,5,2,6
"1700",8,0,10,1,6,2,5
"1701",12,1,9,1,9,2,9
"1702",10,1,7,2,8,1,10
"1703",8,2,11,2,4,4,7
"1704",8,0,8,0,0,0,0
"1705",13,2,11,3,7,2,10
"1706",10,1,7,2,8,4,7
"1707",10,2,10,1,6,2,7
"1708",0,0,0,0,0,0,0
"1709",6,0,8,1,9,1,8
"1710",7,1,10,3,6,4,7
"1711",6,2,12,3,6,2,9
"1712",10,0,12,0,0,0,0
"1713",10,1,9,2,6,1,8
"1714",8,1,11,1,7,3,7
"1715",0,0,0,0,0,0,0
"1716",9,1,8,3,6,3,11
"1717",10,1,12,2,8,2,11
"1718",0,0,0,0,0,0,0
"1719",8,1,11,3,9,2,9
"1720",8,2,8,1,6,3,9
"1721",8,2,10,2,5,2,7
"1722",11,2,11,1,4,1,8
"1723",7,2,8,2,5,2,5
"1724",9,0,12,1,4,3,6
"1725",12,0,11,2,8,2,6
"1726",0,0,0,0,0,0,0
"1727",8,3,9,2,7,1,10
"1728",7,1,15,1,9,2,7
"1729",12,1,12,1,6,2,6
"1730",4,2,11,2,5,2,6
"1731",11,2,11,1,8,1,6
"1732",11,1,12,3,5,4,7
"1733",6,0,7,0,0,0,0
"1734",10,1,8,1,8,4,9
"1735",9,0,11,1,6,3,9
"1736",0,0,0,0,0,0,0
"1737",0,0,0,0,0,0,0
"1738",0,0,0,0,0,0,0
"1739",10,0,10,1,7,3,7
"1740",10,1,10,1,5,3,8
"1741",0,0,0,0,0,0,0
"1742",7,1,9,1,4,2,7
"1743",10,1,6,1,5,2,4
"1744",7,0,14,3,5,4,8
"1745",11,2,6,2,4,2,6
"1746",13,1,10,1,4,2,7
"1747",8,2,12,2,5,2,10
"1748",8,1,8,2,6,5,9
"1749",11,0,11,0,0,0,0
"1750",0,0,0,0,0,0,0
"1751",9,0,10,0,0,0,0
"1752",0,0,0,0,0,0,0
"1753",11,0,8,2,7,3,10
"1754",7,1,9,3,10,2,9
"1755",8,0,10,2,6,3,10
"1756",0,0,0,0,0,0,0
"1757",12,0,7,1,5,3,12
"1758",8,2,6,1,9,2,7
"1759",0,0,0,0,0,0,0
"1760",11,1,12,0,6,2,8
"1761",0,0,0,0,0,0,0
"1762",9,1,11,2,5,4,8
"1763",0,0,0,0,0,0,0
"1764",8,0,12,0,0,0,0
"1765",7,1,8,2,7,2,9
"1766",0,0,0,0,0,0,0
"1767",11,0,7,0,0,0,0
"1768",13,0,14,1,7,1,7
"1769",0,0,0,0,0,0,0
"1770",0,0,0,0,0,0,0
"1771",9,0,8,0,0,0,0
"1772",10,2,7,4,6,3,6
"1773",8,0,8,1,5,2,7
"1774",10,1,11,2,9,4,10
"1775",8,2,9,0,4,1,11
"1776",7,1,12,0,5,2,9
"1777",7,1,12,1,8,2,10
"1778",10,0,6,2,9,4,7
"1779",10,0,8,1,6,2,10
"1780",11,1,11,1,4,3,7
"1781",11,1,10,1,4,2,5
"1782",6,1,10,1,7,2,6
"1783",0,0,0,0,0,0,0
"1784",11,1,6,0,3,2,10
"1785",10,0,12,2,7,1,7
"1786",9,1,13,2,5,2,6
"1787",10,1,11,3,10,2,10
"1788",6,2,9,2,4,4,6
"1789",18,0,13,0,0,0,0
"1790",7,1,5,1,4,2,9
"1791",11,2,13,3,6,3,8
"1792",10,0,12,3,10,3,9
"1793",8,2,10,3,6,2,10
"1794",8,1,11,1,7,1,8
"1795",8,1,9,0,5,2,8
"1796",9,0,10,0,0,0,0
"1797",12,2,12,1,4,2,12
"1798",8,0,9,1,4,3,11
"1799",8,1,6,0,4,1,11
"1800",9,1,11,0,6,1,10
"1801",7,1,10,2,4,2,7
"1802",7,3,10,1,6,2,9
"1803",6,1,10,1,7,2,7
"1804",13,0,11,0,4,2,6
"1805",8,0,6,2,9,2,7
"1806",8,1,12,1,3,4,10
"1807",7,1,9,1,5,3,8
"1808",8,2,8,1,5,3,6
"1809",10,0,12,1,7,2,13
"1810",9,2,13,2,9,3,6
"1811",11,0,8,0,0,0,0
"1812",7,0,16,3,4,3,5
"1813",11,1,9,1,3,2,10
"1814",8,2,14,1,7,3,11
"1815",8,1,9,2,8,2,10
"1816",8,2,12,1,9,4,4
"1817",8,1,8,2,3,1,8
"1818",10,1,10,1,7,2,7
"1819",7,1,5,1,6,3,8
"1820",6,1,7,2,8,2,8
"1821",8,1,11,1,3,2,9
"1822",6,1,14,0,6,3,8
"1823",7,1,9,2,9,3,12
"1824",9,0,8,0,0,0,0
"1825",10,3,9,1,8,2,9
"1826",3,2,10,1,6,1,8
"1827",0,0,0,0,0,0,0
"1828",5,1,11,3,7,4,8
"1829",7,1,8,1,6,3,11
"1830",7,1,8,0,5,2,9
"1831",7,1,10,1,4,3,10
"1832",8,1,12,1,8,3,7
"1833",0,0,0,0,0,0,0
"1834",11,2,12,1,6,3,10
"1835",10,0,13,0,0,0,0
"1836",8,3,9,1,6,3,8
"1837",7,4,8,1,7,3,6
"1838",7,2,11,2,5,3,6
"1839",7,0,10,1,6,1,8
"1840",8,0,7,0,0,0,0
"1841",8,0,11,0,0,0,0
"1842",7,0,11,0,0,0,0
"1843",0,0,0,0,0,0,0
"1844",10,0,11,0,0,0,0
"1845",14,1,14,2,7,2,4
"1846",0,0,0,0,0,0,0
"1847",9,2,6,1,10,2,10
"1848",8,2,8,3,6,2,5
"1849",7,1,10,1,6,4,7
"1850",8,1,11,1,5,3,7
"1851",7,1,11,2,7,1,14
"1852",8,1,8,2,8,4,6
"1853",15,1,13,0,12,1,9
"1854",12,0,11,0,0,0,0
"1855",12,1,11,1,6,1,8
"1856",10,2,9,1,8,2,7
"1857",9,1,9,1,6,3,6
"1858",6,1,10,1,7,1,5
"1859",8,0,15,1,9,2,8
"1860",9,1,9,3,6,3,7
"1861",0,0,0,0,0,0,0
"1862",8,2,9,1,7,2,8
"1863",10,1,10,1,9,2,8
"1864",0,0,0,0,0,0,0
"1865",7,2,11,0,6,3,7
"1866",9,0,12,0,0,0,0
"1867",12,0,5,0,0,0,0
"1868",7,1,12,1,6,2,9
"1869",5,2,12,2,10,3,9
"1870",8,0,9,3,4,3,5
"1871",7,4,13,2,5,2,11
"1872",9,1,12,1,9,3,7
"1873",12,0,6,0,0,0,1
"1874",10,2,10,3,7,2,8
"1875",7,1,6,1,7,2,6
"1876",5,0,8,3,5,3,10
"1877",9,1,9,3,6,2,6
"1878",6,0,13,0,0,0,0
"1879",0,0,0,0,0,0,0
"1880",11,1,13,2,9,3,10
"1881",0,0,0,0,0,0,0
"1882",13,2,6,1,10,1,12
"1883",10,0,13,0,0,0,0
"1884",7,1,9,1,6,1,7
"1885",7,1,7,1,9,2,13
"1886",13,2,8,1,7,3,7
"1887",8,2,8,1,5,2,9
"1888",7,1,11,2,4,3,6
"1889",10,1,12,2,6,3,7
"1890",9,1,10,2,5,2,5
"1891",0,0,0,0,0,0,0
"1892",10,2,8,2,7,3,13
"1893",9,1,11,1,13,3,7
"1894",9,2,9,0,6,2,8
"1895",7,1,12,0,12,3,4
"1896",6,1,8,4,5,3,6
"1897",11,1,10,2,5,3,7
"1898",6,2,9,3,9,4,9
"1899",5,0,6,0,0,0,0
"1900",10,2,9,1,6,4,8
"1901",7,1,9,2,6,1,8
"1902",10,0,6,2,7,4,5
"1903",14,1,10,1,5,2,7
"1904",10,0,8,0,0,0,0
"1905",6,2,11,1,7,2,8
"1906",7,1,7,2,4,2,5
"1907",0,0,0,0,0,0,0
"1908",0,0,0,0,0,0,0
"1909",7,1,7,2,7,1,10
"1910",0,0,0,0,0,0,0
"1911",7,0,11,0,0,0,0
"1912",8,2,14,2,7,2,8
"1913",10,1,5,1,5,2,10
"1914",6,0,14,0,0,0,0
"1915",9,1,8,1,4,3,7
"1916",9,2,11,1,4,2,12
"1917",7,1,11,1,8,4,10
"1918",0,0,0,0,0,0,0
"1919",7,1,10,2,5,2,5
"1920",5,1,12,2,5,2,7
"1921",8,2,7,1,5,2,7
"1922",11,2,9,1,10,2,7
"1923",8,1,8,2,8,2,8
"1924",11,2,10,3,5,3,7
"1925",6,2,9,2,9,3,12
"1926",9,1,10,4,6,1,6
"1927",14,2,12,1,4,3,9
"1928",11,0,10,0,0,0,0
"1929",7,0,10,0,0,0,0
"1930",9,0,7,1,6,1,7
"1931",7,3,11,3,3,1,10
"1932",10,1,9,2,7,1,8
"1933",9,0,8,1,6,2,7
"1934",11,1,18,2,8,2,6
"1935",9,1,10,1,5,4,8
"1936",10,0,10,0,0,0,0
"1937",7,1,12,1,4,1,9
"1938",8,1,10,1,7,3,5
"1939",14,2,10,1,7,1,10
"1940",11,0,11,0,0,0,0
"1941",0,0,0,0,0,0,0
"1942",14,1,10,0,4,2,10
"1943",0,0,0,0,0,0,0
"1944",9,2,12,2,5,2,9
"1945",7,2,11,1,6,3,8
"1946",11,0,10,2,8,1,8
"1947",9,1,11,1,10,2,6
"1948",6,0,8,2,7,3,9
"1949",9,0,8,0,0,0,0
"1950",8,1,10,1,8,5,7
"1951",0,0,0,0,0,0,0
"1952",8,1,13,0,7,2,9
"1953",13,1,16,2,6,2,6
"1954",8,1,12,1,7,2,9
"1955",12,3,7,2,8,3,7
"1956",0,0,0,0,0,0,0
"1957",13,1,17,2,6,3,8
"1958",10,1,13,2,7,2,6
"1959",10,1,11,1,4,2,7
"1960",12,1,12,0,5,2,6
"1961",10,0,14,0,1,0,0
"1962",9,1,10,3,5,2,4
"1963",7,0,13,0,0,0,0
"1964",0,0,0,0,0,0,0
"1965",12,2,12,2,5,2,7
"1966",7,2,17,1,8,3,11
"1967",11,1,10,1,3,2,8
"1968",11,2,11,2,4,4,10
"1969",0,0,0,0,0,0,0
"1970",10,0,11,1,5,1,5
"1971",15,0,9,0,0,0,0
"1972",9,2,12,1,6,3,8
"1973",8,1,11,1,7,1,10
"1974",7,2,14,2,8,2,6
"1975",11,2,10,2,4,4,8
"1976",6,0,10,1,5,3,6
"1977",7,3,10,2,8,2,8
"1978",7,1,8,1,3,3,7
"1979",12,1,9,1,5,5,14
"1980",8,1,11,1,5,2,5
"1981",13,0,12,0,0,0,0
"1982",11,1,17,1,6,2,7
"1983",8,3,14,2,7,2,6
"1984",8,5,11,1,7,3,7
"1985",8,1,9,3,5,3,6
"1986",10,1,14,0,4,2,7
"1987",8,0,14,1,7,3,7
"1988",9,1,11,3,6,3,7
"1989",0,0,0,0,0,0,0
"1990",11,0,10,3,8,2,8
"1991",5,1,8,2,5,1,5
"1992",0,0,0,0,0,0,0
"1993",8,2,19,1,7,2,6
"1994",10,0,7,1,9,1,6
"1995",7,0,9,0,0,0,0
"1996",9,1,9,2,3,2,6
"1997",11,3,10,3,9,3,6
"1998",8,0,14,1,6,1,6
"1999",6,0,10,0,0,0,0
"2000",12,1,11,0,8,2,9
"2001",12,1,6,1,5,2,9
"2002",5,2,8,2,5,2,8
"2003",9,0,9,1,7,5,5
"2004",11,1,10,3,6,3,9
"2005",0,0,0,0,0,0,0
"2006",8,1,6,1,6,1,7
"2007",10,1,9,2,5,3,7
"2008",0,0,0,0,0,0,0
"2009",10,1,8,2,5,2,6
"2010",9,0,8,2,6,2,7
"2011",0,0,0,0,0,0,0
"2012",11,2,8,2,6,1,5
"2013",11,1,10,3,7,2,7
"2014",11,0,11,0,1,0,0
"2015",7,0,11,0,0,0,0
"2016",7,0,11,0,0,0,0
"2017",11,1,7,3,6,3,9
"2018",10,1,7,1,6,3,6
"2019",7,0,10,0,0,0,0
"2020",0,0,0,0,0,0,0
"2021",5,2,10,1,6,3,6
"2022",10,3,8,1,4,1,8
"2023",8,2,7,1,6,3,12
"2024",9,0,8,0,1,0,0
"2025",10,0,8,2,4,1,6
"2026",8,2,8,1,7,2,7
"2027",7,2,6,1,7,2,9
"2028",9,1,9,2,5,2,8
"2029",8,2,5,1,3,2,6
"2030",9,1,13,1,6,2,5
"2031",14,0,4,0,0,0,0
"2032",11,2,6,2,8,4,11
"2033",9,1,8,1,6,0,9
"2034",12,0,11,2,8,4,11
"2035",10,0,12,0,0,0,0
"2036",9,2,13,1,4,3,8
"2037",8,1,10,1,4,2,7
"2038",11,2,7,0,3,3,6
"2039",11,1,13,0,7,3,6
"2040",0,0,0,0,0,0,0
"2041",8,0,12,1,11,2,13
"2042",10,0,12,0,0,0,0
"2043",8,0,7,2,7,3,7
"2044",9,2,14,1,5,2,8
"2045",9,2,8,1,8,2,6
"2046",13,2,11,1,5,1,6
"2047",12,0,14,0,0,1,0
"2048",7,2,10,3,8,4,6
"2049",10,0,10,0,0,0,0
"2050",8,2,9,3,5,4,8
"2051",7,3,10,0,7,3,11
"2052",6,3,11,3,7,4,10
"2053",13,1,11,3,7,2,5
"2054",9,0,6,0,1,1,2
"2055",7,0,9,0,0,0,0
"2056",13,2,7,2,8,3,5
"2057",10,2,10,1,7,2,12
"2058",5,1,11,1,6,5,7
"2059",7,0,11,0,7,2,9
"2060",6,1,9,1,11,2,8
"2061",8,1,10,2,11,5,9
"2062",10,1,5,1,5,2,7
"2063",0,0,0,0,0,0,0
"2064",9,1,11,2,6,2,5
"2065",10,1,8,1,15,1,12
"2066",11,0,8,1,6,1,7
"2067",8,0,11,0,0,0,1
"2068",8,0,9,0,0,0,0
"2069",9,3,8,2,6,5,10
"2070",11,1,8,1,7,2,9
"2071",6,1,11,1,7,2,12
"2072",7,1,8,1,9,2,7
"2073",11,5,11,1,7,2,6
"2074",8,1,7,1,5,2,8
"2075",0,0,0,0,0,0,0
"2076",11,1,8,6,7,3,6
"2077",6,1,14,2,3,3,9
"2078",9,1,8,1,5,5,12
"2079",9,1,5,1,8,1,9
"2080",9,1,8,2,5,2,6
"2081",9,1,12,3,8,1,9
"2082",8,2,11,2,8,4,11
"2083",7,1,11,2,9,2,6
"2084",10,1,7,1,8,4,7
"2085",9,0,9,2,5,3,8
"2086",12,1,11,1,7,3,7
"2087",6,0,8,0,0,0,0
"2088",7,2,9,1,6,3,7
"2089",13,1,9,3,6,2,10
"2090",0,0,0,0,0,0,0
"2091",14,1,8,1,10,3,6
"2092",10,1,8,1,7,3,7
"2093",11,1,7,2,5,3,7
"2094",8,1,11,2,8,3,10
"2095",12,0,7,1,7,2,7
"2096",12,1,13,3,7,2,6
"2097",10,4,13,2,6,4,8
"2098",14,1,10,1,3,1,8
"2099",8,2,12,1,6,4,9
"2100",0,0,0,0,0,0,0
"2101",8,1,5,1,8,2,7
"2102",7,1,6,3,2,4,7
"2103",10,2,10,2,6,4,6
"2104",12,2,10,2,4,1,10
"2105",10,1,14,2,5,3,8
"2106",13,1,8,2,6,5,11
"2107",8,3,8,4,6,1,6
"2108",9,2,8,2,6,3,6
"2109",9,1,11,1,8,2,7
"2110",11,2,11,2,7,4,7
"2111",0,0,0,0,0,0,0
"2112",9,2,10,3,8,4,10
"2113",14,0,6,0,0,0,0
"2114",12,2,11,2,9,3,9
"2115",11,0,8,0,0,0,0
"2116",11,1,14,1,6,3,7
"2117",7,1,5,4,8,1,9
"2118",8,1,8,1,7,3,9
"2119",9,0,8,0,0,0,0
"2120",5,0,8,0,0,0,0
"2121",10,1,10,2,6,2,11
"2122",8,1,13,2,7,1,6
"2123",0,0,0,0,0,0,0
"2124",7,1,8,3,6,2,8
"2125",10,1,11,2,5,2,8
"2126",6,0,11,1,8,1,7
"2127",9,1,7,0,7,2,6
"2128",9,2,11,1,7,4,6
"2129",5,0,10,3,8,3,8
"2130",7,3,11,1,7,5,12
"2131",8,1,9,3,7,2,7
"2132",9,1,12,2,7,3,10
"2133",14,2,9,1,5,3,16
"2134",0,0,0,0,0,0,0
"2135",10,0,10,0,0,0,0
"2136",5,0,12,2,6,3,6
"2137",8,1,14,1,6,2,10
"2138",8,1,10,1,6,3,8
"2139",8,1,8,2,8,3,7
"2140",6,2,7,1,4,2,10
"2141",12,1,13,0,6,1,8
"2142",6,0,11,2,9,2,7
"2143",9,1,7,2,5,3,6
"2144",8,0,6,0,0,0,0
"2145",0,0,0,0,0,0,0
"2146",11,1,9,1,5,2,10
"2147",10,4,4,1,3,2,8
"2148",0,0,0,0,0,0,0
"2149",5,3,8,1,9,5,8
"2150",10,1,8,1,8,4,9
"2151",8,2,8,2,6,2,12
"2152",11,0,13,0,0,1,0
"2153",7,1,13,1,8,2,10
"2154",9,0,9,1,8,1,10
"2155",8,1,8,2,4,1,6
"2156",10,1,8,2,6,2,4
"2157",11,2,12,2,5,1,7
"2158",11,0,10,2,5,0,10
"2159",9,1,7,1,4,2,6
"2160",12,2,12,1,7,3,7
"2161",6,2,10,3,5,1,7
"2162",9,1,8,3,4,3,8
"2163",0,0,0,0,0,0,0
"2164",12,3,13,1,5,2,6
"2165",9,1,9,1,6,2,10
"2166",6,2,11,1,5,3,8
"2167",10,1,11,0,7,3,6
"2168",11,3,8,2,6,2,7
"2169",6,2,8,1,5,3,5
"2170",0,0,0,0,0,0,0
"2171",10,2,9,2,6,2,8
"2172",9,1,8,1,4,2,9
"2173",6,0,12,1,8,2,7
"2174",13,3,10,2,4,2,6
"2175",12,1,11,0,7,3,8
"2176",11,2,13,1,3,2,7
"2177",7,1,9,1,4,3,10
"2178",8,1,11,0,7,1,10
"2179",7,3,14,2,5,2,6
"2180",8,0,10,2,10,2,10
"2181",10,1,11,1,10,3,7
"2182",14,1,11,1,8,5,12
"2183",10,2,8,1,6,1,8
"2184",12,2,9,1,8,1,11
"2185",10,1,12,1,10,2,7
"2186",8,1,8,3,8,1,7
"2187",12,2,5,2,6,2,11
"2188",11,1,8,2,3,3,9
"2189",7,1,11,0,6,3,7
"2190",11,2,12,2,9,2,5
"2191",14,0,15,1,8,3,9
"2192",7,1,10,1,5,2,9
"2193",0,0,0,0,0,0,0
"2194",5,1,14,1,4,2,5
"2195",7,2,7,1,8,2,9
"2196",13,2,9,3,7,2,5
"2197",5,1,10,1,7,2,11
"2198",7,1,11,2,8,4,8
"2199",11,2,8,2,6,3,6
"2200",9,1,8,0,8,3,7
"2201",10,1,8,1,8,1,7
"2202",5,1,8,1,8,1,9
"2203",10,1,11,1,9,4,5
"2204",0,0,0,0,0,0,0
"2205",10,1,8,2,9,2,8
"2206",7,1,9,2,5,1,7
"2207",7,2,10,2,7,3,11
"2208",5,3,14,3,4,2,6
"2209",0,0,0,0,0,0,0
"2210",7,2,7,2,10,4,10
"2211",10,2,15,3,4,2,6
"2212",8,0,9,0,0,0,0
"2213",9,1,12,3,8,1,7
"2214",10,1,7,1,6,1,11
"2215",9,1,12,1,10,2,9
"2216",6,1,11,1,7,2,10
"2217",11,0,13,0,0,0,0
"2218",9,0,9,0,0,0,0
"2219",10,0,8,1,4,2,4
"2220",5,0,9,0,0,0,0
"2221",10,0,14,2,6,2,11
"2222",8,2,9,2,4,2,7
"2223",8,0,5,3,10,2,7
"2224",8,0,12,2,6,3,6
"2225",9,0,14,1,7,3,7
"2226",10,1,9,1,7,1,8
"2227",11,0,11,0,0,0,0
"2228",10,1,14,1,8,1,7
"2229",6,2,10,3,6,1,6
"2230",12,1,11,3,4,3,6
"2231",8,1,6,1,5,2,6
"2232",10,2,8,1,5,2,7
"2233",11,1,9,1,9,4,11
"2234",0,0,0,0,0,0,0
"2235",8,1,8,2,6,1,7
"2236",11,0,9,1,5,3,9
"2237",13,1,9,1,6,2,10
"2238",6,0,11,0,0,0,0
"2239",12,0,8,0,0,0,0
"2240",9,2,10,1,5,4,7
"2241",9,1,7,1,4,2,6
"2242",11,1,11,1,6,1,6
"2243",6,1,11,2,9,1,7
"2244",0,0,0,0,0,0,0
"2245",7,1,10,2,8,3,7
"2246",0,0,0,0,0,0,0
"2247",8,1,11,1,6,2,7
"2248",14,1,8,0,6,2,9
"2249",10,0,7,2,5,2,12
"2250",11,1,13,2,5,1,8
"2251",11,1,16,1,5,1,6
"2252",0,0,0,0,0,0,0
"2253",7,1,13,1,4,3,7
"2254",10,1,10,3,5,4,8
"2255",10,1,11,1,10,4,12
"2256",8,1,6,1,5,3,7
"2257",0,0,0,0,0,0,0
"2258",11,2,9,1,6,3,12
"2259",0,0,0,0,0,0,0
"2260",7,1,14,2,8,2,10
"2261",0,0,0,0,0,0,0
"2262",12,1,10,2,6,2,12
"2263",8,1,8,1,8,1,5
"2264",7,0,12,1,10,1,7
"2265",10,0,11,2,6,2,9
"2266",6,2,8,2,5,2,10
"2267",8,0,9,1,7,2,9
"2268",8,1,6,2,6,1,11
"2269",17,2,9,4,6,2,7
"2270",9,2,10,1,6,2,7
"2271",7,2,12,1,5,5,8
"2272",12,1,6,1,6,2,7
"2273",10,2,11,1,6,5,8
"2274",0,0,0,0,0,0,0
"2275",14,3,8,2,6,2,8
"2276",0,0,0,0,0,0,0
"2277",11,1,9,2,8,2,6
"2278",10,1,8,1,8,3,5
"2279",6,2,9,2,6,2,7
"2280",11,2,10,1,5,3,6
"2281",9,1,8,1,7,1,8
"2282",9,0,9,0,0,0,0
"2283",8,0,6,2,7,1,6
"2284",8,2,9,1,5,2,11
"2285",8,0,9,0,0,0,0
"2286",6,1,13,1,9,1,9
"2287",6,2,11,2,4,3,13
"2288",6,0,9,0,0,0,0
"2289",0,0,0,0,0,0,0
"2290",9,0,13,0,0,0,0
"2291",10,2,9,1,8,2,8
"2292",12,0,7,2,7,1,4
"2293",12,1,9,1,5,3,6
"2294",6,2,5,1,5,3,9
"2295",10,2,7,1,4,3,6
"2296",7,0,13,2,7,1,6
"2297",0,0,0,0,0,0,0
"2298",12,2,12,1,5,2,7
"2299",11,1,7,2,7,3,6
"2300",14,2,10,1,8,2,7
"2301",8,1,7,1,6,2,7
"2302",6,1,10,1,7,2,3
"2303",5,0,6,2,7,2,8
"2304",9,1,7,0,6,2,6
"2305",15,1,10,2,8,2,11
"2306",13,1,11,2,8,3,7
"2307",15,0,14,2,7,2,7
"2308",6,2,9,1,4,2,6
"2309",10,2,12,1,6,4,9
"2310",11,0,9,0,0,0,0
"2311",8,0,5,1,7,1,9
"2312",10,1,10,0,8,3,8
"2313",10,2,11,1,6,1,5
"2314",12,1,7,1,5,3,9
"2315",8,2,11,1,5,1,15
"2316",8,1,8,1,8,1,8
"2317",10,0,13,1,9,3,10
"2318",9,1,10,1,4,2,5
"2319",11,0,14,0,0,0,0
"2320",8,1,9,3,8,2,10
"2321",6,0,10,1,7,1,7
"2322",7,0,12,4,7,1,6
"2323",6,0,12,1,7,3,8
"2324",7,1,14,2,8,2,6
"2325",14,3,11,0,5,1,5
"2326",13,2,10,1,3,2,6
"2327",8,2,7,2,5,2,9
"2328",6,0,10,0,1,0,0
"2329",11,2,9,0,9,2,10
"2330",0,0,0,0,0,0,0
"2331",0,0,0,0,0,0,0
"2332",9,2,6,3,5,2,9
"2333",0,0,0,0,0,0,0
"2334",12,1,10,1,7,2,9
"2335",11,1,11,2,10,0,6
"2336",9,1,9,3,7,1,6
"2337",16,1,10,2,7,2,6
"2338",12,0,10,0,0,0,0
"2339",11,1,7,0,11,1,7
"2340",0,0,0,0,0,0,0
"2341",12,0,12,0,0,0,0
"2342",0,0,0,0,0,0,0
"2343",9,1,11,2,4,2,8
"2344",3,1,12,2,6,4,8
"2345",9,1,10,1,5,2,7
"2346",0,0,0,0,0,0,0
"2347",5,2,8,2,8,5,8
"2348",10,1,9,2,6,2,8
"2349",11,1,16,3,3,3,8
"2350",0,0,0,0,0,0,0
"2351",10,1,13,1,6,2,9
"2352",10,2,6,2,8,3,7
"2353",12,1,11,1,7,3,9
"2354",14,1,9,1,8,4,5
"2355",9,1,11,1,8,4,11
"2356",0,0,0,0,0,0,0
"2357",9,0,8,0,0,0,0
"2358",10,1,14,2,4,2,8
"2359",11,2,7,0,5,3,9
"2360",8,0,11,1,6,3,11
"2361",6,1,8,2,9,4,6
"2362",8,1,9,1,10,2,7
"2363",0,0,0,0,0,0,0
"2364",6,0,14,0,0,0,0
"2365",0,0,0,0,0,0,0
"2366",9,0,8,2,9,1,6
"2367",13,3,8,2,10,2,9
"2368",0,0,0,0,0,0,0
"2369",8,1,13,1,7,4,12
"2370",6,2,7,2,5,2,6
"2371",8,1,9,2,7,2,6
"2372",13,1,7,2,10,3,7
"2373",0,0,0,0,0,0,0
"2374",8,1,8,1,7,2,8
"2375",11,0,10,1,9,3,5
"2376",10,1,10,1,7,1,7
"2377",6,2,7,1,6,2,7
"2378",7,1,9,1,6,2,11
"2379",7,1,12,2,6,2,9
"2380",7,1,10,2,4,5,6
"2381",7,1,10,2,9,1,6
"2382",8,2,13,1,6,1,5
"2383",8,1,10,2,7,1,8
"2384",0,0,0,0,0,0,0
"2385",9,1,7,1,8,2,9
"2386",0,0,0,0,0,0,0
"2387",5,1,10,2,11,3,7
"2388",7,2,10,2,7,4,11
"2389",10,2,10,1,11,2,6
"2390",8,2,9,2,11,2,7
"2391",6,0,10,4,7,1,9
"2392",10,1,9,3,7,4,10
"2393",0,0,0,0,0,0,0
"2394",12,0,9,1,6,1,9
"2395",4,0,8,1,6,2,8
"2396",8,3,12,1,5,2,9
"2397",6,2,11,1,4,3,7
"2398",11,1,16,1,7,2,5
"2399",10,0,10,2,7,3,11
"2400",9,0,10,0,0,0,0
"2401",8,1,12,2,5,2,6
"2402",4,1,9,2,8,2,6
"2403",9,2,9,2,6,2,10
"2404",0,0,0,0,0,0,0
"2405",10,1,12,2,7,3,10
"2406",7,0,11,4,4,2,8
"2407",4,2,11,1,7,3,9
"2408",7,1,10,1,6,1,8
"2409",9,0,7,0,5,3,4
"2410",12,1,8,1,6,1,8
"2411",12,0,9,2,8,3,7
"2412",10,0,5,0,0,0,0
"2413",12,0,6,3,8,3,8
"2414",9,1,17,2,4,4,9
"2415",8,2,10,2,5,2,5
"2416",5,0,16,0,0,0,0
"2417",8,1,9,1,5,1,7
"2418",7,2,10,2,9,4,7
"2419",9,2,13,1,9,3,14
"2420",11,1,10,1,6,2,10
"2421",0,0,0,0,0,0,0
"2422",13,1,7,2,7,1,8
"2423",0,0,0,0,0,0,0
"2424",12,0,10,2,8,2,11
"2425",8,1,9,1,3,2,9
"2426",11,0,9,2,9,2,10
"2427",9,0,9,1,4,3,7
"2428",14,2,10,1,4,2,8
"2429",11,0,16,1,4,2,6
"2430",12,1,9,2,3,2,5
"2431",7,1,7,3,4,3,7
"2432",14,0,16,1,7,4,7
"2433",6,0,7,0,0,0,0
"2434",8,0,10,1,6,1,7
"2435",14,1,11,1,9,1,9
"2436",9,3,6,1,6,2,5
"2437",0,0,0,0,0,0,0
"2438",13,1,10,1,7,1,8
"2439",8,0,9,0,0,0,0
"2440",6,0,8,0,0,0,0
"2441",0,0,0,0,0,0,0
"2442",6,2,10,2,12,3,10
"2443",10,0,10,0,1,0,0
"2444",13,1,10,1,6,3,6
"2445",11,1,15,1,9,4,8
"2446",9,2,10,2,5,2,6
"2447",13,3,9,1,6,4,9
"2448",11,1,8,1,10,3,8
"2449",7,0,14,0,0,0,0
"2450",0,0,0,0,0,0,0
"2451",0,0,0,0,0,0,0
"2452",0,0,0,0,0,0,0
"2453",5,1,10,2,4,2,10
"2454",6,1,14,2,6,3,9
"2455",0,0,0,0,0,0,0
"2456",0,0,0,0,0,0,0
"2457",8,0,10,1,6,2,5
"2458",8,0,11,0,0,0,0
"2459",14,2,9,1,5,1,11
"2460",9,1,10,1,8,4,8
"2461",6,1,12,3,7,2,8
"2462",10,0,9,0,0,0,0
"2463",9,1,6,1,6,1,9
"2464",9,2,11,1,4,3,7
"2465",9,1,11,1,7,2,8
"2466",12,2,7,2,6,2,5
"2467",5,1,5,3,7,3,7
"2468",8,1,7,2,5,3,8
"2469",11,2,9,2,5,2,13
"2470",7,1,9,1,8,3,7
"2471",14,0,7,2,10,1,6
"2472",0,0,0,0,0,0,0
"2473",8,2,10,2,11,3,9
"2474",10,0,9,2,6,1,10
"2475",13,0,8,0,0,0,0
"2476",6,1,9,1,9,3,9
"2477",10,1,11,2,9,4,4
"2478",9,0,10,1,5,3,7
"2479",0,0,0,0,0,0,0
"2480",11,2,12,1,5,2,5
"2481",4,1,13,2,10,2,6
"2482",14,0,9,3,8,1,7
"2483",7,0,13,0,0,0,0
"2484",9,0,11,1,4,3,7
"2485",12,0,9,0,0,0,0
"2486",9,2,9,1,8,4,5
"2487",0,0,0,0,0,0,0
"2488",9,0,6,1,11,6,7
"2489",11,1,6,1,6,5,11
"2490",13,1,9,2,7,1,7
"2491",5,2,10,2,11,2,16
"2492",5,1,12,1,4,2,8
"2493",7,3,10,1,8,2,10
"2494",10,1,6,2,8,2,10
"2495",9,2,7,2,4,2,7
"2496",7,0,12,1,9,3,9
"2497",8,0,6,5,9,3,6
"2498",9,1,7,2,8,2,6
"2499",12,0,11,0,0,0,0
"2500",11,1,11,1,9,3,9
