"","age1_orange.S","age1_green.S","age2_no_comorbid_orange.S","age2_no_comorbid_green.S","age2_comorbid_green.S","age3_no_comorbid_green.S","age3_comorbid_green.S"
"1",1.59574468085106,99.3589743589744,11.3207547169811,100.213219616205,98.2428115015974,100,100.536193029491
"2",1.72872340425532,3.20512820512821,7.66509433962264,8.52878464818763,4.79233226837061,13.6363636363636,18.7667560321716
"3",99.8670212765958,99.3589743589744,99.8820754716981,100.213219616205,99.8402555910543,100,100.536193029491
"4",100,99.3589743589744,99.8820754716981,100.213219616205,99.8402555910543,100,100.536193029491
"5",2.3936170212766,99.3589743589744,10.8490566037736,100.213219616205,99.8402555910543,100,100.536193029491
"6",100,99.3589743589744,99.8820754716981,100.213219616205,99.8402555910543,100,100.536193029491
"7",1.72872340425532,1.6025641025641,7.31132075471698,15.9914712153518,18.370607028754,36.3636363636364,33.5120643431635
"8",0.930851063829787,99.3589743589744,10.1415094339623,100.213219616205,99.8402555910543,100,100.536193029491
"9",1.59574468085106,0,8.13679245283019,13.8592750533049,14.3769968051118,27.2727272727273,22.7882037533512
"10",1.72872340425532,0,9.90566037735849,8.52878464818763,6.38977635782748,9.09090909090909,24.1286863270778
"11",1.1968085106383,99.3589743589744,9.90566037735849,100.213219616205,99.8402555910543,100,100.536193029491
"12",1.1968085106383,99.3589743589744,8.25471698113208,100.213219616205,99.8402555910543,100,100.536193029491
"13",1.1968085106383,3.20512820512821,9.66981132075472,17.0575692963753,21.5654952076677,40.9090909090909,25.4691689008043
"14",1.59574468085106,99.3589743589744,8.84433962264151,100.213219616205,99.8402555910543,100,100.536193029491
"15",100,99.3589743589744,99.8820754716981,100.213219616205,99.8402555910543,100,100.536193029491
"16",1.72872340425532,4.80769230769231,6.83962264150943,11.727078891258,7.98722044728434,20.4545454545455,26.8096514745308
"17",1.59574468085106,0,10.4952830188679,14.9253731343284,7.98722044728434,27.2727272727273,17.426273458445
"18",1.32978723404255,99.3589743589744,12.3820754716981,100.213219616205,99.8402555910543,100,100.536193029491
"19",1.59574468085106,4.80769230769231,9.19811320754717,18.1236673773987,12.779552715655,27.2727272727273,29.4906166219839
"20",100,99.3589743589744,99.8820754716981,100.213219616205,99.8402555910543,100,100.536193029491
"21",2.65957446808511,4.80769230769231,8.9622641509434,8.52878464818763,8.78594249201278,18.1818181818182,20.1072386058981
"22",1.99468085106383,4.80769230769231,9.7877358490566,9.59488272921109,7.98722044728434,18.1818181818182,29.4906166219839
"23",100,99.3589743589744,99.8820754716981,100.213219616205,99.8402555910543,100,100.536193029491
"24",2.65957446808511,99.3589743589744,9.90566037735849,100.213219616205,99.8402555910543,100,100.536193029491
"25",2.3936170212766,3.20512820512821,7.07547169811321,12.7931769722815,14.3769968051118,38.6363636363636,21.4477211796247
"26",1.99468085106383,97.7564102564102,10.377358490566,99.1471215351812,99.8402555910543,100,100.536193029491
"27",2.52659574468085,3.20512820512821,8.72641509433962,8.52878464818763,12.779552715655,25,20.1072386058981
"28",1.46276595744681,6.41025641025641,8.25471698113208,10.6609808102345,11.1821086261981,18.1818181818182,25.4691689008043
"29",2.26063829787234,3.20512820512821,9.43396226415094,17.0575692963753,8.78594249201278,34.0909090909091,24.1286863270778
"30",0.930851063829787,3.20512820512821,8.72641509433962,10.6609808102345,15.9744408945687,25,29.4906166219839
"31",1.1968085106383,6.41025641025641,9.66981132075472,6.39658848614073,8.78594249201278,25,22.7882037533512
"32",1.99468085106383,99.3589743589744,11.3207547169811,100.213219616205,99.8402555910543,100,100.536193029491
"33",2.26063829787234,1.6025641025641,8.72641509433962,10.6609808102345,11.1821086261981,27.2727272727273,28.1501340482574
"34",1.46276595744681,1.6025641025641,8.49056603773585,8.52878464818763,11.9808306709265,13.6363636363636,16.0857908847185
"35",100,99.3589743589744,99.8820754716981,100.213219616205,99.8402555910543,100,100.536193029491
"36",2.79255319148936,99.3589743589744,13.561320754717,100.213219616205,99.8402555910543,100,100.536193029491
"37",1.1968085106383,3.20512820512821,8.25471698113208,19.1897654584222,23.961661341853,27.2727272727273,29.4906166219839
"38",2.12765957446809,1.6025641025641,10.2594339622642,11.727078891258,6.38977635782748,29.5454545454545,26.8096514745308
"39",2.3936170212766,99.3589743589744,8.84433962264151,99.1471215351812,99.8402555910543,100,100.536193029491
"40",2.12765957446809,99.3589743589744,9.66981132075472,100.213219616205,99.8402555910543,100,100.536193029491
"41",1.99468085106383,3.20512820512821,9.7877358490566,10.6609808102345,12.779552715655,22.7272727272727,29.4906166219839
"42",1.86170212765957,4.80769230769231,10.8490566037736,6.39658848614073,14.3769968051118,31.8181818181818,24.1286863270778
"43",100,99.3589743589744,99.8820754716981,100.213219616205,99.8402555910543,100,100.536193029491
"44",2.26063829787234,99.3589743589744,9.08018867924528,100.213219616205,99.8402555910543,100,100.536193029491
"45",2.12765957446809,0,9.43396226415094,14.9253731343284,12.779552715655,18.1818181818182,25.4691689008043
"46",1.86170212765957,99.3589743589744,9.90566037735849,100.213219616205,99.8402555910543,100,100.536193029491
"47",1.99468085106383,3.20512820512821,8.49056603773585,21.3219616204691,19.9680511182109,22.7272727272727,32.171581769437
"48",1.46276595744681,4.80769230769231,8.13679245283019,17.0575692963753,16.7731629392971,34.0909090909091,29.4906166219839
"49",100,99.3589743589744,99.8820754716981,100.213219616205,99.8402555910543,100,100.536193029491
"50",100,99.3589743589744,99.8820754716981,100.213219616205,99.8402555910543,100,100.536193029491
"51",1.86170212765957,0,10.8490566037736,10.6609808102345,8.78594249201278,18.1818181818182,25.4691689008043
"52",1.59574468085106,3.20512820512821,10.6132075471698,11.727078891258,14.3769968051118,27.2727272727273,34.8525469168901
"53",100,99.3589743589744,99.8820754716981,100.213219616205,99.8402555910543,100,100.536193029491
"54",3.32446808510638,99.3589743589744,9.43396226415094,100.213219616205,99.8402555910543,100,100.536193029491
"55",2.79255319148936,1.6025641025641,8.84433962264151,8.52878464818763,10.3833865814696,20.4545454545455,25.4691689008043
"56",1.86170212765957,99.3589743589744,8.25471698113208,100.213219616205,99.0415335463259,100,100.536193029491
"57",100,99.3589743589744,99.8820754716981,100.213219616205,99.8402555910543,100,100.536193029491
"58",1.72872340425532,3.20512820512821,8.60849056603774,6.39658848614073,11.9808306709265,29.5454545454545,20.1072386058981
"59",1.72872340425532,3.20512820512821,9.55188679245283,13.8592750533049,11.1821086261981,20.4545454545455,30.8310991957105
"60",100,99.3589743589744,99.8820754716981,100.213219616205,99.8402555910543,100,100.536193029491
"61",1.46276595744681,3.20512820512821,11.5566037735849,7.46268656716418,4.79233226837061,20.4545454545455,18.7667560321716
"62",99.7340425531915,99.3589743589744,99.7641509433962,100.213219616205,99.8402555910543,100,100.536193029491
"63",1.99468085106383,99.3589743589744,10.8490566037736,100.213219616205,99.8402555910543,100,100.536193029491
"64",100,99.3589743589744,99.8820754716981,100.213219616205,99.8402555910543,100,100.536193029491
"65",100,99.3589743589744,99.8820754716981,100.213219616205,99.8402555910543,100,100.536193029491
"66",2.26063829787234,3.20512820512821,8.0188679245283,7.46268656716418,10.3833865814696,27.2727272727273,20.1072386058981
"67",100,99.3589743589744,99.8820754716981,100.213219616205,99.8402555910543,100,100.536193029491
"68",1.1968085106383,0,6.60377358490566,12.7931769722815,11.1821086261981,13.6363636363636,25.4691689008043
"69",100,99.3589743589744,99.7641509433962,100.213219616205,99.8402555910543,100,100.536193029491
"70",2.3936170212766,97.7564102564102,9.55188679245283,100.213219616205,99.8402555910543,100,100.536193029491
"71",1.32978723404255,3.20512820512821,9.66981132075472,15.9914712153518,13.5782747603834,31.8181818181818,33.5120643431635
"72",2.12765957446809,94.551282051282,9.19811320754717,99.1471215351812,99.0415335463259,100,100.536193029491
"73",2.12765957446809,99.3589743589744,11.6745283018868,100.213219616205,99.8402555910543,100,100.536193029491
"74",2.92553191489362,1.6025641025641,8.49056603773585,10.6609808102345,11.9808306709265,36.3636363636364,22.7882037533512
"75",2.12765957446809,4.80769230769231,7.78301886792453,21.3219616204691,11.9808306709265,36.3636363636364,30.8310991957105
"76",100,99.3589743589744,99.8820754716981,100.213219616205,99.8402555910543,100,100.536193029491
"77",2.26063829787234,99.3589743589744,10.0235849056604,100.213219616205,99.8402555910543,100,100.536193029491
"78",100,99.3589743589744,99.8820754716981,100.213219616205,99.8402555910543,100,100.536193029491
"79",100,99.3589743589744,99.8820754716981,100.213219616205,99.8402555910543,100,100.536193029491
"80",100,99.3589743589744,99.8820754716981,100.213219616205,99.8402555910543,100,100.536193029491
"81",100,99.3589743589744,99.8820754716981,100.213219616205,99.8402555910543,100,100.536193029491
"82",1.59574468085106,99.3589743589744,8.9622641509434,100.213219616205,99.0415335463259,100,100.536193029491
"83",1.59574468085106,4.80769230769231,9.90566037735849,11.727078891258,12.779552715655,31.8181818181818,21.4477211796247
"84",99.8670212765958,99.3589743589744,99.8820754716981,100.213219616205,99.8402555910543,100,100.536193029491
"85",3.19148936170213,4.80769230769231,8.72641509433962,9.59488272921109,7.98722044728434,25,16.0857908847185
"86",1.86170212765957,1.6025641025641,12.1462264150943,7.46268656716418,8.78594249201278,22.7272727272727,17.426273458445
"87",99.8670212765958,99.3589743589744,99.7641509433962,100.213219616205,99.8402555910543,100,100.536193029491
"88",2.65957446808511,99.3589743589744,8.9622641509434,99.1471215351812,99.8402555910543,100,100.536193029491
"89",100,99.3589743589744,99.8820754716981,100.213219616205,99.8402555910543,100,100.536193029491
"90",3.05851063829787,1.6025641025641,8.9622641509434,17.0575692963753,10.3833865814696,25,25.4691689008043
"91",1.72872340425532,0,8.25471698113208,5.33049040511727,7.98722044728434,9.09090909090909,17.426273458445
"92",100,99.3589743589744,99.8820754716981,100.213219616205,99.8402555910543,100,100.536193029491
"93",1.1968085106383,1.6025641025641,9.19811320754717,7.46268656716418,5.59105431309904,29.5454545454545,17.426273458445
"94",1.99468085106383,3.20512820512821,12.6179245283019,14.9253731343284,7.98722044728434,31.8181818181818,21.4477211796247
"95",2.52659574468085,6.41025641025641,7.66509433962264,14.9253731343284,13.5782747603834,18.1818181818182,24.1286863270778
"96",1.1968085106383,0,10.1415094339623,7.46268656716418,15.1757188498403,11.3636363636364,14.745308310992
"97",100,99.3589743589744,99.8820754716981,100.213219616205,99.8402555910543,100,100.536193029491
"98",3.19148936170213,1.6025641025641,9.31603773584906,20.2558635394456,14.3769968051118,25,34.8525469168901
"99",1.72872340425532,99.3589743589744,8.60849056603774,100.213219616205,99.8402555910543,97.7272727272727,100.536193029491
"100",1.59574468085106,0,7.78301886792453,13.8592750533049,15.1757188498403,45.4545454545455,26.8096514745308
"101",1.59574468085106,3.20512820512821,10.0235849056604,8.52878464818763,15.1757188498403,22.7272727272727,14.745308310992
"102",100,99.3589743589744,99.8820754716981,100.213219616205,99.8402555910543,100,100.536193029491
"103",0.930851063829787,3.20512820512821,7.78301886792453,10.6609808102345,5.59105431309904,27.2727272727273,26.8096514745308
"104",1.06382978723404,3.20512820512821,8.37264150943396,15.9914712153518,16.7731629392971,15.9090909090909,29.4906166219839
"105",2.3936170212766,99.3589743589744,8.9622641509434,100.213219616205,99.8402555910543,100,100.536193029491
"106",1.32978723404255,0,9.31603773584906,10.6609808102345,7.18849840255591,22.7272727272727,36.1930294906166
"107",1.59574468085106,99.3589743589744,6.83962264150943,100.213219616205,99.8402555910543,100,100.536193029491
"108",2.26063829787234,99.3589743589744,10.377358490566,99.1471215351812,99.8402555910543,100,100.536193029491
"109",100,99.3589743589744,99.7641509433962,100.213219616205,99.8402555910543,100,100.536193029491
"110",100,99.3589743589744,99.8820754716981,100.213219616205,99.8402555910543,100,100.536193029491
"111",1.99468085106383,3.20512820512821,8.84433962264151,13.8592750533049,15.9744408945687,25,12.0643431635389
"112",3.59042553191489,99.3589743589744,12.7358490566038,100.213219616205,99.8402555910543,100,100.536193029491
"113",99.8670212765958,99.3589743589744,99.8820754716981,100.213219616205,99.8402555910543,100,100.536193029491
"114",100,99.3589743589744,99.8820754716981,100.213219616205,99.8402555910543,100,100.536193029491
"115",1.59574468085106,99.3589743589744,8.9622641509434,100.213219616205,99.8402555910543,100,100.536193029491
"116",1.1968085106383,1.6025641025641,7.78301886792453,9.59488272921109,7.98722044728434,20.4545454545455,21.4477211796247
"117",99.8670212765958,99.3589743589744,99.8820754716981,100.213219616205,99.8402555910543,100,100.536193029491
"118",2.65957446808511,0,10.9669811320755,8.52878464818763,22.3642172523962,29.5454545454545,37.5335120643432
"119",99.8670212765958,99.3589743589744,99.6462264150943,100.213219616205,99.8402555910543,100,100.536193029491
"120",2.26063829787234,3.20512820512821,8.60849056603774,20.2558635394456,5.59105431309904,29.5454545454545,36.1930294906166
"121",1.72872340425532,99.3589743589744,9.31603773584906,100.213219616205,99.8402555910543,100,100.536193029491
"122",1.06382978723404,8.01282051282051,7.19339622641509,7.46268656716418,11.1821086261981,13.6363636363636,25.4691689008043
"123",1.86170212765957,99.3589743589744,8.72641509433962,100.213219616205,99.8402555910543,100,100.536193029491
"124",2.26063829787234,99.3589743589744,10.7311320754717,100.213219616205,99.8402555910543,100,100.536193029491
"125",1.32978723404255,1.6025641025641,10.1415094339623,10.6609808102345,13.5782747603834,20.4545454545455,30.8310991957105
"126",2.52659574468085,99.3589743589744,10.1415094339623,100.213219616205,99.8402555910543,100,100.536193029491
"127",2.3936170212766,0,8.0188679245283,11.727078891258,15.1757188498403,29.5454545454545,26.8096514745308
"128",1.86170212765957,4.80769230769231,7.66509433962264,10.6609808102345,7.98722044728434,20.4545454545455,17.426273458445
"129",1.72872340425532,3.20512820512821,7.19339622641509,15.9914712153518,8.78594249201278,13.6363636363636,34.8525469168901
"130",100,99.3589743589744,99.8820754716981,100.213219616205,99.8402555910543,100,100.536193029491
"131",1.72872340425532,1.6025641025641,9.19811320754717,7.46268656716418,14.3769968051118,22.7272727272727,25.4691689008043
"132",2.12765957446809,3.20512820512821,6.95754716981132,8.52878464818763,3.19488817891374,15.9090909090909,17.426273458445
"133",1.59574468085106,99.3589743589744,8.9622641509434,100.213219616205,99.8402555910543,100,100.536193029491
"134",1.99468085106383,99.3589743589744,9.43396226415094,100.213219616205,99.8402555910543,100,100.536193029491
"135",1.86170212765957,99.3589743589744,8.25471698113208,100.213219616205,99.0415335463259,100,99.1957104557641
"136",99.8670212765958,99.3589743589744,99.8820754716981,100.213219616205,99.8402555910543,100,100.536193029491
"137",2.12765957446809,99.3589743589744,10.377358490566,100.213219616205,99.8402555910543,100,100.536193029491
"138",1.86170212765957,99.3589743589744,9.7877358490566,99.1471215351812,99.0415335463259,100,100.536193029491
"139",1.46276595744681,99.3589743589744,9.08018867924528,100.213219616205,99.0415335463259,100,99.1957104557641
"140",2.3936170212766,0,10.1415094339623,13.8592750533049,12.779552715655,29.5454545454545,24.1286863270778
"141",1.86170212765957,99.3589743589744,8.13679245283019,100.213219616205,99.8402555910543,100,100.536193029491
"142",100,99.3589743589744,99.8820754716981,100.213219616205,99.8402555910543,100,100.536193029491
"143",1.1968085106383,0,7.78301886792453,10.6609808102345,10.3833865814696,18.1818181818182,12.0643431635389
"144",1.86170212765957,3.20512820512821,10.0235849056604,8.52878464818763,9.58466453674121,20.4545454545455,21.4477211796247
"145",1.1968085106383,99.3589743589744,8.60849056603774,100.213219616205,99.8402555910543,100,100.536193029491
"146",2.92553191489362,99.3589743589744,7.66509433962264,100.213219616205,99.8402555910543,100,100.536193029491
"147",1.72872340425532,1.6025641025641,8.13679245283019,8.52878464818763,9.58466453674121,22.7272727272727,28.1501340482574
"148",100,99.3589743589744,99.8820754716981,100.213219616205,99.8402555910543,100,100.536193029491
"149",99.8670212765958,99.3589743589744,99.8820754716981,100.213219616205,99.8402555910543,100,100.536193029491
"150",1.86170212765957,3.20512820512821,8.72641509433962,11.727078891258,7.18849840255591,25,20.1072386058981
"151",2.92553191489362,99.3589743589744,10.8490566037736,100.213219616205,99.8402555910543,100,100.536193029491
"152",1.86170212765957,0,6.95754716981132,12.7931769722815,7.18849840255591,25,28.1501340482574
"153",1.72872340425532,4.80769230769231,10.377358490566,19.1897654584222,22.3642172523962,22.7272727272727,24.1286863270778
"154",2.3936170212766,0,10.4952830188679,13.8592750533049,9.58466453674121,15.9090909090909,14.745308310992
"155",100,99.3589743589744,99.8820754716981,100.213219616205,99.8402555910543,100,100.536193029491
"156",2.12765957446809,99.3589743589744,8.0188679245283,100.213219616205,99.8402555910543,97.7272727272727,99.1957104557641
"157",1.59574468085106,99.3589743589744,9.55188679245283,100.213219616205,99.8402555910543,100,100.536193029491
"158",1.46276595744681,99.3589743589744,8.84433962264151,100.213219616205,99.8402555910543,100,99.1957104557641
"159",1.32978723404255,99.3589743589744,10.1415094339623,100.213219616205,99.8402555910543,100,100.536193029491
"160",3.32446808510638,96.1538461538462,11.438679245283,100.213219616205,99.8402555910543,100,100.536193029491
"161",2.65957446808511,9.61538461538462,10.4952830188679,18.1236673773987,17.5718849840256,27.2727272727273,30.8310991957105
"162",2.12765957446809,99.3589743589744,10.4952830188679,100.213219616205,99.8402555910543,100,100.536193029491
"163",100,99.3589743589744,99.8820754716981,100.213219616205,99.8402555910543,100,100.536193029491
"164",2.3936170212766,1.6025641025641,9.66981132075472,9.59488272921109,11.9808306709265,31.8181818181818,24.1286863270778
"165",1.32978723404255,94.551282051282,6.83962264150943,99.1471215351812,98.2428115015974,100,100.536193029491
"166",1.72872340425532,3.20512820512821,9.43396226415094,7.46268656716418,11.9808306709265,22.7272727272727,21.4477211796247
"167",1.72872340425532,99.3589743589744,8.49056603773585,100.213219616205,99.8402555910543,100,100.536193029491
"168",1.72872340425532,99.3589743589744,8.0188679245283,99.1471215351812,99.0415335463259,100,100.536193029491
"169",2.52659574468085,1.6025641025641,9.90566037735849,10.6609808102345,11.1821086261981,29.5454545454545,21.4477211796247
"170",100,99.3589743589744,99.8820754716981,100.213219616205,99.8402555910543,100,100.536193029491
"171",2.79255319148936,4.80769230769231,12.8537735849057,10.6609808102345,11.1821086261981,22.7272727272727,32.171581769437
"172",1.86170212765957,6.41025641025641,9.19811320754717,13.8592750533049,14.3769968051118,45.4545454545455,26.8096514745308
"173",1.99468085106383,1.6025641025641,5.66037735849057,10.6609808102345,4.79233226837061,22.7272727272727,22.7882037533512
"174",2.12765957446809,99.3589743589744,7.78301886792453,100.213219616205,99.8402555910543,100,100.536193029491
"175",1.99468085106383,99.3589743589744,8.9622641509434,100.213219616205,99.8402555910543,100,100.536193029491
"176",100,99.3589743589744,99.8820754716981,100.213219616205,99.8402555910543,100,100.536193029491
"177",3.45744680851064,1.6025641025641,12.8537735849057,7.46268656716418,11.1821086261981,29.5454545454545,26.8096514745308
"178",100,99.3589743589744,99.8820754716981,100.213219616205,99.8402555910543,100,100.536193029491
"179",1.59574468085106,8.01282051282051,8.9622641509434,12.7931769722815,11.9808306709265,20.4545454545455,32.171581769437
"180",1.99468085106383,97.7564102564102,11.438679245283,99.1471215351812,99.8402555910543,100,100.536193029491
"181",99.6010638297872,99.3589743589744,99.7641509433962,100.213219616205,99.8402555910543,100,100.536193029491
"182",1.86170212765957,99.3589743589744,11.3207547169811,100.213219616205,99.8402555910543,100,100.536193029491
"183",1.99468085106383,4.80769230769231,9.66981132075472,20.2558635394456,16.7731629392971,34.0909090909091,22.7882037533512
"184",1.1968085106383,99.3589743589744,8.25471698113208,100.213219616205,99.8402555910543,100,100.536193029491
"185",1.46276595744681,8.01282051282051,10.4952830188679,15.9914712153518,11.1821086261981,34.0909090909091,25.4691689008043
"186",1.86170212765957,3.20512820512821,7.66509433962264,13.8592750533049,9.58466453674121,22.7272727272727,29.4906166219839
"187",2.52659574468085,99.3589743589744,10.7311320754717,100.213219616205,99.8402555910543,100,100.536193029491
"188",100,99.3589743589744,99.8820754716981,100.213219616205,99.8402555910543,100,100.536193029491
"189",2.26063829787234,99.3589743589744,8.49056603773585,99.1471215351812,99.8402555910543,97.7272727272727,100.536193029491
"190",1.59574468085106,1.6025641025641,9.19811320754717,6.39658848614073,4.79233226837061,18.1818181818182,26.8096514745308
"191",100,99.3589743589744,99.8820754716981,100.213219616205,99.8402555910543,100,100.536193029491
"192",1.06382978723404,6.41025641025641,7.66509433962264,19.1897654584222,13.5782747603834,31.8181818181818,17.426273458445
"193",100,99.3589743589744,99.8820754716981,100.213219616205,99.8402555910543,100,100.536193029491
"194",1.72872340425532,99.3589743589744,9.7877358490566,100.213219616205,99.8402555910543,100,100.536193029491
"195",2.65957446808511,0,11.9103773584906,10.6609808102345,15.9744408945687,20.4545454545455,22.7882037533512
"196",100,99.3589743589744,99.8820754716981,100.213219616205,99.8402555910543,100,100.536193029491
"197",1.59574468085106,1.6025641025641,9.90566037735849,14.9253731343284,13.5782747603834,20.4545454545455,24.1286863270778
"198",100,99.3589743589744,99.8820754716981,100.213219616205,99.8402555910543,100,100.536193029491
"199",1.59574468085106,9.61538461538462,5.30660377358491,12.7931769722815,12.779552715655,25,32.171581769437
"200",100,99.3589743589744,99.7641509433962,100.213219616205,99.8402555910543,100,100.536193029491
"201",100,99.3589743589744,99.8820754716981,100.213219616205,99.8402555910543,100,100.536193029491
"202",1.32978723404255,99.3589743589744,10.1415094339623,100.213219616205,99.8402555910543,100,100.536193029491
"203",3.05851063829787,0,9.66981132075472,14.9253731343284,7.98722044728434,20.4545454545455,16.0857908847185
"204",1.59574468085106,0,8.25471698113208,4.26439232409382,5.59105431309904,18.1818181818182,18.7667560321716
"205",0.930851063829787,1.6025641025641,8.13679245283019,9.59488272921109,11.1821086261981,18.1818181818182,25.4691689008043
"206",1.59574468085106,99.3589743589744,8.49056603773585,100.213219616205,99.8402555910543,100,100.536193029491
"207",0.930851063829787,99.3589743589744,8.13679245283019,100.213219616205,99.0415335463259,100,100.536193029491
"208",3.72340425531915,4.80769230769231,9.66981132075472,20.2558635394456,15.1757188498403,29.5454545454545,34.8525469168901
"209",1.72872340425532,99.3589743589744,7.90094339622642,100.213219616205,99.8402555910543,100,100.536193029491
"210",2.12765957446809,0,8.60849056603774,17.0575692963753,9.58466453674121,20.4545454545455,26.8096514745308
"211",1.1968085106383,0,8.60849056603774,11.727078891258,11.9808306709265,25,18.7667560321716
"212",100,99.3589743589744,99.8820754716981,100.213219616205,99.8402555910543,100,100.536193029491
"213",1.1968085106383,1.6025641025641,8.84433962264151,9.59488272921109,10.3833865814696,18.1818181818182,13.4048257372654
"214",2.3936170212766,4.80769230769231,8.25471698113208,10.6609808102345,11.9808306709265,20.4545454545455,22.7882037533512
"215",2.3936170212766,99.3589743589744,8.9622641509434,100.213219616205,99.8402555910543,100,100.536193029491
"216",100,99.3589743589744,99.8820754716981,100.213219616205,99.8402555910543,100,100.536193029491
"217",1.59574468085106,3.20512820512821,9.7877358490566,15.9914712153518,14.3769968051118,22.7272727272727,33.5120643431635
"218",1.99468085106383,3.20512820512821,8.25471698113208,11.727078891258,18.370607028754,34.0909090909091,28.1501340482574
"219",2.26063829787234,99.3589743589744,10.377358490566,100.213219616205,99.8402555910543,100,100.536193029491
"220",1.59574468085106,3.20512820512821,8.84433962264151,18.1236673773987,19.9680511182109,29.5454545454545,21.4477211796247
"221",2.12765957446809,0,8.0188679245283,8.52878464818763,15.1757188498403,22.7272727272727,26.8096514745308
"222",1.1968085106383,97.7564102564102,8.60849056603774,100.213219616205,99.8402555910543,100,100.536193029491
"223",99.6010638297872,99.3589743589744,99.6462264150943,100.213219616205,99.8402555910543,100,100.536193029491
"224",2.12765957446809,99.3589743589744,9.7877358490566,100.213219616205,99.8402555910543,100,100.536193029491
"225",2.3936170212766,99.3589743589744,9.7877358490566,100.213219616205,99.8402555910543,100,100.536193029491
"226",100,99.3589743589744,99.8820754716981,100.213219616205,99.8402555910543,100,100.536193029491
"227",2.3936170212766,4.80769230769231,7.07547169811321,13.8592750533049,12.779552715655,27.2727272727273,14.745308310992
"228",1.59574468085106,99.3589743589744,10.1415094339623,100.213219616205,99.8402555910543,100,99.1957104557641
"229",1.06382978723404,1.6025641025641,10.2594339622642,14.9253731343284,11.9808306709265,36.3636363636364,28.1501340482574
"230",1.32978723404255,99.3589743589744,10.0235849056604,100.213219616205,99.8402555910543,100,100.536193029491
"231",2.3936170212766,8.01282051282051,8.9622641509434,15.9914712153518,16.7731629392971,36.3636363636364,34.8525469168901
"232",1.99468085106383,1.6025641025641,9.66981132075472,3.19829424307036,9.58466453674121,15.9090909090909,26.8096514745308
"233",2.26063829787234,0,11.0849056603774,12.7931769722815,9.58466453674121,18.1818181818182,25.4691689008043
"234",1.99468085106383,3.20512820512821,9.31603773584906,14.9253731343284,11.9808306709265,34.0909090909091,32.171581769437
"235",1.72872340425532,99.3589743589744,7.90094339622642,100.213219616205,99.8402555910543,100,100.536193029491
"236",1.72872340425532,94.551282051282,10.9669811320755,98.0810234541578,98.2428115015974,100,100.536193029491
"237",2.26063829787234,99.3589743589744,7.19339622641509,100.213219616205,99.8402555910543,100,100.536193029491
"238",1.59574468085106,99.3589743589744,8.0188679245283,100.213219616205,99.8402555910543,100,99.1957104557641
"239",1.59574468085106,4.80769230769231,8.9622641509434,17.0575692963753,15.1757188498403,29.5454545454545,14.745308310992
"240",2.65957446808511,1.6025641025641,8.49056603773585,13.8592750533049,12.779552715655,22.7272727272727,18.7667560321716
"241",100,99.3589743589744,99.8820754716981,100.213219616205,99.8402555910543,100,100.536193029491
"242",2.3936170212766,3.20512820512821,7.78301886792453,12.7931769722815,10.3833865814696,15.9090909090909,25.4691689008043
"243",2.3936170212766,99.3589743589744,7.31132075471698,100.213219616205,99.0415335463259,100,100.536193029491
"244",2.26063829787234,99.3589743589744,8.37264150943396,100.213219616205,99.8402555910543,97.7272727272727,100.536193029491
"245",2.92553191489362,3.20512820512821,9.90566037735849,7.46268656716418,8.78594249201278,13.6363636363636,22.7882037533512
"246",2.79255319148936,0,9.19811320754717,15.9914712153518,7.18849840255591,18.1818181818182,13.4048257372654
"247",1.86170212765957,4.80769230769231,10.0235849056604,9.59488272921109,8.78594249201278,18.1818181818182,21.4477211796247
"248",3.05851063829787,1.6025641025641,11.7924528301887,12.7931769722815,11.9808306709265,15.9090909090909,28.1501340482574
"249",1.06382978723404,1.6025641025641,9.55188679245283,11.727078891258,17.5718849840256,11.3636363636364,20.1072386058981
"250",1.86170212765957,99.3589743589744,10.6132075471698,100.213219616205,99.0415335463259,100,100.536193029491
"251",1.72872340425532,99.3589743589744,8.49056603773585,100.213219616205,99.8402555910543,100,100.536193029491
"252",1.46276595744681,99.3589743589744,9.43396226415094,100.213219616205,99.8402555910543,100,100.536193029491
"253",1.59574468085106,1.6025641025641,9.55188679245283,12.7931769722815,7.18849840255591,27.2727272727273,26.8096514745308
"254",100,99.3589743589744,99.8820754716981,100.213219616205,99.8402555910543,100,100.536193029491
"255",100,99.3589743589744,99.8820754716981,100.213219616205,99.8402555910543,100,100.536193029491
"256",99.8670212765958,99.3589743589744,99.8820754716981,100.213219616205,99.8402555910543,100,100.536193029491
"257",1.99468085106383,4.80769230769231,8.84433962264151,13.8592750533049,15.1757188498403,15.9090909090909,28.1501340482574
"258",1.1968085106383,4.80769230769231,8.13679245283019,13.8592750533049,9.58466453674121,22.7272727272727,22.7882037533512
"259",100,99.3589743589744,99.8820754716981,100.213219616205,99.8402555910543,100,100.536193029491
"260",1.99468085106383,1.6025641025641,9.43396226415094,15.9914712153518,7.98722044728434,22.7272727272727,22.7882037533512
"261",2.3936170212766,99.3589743589744,9.90566037735849,100.213219616205,99.8402555910543,100,100.536193029491
"262",100,99.3589743589744,99.8820754716981,100.213219616205,99.8402555910543,100,100.536193029491
"263",2.26063829787234,99.3589743589744,11.0849056603774,100.213219616205,99.8402555910543,100,100.536193029491
"264",1.86170212765957,99.3589743589744,8.72641509433962,100.213219616205,99.8402555910543,100,100.536193029491
"265",2.26063829787234,6.41025641025641,9.66981132075472,8.52878464818763,15.1757188498403,45.4545454545455,29.4906166219839
"266",100,99.3589743589744,99.8820754716981,100.213219616205,99.8402555910543,100,100.536193029491
"267",2.12765957446809,11.2179487179487,9.66981132075472,5.33049040511727,16.7731629392971,34.0909090909091,16.0857908847185
"268",2.12765957446809,96.1538461538462,9.31603773584906,99.1471215351812,99.0415335463259,100,97.8552278820375
"269",100,99.3589743589744,99.8820754716981,100.213219616205,99.8402555910543,100,100.536193029491
"270",3.45744680851064,8.01282051282051,8.84433962264151,12.7931769722815,23.1629392971246,34.0909090909091,30.8310991957105
"271",2.26063829787234,6.41025641025641,9.66981132075472,20.2558635394456,14.3769968051118,34.0909090909091,25.4691689008043
"272",100,99.3589743589744,99.7641509433962,100.213219616205,99.8402555910543,100,100.536193029491
"273",2.3936170212766,99.3589743589744,10.0235849056604,100.213219616205,99.8402555910543,100,100.536193029491
"274",1.32978723404255,99.3589743589744,7.42924528301887,99.1471215351812,98.2428115015974,97.7272727272727,100.536193029491
"275",1.46276595744681,3.20512820512821,10.7311320754717,15.9914712153518,12.779552715655,29.5454545454545,25.4691689008043
"276",2.65957446808511,1.6025641025641,8.37264150943396,17.0575692963753,7.98722044728434,25,14.745308310992
"277",1.1968085106383,99.3589743589744,7.54716981132075,100.213219616205,99.8402555910543,100,100.536193029491
"278",1.86170212765957,3.20512820512821,8.60849056603774,11.727078891258,11.1821086261981,31.8181818181818,33.5120643431635
"279",1.86170212765957,99.3589743589744,12.0283018867925,100.213219616205,99.8402555910543,100,100.536193029491
"280",2.52659574468085,99.3589743589744,9.08018867924528,100.213219616205,99.8402555910543,100,100.536193029491
"281",2.52659574468085,8.01282051282051,8.25471698113208,17.0575692963753,23.961661341853,38.6363636363636,36.1930294906166
"282",2.26063829787234,4.80769230769231,9.66981132075472,17.0575692963753,19.9680511182109,34.0909090909091,25.4691689008043
"283",100,99.3589743589744,99.8820754716981,100.213219616205,99.8402555910543,100,100.536193029491
"284",2.79255319148936,99.3589743589744,8.25471698113208,100.213219616205,99.8402555910543,100,100.536193029491
"285",99.8670212765958,99.3589743589744,99.7641509433962,100.213219616205,99.8402555910543,100,100.536193029491
"286",1.59574468085106,0,7.78301886792453,12.7931769722815,18.370607028754,22.7272727272727,37.5335120643432
"287",1.06382978723404,1.6025641025641,8.25471698113208,9.59488272921109,7.18849840255591,22.7272727272727,21.4477211796247
"288",1.59574468085106,99.3589743589744,9.7877358490566,100.213219616205,99.8402555910543,100,100.536193029491
"289",2.92553191489362,0,10.0235849056604,19.1897654584222,9.58466453674121,20.4545454545455,26.8096514745308
"290",2.26063829787234,99.3589743589744,9.08018867924528,100.213219616205,99.8402555910543,100,100.536193029491
"291",1.72872340425532,99.3589743589744,8.84433962264151,100.213219616205,99.8402555910543,100,100.536193029491
"292",2.79255319148936,3.20512820512821,7.66509433962264,6.39658848614073,10.3833865814696,15.9090909090909,24.1286863270778
"293",1.86170212765957,1.6025641025641,10.7311320754717,18.1236673773987,19.1693290734824,34.0909090909091,36.1930294906166
"294",1.86170212765957,3.20512820512821,10.2594339622642,10.6609808102345,13.5782747603834,31.8181818181818,20.1072386058981
"295",2.3936170212766,0,8.84433962264151,12.7931769722815,7.98722044728434,27.2727272727273,17.426273458445
"296",2.3936170212766,1.6025641025641,9.43396226415094,7.46268656716418,11.9808306709265,40.9090909090909,24.1286863270778
"297",1.59574468085106,3.20512820512821,8.72641509433962,10.6609808102345,10.3833865814696,27.2727272727273,21.4477211796247
"298",1.1968085106383,99.3589743589744,9.19811320754717,100.213219616205,99.8402555910543,100,100.536193029491
"299",100,99.3589743589744,99.4103773584906,100.213219616205,99.8402555910543,100,100.536193029491
"300",1.59574468085106,4.80769230769231,8.49056603773585,10.6609808102345,19.1693290734824,38.6363636363636,32.171581769437
"301",1.72872340425532,1.6025641025641,7.66509433962264,11.727078891258,10.3833865814696,31.8181818181818,25.4691689008043
"302",1.86170212765957,99.3589743589744,7.54716981132075,100.213219616205,99.8402555910543,100,100.536193029491
"303",1.72872340425532,1.6025641025641,9.43396226415094,14.9253731343284,13.5782747603834,20.4545454545455,20.1072386058981
"304",100,99.3589743589744,99.8820754716981,100.213219616205,99.8402555910543,100,100.536193029491
"305",1.99468085106383,99.3589743589744,9.19811320754717,100.213219616205,97.444089456869,97.7272727272727,99.1957104557641
"306",1.72872340425532,6.41025641025641,8.9622641509434,11.727078891258,15.9744408945687,25,24.1286863270778
"307",2.3936170212766,0,9.08018867924528,11.727078891258,5.59105431309904,27.2727272727273,21.4477211796247
"308",2.65957446808511,4.80769230769231,8.49056603773585,7.46268656716418,7.98722044728434,13.6363636363636,21.4477211796247
"309",1.72872340425532,99.3589743589744,9.7877358490566,100.213219616205,99.8402555910543,100,100.536193029491
"310",1.72872340425532,4.80769230769231,8.13679245283019,8.52878464818763,3.19488817891374,13.6363636363636,10.7238605898123
"311",2.26063829787234,99.3589743589744,10.377358490566,100.213219616205,99.0415335463259,100,100.536193029491
"312",1.32978723404255,1.6025641025641,7.78301886792453,11.727078891258,14.3769968051118,27.2727272727273,32.171581769437
"313",1.99468085106383,99.3589743589744,9.31603773584906,100.213219616205,99.8402555910543,100,100.536193029491
"314",1.72872340425532,99.3589743589744,7.90094339622642,100.213219616205,99.8402555910543,97.7272727272727,100.536193029491
"315",1.59574468085106,3.20512820512821,7.66509433962264,10.6609808102345,10.3833865814696,27.2727272727273,20.1072386058981
"316",2.3936170212766,6.41025641025641,9.66981132075472,13.8592750533049,21.5654952076677,38.6363636363636,28.1501340482574
"317",1.59574468085106,4.80769230769231,8.37264150943396,14.9253731343284,15.1757188498403,15.9090909090909,25.4691689008043
"318",100,99.3589743589744,99.8820754716981,100.213219616205,99.8402555910543,100,100.536193029491
"319",1.86170212765957,1.6025641025641,9.19811320754717,13.8592750533049,14.3769968051118,18.1818181818182,13.4048257372654
"320",100,99.3589743589744,99.8820754716981,100.213219616205,99.8402555910543,100,100.536193029491
"321",100,99.3589743589744,99.8820754716981,100.213219616205,99.8402555910543,100,100.536193029491
"322",2.65957446808511,1.6025641025641,10.0235849056604,6.39658848614073,10.3833865814696,25,22.7882037533512
"323",100,99.3589743589744,99.8820754716981,100.213219616205,99.8402555910543,100,100.536193029491
"324",2.65957446808511,97.7564102564102,10.9669811320755,98.0810234541578,99.0415335463259,100,99.1957104557641
"325",100,99.3589743589744,99.8820754716981,100.213219616205,99.8402555910543,100,100.536193029491
"326",1.72872340425532,3.20512820512821,11.2028301886792,14.9253731343284,15.1757188498403,22.7272727272727,33.5120643431635
"327",1.86170212765957,3.20512820512821,9.19811320754717,10.6609808102345,8.78594249201278,36.3636363636364,26.8096514745308
"328",1.06382978723404,3.20512820512821,7.54716981132075,14.9253731343284,10.3833865814696,29.5454545454545,28.1501340482574
"329",1.59574468085106,1.6025641025641,9.55188679245283,6.39658848614073,9.58466453674121,18.1818181818182,24.1286863270778
"330",2.12765957446809,99.3589743589744,9.43396226415094,100.213219616205,99.8402555910543,100,100.536193029491
"331",1.59574468085106,3.20512820512821,9.66981132075472,13.8592750533049,8.78594249201278,15.9090909090909,18.7667560321716
"332",2.52659574468085,0,9.31603773584906,20.2558635394456,13.5782747603834,40.9090909090909,29.4906166219839
"333",3.05851063829787,0,11.5566037735849,10.6609808102345,15.9744408945687,27.2727272727273,28.1501340482574
"334",2.52659574468085,99.3589743589744,10.6132075471698,100.213219616205,99.8402555910543,100,99.1957104557641
"335",2.52659574468085,1.6025641025641,7.66509433962264,10.6609808102345,7.18849840255591,22.7272727272727,22.7882037533512
"336",2.79255319148936,99.3589743589744,10.4952830188679,100.213219616205,99.8402555910543,100,100.536193029491
"337",2.79255319148936,99.3589743589744,9.55188679245283,100.213219616205,99.8402555910543,100,100.536193029491
"338",1.99468085106383,4.80769230769231,8.72641509433962,8.52878464818763,9.58466453674121,25,26.8096514745308
"339",100,99.3589743589744,99.8820754716981,100.213219616205,99.8402555910543,100,100.536193029491
"340",1.06382978723404,99.3589743589744,8.9622641509434,100.213219616205,99.8402555910543,100,100.536193029491
"341",2.79255319148936,4.80769230769231,8.13679245283019,7.46268656716418,15.1757188498403,15.9090909090909,14.745308310992
"342",2.26063829787234,97.7564102564102,8.13679245283019,98.0810234541578,99.0415335463259,100,99.1957104557641
"343",1.72872340425532,99.3589743589744,10.7311320754717,100.213219616205,99.8402555910543,100,100.536193029491
"344",1.59574468085106,1.6025641025641,6.60377358490566,17.0575692963753,13.5782747603834,20.4545454545455,29.4906166219839
"345",2.12765957446809,3.20512820512821,9.19811320754717,13.8592750533049,15.9744408945687,31.8181818181818,22.7882037533512
"346",100,99.3589743589744,99.8820754716981,100.213219616205,99.8402555910543,100,100.536193029491
"347",1.06382978723404,1.6025641025641,7.66509433962264,12.7931769722815,11.1821086261981,18.1818181818182,20.1072386058981
"348",2.79255319148936,0,10.2594339622642,7.46268656716418,11.9808306709265,9.09090909090909,20.1072386058981
"349",99.8670212765958,99.3589743589744,99.8820754716981,100.213219616205,99.8402555910543,100,100.536193029491
"350",1.86170212765957,3.20512820512821,10.2594339622642,20.2558635394456,11.9808306709265,36.3636363636364,28.1501340482574
"351",1.32978723404255,99.3589743589744,8.49056603773585,99.1471215351812,99.8402555910543,97.7272727272727,100.536193029491
"352",1.99468085106383,99.3589743589744,8.60849056603774,100.213219616205,99.8402555910543,100,100.536193029491
"353",2.26063829787234,99.3589743589744,10.2594339622642,100.213219616205,99.8402555910543,100,100.536193029491
"354",100,99.3589743589744,99.8820754716981,100.213219616205,99.8402555910543,100,100.536193029491
"355",100,99.3589743589744,99.8820754716981,100.213219616205,99.8402555910543,100,100.536193029491
"356",3.05851063829787,4.80769230769231,9.55188679245283,14.9253731343284,7.98722044728434,15.9090909090909,32.171581769437
"357",100,99.3589743589744,99.8820754716981,100.213219616205,99.8402555910543,100,100.536193029491
"358",0.930851063829787,1.6025641025641,8.60849056603774,14.9253731343284,7.98722044728434,29.5454545454545,16.0857908847185
"359",1.99468085106383,1.6025641025641,9.55188679245283,11.727078891258,8.78594249201278,29.5454545454545,20.1072386058981
"360",2.79255319148936,1.6025641025641,8.9622641509434,15.9914712153518,19.1693290734824,36.3636363636364,33.5120643431635
"361",2.26063829787234,3.20512820512821,9.55188679245283,10.6609808102345,7.98722044728434,18.1818181818182,18.7667560321716
"362",1.46276595744681,3.20512820512821,8.25471698113208,7.46268656716418,7.98722044728434,13.6363636363636,24.1286863270778
"363",1.46276595744681,1.6025641025641,7.07547169811321,7.46268656716418,11.9808306709265,25,21.4477211796247
"364",2.26063829787234,99.3589743589744,9.19811320754717,100.213219616205,99.8402555910543,100,100.536193029491
"365",1.99468085106383,0,8.9622641509434,12.7931769722815,8.78594249201278,13.6363636363636,18.7667560321716
"366",2.12765957446809,99.3589743589744,8.13679245283019,100.213219616205,99.8402555910543,100,100.536193029491
"367",2.26063829787234,99.3589743589744,9.43396226415094,100.213219616205,99.8402555910543,100,100.536193029491
"368",2.26063829787234,4.80769230769231,7.66509433962264,11.727078891258,7.18849840255591,25,21.4477211796247
"369",0.930851063829787,3.20512820512821,7.66509433962264,14.9253731343284,8.78594249201278,29.5454545454545,17.426273458445
"370",2.12765957446809,97.7564102564102,10.0235849056604,100.213219616205,97.444089456869,97.7272727272727,100.536193029491
"371",99.8670212765958,99.3589743589744,99.8820754716981,100.213219616205,99.8402555910543,100,100.536193029491
"372",2.65957446808511,1.6025641025641,10.0235849056604,10.6609808102345,9.58466453674121,18.1818181818182,18.7667560321716
"373",0.797872340425532,1.6025641025641,8.72641509433962,12.7931769722815,11.1821086261981,31.8181818181818,24.1286863270778
"374",1.46276595744681,99.3589743589744,11.5566037735849,100.213219616205,99.8402555910543,100,100.536193029491
"375",1.46276595744681,99.3589743589744,9.66981132075472,100.213219616205,99.8402555910543,100,100.536193029491
"376",1.72872340425532,1.6025641025641,8.60849056603774,17.0575692963753,9.58466453674121,25,25.4691689008043
"377",100,99.3589743589744,99.8820754716981,100.213219616205,99.8402555910543,100,100.536193029491
"378",1.72872340425532,1.6025641025641,8.0188679245283,8.52878464818763,9.58466453674121,18.1818181818182,26.8096514745308
"379",1.99468085106383,4.80769230769231,9.7877358490566,13.8592750533049,11.1821086261981,25,14.745308310992
"380",1.06382978723404,99.3589743589744,7.78301886792453,100.213219616205,99.8402555910543,100,100.536193029491
"381",1.86170212765957,99.3589743589744,8.13679245283019,100.213219616205,99.8402555910543,100,100.536193029491
"382",1.1968085106383,99.3589743589744,8.25471698113208,100.213219616205,99.8402555910543,100,100.536193029491
"383",1.86170212765957,99.3589743589744,10.0235849056604,100.213219616205,99.0415335463259,100,100.536193029491
"384",1.1968085106383,99.3589743589744,8.0188679245283,100.213219616205,99.8402555910543,100,100.536193029491
"385",1.32978723404255,97.7564102564102,8.0188679245283,100.213219616205,99.8402555910543,100,100.536193029491
"386",100,99.3589743589744,99.8820754716981,100.213219616205,99.8402555910543,100,100.536193029491
"387",1.86170212765957,3.20512820512821,8.13679245283019,8.52878464818763,7.98722044728434,20.4545454545455,28.1501340482574
"388",2.12765957446809,97.7564102564102,6.36792452830189,100.213219616205,99.8402555910543,97.7272727272727,99.1957104557641
"389",2.65957446808511,3.20512820512821,8.49056603773585,7.46268656716418,7.18849840255591,25,26.8096514745308
"390",2.3936170212766,99.3589743589744,9.19811320754717,100.213219616205,99.8402555910543,100,100.536193029491
"391",2.3936170212766,99.3589743589744,8.9622641509434,100.213219616205,99.8402555910543,100,100.536193029491
"392",1.86170212765957,1.6025641025641,8.84433962264151,15.9914712153518,10.3833865814696,25,22.7882037533512
"393",100,99.3589743589744,99.7641509433962,100.213219616205,99.8402555910543,100,100.536193029491
"394",100,99.3589743589744,99.8820754716981,100.213219616205,99.8402555910543,100,100.536193029491
"395",2.12765957446809,99.3589743589744,10.0235849056604,100.213219616205,99.8402555910543,100,100.536193029491
"396",1.99468085106383,99.3589743589744,8.72641509433962,100.213219616205,99.8402555910543,100,100.536193029491
"397",1.59574468085106,4.80769230769231,10.9669811320755,11.727078891258,13.5782747603834,29.5454545454545,24.1286863270778
"398",100,99.3589743589744,99.8820754716981,100.213219616205,99.8402555910543,100,100.536193029491
"399",2.79255319148936,97.7564102564102,10.6132075471698,100.213219616205,99.0415335463259,100,100.536193029491
"400",100,99.3589743589744,99.8820754716981,100.213219616205,99.8402555910543,100,100.536193029491
"401",99.8670212765958,99.3589743589744,99.8820754716981,100.213219616205,99.8402555910543,100,100.536193029491
"402",1.72872340425532,1.6025641025641,10.1415094339623,10.6609808102345,8.78594249201278,29.5454545454545,18.7667560321716
"403",2.52659574468085,3.20512820512821,9.19811320754717,8.52878464818763,7.98722044728434,22.7272727272727,28.1501340482574
"404",100,99.3589743589744,99.8820754716981,100.213219616205,99.8402555910543,100,100.536193029491
"405",1.99468085106383,3.20512820512821,6.60377358490566,9.59488272921109,11.1821086261981,31.8181818181818,28.1501340482574
"406",1.32978723404255,0,8.9622641509434,8.52878464818763,10.3833865814696,27.2727272727273,18.7667560321716
"407",0.797872340425532,1.6025641025641,10.377358490566,9.59488272921109,6.38977635782748,9.09090909090909,22.7882037533512
"408",100,99.3589743589744,99.8820754716981,100.213219616205,99.8402555910543,100,100.536193029491
"409",1.86170212765957,0,9.7877358490566,12.7931769722815,15.9744408945687,18.1818181818182,28.1501340482574
"410",1.86170212765957,1.6025641025641,10.4952830188679,11.727078891258,11.9808306709265,29.5454545454545,29.4906166219839
"411",1.86170212765957,97.7564102564102,7.90094339622642,100.213219616205,99.0415335463259,97.7272727272727,97.8552278820375
"412",1.1968085106383,4.80769230769231,10.6132075471698,11.727078891258,13.5782747603834,27.2727272727273,28.1501340482574
"413",2.12765957446809,99.3589743589744,9.31603773584906,100.213219616205,99.8402555910543,100,100.536193029491
"414",1.72872340425532,99.3589743589744,9.90566037735849,100.213219616205,99.8402555910543,100,100.536193029491
"415",1.86170212765957,4.80769230769231,8.84433962264151,21.3219616204691,26.3578274760383,36.3636363636364,29.4906166219839
"416",2.3936170212766,0,8.84433962264151,8.52878464818763,12.779552715655,29.5454545454545,22.7882037533512
"417",1.72872340425532,1.6025641025641,8.37264150943396,12.7931769722815,10.3833865814696,25,17.426273458445
"418",1.99468085106383,11.2179487179487,10.377358490566,15.9914712153518,12.779552715655,18.1818181818182,34.8525469168901
"419",2.12765957446809,3.20512820512821,9.90566037735849,19.1897654584222,10.3833865814696,40.9090909090909,22.7882037533512
"420",1.72872340425532,99.3589743589744,8.72641509433962,99.1471215351812,98.2428115015974,100,97.8552278820375
"421",99.8670212765958,99.3589743589744,99.7641509433962,100.213219616205,99.8402555910543,100,100.536193029491
"422",100,99.3589743589744,99.8820754716981,100.213219616205,99.8402555910543,100,100.536193029491
"423",1.86170212765957,3.20512820512821,8.13679245283019,14.9253731343284,9.58466453674121,20.4545454545455,20.1072386058981
"424",2.3936170212766,99.3589743589744,9.66981132075472,100.213219616205,99.8402555910543,100,100.536193029491
"425",1.32978723404255,6.41025641025641,7.66509433962264,17.0575692963753,16.7731629392971,25,33.5120643431635
"426",2.65957446808511,0,11.5566037735849,9.59488272921109,11.1821086261981,25,14.745308310992
"427",2.26063829787234,4.80769230769231,9.08018867924528,9.59488272921109,15.9744408945687,29.5454545454545,36.1930294906166
"428",1.72872340425532,4.80769230769231,6.48584905660377,11.727078891258,11.1821086261981,22.7272727272727,16.0857908847185
"429",2.12765957446809,0,7.66509433962264,15.9914712153518,14.3769968051118,27.2727272727273,29.4906166219839
"430",2.3936170212766,99.3589743589744,8.49056603773585,100.213219616205,99.8402555910543,100,100.536193029491
"431",2.26063829787234,96.1538461538462,8.60849056603774,99.1471215351812,99.0415335463259,97.7272727272727,99.1957104557641
"432",100,99.3589743589744,99.8820754716981,100.213219616205,99.8402555910543,100,100.536193029491
"433",1.72872340425532,99.3589743589744,10.2594339622642,100.213219616205,99.8402555910543,100,100.536193029491
"434",1.32978723404255,14.4230769230769,7.90094339622642,21.3219616204691,15.9744408945687,43.1818181818182,29.4906166219839
"435",1.06382978723404,1.6025641025641,10.1415094339623,18.1236673773987,10.3833865814696,18.1818181818182,18.7667560321716
"436",2.12765957446809,3.20512820512821,9.90566037735849,13.8592750533049,9.58466453674121,13.6363636363636,24.1286863270778
"437",100,99.3589743589744,99.8820754716981,100.213219616205,99.8402555910543,100,100.536193029491
"438",1.1968085106383,0,10.1415094339623,7.46268656716418,14.3769968051118,22.7272727272727,22.7882037533512
"439",1.59574468085106,99.3589743589744,8.84433962264151,99.1471215351812,98.2428115015974,100,100.536193029491
"440",100,99.3589743589744,99.6462264150943,100.213219616205,99.8402555910543,100,100.536193029491
"441",2.12765957446809,99.3589743589744,8.49056603773585,100.213219616205,99.8402555910543,100,100.536193029491
"442",2.12765957446809,99.3589743589744,8.9622641509434,100.213219616205,99.8402555910543,100,100.536193029491
"443",100,99.3589743589744,99.8820754716981,100.213219616205,99.8402555910543,100,100.536193029491
"444",99.6010638297872,99.3589743589744,99.8820754716981,100.213219616205,99.8402555910543,100,100.536193029491
"445",2.12765957446809,99.3589743589744,9.7877358490566,99.1471215351812,99.8402555910543,100,100.536193029491
"446",99.8670212765958,99.3589743589744,99.8820754716981,100.213219616205,99.8402555910543,100,100.536193029491
"447",0.930851063829787,99.3589743589744,9.66981132075472,100.213219616205,99.8402555910543,100,100.536193029491
"448",100,99.3589743589744,99.6462264150943,100.213219616205,99.8402555910543,100,100.536193029491
"449",1.1968085106383,99.3589743589744,9.19811320754717,100.213219616205,99.8402555910543,100,99.1957104557641
"450",1.99468085106383,4.80769230769231,6.25,12.7931769722815,11.9808306709265,22.7272727272727,34.8525469168901
"451",1.59574468085106,14.4230769230769,10.9669811320755,17.0575692963753,21.5654952076677,40.9090909090909,30.8310991957105
"452",1.46276595744681,0,8.25471698113208,6.39658848614073,7.18849840255591,20.4545454545455,17.426273458445
"453",100,99.3589743589744,99.8820754716981,100.213219616205,99.8402555910543,100,100.536193029491
"454",1.72872340425532,99.3589743589744,8.60849056603774,100.213219616205,99.8402555910543,100,100.536193029491
"455",2.52659574468085,99.3589743589744,9.43396226415094,99.1471215351812,99.8402555910543,100,100.536193029491
"456",1.99468085106383,1.6025641025641,8.0188679245283,9.59488272921109,5.59105431309904,31.8181818181818,25.4691689008043
"457",1.86170212765957,3.20512820512821,9.43396226415094,11.727078891258,11.1821086261981,29.5454545454545,26.8096514745308
"458",1.46276595744681,4.80769230769231,9.19811320754717,8.52878464818763,11.9808306709265,29.5454545454545,32.171581769437
"459",1.72872340425532,99.3589743589744,7.66509433962264,100.213219616205,99.8402555910543,100,100.536193029491
"460",100,99.3589743589744,99.8820754716981,100.213219616205,99.8402555910543,100,100.536193029491
"461",100,99.3589743589744,99.8820754716981,100.213219616205,99.8402555910543,100,100.536193029491
"462",100,99.3589743589744,99.8820754716981,100.213219616205,99.8402555910543,100,100.536193029491
"463",2.79255319148936,1.6025641025641,9.90566037735849,11.727078891258,9.58466453674121,22.7272727272727,21.4477211796247
"464",1.59574468085106,99.3589743589744,8.84433962264151,100.213219616205,99.0415335463259,100,100.536193029491
"465",100,99.3589743589744,99.8820754716981,100.213219616205,99.8402555910543,100,100.536193029491
"466",0.930851063829787,99.3589743589744,9.43396226415094,100.213219616205,99.0415335463259,100,100.536193029491
"467",100,99.3589743589744,99.8820754716981,100.213219616205,99.8402555910543,100,100.536193029491
"468",1.86170212765957,3.20512820512821,11.438679245283,15.9914712153518,15.9744408945687,27.2727272727273,29.4906166219839
"469",100,99.3589743589744,99.7641509433962,100.213219616205,99.8402555910543,100,100.536193029491
"470",2.26063829787234,99.3589743589744,8.13679245283019,100.213219616205,99.8402555910543,100,100.536193029491
"471",1.86170212765957,6.41025641025641,9.19811320754717,12.7931769722815,14.3769968051118,38.6363636363636,26.8096514745308
"472",1.46276595744681,99.3589743589744,10.2594339622642,100.213219616205,99.8402555910543,100,100.536193029491
"473",1.59574468085106,99.3589743589744,9.43396226415094,100.213219616205,99.8402555910543,100,100.536193029491
"474",1.06382978723404,99.3589743589744,10.6132075471698,100.213219616205,99.8402555910543,97.7272727272727,100.536193029491
"475",1.86170212765957,1.6025641025641,8.72641509433962,6.39658848614073,11.1821086261981,34.0909090909091,26.8096514745308
"476",2.92553191489362,0,9.31603773584906,6.39658848614073,10.3833865814696,25,29.4906166219839
"477",1.32978723404255,0,7.19339622641509,14.9253731343284,7.18849840255591,18.1818181818182,18.7667560321716
"478",2.3936170212766,1.6025641025641,6.60377358490566,14.9253731343284,7.98722044728434,15.9090909090909,13.4048257372654
"479",1.1968085106383,0,8.84433962264151,8.52878464818763,11.1821086261981,11.3636363636364,28.1501340482574
"480",0.930851063829787,0,9.7877358490566,9.59488272921109,9.58466453674121,15.9090909090909,25.4691689008043
"481",1.46276595744681,3.20512820512821,9.31603773584906,11.727078891258,11.9808306709265,15.9090909090909,33.5120643431635
"482",100,99.3589743589744,99.8820754716981,100.213219616205,99.8402555910543,100,100.536193029491
"483",2.12765957446809,0,10.6132075471698,11.727078891258,7.98722044728434,6.81818181818182,21.4477211796247
"484",1.46276595744681,99.3589743589744,8.37264150943396,100.213219616205,99.0415335463259,100,99.1957104557641
"485",2.12765957446809,3.20512820512821,7.90094339622642,7.46268656716418,11.9808306709265,15.9090909090909,26.8096514745308
"486",1.1968085106383,1.6025641025641,8.49056603773585,14.9253731343284,6.38977635782748,27.2727272727273,24.1286863270778
"487",2.3936170212766,0,9.66981132075472,8.52878464818763,12.779552715655,29.5454545454545,25.4691689008043
"488",100,99.3589743589744,99.7641509433962,100.213219616205,99.8402555910543,100,100.536193029491
"489",1.32978723404255,1.6025641025641,6.83962264150943,3.19829424307036,9.58466453674121,40.9090909090909,16.0857908847185
"490",2.12765957446809,99.3589743589744,10.4952830188679,100.213219616205,99.8402555910543,100,100.536193029491
"491",1.99468085106383,3.20512820512821,7.78301886792453,13.8592750533049,14.3769968051118,31.8181818181818,21.4477211796247
"492",1.59574468085106,96.1538461538462,9.43396226415094,100.213219616205,99.8402555910543,100,100.536193029491
"493",1.32978723404255,3.20512820512821,6.72169811320755,12.7931769722815,14.3769968051118,31.8181818181818,21.4477211796247
"494",3.05851063829787,99.3589743589744,10.0235849056604,100.213219616205,99.8402555910543,100,100.536193029491
"495",2.3936170212766,99.3589743589744,9.19811320754717,100.213219616205,99.8402555910543,100,100.536193029491
"496",1.72872340425532,4.80769230769231,7.66509433962264,19.1897654584222,10.3833865814696,22.7272727272727,28.1501340482574
"497",100,99.3589743589744,99.8820754716981,100.213219616205,99.8402555910543,100,100.536193029491
"498",2.65957446808511,99.3589743589744,9.66981132075472,100.213219616205,99.8402555910543,100,100.536193029491
"499",1.59574468085106,0,8.60849056603774,11.727078891258,13.5782747603834,29.5454545454545,21.4477211796247
"500",1.86170212765957,1.6025641025641,9.43396226415094,13.8592750533049,6.38977635782748,27.2727272727273,21.4477211796247
