"","age1.R","age2_no_comorbid.R","age2_comorbid.R","age3_no_comorbid.R","age3_comorbid.R"
"1",95.4068363914493,89.4115564301628,77.0247072802474,72.1962407565725,43.2028982194203
"2",2.21719573601565,1.40918553376925,1.07127386077118,0.758458722866594,0.426705148041267
"3",89.789016018687,81.1147589941921,61.7921194792753,57.6519486618625,30.2444304918185
"4",87.14387283605,77.0088180997963,60.3548579180516,53.5377339577659,29.5707395344033
"5",94.9281483331906,91.9414100885386,78.1502961707347,76.1979126202103,45.3615092271463
"6",88.6584067027081,76.4342143386102,61.1504908390992,53.9344155168275,28.8844183182425
"7",95.829824026558,88.7553194457614,78.2554458176142,72.0408608294297,45.916276662079
"8",89.7720406868562,81.5169778612481,63.4940981252125,58.4762831071627,30.0405059255342
"9",0.617495236721424,0.467273775756701,0.313805844818759,0.217589717324876,0.130665929447559
"10",89.1256876074316,83.2236124559479,63.770133245946,60.2304807845227,31.8229510226188
"11",91.8170107445028,86.9589009361695,66.9591485377849,65.6979530351221,32.9516896641332
"12",95.7395397260697,90.9335345381969,78.2404737352658,74.645467027207,45.8884041109467
"13",4.51462966119054,2.80442548824966,2.2589797810309,1.57469678176271,0.930278304325318
"14",0.0950039937037565,0.156130129751318,0.0479015987022966,0.0330859205684645,0.0195546452732842
"15",93.0518066814171,85.2063495055148,71.0802595604621,65.2249077764621,37.5022499448285
"16",92.7597249522491,84.5905266367553,71.9718525706765,64.9641702841059,39.7154100146019
"17",87.8974944851165,76.9699445942481,58.562461233112,53.0979618368803,26.8039398998688
"18",93.1459978810491,86.1730141845899,71.1011616830786,66.209746974776,37.9281889561767
"19",91.5221499482598,84.7092873485143,67.5621339260598,63.1937767353688,34.0725685078806
"20",95.2812524044711,89.6448443732333,72.418468386637,71.061675358655,37.9147444309904
"21",88.7528849383401,82.5747669034559,63.0552905942851,59.1365544742799,29.7399548557772
"22",4.44507650762179,2.76315004992997,2.25411367720206,1.56921010062931,0.94555725400372
"23",10.9127471116844,6.71584307688594,5.49766247946602,3.88388184657812,2.19471011351488
"24",1.96927480595082,1.25967388526008,0.945188603428139,0.672182058925535,0.370338311246649
"25",1.23645146099945,0.832502599713794,0.598032327272506,0.417026534386729,0.238198279681117
"26",0.158425644795538,0.189904034309826,0.0734133688088225,0.051747872782265,0.0276410835753658
"27",96.0002114820519,91.290725510524,80.406105868055,75.8274479037021,49.2425225626184
"28",3.06200852160307,1.9238151656178,1.51342972191263,1.05949976938758,0.597179147023349
"29",90.9848952856619,81.8641155192976,64.8868754954687,59.6266083622213,32.4945148361086
"30",4.31091849826471,2.683300194702,2.16193870632974,1.50578823210555,0.859610302867912
"31",91.4701280502835,87.192003000755,69.8757509367033,66.8172720792986,36.5807249356773
"32",0.161807320144602,0.195372651578489,0.0807766563459998,0.0559468037673637,0.0331182347085907
"33",95.0758050113799,90.1532995162922,75.0387749005677,72.5500716277733,41.8075281564122
"34",91.8251213541123,86.5711621713872,67.1449069494089,65.2853974868209,33.9152426136088
"35",0.812514122945602,0.579017176793598,0.384836864932719,0.268454568685822,0.149642282439671
"36",0.271910112007931,0.263268344205507,0.14217920644052,0.0979764105351134,0.0622269810801766
"37",0.0973371869646984,0.156235113124425,0.0473887532385122,0.0330790161830891,0.0185622649086331
"38",17.4152783072533,10.7461264163615,8.01139691855191,5.83470678527845,2.80600764225167
"39",0.125184266469389,0.1756086350842,0.0651359687423023,0.0448431445337193,0.0288419963614313
"40",87.0339412604146,81.858161827824,60.3013105885407,57.7658583896904,29.9178445880462
"41",92.1044215470688,84.5736799305005,69.4548901192522,63.8913322561613,37.1374749448993
"42",0.820369849241368,0.58549916766161,0.400080755528385,0.27872251449937,0.157887860945019
"43",93.6867787692116,87.2695958727922,68.2265995210511,66.4851486639933,32.74670085022
"44",5.71697979822249,3.51129134505536,2.82249789973192,1.99671042517086,1.1310385455492
"45",92.8917718473942,87.172307059076,71.6541843747437,67.4548414352408,38.7775046080702
"46",94.2188971351943,88.8696438108835,73.5557694425436,70.3004039580678,40.613116819692
"47",16.9046044807544,10.3090722257327,7.68220313977541,5.66462835383511,2.87304520991219
"48",2.4001792791101,1.49432533845564,0.902425202494095,0.640932274833167,0.36478543900521
"49",4.02116504657543,2.48959691542822,1.87666038720801,1.33054419714097,0.666756890971404
"50",0.081681649388405,0.148869109414924,0.0409085435079254,0.028631693578523,0.0171533363774742
"51",92.7532258445887,87.0741208698866,70.4458045271519,66.9022521200288,36.715387660275
"52",90.5088531251327,83.4402413582679,65.6864219710549,61.1762303416839,32.9172418564947
"53",88.8579106363961,82.9004934308265,62.4517337034295,59.4976989685019,30.92188443109
"54",0.377611129458925,0.320543166795816,0.178164060521491,0.125453106175741,0.0665016746809117
"55",95.3935242301088,89.3986588059081,77.0872060498597,72.2150502231602,43.811249873863
"56",7.89416571505749,4.87457919295265,4.04227922909472,2.81901462641704,1.61488002164645
"57",89.5891274765285,80.2018840310218,64.2782707013702,57.75428420447,31.6640476297488
"58",95.6774630265159,90.2525314886419,78.3681469505005,73.7467146250168,45.8522079318015
"59",94.876943779118,87.9147819072926,77.2862524316541,70.5632345468611,45.6159167147261
"60",0.288461877779514,0.269519441637453,0.141360756408416,0.0980752287731615,0.0574131311441714
"61",0.327235502846453,0.293236320039123,0.162018888623676,0.112443899681573,0.0659167962727107
"62",93.5768730050257,86.9114192890418,72.9190200092872,67.6791041950665,39.8379482969839
"63",86.0424479304527,73.6433423026353,54.2363159070289,48.8686180894143,24.9773448401936
"64",87.1903586421464,78.2524191151515,59.5150931730151,54.1790657850708,29.7224311185073
"65",0.329014299640431,0.294805832527465,0.164777347727983,0.114382474958082,0.0698201576825079
"66",20.9470224808764,13.0366977837362,9.73851556167427,7.10157418998878,3.66133087356871
"67",92.9826873456138,87.8798982813622,71.5788465994812,68.2641376534397,37.8618485521914
"68",89.2272757099713,84.7232195221444,63.3064189289722,61.7636524793424,29.9273968943765
"69",92.6886947859328,88.9204315113854,70.3542343338755,69.4969089822333,36.7056691932017
"70",17.3545523479205,10.8419359896905,9.09669473056207,6.40160438081336,3.82495154806863
"71",93.973079552665,87.4574121258596,73.9659837333235,68.6937190113649,40.8690173115205
"72",2.45930236791482,1.55969300880591,1.17170693253807,0.822035426621404,0.4570327632462
"73",7.27402482819657,4.40300238755924,3.18727016508105,2.31107394050319,1.18630186632652
"74",95.7559994570885,92.3919791692223,80.986958427932,77.6250735333932,49.5724002720147
"75",0.107061023112963,0.162634006537154,0.0523837989876714,0.0367162372866092,0.0207055852404586
"76",95.1640940643535,89.0769782203196,77.9782949977389,72.0879615484509,45.4804943548058
"77",93.8227056549758,89.6585100912951,75.049462208399,71.7494520003555,42.062565197801
"78",90.9901135077144,82.6865703725923,66.8846873509408,61.0026722856157,33.9063365194295
"79",0.212888723405846,0.227728870893531,0.109677477162634,0.0763634862626752,0.0476555432995519
"80",92.6859229392972,85.9249621856193,68.2078579415865,64.9472532896036,35.6300938263627
"81",88.8514955207853,83.9864889221316,64.1582177220255,61.2911304496462,32.8470526536835
"82",93.93851474811,88.3780396735351,75.1225541895592,70.100814937636,42.2826698378471
"83",87.9243971474291,76.2364093819468,52.3992524466135,50.0883229835033,23.8704239580658
"84",94.6392773405085,89.8963972630842,76.9344634410509,72.6974554785793,44.6348388646613
"85",94.1556103440917,88.6045092925757,74.516014498705,70.2213276565942,41.3740302916352
"86",0.0653359949620197,0.13623648912885,0.0316041093017504,0.0219163710450144,0.0121861711862081
"87",89.6494943505945,80.1336045769628,63.407241953028,57.4708583605479,32.1573484657168
"88",0.34117846480306,0.301477815342148,0.168307753594098,0.116748174331053,0.066140395143418
"89",0.0529469441150658,0.132009231937711,0.0269127322569778,0.0186667220392883,0.0111706705285667
"90",0.162766410481382,0.195434401067245,0.0795982605980301,0.0557595364082445,0.0317800743183463
"91",86.7824276571236,81.7882077630922,56.9221507535074,56.795774555919,26.5898194054853
"92",91.4892819829547,84.9852521261759,66.53807183475,63.1391806961756,32.9285741018398
"93",93.1338498156229,89.023066822047,69.7391171221488,69.4809054853248,35.7875512757293
"94",0.115117362728738,0.158809222602302,0.0491749511592692,0.0347753960270997,0.0174977359901452
"95",3.21593897181585,2.00026711585999,1.37651765584745,0.981174689332156,0.460888452439251
"96",93.1020939751,87.3703025262156,69.8742110323382,67.213321103586,37.2189711094093
"97",93.5410080548716,86.636733724402,70.5708633138706,66.5664865635559,36.5967399710484
"98",1.0855215821338,0.743212283786546,0.532915391421378,0.37184121279464,0.213072528750192
"99",0.308196873846745,0.272927967073003,0.129910347835235,0.0944949213025099,0.044955147227975
"100",6.06359988029869,3.74886509585604,3.05904834001527,2.13250193038447,1.24772318085595
"101",93.4432105666059,88.3967072831676,72.4129962265055,69.2529155636659,39.1675040809539
"102",0.811677627835686,0.572078081672162,0.357018100653111,0.25478408277321,0.119972421193463
"103",0.497381563654232,0.395404869119415,0.251486652168684,0.175292964526762,0.103137800954553
"104",0.0729079191164462,0.133776193988879,0.0313350617801765,0.0220853699853985,0.0114467543453213
"105",92.1299191186563,88.8347531997414,72.129297391814,69.899033706425,40.0000184247415
"106",94.3416391674119,85.7809598858806,75.7997021413536,67.8960511442254,43.6956887282235
"107",0.22746575851058,0.230947612663489,0.105962571773314,0.0746154590660516,0.0399053328964063
"108",91.2348265469563,81.719122446724,64.4241885993066,59.4069845494869,32.204122799847
"109",93.2533115832937,88.1588643566201,70.214509144747,68.3111468390699,36.8066324662679
"110",0.0768388179082269,0.131945058168634,0.0305797140775359,0.02194094974387,0.0111717955221915
"111",94.6319507758139,85.6938470675828,73.1127726774492,66.9257068266853,40.7108124587263
"112",92.8834688913262,87.8140319568629,72.8097591212864,68.5586040253221,39.7782282689441
"113",89.77166685229,85.2528707914392,64.9936916787239,63.1022292950258,33.2709883914621
"114",91.4432449267389,84.1147045790114,65.3792691896204,61.8496986785821,31.8925509117591
"115",93.0209727226078,90.1370329496079,72.5871393584141,72.1291226772124,39.7810735678609
"116",0.293748440794619,0.273578310889927,0.145829958037647,0.101035239367488,0.0581505360918529
"117",92.0772710846652,85.2348729440044,69.503249287532,64.4526448036403,35.6374253768706
"118",92.3175648904476,86.5157835724836,69.8489360243081,66.0043005111987,36.1759216368884
"119",10.5437653906771,6.45142974363217,4.47019954432193,3.21987033085686,1.60920582440987
"120",93.4637242090556,89.8411473100574,74.1005013965778,71.7864888610089,40.883225293945
"121",0.215019643248142,0.217814461919592,0.0933475811805814,0.0655510467401396,0.0356504565966562
"122",92.314906134296,84.2353035509833,70.5251535839772,63.9748590386013,37.4207184062717
"123",91.1944105247003,85.5726349428545,65.9794719202772,63.6642737792464,32.9202420029933
"124",93.9964946088962,87.0009595423856,73.7833260893809,68.1792060086013,41.119915462745
"125",0.0552619585228215,0.122901949835153,0.0235643881461564,0.0165855006383902,0.00815841371471243
"126",0.0610949547428546,0.133920479257596,0.0296468376467669,0.020582435978976,0.0118397640610147
"127",96.1458539515833,92.132480499694,81.7065509408745,77.409100617121,50.2732726445136
"128",0.135582185629959,0.182169897535883,0.0709797401033946,0.0488379371498804,0.0310465144960153
"129",14.5043060761613,8.98812548705096,7.18588113454166,5.09557877656073,2.7416659639915
"130",11.7623982415986,7.2178536389878,5.37387249264207,3.8543903579926,1.95880816732253
"131",94.4292561354004,84.7617018969787,67.0470650274562,63.7062558655249,33.8658512757553
"132",0.159169405315225,0.189079751758319,0.0723518096509907,0.0507521721275112,0.0248703710383023
"133",94.5093830211122,89.1891651128059,75.5387399992883,71.2944783595749,42.0145060496252
"134",0.128729586583598,0.175847518224899,0.0639558152044828,0.0444817400005166,0.0252687030650591
"135",91.6305742194766,85.4233612210872,69.817863141753,64.6896723702802,36.4832435371776
"136",0.0464554575673655,0.122776394278405,0.021383066069509,0.0149915096670453,0.00800926928457257
"137",0.299930772443196,0.274990857873947,0.142791379594612,0.0995667777055369,0.0536147241569685
"138",81.8798992980668,72.1338057291616,50.6200163002111,45.7693601775159,22.6389864232178
"139",2.90405073104195,1.82826389992461,1.37895551157495,0.964366748140328,0.551502375709903
"140",0.574968465140094,0.436265517189683,0.270458797919978,0.191541184318805,0.10488084465352
"141",91.7923426255781,87.2423975238141,65.3668722734116,65.9159743962811,32.7341007564075
"142",0.249530325804991,0.245492221932295,0.118706792470296,0.0843277844485431,0.04692358687782
"143",0.482042903213041,0.383767229534031,0.233756596450169,0.163383906285975,0.0937359026276395
"144",94.938826045378,88.6784479188815,75.7046760376299,70.8323023253231,42.469335354328
"145",90.367412313132,81.4268509329875,63.9578641898705,58.7320212123432,30.7584097008876
"146",94.1457403515761,90.2530548178706,76.0219388266393,72.8884010941135,42.9524327827829
"147",90.9111310136969,84.9623683331175,68.2582447000251,63.7003821359085,36.2768450123732
"148",5.66158193879487,3.50539956257522,2.84695796017883,1.98166352292571,1.17446581622416
"149",95.5571204176235,90.7000159978823,76.5915983635416,73.7640564057877,42.4331482023331
"150",0.436232405998511,0.356453797171767,0.211188533302937,0.147967031188123,0.0847087748437106
"151",87.818078194745,79.8747925764079,58.9790783612888,55.1835018292008,26.8180330692047
"152",0.168051656489633,0.200851650689572,0.0866248813386249,0.0599203153735551,0.0377009744984306
"153",95.737928170874,89.3892429520866,75.8740828981608,71.9278659783228,43.5522102343039
"154",94.6286004755112,89.1536651319935,74.819683923191,71.1208972782416,42.5179642056871
"155",78.456841431765,75.0841750633563,48.5798333520671,48.5339179287962,23.7527368126686
"156",0.597669148748926,0.451936842308232,0.290980007180961,0.204887919876104,0.117662101050517
"157",92.199707590162,86.3489333236907,70.4560652297218,66.0301444733938,37.5358661217431
"158",20.2702259948508,12.6910557333027,11.0888559629489,7.83774195721767,5.03696405592944
"159",91.0343515198444,86.5017457189531,66.4412411383278,64.955216001967,32.7651592188412
"160",0.0991158833713347,0.158369288356604,0.0494820620628595,0.0343831442955993,0.020582168783003
"161",90.4920612808275,86.2097161865655,67.3850852213681,64.913158570328,34.9363122076027
"162",0.172111736252457,0.203811768239005,0.0901381897736791,0.0619607647104383,0.0402602906228305
"163",0.544991228457786,0.423339998527355,0.272841627181805,0.189707546533859,0.109636701804848
"164",0.424053514742011,0.3498990894405,0.20712838514845,0.144132150952328,0.0837268708737021
"165",0.363786061823741,0.313884341609906,0.176372906622397,0.123376782965054,0.0685571125753419
"166",92.8578486808323,82.5709100379315,66.5805107199187,61.329660485206,33.6711072997745
"167",11.8010875102776,7.21693012930241,5.56708355625741,4.00633595144558,2.06568072991674
"168",0.3315700478993,0.298894467690435,0.173977992407251,0.119798895613607,0.0775040163288857
"169",94.2027159972988,89.180346191474,74.8367546399693,71.1171905096486,42.7428658696983
"170",94.7750023006268,88.3736634729849,74.9454935589222,70.2173501359322,42.0441064718309
"171",12.5150637334921,7.72796674700375,6.54608045021064,4.60390624054318,2.77968897651361
"172",94.3016399048038,87.2181832398291,72.2586522337993,67.9309503787314,38.629465991506
"173",96.0731612934265,90.9265421796075,79.6739130256578,75.0961623484702,47.2954452922682
"174",91.9052007572069,86.9244198651868,69.8914478634959,66.5060690316046,36.7270354640879
"175",96.9467544637001,93.1850121470522,82.4288630452867,79.4027350470668,51.9939633926754
"176",95.8703068378982,91.8159862616048,76.4303449083836,75.4822818593413,41.7009932256984
"177",92.6036393410473,83.7904079295416,70.9480898480816,63.8669758110019,38.20898125404
"178",0.494337787792512,0.390424903888287,0.236274366058282,0.165915959226623,0.0888406704832315
"179",91.4041181242457,86.1538943537896,68.52232491378,65.1252611535515,35.4894333118977
"180",1.20403584321756,0.811507510599491,0.564731802430326,0.39559937432563,0.206123240355557
"181",0.0488572365257461,0.129993908486617,0.0249475670235048,0.0173256039882653,0.0103247056747236
"182",94.9848716351246,88.3574012179582,76.9494156811257,70.9116210022539,44.2732776438267
"183",95.8707727740358,90.4249373245032,76.8244452921519,73.5438710049296,44.0262817267747
"184",85.3353666868561,80.6456985299442,58.1986298470054,56.1231152189242,29.8023993533311
"185",95.6650876684152,92.8422929899021,80.234390513131,78.2985553351461,48.6838378927581
"186",95.1152650217465,88.0683895346648,71.3735952865576,68.7349174191228,37.5375715164387
"187",0.124213112329718,0.173920501431979,0.0623423415754136,0.0434770700933617,0.0254381779609292
"188",0.171690746738215,0.1932913045936,0.0741463086075409,0.0524528102774158,0.0257225783463078
"189",89.0548403832005,82.1532356713037,61.8741488291817,58.4593677501192,29.5329853314887
"190",87.6389777773898,77.0138664904691,59.5683139215542,53.3605933987151,28.810940604156
"191",4.49158582647263,2.79243317460728,2.30446873582524,1.6029057687888,0.964484374265811
"192",95.8644592105583,90.9996030519707,78.6375809490243,74.8497076796052,45.8670021193288
"193",88.0087225204378,82.6192783575484,62.2008392618846,59.0420476195286,30.5363738371193
"194",96.1931342201776,90.2361982013076,79.5984785296762,74.2402501991034,47.4564710760395
"195",0.146504081599417,0.182926109644354,0.0678625363684991,0.0478102107448049,0.0249026837785718
"196",92.5775853257241,81.3959205336702,71.8266891703926,62.6154345992667,40.6330706548688
"197",85.1805400211489,79.5296061816726,56.2829447008892,53.8709509277271,25.4425309545321
"198",89.9150020905205,82.2861315028575,63.8721915060934,59.324807928762,30.6186608272392
"199",91.4335594451943,88.1008088760961,69.4152426246481,68.262585884991,37.5524908094759
"200",94.1768791872026,86.2067053811618,72.97166911335,67.1590388295019,39.7759044783221
"201",87.2065110802219,81.8802540257414,59.8758856676926,57.8407014669137,30.5979486182679
"202",0.582340102962609,0.445839335450612,0.292696505416072,0.202866823939766,0.120302838657748
"203",10.6271599165422,6.55172322176474,5.27728294534134,3.71546637559021,2.14207978710034
"204",0.353081846247321,0.305016819737252,0.164490977503447,0.115780343041167,0.0629300800456241
"205",91.8709529775259,85.4129730286241,69.2519302654869,64.511139897336,35.396407036789
"206",92.8562993326095,88.0629842302,71.9613955492085,68.676254508682,39.312068685729
"207",0.260521465861766,0.248312895349141,0.117144118425517,0.0823114323990626,0.0412541182945798
"208",92.0297142971144,88.1745285607244,69.7269845298508,68.2573695436451,36.7080352592365
"209",93.3207090289703,88.7854686478357,70.4265728413144,69.2696245921241,36.8440822216478
"210",90.521705063274,81.2715358958505,56.6693943875261,56.0676280374379,25.874987835235
"211",94.1402676663151,89.9875928975945,73.4739952469155,71.8643488142174,40.0798788427505
"212",0.277627619502208,0.26534938856274,0.141365342847169,0.0977941679448708,0.0588547569844921
"213",95.3674938963029,88.1802981427111,77.1301787118729,70.9069291537455,44.3872415247273
"214",91.3095753544924,85.440219270417,66.2791499068678,63.6024585315554,33.2496259461711
"215",0.594509942781193,0.451614274958472,0.292768004026707,0.204208560139328,0.116705018615267
"216",0.292517013407424,0.263508611602583,0.123281087179108,0.0874450056283562,0.0398004373364083
"217",0.85594135658731,0.597195241861214,0.368471022199972,0.262199891377272,0.124062531173136
"218",2.31072076750274,1.44728211205065,1.00668211413766,0.728029969954113,0.360156923700534
"219",16.3488157216327,10.1353664167791,8.10211477734373,5.78607468556098,3.10726517699934
"220",89.2254698782982,78.2612775830949,58.3206640835425,54.2984582016158,26.7325586969716
"221",95.4956486093883,90.1892859227663,74.5365569976799,72.4451377748021,39.9988536379736
"222",85.3810724851381,79.2921646239877,56.5594751851827,53.6844593382387,25.4872611452085
"223",89.5434950361782,82.3461594334942,64.5139350385327,59.5673599093655,31.7402155331815
"224",94.2614476412534,88.0866540173635,75.7618174947863,70.0469650164902,43.2300140204198
"225",0.547245139190908,0.42211030412899,0.262093483073124,0.18243660739297,0.102187464393133
"226",91.4882259172485,85.1740550462976,67.6911438625672,63.7497870192571,34.6217982065816
"227",93.3908567212385,88.1147432139238,72.5398113669485,68.8626192722394,38.45715275406
"228",89.7989474513009,87.6569472125247,66.8364366687,67.5624143923194,35.2051286216199
"229",0.169831352827963,0.202963169688721,0.089561866968905,0.0616583196538553,0.0400060578519857
"230",96.4360971105371,91.7122481560069,79.0590385724048,76.0968710346768,46.8161077861904
"231",2.91556078724771,1.84121388454411,1.43110457202024,0.995309849546897,0.568834215452523
"232",95.2917849583319,88.9731667475291,75.6899216191634,71.2374970256288,42.0578026633614
"233",95.2001186989399,90.5426094150826,76.9599694782437,73.7011446379833,45.0713395137958
"234",0.840193135000033,0.597763752448969,0.413961137652354,0.288244185561358,0.166608954398489
"235",0.733714503074807,0.531144512920358,0.343099233646146,0.24013193445479,0.130579987075932
"236",2.18577724318466,1.40463468855443,1.11968115463642,0.776204681054479,0.465971802681469
"237",0.1953014670139,0.209469627778149,0.0882100814956964,0.062012457644968,0.0337438844586371
"238",87.0605501158037,83.2431319403209,61.03956543344,59.9009926679436,31.4945206276422
"239",93.0854378620493,84.2177808857729,71.4558504548528,64.5421599494194,38.2326935537221
"240",0.967439386370529,0.675916862036647,0.494943673193305,0.343029226421062,0.209617718688924
"241",0.59107782514463,0.444604703071389,0.270707781435141,0.191953511300853,0.0977103640450931
"242",85.6015342101183,77.3975632855921,57.6016630816425,52.6365825679417,28.5632538659578
"243",92.9815756675554,88.0553536987542,72.0523739326598,68.6517337111682,38.735470095133
"244",93.6982267161914,89.2256094249947,74.3255892768686,70.929026892057,41.235532540082
"245",93.4301275599511,86.9934940004261,70.6194018803529,67.0222223370448,37.902837501927
"246",0.175003554332602,0.199773039661651,0.0815766854225215,0.0572266772067441,0.0306560011621511
"247",87.3380356262331,81.7077091081119,60.6584465339828,57.5934209884717,29.4708974433505
"248",0.226461684339852,0.232924446949417,0.110679998135057,0.077175202307432,0.0432685264603174
"249",12.7397935468416,7.86541835368913,5.84658993004862,4.17186562531612,2.09590946680115
"250",94.2949736003102,88.9146863962403,76.1399403477913,71.0993801773486,42.8986550484404
"251",85.7758531707976,74.5829173968522,57.5153425864639,50.7006801861403,28.2178410184547
"252",91.5577222029131,82.6738282243743,64.3737725124591,60.2140911926615,31.5088112015756
"253",89.2723273592473,81.3122298833138,59.4368282228242,56.8960868808871,27.7724661439611
"254",4.21487445904208,2.62291139617804,2.15753131680781,1.50309228918064,0.898207584253271
"255",94.0267064917273,88.0829639507167,73.6327896038529,69.2934223886013,40.2783265606381
"256",93.6796321834516,87.1033180773682,73.4886382639276,68.0992622447103,40.5804358703793
"257",92.7961345619117,85.9450262377202,70.2379990722017,65.6286868684681,37.331931778252
"258",89.181494908064,81.2045242938631,63.1072598658736,57.9726708216386,30.0491924140882
"259",2.08017929243345,1.33186236110407,0.954105197523993,0.669187662765981,0.365647467531772
"260",93.6740855803792,87.1108188839225,72.2057526459193,67.7309485409969,40.0422941116757
"261",94.8747138467094,87.5591087540298,74.0676946171855,69.0710372183011,41.1723980693761
"262",0.72394615421792,0.528607248379437,0.352369752501397,0.245063399351625,0.133303215102464
"263",95.1314719876715,88.2184514397668,74.7375366484503,70.0566115681081,41.6633737383298
"264",0.148666178775791,0.18457791258555,0.0699358856350589,0.0488799990299826,0.0261453078793264
"265",93.0657084912166,85.7990605398172,71.8519113830538,66.0799795052579,38.9144806855456
"266",0.962001584441086,0.656905928045991,0.411150659371101,0.293463936263435,0.151131934784611
"267",90.494383533799,84.8535231392249,66.1032113594998,62.7026364480132,32.1527359521817
"268",0.220177168560627,0.22621411356117,0.102531153671476,0.071766211032101,0.0390728600232588
"269",95.4306828126032,91.2100205846441,77.5914345416098,74.8567658331189,45.1879423786337
"270",0.131387982375484,0.174591716064829,0.0623150672078896,0.043502240792059,0.0243974366655346
"271",0.0472249635224651,0.116487415448286,0.0195993745280346,0.0138387350931542,0.00662823865321263
"272",0.136517587683793,0.178111931932544,0.064720210607467,0.0454124258372303,0.0248675276796043
"273",90.1330814943911,83.9535206253278,62.8063795495347,60.9025090326232,31.5182429639962
"274",83.9121882970574,79.0274192667451,53.7580856659976,53.486981190142,27.22398496045
"275",90.4086036700754,85.8046316765299,67.3494152532622,64.2260803468231,33.6383776429626
"276",92.8073781458205,87.1602165902396,70.5115358371768,66.9764696996211,35.905534081426
"277",0.142439794939024,0.180964431524313,0.0666011370775707,0.0469295919455159,0.0256969142779348
"278",0.450624247608851,0.369458168611302,0.234582728572615,0.161563151566522,0.101468083485985
"279",81.8403558912382,76.7872796784536,52.4171958406475,50.4974883127638,25.3088535486119
"280",93.194458351821,86.9101847102266,72.2501022729774,67.40327288192,39.5811100841833
"281",2.11233475034723,1.35751166371492,1.08478904854077,0.755770783766687,0.461011038663379
"282",0.139737572101017,0.170740499350425,0.0568729134227499,0.0405750812119026,0.0191483802450923
"283",94.6927216926966,88.6366580927306,75.9982225800858,70.8503003858585,43.5637290294367
"284",91.6869129734071,86.7491717369351,69.3950730958283,66.2222761936092,37.2822111064625
"285",93.1432875975876,87.5282337904525,72.5966498160555,68.1895355593936,39.6129357272703
"286",1.84207027646793,1.19508580619533,0.916864145505093,0.639145569454412,0.374831253644722
"287",19.3802123914513,12.031350298883,9.62841339788318,6.94645486023198,3.8257654787187
"288",89.5953186640564,84.9903298703519,64.3324198683354,62.4208844038303,31.2904356033823
"289",92.1319180419217,81.6126700151246,70.0136919821726,61.8109616987881,38.0469913695358
"290",89.9919451213526,80.7196375015496,63.6445941428787,58.0197710853893,31.299971605858
"291",15.9805055900109,9.93593446810197,8.38435345835589,5.90758315745508,3.56882952381746
"292",93.3381157444066,90.5543279913013,75.0338333263467,73.1932181828637,41.7211469238299
"293",89.4997714640728,86.2269130584805,65.1246832890828,64.453105600666,32.1311454349357
"294",0.251443094531084,0.246724723808852,0.12055048003642,0.0846177977416566,0.0471054590392325
"295",89.0610288640697,83.0039285220828,63.9170129740756,59.8742463888473,30.4076262875272
"296",0.0621830552603379,0.136258757286543,0.030886529510819,0.0214591782298901,0.0122810505924218
"297",83.6593532470711,76.335758847768,53.4810445182412,50.0225505513805,24.1837541558958
"298",0.352201655129257,0.303517618287315,0.161426412835337,0.114236708821107,0.06084214101894
"299",91.8071049668632,84.2144193490377,67.4482883284771,62.8093408322368,35.3337639787095
"300",94.8224913757033,89.968625969513,75.2394619271598,72.3016459983276,41.745753672882
"301",93.190731000348,88.6857754021433,72.9651642729631,69.7887494550932,39.9489551310165
"302",89.0751897459022,82.5391436100689,63.1070750991724,59.1411512159559,29.5816207445081
"303",92.9871289270254,87.1322617820993,70.8537931605571,67.1406528947075,37.3341937032832
"304",89.9649204569223,83.3673012261692,65.1835116301843,60.9287655258331,33.3118482747497
"305",4.92519562702581,3.00606127124468,2.07310476846917,1.49630908630721,0.704003193259459
"306",92.8979708222966,83.8072198902116,71.246376065659,64.1119978912524,39.1098828377323
"307",0.0842890497838598,0.146421271278923,0.0383913481911092,0.0274414791173647,0.014304751933982
"308",1.33424649190808,0.886392186507584,0.622945260546303,0.439332173119395,0.230219954201683
"309",86.3632147855345,78.6947497596178,57.3311963994355,53.4654348368985,26.1379201707583
"310",88.5699105291604,79.862400924984,61.0753168961467,56.0959431694277,29.1803390307895
"311",8.83591023828333,5.41880830711097,3.83635414533922,2.73574023230978,1.43123369744435
"312",2.32998449280088,1.46760403041615,0.9827034831282,0.700490488363741,0.348855799697933
"313",91.7117601316795,82.174409876322,67.8740545130999,61.1969217815115,35.3287989239746
"314",15.4871810054891,9.56426161880662,7.80417346556852,5.56933331642511,3.20221360832688
"315",0.48912012711441,0.382375859113433,0.21744293897423,0.15264540012569,0.0812597161362247
"316",0.556584167672488,0.431533003802977,0.284575413536639,0.196842813636977,0.118765260001278
"317",95.6455339942118,89.1146806361963,77.9023145759245,72.2720936641934,46.4349705369354
"318",94.8511328789947,88.2716943031252,73.3595689369115,69.5902992130842,40.0487257718804
"319",10.928308358403,6.67947127309462,5.20915368191384,3.73596906942393,2.00116659226716
"320",11.5959359607658,7.09342751274174,5.50437744784278,3.95337939758685,2.07942260084937
"321",91.7557656798765,85.216898726611,69.0726654614374,64.2281265056845,35.2381000999364
"322",95.7064042221641,89.2495402358752,74.6838675544998,71.3377658939044,41.2842192504515
"323",92.4953951902412,84.0038695070064,69.6323069313958,63.5172369261679,36.6477765539294
"324",92.740770901788,86.0201183740828,70.9651667572693,65.8895049456673,37.2808306439975
"325",0.255218397386787,0.247085589711704,0.118985495637204,0.0831852451786832,0.0447859732720772
"326",87.2775304352392,81.5619109727768,58.0515740397786,56.7713953586896,27.6766924316669
"327",90.5198675233503,84.1693533740829,65.5724678823288,61.8120555034956,31.9186661955111
"328",0.0612650843510856,0.131055197457084,0.0282385623778118,0.0197450212686371,0.0111046083943081
"329",1.11976638522257,0.768566302765064,0.586772223468621,0.404575773024553,0.262818295433523
"330",0.162438486021054,0.198170827611699,0.0854105761139432,0.0585710198984889,0.0380126478588646
"331",0.633551684464402,0.47219806251291,0.298640134700666,0.208890394703507,0.114058425717422
"332",3.63227259945773,2.25963263389867,1.70631453439752,1.20302706859081,0.646971155814681
"333",10.3736759075515,6.39700595060138,5.31647803342346,3.72851774072449,2.23750152676996
"334",0.362143627309873,0.315394528760244,0.183666128023229,0.127147669759689,0.0759330018163819
"335",0.384128926633103,0.327140620069118,0.190142649646389,0.131911540490878,0.0759842956422786
"336",93.5973352530655,88.0975888741753,73.7695047498477,69.2658365244533,40.2866765880935
"337",91.9290564228523,86.4531964518799,68.4375015690504,65.5255612369198,35.5024590376561
"338",0.182509339288351,0.19841817717651,0.0773443124926252,0.0548543599459188,0.0267619563558935
"339",10.5930116365208,6.48449773935058,5.35080185671336,3.80888767156318,2.1986461047089
"340",93.7776353923906,90.8648064049929,75.4536242312231,73.8221531852777,42.4986118687326
"341",93.8975662375431,88.3962300494812,72.5187748704296,69.3272990861745,39.1856420022345
"342",3.04389478686629,1.91012623277648,1.47774503316955,1.03802546562789,0.569525659577846
"343",0.255271547508059,0.246171217327751,0.116933018674036,0.0816575989094288,0.04172522289684
"344",0.129868134688072,0.173998395442322,0.0612331339682779,0.0430046568284739,0.0228797952687776
"345",1.17409909535366,0.795811970682213,0.57636714212234,0.40240793069392,0.229828640700842
"346",96.2415761887875,93.8495687360224,83.1266912501864,80.8236390619369,53.226324976639
"347",87.8399971290404,81.9115148829204,61.2524510884873,57.9691660643342,29.6175329319281
"348",90.86912216201,84.6145736649453,67.6033121903749,63.0752398782042,35.134129181269
"349",95.0264517538124,88.5938092761611,77.0142210876845,71.2175108707625,44.8557675406395
"350",0.0925457209883737,0.137084024628814,0.0352488530522622,0.025252801345732,0.0124790246174119
"351",1.09376770558123,0.741347779070126,0.500958232139466,0.35423802068712,0.190111500832766
"352",95.8345380077199,91.1232018542576,78.9885329678485,75.1466109904896,46.9942393178915
"353",95.3120068414108,90.3831517323373,78.6882062356342,73.9809603160246,47.2282225131005
"354",91.350594160584,86.7360562732271,68.5160583581868,65.8414568904209,35.1793312680591
"355",93.6184277143219,86.1124901533236,68.0491638025052,65.1883261373126,34.4016706818957
"356",93.8490320041172,88.6526214889096,70.7557363798819,69.1787684727736,37.3975040404005
"357",94.7053074956456,90.1855319606561,77.1423269863859,73.1988279629543,45.4993410969091
"358",91.7181224136524,88.4535889114251,70.5467393279216,68.9741151773552,38.1886375565511
"359",92.4575093534509,84.1524065936464,67.121971143612,62.6879477200883,33.2950009118183
"360",0.529320642487882,0.414846952576904,0.271403215237467,0.188113574369709,0.122264249571013
"361",0.573588438131694,0.440485023424519,0.288130578015461,0.199674080606844,0.120413046096039
"362",91.6312551559376,86.6771485736243,69.9224569521089,66.2616479470846,37.7278054099009
"363",0.191282057763729,0.212820190778704,0.0946062847658295,0.0660777157267428,0.038081561869412
"364",4.70094416358583,2.8986876440091,2.17799146027844,1.54359913566466,0.795409282005639
"365",91.8370188140127,85.7722830786983,69.2385704433647,64.9041316878357,35.6332445196916
"366",94.7999639765938,85.8731335227553,76.0792801618455,68.2625071042359,44.0451636749679
"367",90.3115662649218,81.5358941690531,65.5261465160248,59.4177284225725,32.8881769453806
"368",15.4919075617469,9.59142241293761,6.49087443944718,4.70378351519471,2.27775633685291
"369",94.4271750388047,89.0401500825957,74.4020511266559,70.7489880011847,40.6238727278798
"370",10.9986337639332,6.71643071641923,5.34818996733179,3.83767411578311,2.09531085706774
"371",91.6587980269647,86.4433974549554,69.1807752877863,65.6621527560501,35.790821719242
"372",93.1366280089097,88.1945266102756,72.6785878738363,68.9973482319128,39.0076412182929
"373",95.2482526280188,88.3103157178799,78.037591691577,71.3458399700158,46.7486634306131
"374",5.08442469780021,3.13098157387983,2.29926405857617,1.62857615786102,0.854310543480847
"375",91.145188922665,84.6224463553592,65.3666248088312,62.4379957261643,33.1770669768852
"376",0.55303287030845,0.418976852195743,0.244633475519198,0.176773766200983,0.0852632010741705
"377",94.5041415617665,89.753346760959,72.8606466316435,71.346557704119,39.3216631847396
"378",6.08573656064031,3.68869124128651,2.6073540618269,1.89128497388964,0.934250565219589
"379",0.128250199311614,0.172841277327766,0.060157860691632,0.0422680508078752,0.0218318502204646
"380",94.1208553423766,88.9918945612186,75.9669083140929,71.1858372701925,44.0737765952303
"381",95.495070014199,89.1231443980525,79.4381290805704,72.7474636031379,48.4356010480272
"382",95.3551597458318,91.2706555319443,76.6685137301915,74.6809234958618,43.2992114228364
"383",0.314691779078172,0.283267125708084,0.148163251628259,0.104124077222905,0.0546439362331212
"384",93.7392701404972,85.7284532965462,72.252147311297,66.3083400441004,38.3662211852401
"385",90.7957969878008,83.2554788107978,67.0117209561751,61.4626502715607,33.5409122479467
"386",0.657139729116606,0.490055542310465,0.326973025165221,0.226218208773923,0.132647913635026
"387",93.4827410538447,87.5225278187516,73.3019266717475,68.4221776412716,39.6989776847579
"388",92.9427339792783,83.4535483418588,63.2621516904754,60.7815170344623,30.8449696717975
"389",93.0368957625961,86.6082732274439,71.9729285807334,66.8822749920524,37.9882519083974
"390",94.5867834764442,86.4077046588791,73.0914759042286,67.521864664526,40.2263276110467
"391",7.282904717473,4.48360144591402,3.70886152455239,2.59779399736633,1.5690839243423
"392",0.0297863561740084,0.114364245120701,0.0140569005674172,0.00981915276703943,0.00517318466884096
"393",0.817571768204538,0.577700627748268,0.382031990714821,0.273442965260146,0.143447912175182
"394",0.240886820885018,0.241592341076153,0.117320101561732,0.0825056953630893,0.0457934181497154
"395",1.57225202537147,1.03185733514162,0.758987054264568,0.531699739748845,0.286846218230008
"396",93.4175298969099,85.8762212086555,69.4513514289806,65.3996692921403,36.1034853247464
"397",0.404410578303009,0.329753652468331,0.172994732348047,0.123143818430795,0.0613087430069731
"398",91.3961300993879,83.0461598397993,67.9695281109358,61.8087961693649,35.1307369375752
"399",0.063871168221122,0.137068636972175,0.0312403568246237,0.021891290991387,0.012411608941378
"400",0.152259173755031,0.18662406325191,0.0707985080116431,0.0498163405864015,0.025227387649254
"401",0.0912909745554814,0.151117216560085,0.0429623106722562,0.0301892925960697,0.0160859614027793
"402",0.135250778330848,0.175790139001267,0.0619360048719794,0.043975923298078,0.0244099790110519
"403",93.7597519919694,87.1668313756245,75.0109665141022,68.681913225068,42.2333858419049
"404",0.0416512516189955,0.123955954077722,0.0202766239174721,0.014240692245462,0.00774185673930033
"405",92.4311696756608,88.4733627675463,69.3997738108585,68.6344928698542,36.2779898286392
"406",0.319317482158104,0.274233959171074,0.128349306338487,0.0907419475013331,0.0452775525692922
"407",14.4864783458278,8.97653605344758,7.43802609134745,5.25048835757378,3.05666471009311
"408",5.44763755794219,3.32681594673903,2.44468657533849,1.75659318064289,0.869631235986934
"409",95.2619982210647,89.5049782938308,78.8376229310711,72.9074319562444,47.2819201320037
"410",0.594295823713284,0.445229361829935,0.266129416618671,0.186724994281586,0.100291733813652
"411",90.2081296592591,83.0529317990941,65.9595058896862,60.9722432738494,34.799875458506
"412",93.9032848461794,85.684765765623,72.696487569349,66.4862526410934,38.9518714171372
"413",88.2230170595295,75.7206576030793,60.0012084657908,52.9699189046008,28.7404210741253
"414",2.27595768807523,1.45464596271065,1.0939486571694,0.762969191385217,0.421139446498398
"415",0.470347551302032,0.361990951267683,0.187186333836291,0.136834133036254,0.0661272210869377
"416",95.0430454055178,90.1954221655289,74.8532574995999,72.517290834966,40.7980195353321
"417",0.0602718666600969,0.132991198914775,0.0288118310566461,0.0200973319069787,0.0111615732532326
"418",88.56921764424,85.2501026261854,63.3841178309044,63.2620865639438,33.8798335114244
"419",95.0763021617532,91.5683979547025,76.8519748317153,75.2390140012911,43.6325387191961
"420",3.36323475717451,2.10314989381448,1.63522099212457,1.14758062936481,0.626217810782085
"421",91.845663036784,82.9753842383063,67.6440482670994,61.7031408621313,33.5553392770715
"422",92.337226895139,87.56857506612,70.3682293438037,67.4661462442393,36.6373776246557
"423",91.0227975359169,80.8996464597509,66.7500255449546,59.6549931018265,34.6255684789557
"424",96.7062082324677,91.1125021388061,77.6733556269289,74.8618375804501,44.8288989815986
"425",94.1626371705979,88.593421482342,72.4335207108991,69.6383851183418,39.9502683193068
"426",0.166154794311202,0.192576607829113,0.0750612348328824,0.0527310979322459,0.0272059081087877
"427",92.4816515414661,88.4929171040305,71.0196658352288,68.9269283898549,36.9744934655625
"428",94.7040440430092,90.1875325669104,73.5107883970665,72.1436690947979,39.3732011891504
"429",95.3024213456968,91.3019438164184,77.5971451725241,74.943230752222,44.1875746947346
"430",90.7761588863123,82.3509336293972,62.4358301951457,59.086613009152,29.9830729349083
"431",1.51719264996644,0.983708737114813,0.64862292767992,0.465784286261913,0.223562054983984
"432",90.113747457699,84.370711260441,66.6618122818953,62.4311074746903,34.3199876916869
"433",0.0418495839807881,0.122648179026257,0.0200022096417239,0.0140174098716084,0.00759304064263254
"434",0.79893617241325,0.573425945339387,0.393700415875757,0.273461497039863,0.160954573415101
"435",92.8639532374302,85.0478788643613,68.1806640691463,63.9850722296893,34.102403348871
"436",0.205560623866348,0.222346166863009,0.104340747521994,0.0721639044911555,0.042986573717948
"437",92.9944011763275,89.2701093008679,72.3211708328069,70.6528358206758,40.7751787214774
"438",89.0363471772364,79.6824566520797,63.2277147332125,56.9072779200567,31.8109107492112
"439",94.2270586541236,90.7453740914089,76.7004336517337,73.8426705078225,43.9093380515968
"440",1.16291469531423,0.795187918010726,0.61047035857059,0.419877016208644,0.270136907610816
"441",94.9593895797185,90.1392862451789,76.241533219198,72.8375751428235,42.9498291040872
"442",13.7437669842173,8.52310915959003,7.19711122336707,5.04856811183913,3.01834711158098
"443",93.847474705117,90.93423113124,74.0730697469572,73.673862712647,40.3991760239077
"444",0.292968778840555,0.266583688813849,0.129138242619615,0.0919419023266425,0.0450930356293647
"445",8.34448873066789,5.13620334325507,4.36710789465286,3.05635465195662,1.88315283934534
"446",92.0669051464604,87.0476741000989,70.0485040468445,66.7077794586738,36.7221369422348
"447",91.3731972966479,88.5300349843315,70.3684443383745,69.033642908593,37.2837315483283
"448",0.090321515076305,0.151907691466329,0.0435955638930603,0.0305553974259182,0.0168879339852629
"449",5.30802392771785,3.27843403051855,2.67859535203951,1.87673845983099,1.09738850501249
"450",0.0362532269982954,0.115563192036537,0.0156258099654886,0.0112495789813714,0.0053386771790182
"451",94.5121578419566,87.4034569038102,72.1221120838239,68.1324968890506,38.5457518561865
"452",94.3907993076226,88.1032729889044,75.4390230256358,69.9783839966021,42.4969885101702
"453",87.8816904079398,81.4663410106776,60.9907956536572,57.4430009440505,29.4988983418608
"454",14.0000770372175,8.66037554467712,7.0980412288677,5.02179528780251,2.86463759337866
"455",90.2135499456696,86.0283893711977,65.3557000060663,64.2862702056642,33.6985213741195
"456",0.386619911414235,0.330724802976974,0.199410895614659,0.137911364925121,0.0866137655667402
"457",94.0462882145395,89.2512955355455,73.8211318567835,70.863546212136,40.7260087956009
"458",90.6986922902369,84.5881720475391,63.2281500322136,61.6320781774513,30.1837068030426
"459",92.7035655535064,86.68529060705,70.7308835531116,66.5805548514801,37.8617310191593
"460",92.3444496886396,88.8899033660502,70.6878566602942,69.6380381544446,37.9778224666698
"461",92.4588128659905,86.6523193990941,71.1926096415324,66.5672416832357,37.1762559272175
"462",0.280041162390858,0.266032019129543,0.140293379612023,0.0973289052693168,0.0559234474317802
"463",84.4781153636543,74.9226150582497,55.3216203875514,49.8846124648054,27.2525018810791
"464",2.02394107739129,1.26287611717828,0.813002906561912,0.596838629274836,0.283888810236443
"465",0.142519838655242,0.181200853253367,0.0656405618767848,0.0469452053238848,0.0250316543461215
"466",89.9669893637287,75.9542825705941,67.6418963785832,57.1754965836433,38.1493733920782
"467",97.5321473049403,94.1992615695533,85.9624935746322,82.0813130160416,57.7391195532865
"468",89.5882925014215,85.0638569378715,65.6107982647527,63.081548102531,34.4873367269266
"469",91.8325400586296,85.0592072170442,67.7595496985758,63.707463219346,34.7470098811089
"470",90.3790493862139,85.808893644706,63.845246673318,63.5721865309412,31.920547743044
"471",89.3167664930782,83.3952641011379,60.8751438467919,59.6011710486018,29.1694458911106
"472",4.46243824081023,2.75418130066038,2.20703090043707,1.56066890696554,0.882797369886432
"473",84.1081261779833,80.6741251603288,56.3040471945938,56.5236195472407,30.3656758052965
"474",8.39800288689727,5.15819354785585,4.27234276504089,3.00876944379231,1.76396981289106
"475",91.888287130911,84.3671898222331,67.1846829613655,62.7763239296373,33.2904324742613
"476",93.7477905656363,88.9934171453168,74.7815567487609,70.7747706447764,42.3055554975035
"477",95.5878287070699,91.100045858715,78.4493614357438,74.8771745406638,45.0753660377202
"478",88.6187848416641,83.5018105489281,63.8079012050743,60.7805866095246,33.8669170933
"479",93.0927468212826,86.2000588643744,71.285862324408,66.2935284523975,38.2449218949278
"480",92.859605945654,84.0294384207144,71.0833523966028,64.1913924068397,38.2921555608586
"481",94.9244006003553,90.1600594748491,76.281462747485,72.8584908098372,42.6963293772245
"482",91.9191646799644,86.9813559194458,68.9388115014104,66.2964796132255,35.4664678607779
"483",4.49130063017705,2.72004273614631,1.99570767610616,1.45891624515971,0.755223394585024
"484",93.3235358624655,87.2853631458559,72.7529175069966,67.961069309357,39.3168200531743
"485",94.6770906107052,88.9478972789154,74.5780597499036,70.7044221837684,40.287651163417
"486",0.544531812648515,0.415968703157286,0.248289065201107,0.177480925255651,0.0933365102289735
"487",92.8600342142341,86.267146878984,69.0593768203434,65.5416959003869,35.0633725841032
"488",94.5548196808062,90.8135777981822,76.4524386642526,73.8817937774366,43.3061665214707
"489",95.0329724321708,88.9973853851762,78.1743203559392,72.0308952750675,45.916149039333
"490",94.0866868561872,88.3012715835757,75.4174668745089,70.1429380076573,42.8488908079523
"491",93.3868886643879,89.5775078610496,73.9585229959936,71.3146392907358,40.4582056927045
"492",91.6568801768653,84.5697591536197,67.1918294850327,63.0358936573115,34.9163088556088
"493",92.4962233082327,87.8891411190206,71.5763491121326,68.3097408906308,38.8644366675985
"494",94.1750696094602,87.7453800013697,72.4311774821154,68.584732285013,39.7353229661045
"495",94.3770813736079,87.5662439173188,75.6673675840973,69.4822033967306,42.8870563383224
"496",94.9804474207203,87.8623680550003,77.9920182079348,70.7855019004259,46.492596148229
"497",91.3830468800801,87.7588749295913,68.6382706442381,67.2577445624668,34.2019881540531
"498",1.80226288993547,1.17350635718167,0.922405231714585,0.640616993596037,0.393137214977526
"499",0.374634983330093,0.319764141058164,0.179688941533519,0.125230411857441,0.0683222274962539
"500",91.6027021230882,87.99972363548,70.4193896129891,68.1471155813189,37.3671999182011
